0.000000 12.000000 99999980000.000000
0.100000 12.649111 99999980000.000000
0.200000 12.649111 99999980000.000000
0.300000 11.313708 99999980000.000000
0.400000 11.313708 99999980000.000000
0.500000 11.313708 99999980000.000000
0.600000 12.649111 99999980000.000000
0.700000 12.649111 99999980000.000000
0.800000 12.649111 99999980000.000000
0.900000 12.000000 99999980000.000000
1.000000 12.000000 99999980000.000000
1.100000 12.649111 99999980000.000000
1.200000 8.944272 99999980000.000000
1.300000 11.313708 99999980000.000000
1.400000 8.944272 99999980000.000000
1.500000 8.944272 99999980000.000000
1.600000 8.000000 99999980000.000000
1.700000 8.000000 99999980000.000000
1.800000 8.944272 99999980000.000000
1.900000 8.944272 99999980000.000000
2.000000 8.944272 99999980000.000000
2.100000 8.944272 99999980000.000000
2.200000 12.000000 99999980000.000000
2.300000 12.000000 99999980000.000000
2.400000 12.649111 99999980000.000000
2.500000 14.422205 99999980000.000000
2.600000 11.313708 99999980000.000000
2.700000 14.422205 99999980000.000000
2.800000 14.422205 99999980000.000000
2.900000 16.492423 99999980000.000000
3.000000 16.000000 99999980000.000000
3.100000 16.492423 99999980000.000000
3.200000 16.492423 99999980000.000000
3.300000 17.888544 99999980000.000000
3.400000 20.000000 99999980000.000000
3.500000 20.000000 99999980000.000000
3.600000 20.000000 99999980000.000000
3.700000 21.540659 99999980000.000000
3.800000 20.396078 99999980000.000000
3.900000 20.000000 99999980000.000000
4.000000 20.396078 99999980000.000000
4.100000 21.540659 99999980000.000000
4.200000 20.000000 99999980000.000000
4.300000 16.970563 99999980000.000000
4.400000 20.000000 99999980000.000000
4.500000 17.888544 99999980000.000000
4.600000 20.396078 99999980000.000000
4.700000 20.000000 99999980000.000000
4.800000 16.492423 99999980000.000000
4.900000 17.888544 99999980000.000000
5.000000 16.970563 99999980000.000000
5.100000 20.000000 99999980000.000000
5.200000 21.540659 99999980000.000000
5.300000 20.396078 99999980000.000000
5.400000 24.331050 99999980000.000000
5.500000 21.540659 99999980000.000000
5.600000 23.323808 99999980000.000000
5.700000 25.612497 99999980000.000000
5.800000 25.612497 99999980000.000000
5.900000 26.832816 99999980000.000000
6.000000 29.120440 99999980000.000000
6.100000 28.000000 99999980000.000000
6.200000 32.249031 99999980000.000000
6.300000 30.463092 99999980000.000000
6.400000 32.249031 99999980000.000000
6.500000 31.240999 99999980000.000000
6.600000 34.409301 99999980000.000000
6.700000 35.777088 99999980000.000000
6.800000 32.984845 99999980000.000000
6.900000 36.221541 99999980000.000000
7.000000 36.221541 99999980000.000000
7.100000 34.176015 99999980000.000000
7.200000 35.777088 99999980000.000000
7.300000 36.878178 99999980000.000000
7.400000 34.409301 99999980000.000000
7.500000 35.777088 99999980000.000000
7.600000 36.878178 99999980000.000000
7.700000 36.000000 99999980000.000000
7.800000 36.878178 99999980000.000000
7.900000 35.777088 99999980000.000000
8.000000 36.878178 99999980000.000000
8.100000 40.000000 99999980000.000000
8.200000 39.395431 99999980000.000000
8.300000 40.792156 99999980000.000000
8.400000 40.000000 99999980000.000000
8.500000 44.721360 99999980000.000000
8.600000 44.721360 99999980000.000000
8.700000 45.607017 99999980000.000000
8.800000 48.166378 99999980000.000000
8.900000 50.119856 99999980000.000000
9.000000 50.596443 99999980000.000000
9.100000 52.611786 99999980000.000000
9.200000 52.153619 99999980000.000000
9.300000 54.405882 99999980000.000000
9.400000 53.665631 99999980000.000000
9.500000 56.850682 99999980000.000000
9.600000 56.850682 99999980000.000000
9.700000 59.059292 99999980000.000000
9.800000 59.464275 99999980000.000000
9.900000 60.530984 99999980000.000000
10.000000 60.133186 99999980000.000000
10.100000 63.245553 99999980000.000000
10.200000 64.498062 99999980000.000000
10.300000 62.481997 99999980000.000000
10.400000 65.604878 99999980000.000000
10.500000 66.211781 99999980000.000000
10.600000 65.969690 99999980000.000000
10.700000 68.000000 99999980000.000000
10.800000 69.856997 99999980000.000000
10.900000 69.856997 99999980000.000000
11.000000 71.217975 99999980000.000000
11.100000 71.217975 99999980000.000000
11.200000 71.554175 99999980000.000000
11.300000 74.726167 99999980000.000000
11.400000 76.105190 99999980000.000000
11.500000 76.941536 99999980000.000000
11.600000 82.462113 99999980000.000000
11.700000 83.234608 99999980000.000000
11.800000 87.726849 99999980000.000000
11.900000 87.817994 99999980000.000000
12.000000 88.543774 99999980000.000000
12.100000 92.779308 99999980000.000000
12.200000 92.347171 99999980000.000000
12.300000 96.166522 99999980000.000000
12.400000 100.239713 99999980000.000000
12.500000 99.357939 99999980000.000000
12.600000 100.000000 99999980000.000000
12.700000 101.980390 99999980000.000000
12.800000 106.733313 99999980000.000000
12.900000 108.000000 99999980000.000000
13.000000 109.836242 99999980000.000000
13.100000 109.252002 99999980000.000000
13.200000 112.071406 99999980000.000000
13.300000 113.278418 99999980000.000000
13.400000 114.612390 99999980000.000000
13.500000 116.481758 99999980000.000000
13.600000 116.275535 99999980000.000000
13.700000 117.711512 99999980000.000000
13.800000 121.852370 99999980000.000000
13.900000 123.223374 99999980000.000000
14.000000 127.561750 99999980000.000000
14.100000 127.059041 99999980000.000000
14.200000 132.966161 99999980000.000000
14.300000 132.060592 99999980000.000000
14.400000 134.164079 99999980000.000000
14.500000 139.713994 99999980000.000000
14.600000 140.000000 99999980000.000000
14.700000 144.941367 99999980000.000000
14.800000 148.485690 99999980000.000000
