0.000000 11.313708 120000000000.000000
0.100000 8.944272 120000000000.000000
0.200000 12.649111 120000020000.000000
0.300000 12.000000 120000020000.000000
0.400000 12.000000 120000000000.000000
0.500000 12.649111 120000000000.000000
0.600000 12.649111 120000000000.000000
0.700000 14.422205 120000000000.000000
0.800000 14.422205 120000020000.000000
0.900000 16.970563 120000000000.000000
1.000000 14.422205 120000000000.000000
1.100000 17.888544 120000000000.000000
1.200000 16.492423 120000000000.000000
1.300000 16.000000 120000000000.000000
1.400000 16.000000 120000020000.000000
1.500000 16.492423 120000000000.000000
1.600000 14.422205 120000000000.000000
1.700000 14.422205 120000020000.000000
1.800000 14.422205 120000000000.000000
1.900000 12.649111 120000000000.000000
2.000000 12.649111 120000020000.000000
2.100000 16.000000 120000020000.000000
2.200000 12.649111 120000000000.000000
2.300000 14.422205 120000000000.000000
2.400000 16.970563 120000020000.000000
2.500000 14.422205 120000000000.000000
2.600000 16.492423 120000020000.000000
2.700000 16.000000 120000000000.000000
2.800000 16.492423 120000000000.000000
2.900000 17.888544 120000000000.000000
3.000000 20.000000 120000000000.000000
3.100000 22.627417 120000000000.000000
3.200000 20.000000 120000000000.000000
3.300000 21.540659 120000000000.000000
3.400000 24.331050 120000000000.000000
3.500000 24.000000 120000000000.000000
3.600000 24.331050 120000000000.000000
3.700000 25.298221 120000000000.000000
3.800000 28.844410 120000000000.000000
3.900000 28.284271 120000000000.000000
4.000000 28.844410 120000000000.000000
4.100000 30.463092 120000000000.000000
4.200000 29.120440 120000000000.000000
4.300000 28.284271 120000000000.000000
4.400000 32.249031 120000000000.000000
4.500000 29.120440 120000000000.000000
4.600000 32.249031 120000000000.000000
4.700000 31.240999 120000000000.000000
4.800000 31.240999 120000000000.000000
4.900000 30.463092 120000000000.000000
5.000000 32.984845 120000000000.000000
5.100000 32.000000 120000020000.000000
5.200000 32.984845 120000000000.000000
5.300000 34.176015 120000020000.000000
5.400000 34.409301 120000000000.000000
5.500000 36.878178 120000020000.000000
5.600000 35.777088 120000000000.000000
5.700000 36.878178 120000000000.000000
5.800000 40.000000 120000020000.000000
5.900000 40.792156 120000000000.000000
6.000000 43.081318 120000000000.000000
6.100000 43.266615 120000000000.000000
6.200000 45.254834 120000000000.000000
6.300000 46.647615 120000000000.000000
6.400000 46.818800 120000000000.000000
6.500000 48.662100 120000000000.000000
6.600000 52.153619 120000000000.000000
6.700000 53.366656 120000000000.000000
6.800000 53.665631 120000000000.000000
6.900000 54.405882 120000000000.000000
7.000000 59.464275 120000020000.000000
7.100000 59.059292 120000020000.000000
7.200000 59.464275 120000000000.000000
7.300000 60.530984 120000000000.000000
7.400000 60.133186 120000020000.000000
7.500000 62.096699 120000000000.000000
7.600000 62.609903 120000000000.000000
7.700000 65.604878 120000000000.000000
7.800000 65.604878 120000000000.000000
7.900000 66.211781 120000020000.000000
8.000000 65.969690 120000000000.000000
8.100000 68.117545 120000000000.000000
8.200000 69.050706 120000020000.000000
8.300000 73.539105 120000000000.000000
8.400000 74.404301 120000000000.000000
8.500000 76.419893 120000000000.000000
8.600000 78.892332 120000000000.000000
8.700000 79.699435 120000020000.000000
8.800000 80.399005 120000000000.000000
8.900000 84.852814 120000000000.000000
9.000000 86.162637 120000000000.000000
9.100000 89.888820 120000020000.000000
9.200000 90.509668 120000000000.000000
9.300000 95.414884 120000000000.000000
9.400000 98.792712 120000000000.000000
9.500000 101.271911 120000000000.000000
9.600000 104.307238 120000000000.000000
9.700000 107.703296 120000000000.000000
9.800000 109.178753 120000000000.000000
9.900000 113.701363 120000000000.000000
10.000000 116.824655 120000000000.000000
10.100000 116.275535 120000020000.000000
10.200000 119.331471 120000000000.000000
10.300000 120.066648 120000020000.000000
10.400000 122.376468 120000000000.000000
10.500000 127.121989 120000000000.000000
10.600000 128.809938 120000020000.000000
10.700000 130.598622 120000000000.000000
10.800000 132.483961 120000000000.000000
10.900000 136.821051 120000000000.000000
11.000000 136.058811 120000000000.000000
11.100000 138.852440 120000000000.000000
11.200000 141.364776 120000000000.000000
11.300000 145.602198 120000000000.000000
11.400000 148.054044 120000000000.000000
