0.000000 11.313708 140000000000.000000
0.100000 11.313708 140000000000.000000
0.200000 8.944272 140000000000.000000
0.300000 8.944272 140000000000.000000
0.400000 12.649111 140000000000.000000
0.500000 12.000000 140000000000.000000
0.600000 12.000000 140000000000.000000
0.700000 12.649111 140000000000.000000
0.800000 8.944272 140000000000.000000
0.900000 11.313708 140000000000.000000
1.000000 11.313708 140000000000.000000
1.100000 8.944272 140000000000.000000
1.200000 8.944272 140000000000.000000
1.300000 8.000000 140000000000.000000
1.400000 8.944272 140000000000.000000
1.500000 8.944272 140000000000.000000
1.600000 11.313708 140000000000.000000
1.700000 8.944272 140000000000.000000
1.800000 12.649111 140000000000.000000
1.900000 12.000000 140000000000.000000
2.000000 12.649111 140000000000.000000
2.100000 12.649111 140000000000.000000
2.200000 14.422205 140000000000.000000
2.300000 14.422205 140000000000.000000
2.400000 14.422205 140000000000.000000
2.500000 16.492423 140000000000.000000
2.600000 16.492423 140000000000.000000
2.700000 20.000000 140000000000.000000
2.800000 20.396078 140000000000.000000
2.900000 21.540659 140000000000.000000
3.000000 20.000000 140000000000.000000
3.100000 22.627417 140000000000.000000
3.200000 20.000000 140000000000.000000
3.300000 23.323808 140000000000.000000
3.400000 25.298221 140000000000.000000
3.500000 24.331050 140000000000.000000
3.600000 24.331050 140000000000.000000
3.700000 25.298221 140000000000.000000
3.800000 23.323808 140000000000.000000
3.900000 25.612497 140000000000.000000
4.000000 25.612497 140000000000.000000
4.100000 26.832816 140000000000.000000
4.200000 24.331050 140000000000.000000
4.300000 24.000000 140000000000.000000
4.400000 24.331050 140000000000.000000
4.500000 26.832816 140000000000.000000
4.600000 25.612497 140000000000.000000
4.700000 25.612497 140000000000.000000
4.800000 26.832816 140000000000.000000
4.900000 29.120440 140000000000.000000
5.000000 32.000000 140000000000.000000
5.100000 32.984845 140000000000.000000
5.200000 34.176015 140000000000.000000
5.300000 34.409301 140000000000.000000
5.400000 36.878178 140000000000.000000
5.500000 37.735925 140000000000.000000
5.600000 41.761226 140000000000.000000
5.700000 44.721360 140000000000.000000
5.800000 44.181444 140000000000.000000
5.900000 45.607017 140000000000.000000
6.000000 48.332184 140000000000.000000
6.100000 48.826222 140000000000.000000
6.200000 48.166378 140000000000.000000
6.300000 52.153619 140000000000.000000
6.400000 50.596443 140000000000.000000
6.500000 52.611786 140000000000.000000
6.600000 56.142675 140000000000.000000
6.700000 58.240879 140000000000.000000
6.800000 57.271284 140000000000.000000
6.900000 56.850682 140000000000.000000
7.000000 56.850682 140000000000.000000
7.100000 59.059292 140000000000.000000
7.200000 62.096699 140000000000.000000
7.300000 64.124878 140000000000.000000
7.400000 65.115282 140000000000.000000
7.500000 64.621978 140000000000.000000
7.600000 68.818602 140000000000.000000
7.700000 70.767224 140000000000.000000
7.800000 73.430239 140000000000.000000
7.900000 75.894664 140000000000.000000
8.000000 76.419893 140000000000.000000
8.100000 80.399005 140000000000.000000
8.200000 84.758480 140000000000.000000
8.300000 84.380092 140000000000.000000
8.400000 87.726849 140000000000.000000
8.500000 92.086915 140000000000.000000
8.600000 95.078915 140000000000.000000
8.700000 97.324200 140000000000.000000
8.800000 104.076895 140000000000.000000
8.900000 106.733313 140000000000.000000
9.000000 110.923397 140000000000.000000
9.100000 111.211510 140000000000.000000
9.200000 113.701363 140000000000.000000
9.300000 118.118584 140000000000.000000
9.400000 120.332872 140000000000.000000
9.500000 124.257797 140000000000.000000
9.600000 125.602548 140000000000.000000
9.700000 129.243955 140000000000.000000
9.800000 132.060592 140000000000.000000
9.900000 135.882302 140000000000.000000
10.000000 137.927517 140000000000.000000
10.100000 141.760361 140000000000.000000
10.200000 144.222051 140000000000.000000
10.300000 146.696967 140000000000.000000
