0.000000 11.313708 149999980000.000000
0.200000 12.649111 149999980000.000000
0.400000 16.000000 149999980000.000000
0.600000 16.492423 149999980000.000000
0.800000 16.970563 149999980000.000000
1.000000 17.888544 149999980000.000000
1.200000 16.492423 149999980000.000000
1.400000 20.396078 149999980000.000000
1.600000 17.888544 149999980000.000000
1.800000 20.000000 149999980000.000000
2.000000 20.396078 149999980000.000000
2.200000 20.396078 149999980000.000000
2.400000 22.627417 149999980000.000000
2.600000 21.540659 149999980000.000000
2.800000 24.331050 149999980000.000000
3.000000 26.832816 149999980000.000000
3.200000 28.844410 149999980000.000000
3.400000 32.984845 149999980000.000000
7.600000 30.463092 149999980000.000000
7.800000 31.240999 149999980000.000000
8.000000 32.984845 149999980000.000000
8.200000 32.249031 149999980000.000000
8.400000 34.409301 149999980000.000000
8.600000 37.735925 149999980000.000000
8.800000 40.199502 149999980000.000000
9.000000 41.761226 149999980000.000000
9.200000 48.166378 149999980000.000000
9.400000 52.000000 149999980000.000000
9.600000 56.000000 149999980000.000000
9.800000 60.926185 149999980000.000000
10.000000 65.115282 149999980000.000000
10.200000 69.856997 149999980000.000000
10.400000 72.000000 149999980000.000000
10.600000 75.153177 149999980000.000000
10.800000 79.397733 149999980000.000000
11.000000 83.522452 149999980000.000000
11.200000 88.814413 149999980000.000000
11.400000 95.414884 149999980000.000000
15.600000 89.442719 149999980000.000000
15.800000 92.086915 149999980000.000000
16.000000 98.792712 149999980000.000000
16.200000 105.223572 149999980000.000000
16.400000 112.641023 149999980000.000000
16.600000 116.275535 149999980000.000000
16.800000 121.852370 149999980000.000000
17.000000 128.062485 149999980000.000000
17.200000 136.000000 149999980000.000000
17.400000 143.220110 149999980000.000000
