0.000000 11.313708 160000000000.000000
0.100000 8.944272 160000000000.000000
0.200000 8.944272 160000000000.000000
0.300000 12.649111 160000000000.000000
0.400000 12.000000 160000000000.000000
0.500000 12.000000 160000000000.000000
0.600000 12.649111 160000000000.000000
0.700000 12.649111 160000000000.000000
0.800000 14.422205 160000000000.000000
0.900000 16.970563 160000000000.000000
1.000000 16.970563 160000000000.000000
1.100000 17.888544 160000000000.000000
1.200000 16.492423 160000000000.000000
1.300000 16.492423 160000000000.000000
1.400000 16.000000 160000000000.000000
1.500000 16.492423 160000000000.000000
1.600000 17.888544 160000000000.000000
1.700000 17.888544 160000000000.000000
1.800000 16.970563 160000000000.000000
1.900000 17.888544 160000000000.000000
2.000000 16.492423 160000000000.000000
2.100000 16.000000 160000000000.000000
2.200000 16.492423 160000000000.000000
2.300000 17.888544 160000000000.000000
2.400000 20.000000 160000000000.000000
2.500000 20.000000 160000000000.000000
2.600000 17.888544 160000000000.000000
2.700000 20.396078 160000000000.000000
2.800000 24.000000 160000000000.000000
2.900000 24.331050 160000000000.000000
3.000000 25.298221 160000000000.000000
3.100000 25.612497 160000000000.000000
3.200000 28.284271 160000000000.000000
3.300000 28.844410 160000000000.000000
3.400000 30.463092 160000000000.000000
3.500000 32.249031 160000000000.000000
3.600000 36.000000 160000000000.000000
3.700000 36.878178 160000000000.000000
3.800000 39.395431 160000000000.000000
3.900000 37.735925 160000000000.000000
4.000000 39.597980 160000000000.000000
4.100000 40.000000 160000000000.000000
4.200000 43.081318 160000000000.000000
4.300000 44.721360 160000000000.000000
4.400000 44.000000 160000000000.000000
4.500000 44.721360 160000000000.000000
4.600000 46.818800 160000000000.000000
4.700000 48.826222 160000000000.000000
4.800000 50.911688 160000000000.000000
4.900000 48.826222 160000000000.000000
5.000000 50.596443 160000000000.000000
5.100000 52.611786 160000000000.000000
5.200000 52.153619 160000000000.000000
5.300000 54.405882 160000000000.000000
5.400000 55.569776 160000000000.000000
5.500000 59.464275 160000000000.000000
5.600000 60.000000 160000000000.000000
5.700000 60.926185 160000000000.000000
5.800000 65.115282 160000000000.000000
5.900000 68.000000 160000000000.000000
6.000000 69.856997 160000000000.000000
6.100000 75.153177 160000000000.000000
6.200000 76.837491 160000000000.000000
6.300000 79.397733 160000000000.000000
6.400000 82.365041 160000000000.000000
6.500000 87.361319 160000000000.000000
6.600000 92.347171 160000000000.000000
6.700000 92.779308 160000000000.000000
6.800000 97.406365 160000000000.000000
6.900000 102.215459 160000000000.000000
7.000000 104.690019 160000000000.000000
7.100000 106.508216 160000000000.000000
7.200000 112.924754 160000000000.000000
7.300000 113.771701 160000000000.000000
7.400000 116.068945 160000000000.000000
7.500000 119.331471 160000000000.000000
7.600000 125.219807 160000000000.000000
7.700000 128.062485 160000000000.000000
7.800000 131.209756 160000000000.000000
7.900000 132.423563 160000000000.000000
8.000000 138.852440 160000000000.000000
8.100000 140.000000 160000000000.000000
8.200000 144.554488 160000000000.000000
8.300000 148.485690 160000000000.000000
