0.000000 11.313708 180000010000.000000
0.100000 11.313708 180000010000.000000
0.200000 14.422205 180000010000.000000
0.300000 12.649111 180000010000.000000
0.400000 16.492423 180000010000.000000
0.500000 16.000000 180000010000.000000
0.600000 16.492423 180000010000.000000
0.700000 16.492423 180000000000.000000
0.800000 17.888544 180000010000.000000
0.900000 20.000000 180000010000.000000
1.000000 20.000000 180000010000.000000
1.100000 20.000000 180000010000.000000
1.200000 21.540659 180000010000.000000
1.300000 20.396078 180000010000.000000
1.400000 24.000000 180000010000.000000
1.500000 24.331050 180000010000.000000
1.600000 21.540659 180000010000.000000
1.700000 23.323808 180000010000.000000
1.800000 22.627417 180000010000.000000
1.900000 23.323808 180000010000.000000
2.000000 25.298221 180000010000.000000
2.100000 24.331050 180000010000.000000
2.200000 24.000000 180000010000.000000
2.300000 25.298221 180000010000.000000
2.400000 26.832816 180000010000.000000
2.500000 28.284271 180000010000.000000
2.600000 28.844410 180000010000.000000
2.700000 30.463092 180000010000.000000
2.800000 32.249031 180000010000.000000
2.900000 36.000000 180000000000.000000
3.000000 36.878178 180000010000.000000
3.100000 35.777088 180000010000.000000
3.200000 40.000000 180000010000.000000
3.300000 42.520583 180000010000.000000
3.400000 44.721360 180000010000.000000
3.500000 45.607017 180000010000.000000
3.600000 48.166378 180000010000.000000
3.700000 52.153619 180000010000.000000
3.800000 54.405882 180000010000.000000
3.900000 55.569776 180000010000.000000
4.000000 56.850682 180000010000.000000
4.100000 62.481997 180000010000.000000
4.200000 62.609903 180000010000.000000
4.300000 63.245553 180000010000.000000
4.400000 68.117545 180000010000.000000
4.500000 68.468971 180000010000.000000
4.600000 72.111026 180000010000.000000
4.700000 73.430239 180000010000.000000
4.800000 76.419893 180000010000.000000
4.900000 77.665951 180000010000.000000
5.000000 78.790862 180000010000.000000
5.100000 81.584312 180000010000.000000
5.200000 84.000000 180000010000.000000
5.300000 86.348133 180000010000.000000
5.400000 93.037627 180000010000.000000
5.500000 96.829747 180000010000.000000
5.600000 96.829747 180000010000.000000
5.700000 101.980390 180000010000.000000
5.800000 106.733313 180000010000.000000
5.900000 112.000000 180000010000.000000
6.000000 114.542569 180000010000.000000
6.100000 123.482792 180000010000.000000
6.200000 125.602548 180000010000.000000
6.300000 130.598622 180000010000.000000
6.400000 136.000000 180000010000.000000
6.500000 140.684043 180000010000.000000
6.600000 148.054044 180000010000.000000
