0.000000 12.649111 199999960000.000000
0.100000 12.649111 199999960000.000000
0.200000 14.422205 199999960000.000000
0.300000 14.422205 199999960000.000000
0.400000 14.422205 199999960000.000000
0.500000 16.492423 199999960000.000000
0.600000 16.492423 199999960000.000000
0.700000 20.000000 199999960000.000000
0.800000 20.396078 199999960000.000000
0.900000 21.540659 199999960000.000000
1.000000 23.323808 199999960000.000000
1.100000 22.627417 199999960000.000000
1.200000 22.627417 199999960000.000000
1.300000 23.323808 199999960000.000000
1.400000 25.298221 199999960000.000000
1.500000 24.331050 199999960000.000000
1.600000 28.000000 199999960000.000000
1.700000 29.120440 199999960000.000000
1.800000 26.832816 199999960000.000000
1.900000 28.844410 199999960000.000000
2.000000 28.284271 199999960000.000000
2.100000 28.844410 199999960000.000000
2.200000 29.120440 199999960000.000000
2.300000 32.249031 199999960000.000000
2.400000 32.249031 199999960000.000000
2.500000 34.176015 199999960000.000000
2.600000 34.409301 199999960000.000000
2.700000 36.878178 199999960000.000000
2.800000 37.735925 199999960000.000000
2.900000 41.761226 199999960000.000000
3.000000 44.181444 199999960000.000000
3.100000 44.181444 199999960000.000000
3.200000 46.818800 199999960000.000000
3.300000 50.119856 199999960000.000000
3.400000 53.814496 199999960000.000000
3.500000 54.405882 199999960000.000000
3.600000 57.271284 199999960000.000000
3.700000 62.096699 199999960000.000000
3.800000 64.124878 199999960000.000000
3.900000 69.050706 199999960000.000000
4.000000 72.111026 199999960000.000000
4.100000 75.471849 199999960000.000000
4.200000 76.419893 199999960000.000000
4.300000 83.234608 199999960000.000000
4.400000 82.462113 199999960000.000000
4.500000 89.442719 199999960000.000000
4.600000 92.000000 199999960000.000000
4.700000 94.148818 199999960000.000000
4.800000 100.319490 199999960000.000000
4.900000 103.227903 199999960000.000000
5.000000 107.628992 199999960000.000000
5.100000 109.178753 199999960000.000000
5.200000 112.641023 199999960000.000000
5.300000 120.266371 199999960000.000000
5.400000 121.655251 199999960000.000000
5.500000 129.243955 199999960000.000000
5.600000 132.060592 199999960000.000000
5.700000 138.852440 199999960000.000000
5.800000 144.941367 199999960000.000000
5.900000 149.452334 199999960000.000000
