0.000000 11.313708 220000030000.000000
0.100000 11.313708 220000030000.000000
0.200000 8.944272 220000030000.000000
0.300000 12.649111 220000030000.000000
0.400000 12.649111 220000030000.000000
0.500000 12.000000 220000030000.000000
0.600000 12.000000 220000030000.000000
0.700000 12.649111 220000030000.000000
0.800000 12.649111 220000030000.000000
0.900000 11.313708 220000030000.000000
1.000000 11.313708 220000030000.000000
1.100000 12.649111 220000030000.000000
1.200000 12.649111 220000030000.000000
1.300000 12.000000 220000030000.000000
1.400000 12.649111 220000030000.000000
1.500000 14.422205 220000030000.000000
1.600000 11.313708 220000030000.000000
1.700000 14.422205 220000030000.000000
1.800000 16.492423 220000030000.000000
1.900000 16.000000 220000030000.000000
2.000000 20.396078 220000030000.000000
2.100000 21.540659 220000030000.000000
2.200000 20.000000 220000030000.000000
2.300000 22.627417 220000030000.000000
2.400000 25.612497 220000030000.000000
2.500000 26.832816 220000030000.000000
2.600000 29.120440 220000030000.000000
2.700000 28.000000 220000030000.000000
2.800000 32.249031 220000030000.000000
2.900000 34.176015 220000030000.000000
3.000000 35.777088 220000030000.000000
3.100000 36.878178 220000030000.000000
3.200000 40.000000 220000030000.000000
3.300000 41.182521 220000030000.000000
3.400000 41.761226 220000030000.000000
3.500000 44.181444 220000030000.000000
3.600000 44.181444 220000030000.000000
3.700000 46.818800 220000030000.000000
3.800000 50.119856 220000030000.000000
3.900000 51.224994 220000030000.000000
4.000000 51.224994 220000030000.000000
4.100000 53.665631 220000030000.000000
4.200000 57.271284 220000030000.000000
4.300000 60.000000 220000030000.000000
4.400000 61.188234 220000030000.000000
4.500000 66.211781 220000030000.000000
4.600000 68.818602 220000030000.000000
4.700000 70.767224 220000030000.000000
4.800000 73.430239 220000030000.000000
4.900000 79.699435 220000030000.000000
5.000000 84.380092 220000030000.000000
5.100000 88.814413 220000030000.000000
5.200000 93.637599 220000030000.000000
5.300000 98.792712 220000030000.000000
5.400000 101.823376 220000030000.000000
5.500000 109.836242 220000030000.000000
5.600000 115.169440 220000030000.000000
5.700000 121.655251 220000030000.000000
5.800000 124.257797 220000030000.000000
5.900000 132.966161 220000030000.000000
6.000000 139.542108 220000030000.000000
6.100000 144.941367 220000030000.000000
