0.000000 11.313708 240000040000.000000
0.100000 8.944272 240000000000.000000
0.200000 12.649111 240000040000.000000
0.300000 12.649111 240000040000.000000
0.400000 12.000000 240000000000.000000
0.500000 16.000000 240000000000.000000
0.600000 16.492423 240000000000.000000
0.700000 17.888544 240000000000.000000
0.800000 20.000000 240000000000.000000
0.900000 16.970563 240000040000.000000
1.000000 20.000000 240000000000.000000
1.100000 21.540659 240000000000.000000
1.200000 20.396078 240000040000.000000
1.300000 20.396078 240000040000.000000
1.400000 24.331050 240000000000.000000
1.500000 25.298221 240000000000.000000
1.600000 23.323808 240000040000.000000
1.700000 25.612497 240000000000.000000
1.800000 25.612497 240000000000.000000
1.900000 26.832816 240000000000.000000
2.000000 29.120440 240000000000.000000
2.100000 28.000000 240000000000.000000
2.200000 28.284271 240000000000.000000
2.300000 30.463092 240000000000.000000
2.400000 34.409301 240000000000.000000
2.500000 36.878178 240000000000.000000
2.600000 35.777088 240000000000.000000
2.700000 37.947332 240000040000.000000
2.800000 40.199502 240000000000.000000
2.900000 44.721360 240000000000.000000
3.000000 46.818800 240000040000.000000
3.100000 52.153619 240000000000.000000
3.200000 53.814496 240000000000.000000
3.300000 57.688820 240000000000.000000
3.400000 60.926185 240000040000.000000
3.500000 65.115282 240000000000.000000
3.600000 68.000000 240000000000.000000
3.700000 72.993150 240000040000.000000
3.800000 77.252832 240000000000.000000
3.900000 80.993827 240000000000.000000
4.000000 84.852814 240000000000.000000
4.100000 89.888820 240000000000.000000
4.200000 95.078915 240000040000.000000
4.300000 97.324200 240000000000.000000
4.400000 104.076895 240000000000.000000
4.500000 107.703296 240000000000.000000
4.600000 112.712022 240000040000.000000
4.700000 119.331471 240000000000.000000
4.800000 122.441823 240000000000.000000
4.900000 128.809938 240000000000.000000
5.000000 135.823415 240000000000.000000
5.100000 140.000000 240000040000.000000
5.200000 147.512711 240000000000.000000
