0.000000 11.313708 299999950000.000000
0.100000 11.313708 299999950000.000000
0.200000 12.649111 299999950000.000000
0.300000 12.649111 299999950000.000000
0.400000 12.649111 299999950000.000000
0.500000 12.000000 299999950000.000000
0.600000 12.649111 299999950000.000000
0.700000 12.649111 299999950000.000000
0.800000 14.422205 299999950000.000000
0.900000 14.422205 299999950000.000000
1.000000 14.422205 299999950000.000000
1.100000 16.492423 299999950000.000000
1.200000 16.492423 299999950000.000000
1.300000 16.000000 299999950000.000000
1.400000 16.492423 299999950000.000000
1.500000 17.888544 299999950000.000000
1.600000 22.627417 299999950000.000000
1.700000 23.323808 299999950000.000000
1.800000 25.298221 299999950000.000000
1.900000 24.331050 299999950000.000000
2.000000 28.284271 299999950000.000000
2.100000 29.120440 299999950000.000000
2.200000 32.249031 299999950000.000000
2.300000 36.878178 299999950000.000000
2.400000 40.000000 299999950000.000000
2.500000 41.182521 299999950000.000000
2.600000 45.607017 299999950000.000000
2.700000 48.166378 299999950000.000000
2.800000 52.153619 299999950000.000000
2.900000 58.240879 299999950000.000000
3.000000 62.609903 299999950000.000000
3.100000 65.604878 299999950000.000000
3.200000 68.117545 299999950000.000000
3.300000 73.430239 299999950000.000000
3.400000 79.699435 299999950000.000000
3.500000 84.380092 299999950000.000000
3.600000 88.362888 299999950000.000000
3.700000 96.166522 299999950000.000000
3.800000 100.239713 299999950000.000000
3.900000 104.995238 299999950000.000000
4.000000 114.402797 299999950000.000000
4.100000 119.866593 299999950000.000000
4.200000 127.121989 299999950000.000000
4.300000 136.000000 299999950000.000000
4.400000 143.610585 299999950000.000000
