0.000000 11.313708 320000000000.000000
0.100000 8.944272 320000000000.000000
0.200000 12.649111 320000000000.000000
0.300000 12.000000 320000000000.000000
0.400000 16.492423 320000000000.000000
0.500000 17.888544 320000000000.000000
0.600000 20.000000 320000000000.000000
0.700000 22.627417 320000000000.000000
0.800000 23.323808 320000000000.000000
0.900000 26.832816 320000000000.000000
1.000000 29.120440 320000000000.000000
1.100000 32.000000 320000000000.000000
1.200000 32.249031 320000000000.000000
1.300000 34.176015 320000000000.000000
1.400000 35.777088 320000000000.000000
1.500000 40.000000 320000000000.000000
1.600000 42.520583 320000000000.000000
1.700000 46.647615 320000000000.000000
1.800000 50.596443 320000000000.000000
1.900000 52.611786 320000000000.000000
2.000000 56.142675 320000000000.000000
2.100000 58.240879 320000000000.000000
2.200000 62.609903 320000000000.000000
2.300000 65.604878 320000000000.000000
2.400000 73.756356 320000000000.000000
2.500000 76.941536 320000000000.000000
2.600000 83.522452 320000000000.000000
2.700000 88.362888 320000000000.000000
2.800000 92.779308 320000000000.000000
2.900000 102.528045 320000000000.000000
3.000000 107.703296 320000000000.000000
3.100000 116.000000 320000000000.000000
3.200000 124.257797 320000000000.000000
3.300000 132.966161 320000000000.000000
3.400000 141.421356 320000000000.000000
