0.000000 12.000000 339999980000.000000
0.100000 12.649111 339999980000.000000
0.200000 12.649111 339999980000.000000
0.300000 14.422205 339999980000.000000
0.400000 16.970563 339999980000.000000
0.500000 20.000000 339999980000.000000
0.600000 21.540659 339999980000.000000
0.700000 24.331050 339999980000.000000
0.800000 28.000000 339999980000.000000
0.900000 28.284271 339999980000.000000
1.000000 32.984845 339999980000.000000
1.100000 35.777088 339999980000.000000
1.200000 36.878178 339999980000.000000
1.300000 39.597980 339999980000.000000
1.400000 43.266615 339999980000.000000
1.500000 46.818800 339999980000.000000
1.600000 48.662100 339999980000.000000
1.700000 52.000000 339999980000.000000
1.800000 57.271284 339999980000.000000
1.900000 60.926185 339999980000.000000
2.000000 63.245553 339999980000.000000
2.100000 70.767224 339999980000.000000
2.200000 73.430239 339999980000.000000
2.300000 79.699435 339999980000.000000
2.400000 84.852814 339999980000.000000
2.500000 92.347171 339999980000.000000
2.600000 96.166522 339999980000.000000
2.700000 105.678759 339999980000.000000
2.800000 113.278418 339999980000.000000
2.900000 123.223374 339999980000.000000
3.000000 130.782262 339999980000.000000
3.100000 142.772546 339999980000.000000
