0.000000 11.313708 0.000000
0.200000 8.944272 0.000000
0.400000 8.000000 0.000000
0.600000 8.000000 0.000000
0.800000 5.656854 0.000000
1.000000 5.656854 0.000000
1.200000 4.000000 0.000000
1.400000 4.000000 0.000000
1.600000 4.000000 0.000000
1.800000 4.000000 0.000000
2.000000 5.656854 0.000000
2.200000 5.656854 0.000000
2.400000 8.000000 0.000000
2.600000 8.000000 0.000000
2.800000 8.944272 0.000000
3.000000 11.313708 0.000000
3.200000 8.944272 0.000000
3.400000 8.000000 0.000000
3.600000 8.000000 0.000000
3.800000 5.656854 60000010000.000000
4.000000 5.656854 60000000000.000000
4.200000 4.000000 60000000000.000000
4.400000 4.000000 60000010000.000000
4.600000 4.000000 60000000000.000000
4.800000 4.000000 60000010000.000000
5.000000 5.656854 60000000000.000000
5.200000 5.656854 60000010000.000000
5.400000 8.000000 60000000000.000000
5.600000 8.000000 60000000000.000000
5.800000 8.944272 60000000000.000000
6.000000 11.313708 60000000000.000000
6.200000 8.944272 60000000000.000000
6.400000 8.944272 60000000000.000000
6.600000 8.000000 60000000000.000000
6.800000 8.944272 60000000000.000000
7.000000 5.656854 60000000000.000000
7.200000 8.944272 60000010000.000000
7.400000 4.000000 60000000000.000000
7.600000 5.656854 60000010000.000000
7.800000 8.000000 0.000000
8.000000 8.944272 0.000000
8.200000 8.944272 0.000000
8.400000 8.944272 0.000000
8.600000 12.000000 0.000000
8.800000 12.649111 0.000000
9.000000 11.313708 0.000000
9.200000 11.313708 0.000000
9.400000 12.649111 0.000000
9.600000 12.000000 0.000000
9.800000 8.944272 0.000000
10.000000 8.944272 0.000000
10.200000 8.944272 0.000000
10.400000 4.000000 0.000000
10.600000 5.656854 0.000000
10.800000 4.000000 0.000000
11.000000 4.000000 0.000000
11.200000 5.656854 0.000000
11.400000 8.944272 0.000000
11.600000 8.000000 0.000000
11.800000 8.944272 60000000000.000000
12.000000 8.944272 60000000000.000000
12.200000 11.313708 60000000000.000000
12.400000 8.944272 60000000000.000000
12.600000 12.000000 60000000000.000000
12.800000 8.944272 60000000000.000000
13.000000 8.944272 60000010000.000000
13.200000 8.944272 60000000000.000000
13.400000 8.000000 60000000000.000000
13.600000 5.656854 60000010000.000000
13.800000 5.656854 60000010000.000000
14.000000 8.000000 60000000000.000000
14.200000 8.944272 60000000000.000000
14.400000 8.944272 60000000000.000000
14.600000 12.649111 60000000000.000000
14.800000 12.000000 60000000000.000000
15.000000 12.649111 60000000000.000000
15.200000 11.313708 60000000000.000000
15.400000 14.422205 60000000000.000000
15.600000 12.649111 60000000000.000000
15.800000 12.649111 0.000000
16.000000 11.313708 0.000000
16.200000 8.944272 0.000000
16.400000 8.000000 0.000000
16.600000 8.944272 0.000000
16.800000 8.944272 0.000000
17.000000 8.000000 0.000000
17.200000 8.944272 0.000000
17.400000 11.313708 0.000000
17.600000 12.649111 0.000000
17.800000 12.000000 0.000000
18.000000 12.649111 0.000000
18.200000 14.422205 0.000000
18.400000 14.422205 0.000000
18.600000 12.649111 0.000000
18.800000 12.000000 0.000000
19.000000 8.944272 0.000000
19.200000 11.313708 0.000000
19.400000 8.944272 0.000000
19.600000 8.000000 0.000000
19.800000 5.656854 60000000000.000000
20.000000 8.000000 60000000000.000000
20.200000 8.944272 60000010000.000000
20.400000 11.313708 60000000000.000000
20.600000 12.649111 60000000000.000000
20.800000 12.000000 60000000000.000000
21.000000 12.649111 60000010000.000000
21.200000 14.422205 60000000000.000000
21.400000 14.422205 60000000000.000000
21.600000 12.649111 60000000000.000000
21.800000 16.000000 60000000000.000000
22.000000 12.649111 60000000000.000000
22.200000 11.313708 60000000000.000000
22.400000 12.649111 60000000000.000000
22.600000 12.000000 60000000000.000000
22.800000 11.313708 60000010000.000000
23.000000 12.649111 60000010000.000000
23.200000 12.000000 60000000000.000000
23.400000 14.422205 60000000000.000000
23.600000 14.422205 60000010000.000000
23.800000 16.492423 0.000000
24.000000 16.492423 0.000000
24.200000 17.888544 0.000000
24.400000 16.970563 0.000000
24.600000 17.888544 0.000000
24.800000 16.000000 0.000000
25.000000 16.492423 0.000000
25.200000 14.422205 0.000000
25.400000 12.649111 0.000000
25.600000 12.000000 0.000000
25.800000 8.944272 0.000000
26.000000 8.944272 0.000000
26.200000 12.000000 0.000000
26.400000 12.649111 0.000000
26.600000 14.422205 0.000000
26.800000 12.649111 0.000000
27.000000 16.000000 0.000000
27.200000 17.888544 0.000000
27.400000 16.970563 0.000000
27.600000 17.888544 0.000000
27.800000 16.000000 60000000000.000000
28.000000 16.492423 60000000000.000000
28.200000 14.422205 60000000000.000000
28.400000 14.422205 60000000000.000000
28.600000 12.000000 60000000000.000000
28.800000 12.649111 60000010000.000000
29.000000 11.313708 60000000000.000000
29.200000 12.000000 60000000000.000000
29.400000 12.649111 60000000000.000000
29.600000 16.970563 60000000000.000000
29.800000 17.888544 60000000000.000000
30.000000 20.000000 60000000000.000000
30.200000 21.540659 60000000000.000000
30.400000 20.000000 60000000000.000000
30.600000 20.000000 60000000000.000000
30.800000 20.396078 60000000000.000000
31.000000 20.396078 60000000000.000000
31.200000 20.000000 60000000000.000000
31.400000 17.888544 60000010000.000000
31.600000 16.492423 60000000000.000000
31.800000 16.492423 0.000000
32.000000 16.970563 0.000000
32.200000 16.492423 0.000000
32.400000 16.492423 0.000000
32.600000 20.000000 0.000000
32.800000 20.000000 0.000000
33.000000 20.396078 0.000000
33.200000 20.396078 0.000000
33.400000 20.000000 0.000000
33.600000 20.000000 0.000000
33.800000 20.396078 0.000000
34.000000 20.000000 0.000000
34.200000 17.888544 0.000000
34.400000 16.970563 0.000000
34.600000 16.492423 0.000000
34.800000 16.492423 0.000000
35.000000 14.422205 0.000000
35.200000 12.649111 0.000000
35.400000 16.000000 0.000000
35.600000 14.422205 0.000000
35.800000 17.888544 60000010000.000000
36.000000 20.396078 60000000000.000000
36.200000 20.396078 60000010000.000000
36.400000 23.323808 60000000000.000000
36.600000 20.000000 60000000000.000000
36.800000 21.540659 60000000000.000000
37.000000 20.000000 60000000000.000000
37.200000 21.540659 60000000000.000000
37.400000 20.000000 60000000000.000000
37.600000 21.540659 60000000000.000000
37.800000 20.396078 60000000000.000000
38.000000 20.000000 60000000000.000000
38.200000 17.888544 60000010000.000000
38.400000 20.000000 60000010000.000000
38.600000 21.540659 60000010000.000000
38.800000 22.627417 60000000000.000000
39.000000 25.298221 60000010000.000000
39.200000 28.000000 60000000000.000000
39.400000 26.832816 60000000000.000000
39.600000 28.284271 60000000000.000000
39.800000 30.463092 0.000000
40.000000 28.000000 0.000000
40.200000 25.298221 0.000000
40.400000 25.612497 0.000000
40.600000 25.298221 0.000000
40.800000 24.000000 0.000000
41.000000 23.323808 0.000000
41.200000 23.323808 0.000000
41.400000 20.396078 0.000000
41.600000 21.540659 0.000000
41.800000 22.627417 0.000000
42.000000 26.832816 0.000000
42.200000 24.000000 0.000000
42.400000 25.298221 0.000000
42.600000 25.612497 0.000000
42.800000 26.832816 0.000000
43.000000 24.331050 0.000000
43.200000 25.298221 0.000000
43.400000 23.323808 0.000000
43.600000 23.323808 0.000000
43.800000 20.000000 60000000000.000000
44.000000 21.540659 60000000000.000000
44.200000 20.000000 60000000000.000000
44.400000 20.396078 60000000000.000000
44.600000 24.331050 60000000000.000000
44.800000 25.612497 60000000000.000000
45.000000 26.832816 60000000000.000000
45.200000 28.284271 60000010000.000000
45.400000 29.120440 60000000000.000000
45.600000 28.844410 60000000000.000000
45.800000 28.844410 60000000000.000000
46.000000 28.284271 60000000000.000000
46.200000 28.284271 60000000000.000000
46.400000 28.844410 60000000000.000000
46.600000 28.844410 60000000000.000000
46.800000 28.284271 60000000000.000000
47.000000 29.120440 60000000000.000000
47.200000 28.284271 60000010000.000000
47.400000 30.463092 60000000000.000000
47.600000 32.249031 60000000000.000000
47.800000 32.249031 0.000000
48.000000 34.409301 0.000000
48.200000 32.984845 0.000000
48.400000 36.221541 0.000000
48.600000 37.735925 0.000000
48.800000 34.409301 0.000000
49.000000 32.984845 0.000000
49.200000 32.249031 0.000000
49.400000 32.249031 0.000000
49.600000 31.240999 0.000000
49.800000 29.120440 0.000000
50.000000 29.120440 0.000000
50.200000 25.612497 0.000000
50.400000 26.832816 0.000000
50.600000 28.000000 0.000000
50.800000 30.463092 0.000000
51.000000 31.240999 0.000000
51.200000 29.120440 0.000000
51.400000 32.249031 0.000000
51.600000 32.249031 0.000000
51.800000 31.240999 60000000000.000000
52.000000 34.176015 60000000000.000000
52.200000 32.000000 60000000000.000000
52.400000 30.463092 60000000000.000000
52.600000 31.240999 60000010000.000000
52.800000 29.120440 60000000000.000000
53.000000 32.249031 60000000000.000000
53.200000 28.844410 60000010000.000000
53.400000 32.249031 60000000000.000000
53.600000 32.249031 60000000000.000000
53.800000 34.176015 60000000000.000000
54.000000 36.878178 60000000000.000000
54.200000 39.395431 60000000000.000000
54.400000 40.000000 60000000000.000000
54.600000 43.081318 60000000000.000000
54.800000 45.254834 60000000000.000000
55.000000 43.081318 60000010000.000000
55.200000 44.000000 60000000000.000000
55.400000 43.081318 60000000000.000000
55.600000 42.520583 60000010000.000000
55.800000 43.081318 0.000000
56.000000 40.199502 0.000000
56.200000 41.182521 0.000000
56.400000 40.000000 0.000000
56.600000 40.199502 0.000000
56.800000 41.761226 0.000000
57.000000 42.520583 0.000000
57.200000 44.721360 0.000000
57.400000 44.000000 0.000000
57.600000 43.081318 0.000000
57.800000 42.520583 0.000000
58.000000 44.721360 0.000000
58.200000 44.181444 0.000000
58.400000 41.761226 0.000000
58.600000 39.597980 0.000000
58.800000 39.395431 0.000000
59.000000 36.000000 0.000000
59.200000 35.777088 0.000000
59.400000 34.409301 0.000000
59.600000 36.878178 0.000000
59.800000 36.878178 60000000000.000000
60.000000 40.000000 60000000000.000000
60.200000 41.182521 60000000000.000000
60.400000 40.199502 60000000000.000000
60.600000 41.761226 60000000000.000000
60.800000 45.607017 60000000000.000000
61.000000 44.721360 60000000000.000000
61.200000 44.181444 60000000000.000000
61.400000 45.607017 60000010000.000000
61.600000 45.607017 60000000000.000000
61.800000 44.721360 60000000000.000000
62.000000 44.000000 60000000000.000000
62.200000 48.332184 60000000000.000000
62.400000 48.166378 60000000000.000000
62.600000 49.477268 60000010000.000000
62.800000 48.662100 60000000000.000000
63.000000 52.153619 60000010000.000000
63.200000 55.569776 60000000000.000000
63.400000 56.568542 60000000000.000000
63.600000 58.240879 60000000000.000000
63.800000 60.000000 0.000000
64.000000 61.057350 0.000000
64.200000 60.530984 0.000000
64.400000 58.240879 0.000000
64.600000 56.850682 0.000000
64.800000 53.665631 0.000000
65.000000 52.000000 0.000000
65.200000 52.000000 0.000000
65.400000 53.814496 0.000000
65.600000 50.596443 0.000000
65.800000 52.611786 0.000000
66.000000 52.153619 0.000000
66.200000 52.153619 0.000000
66.400000 52.611786 0.000000
66.600000 53.366656 0.000000
66.800000 54.405882 0.000000
67.000000 52.153619 0.000000
67.200000 52.611786 0.000000
67.400000 49.477268 0.000000
67.600000 51.224994 0.000000
67.800000 50.119856 60000000000.000000
68.000000 48.166378 60000000000.000000
68.200000 46.818800 60000010000.000000
68.400000 48.166378 60000010000.000000
68.600000 50.596443 60000000000.000000
68.800000 52.611786 60000000000.000000
69.000000 55.569776 60000000000.000000
69.200000 57.688820 60000000000.000000
69.400000 61.188234 60000000000.000000
69.600000 61.188234 60000000000.000000
69.800000 63.245553 60000000000.000000
70.000000 66.573268 60000010000.000000
70.200000 65.115282 60000000000.000000
70.400000 65.969690 60000000000.000000
70.600000 65.604878 60000000000.000000
70.800000 68.000000 60000000000.000000
71.000000 68.117545 60000000000.000000
71.200000 68.352030 60000010000.000000
71.400000 67.882251 60000000000.000000
71.600000 70.880181 60000000000.000000
71.800000 72.443081 0.000000
72.000000 69.971423 0.000000
72.200000 72.111026 0.000000
72.400000 72.993150 0.000000
72.600000 73.756356 0.000000
72.800000 74.404301 0.000000
73.000000 73.430239 0.000000
73.200000 72.443081 0.000000
73.400000 70.880181 0.000000
73.600000 68.117545 0.000000
73.800000 66.211781 0.000000
74.000000 64.000000 0.000000
74.200000 66.211781 0.000000
74.400000 62.481997 0.000000
74.600000 62.096699 0.000000
74.800000 65.115282 0.000000
75.000000 63.245553 0.000000
75.200000 66.573268 0.000000
75.400000 64.498062 0.000000
75.600000 65.969690 0.000000
75.800000 65.604878 60000000000.000000
76.000000 68.000000 60000000000.000000
76.200000 68.468971 60000000000.000000
76.400000 67.052218 60000000000.000000
76.600000 68.117545 60000000000.000000
76.800000 69.856997 60000000000.000000
77.000000 68.000000 60000000000.000000
77.200000 71.554175 60000000000.000000
77.400000 71.217975 60000000000.000000
77.600000 73.756356 60000000000.000000
77.800000 77.665951 60000000000.000000
78.000000 77.665951 60000000000.000000
78.200000 78.892332 60000000000.000000
78.400000 84.380092 60000000000.000000
78.600000 87.361319 60000010000.000000
78.800000 88.090862 60000000000.000000
79.000000 89.442719 60000000000.000000
79.200000 92.086915 60000000000.000000
79.400000 91.389277 60000000000.000000
79.600000 93.380940 60000000000.000000
79.800000 92.347171 0.000000
80.000000 92.779308 0.000000
80.200000 89.888820 0.000000
80.400000 89.888820 0.000000
80.600000 88.814413 0.000000
80.800000 88.543774 0.000000
81.000000 87.726849 0.000000
81.200000 91.389277 0.000000
81.400000 88.000000 0.000000
81.600000 87.726849 0.000000
81.800000 90.686272 0.000000
82.000000 88.543774 0.000000
82.200000 88.362888 0.000000
82.400000 84.380092 0.000000
82.600000 83.234608 0.000000
82.800000 81.584312 0.000000
83.000000 78.587531 0.000000
83.200000 76.837491 0.000000
83.400000 78.790862 0.000000
83.600000 76.000000 0.000000
83.800000 78.790862 60000010000.000000
84.000000 79.397733 60000010000.000000
84.200000 83.522452 60000000000.000000
84.400000 84.852814 60000000000.000000
84.600000 87.817994 60000000000.000000
84.800000 88.814413 60000000000.000000
85.000000 90.244113 60000000000.000000
85.200000 94.148818 60000000000.000000
85.400000 94.403390 60000000000.000000
85.600000 94.826157 60000010000.000000
85.800000 96.332757 60000000000.000000
86.000000 95.078915 60000000000.000000
86.200000 99.035347 60000000000.000000
86.400000 101.192885 60000010000.000000
86.600000 101.271911 60000000000.000000
86.800000 104.307238 60000000000.000000
87.000000 107.703296 60000000000.000000
87.200000 113.137085 60000000000.000000
87.400000 113.841996 60000010000.000000
87.600000 118.928550 60000000000.000000
87.800000 118.186294 0.000000
88.000000 116.068945 0.000000
88.200000 116.275535 0.000000
88.400000 113.701363 0.000000
88.600000 111.570605 0.000000
88.800000 110.634533 0.000000
89.000000 105.603030 0.000000
89.200000 107.331263 0.000000
89.400000 108.074049 0.000000
89.600000 105.603030 0.000000
89.800000 104.995238 0.000000
90.000000 107.703296 0.000000
90.200000 105.223572 0.000000
90.400000 104.307238 0.000000
90.600000 104.307238 0.000000
90.800000 105.223572 0.000000
91.000000 103.846040 0.000000
91.200000 99.357939 0.000000
91.400000 96.664368 0.000000
91.600000 96.000000 0.000000
91.800000 93.037627 60000000000.000000
92.000000 96.829747 60000000000.000000
92.200000 98.954535 60000000000.000000
92.400000 101.980390 60000000000.000000
92.600000 105.603030 60000000000.000000
92.800000 109.178753 60000000000.000000
93.000000 112.285351 60000000000.000000
93.200000 115.169440 60000000000.000000
93.400000 118.793939 60000000000.000000
93.600000 118.928550 60000000000.000000
93.800000 120.266371 60000000000.000000
94.000000 120.066648 60000000000.000000
94.200000 123.223374 60000010000.000000
94.400000 121.655251 60000000000.000000
94.600000 125.283678 60000000000.000000
94.800000 124.579292 60000000000.000000
95.000000 129.243955 60000000000.000000
95.200000 132.544332 60000000000.000000
95.400000 134.461891 60000000000.000000
95.600000 138.679487 60000000000.000000
95.800000 141.421356 0.000000
96.000000 139.140217 0.000000
96.200000 138.621788 0.000000
96.400000 138.159328 0.000000
96.600000 136.235091 0.000000
96.800000 132.483961 0.000000
97.000000 132.060592 0.000000
97.200000 129.553078 0.000000
97.400000 125.283678 0.000000
97.600000 124.579292 0.000000
97.800000 124.064499 0.000000
98.000000 124.579292 0.000000
98.200000 122.114700 0.000000
98.400000 124.257797 0.000000
98.600000 121.655251 0.000000
98.800000 121.457812 0.000000
99.000000 121.918005 0.000000
99.200000 118.186294 0.000000
99.400000 120.000000 0.000000
99.600000 114.542569 0.000000
99.800000 113.701363 60000000000.000000
100.000000 115.446958 60000000000.000000
100.200000 114.542569 60000000000.000000
100.400000 116.824655 60000000000.000000
100.600000 119.866593 60000000000.000000
100.800000 124.000000 60000010000.000000
101.000000 128.809938 60000000000.000000
101.200000 128.062485 60000000000.000000
101.400000 131.939380 60000000000.000000
101.600000 134.937022 60000000000.000000
101.800000 140.000000 60000000000.000000
102.000000 139.542108 60000000000.000000
102.200000 144.055545 60000000000.000000
102.400000 144.996552 60000000000.000000
102.600000 144.941367 60000010000.000000
102.800000 144.554488 60000000000.000000
103.000000 147.512711 60000010000.000000
