0.000000 11.313708 62500000000.000000
0.200000 8.944272 62499990000.000000
0.400000 8.000000 62499990000.000000
0.600000 8.000000 62499990000.000000
0.800000 8.944272 62500000000.000000
1.000000 5.656854 62499990000.000000
1.200000 4.000000 62499990000.000000
1.400000 4.000000 62499990000.000000
1.600000 5.656854 62500000000.000000
1.800000 4.000000 62499990000.000000
2.000000 5.656854 62500000000.000000
2.200000 8.944272 62500000000.000000
2.400000 8.944272 0.000000
2.600000 8.000000 0.000000
2.800000 8.944272 0.000000
3.000000 11.313708 0.000000
3.200000 8.944272 0.000000
3.400000 8.944272 0.000000
3.600000 8.000000 0.000000
3.800000 8.944272 0.000000
4.000000 5.656854 0.000000
4.200000 5.656854 0.000000
4.400000 4.000000 0.000000
4.600000 5.656854 0.000000
4.800000 4.000000 0.000000
5.000000 5.656854 0.000000
5.200000 5.656854 0.000000
5.400000 8.944272 0.000000
5.600000 8.000000 0.000000
5.800000 8.944272 0.000000
6.000000 8.944272 0.000000
6.200000 11.313708 0.000000
6.400000 8.944272 62499990000.000000
6.600000 8.000000 62500000000.000000
6.800000 8.000000 62500000000.000000
7.000000 8.944272 62500000000.000000
7.200000 5.656854 62499990000.000000
7.400000 4.000000 62499990000.000000
7.600000 5.656854 62499990000.000000
7.800000 5.656854 62499990000.000000
8.000000 8.000000 62500000000.000000
8.200000 8.944272 62499990000.000000
8.400000 8.944272 62500000000.000000
8.600000 12.000000 62500000000.000000
8.800000 12.000000 62500000000.000000
9.000000 12.649111 62500000000.000000
9.200000 11.313708 62499990000.000000
9.400000 12.649111 62499990000.000000
9.600000 12.000000 62499990000.000000
9.800000 12.649111 62499990000.000000
10.000000 8.944272 62499990000.000000
10.200000 8.944272 62500000000.000000
10.400000 8.000000 0.000000
10.600000 8.944272 0.000000
10.800000 8.944272 0.000000
11.000000 8.000000 0.000000
11.200000 8.944272 0.000000
11.400000 11.313708 0.000000
11.600000 12.649111 0.000000
11.800000 12.000000 0.000000
12.000000 12.649111 0.000000
12.200000 11.313708 0.000000
12.400000 14.422205 0.000000
12.600000 12.649111 0.000000
12.800000 12.000000 0.000000
13.000000 8.944272 0.000000
13.200000 8.944272 0.000000
13.400000 8.000000 0.000000
13.600000 8.944272 0.000000
13.800000 5.656854 0.000000
14.000000 8.000000 0.000000
14.200000 8.944272 0.000000
14.400000 11.313708 62499990000.000000
14.600000 8.944272 62500000000.000000
14.800000 12.000000 62499990000.000000
15.000000 12.649111 62499990000.000000
15.200000 14.422205 62499990000.000000
15.400000 14.422205 62499990000.000000
15.600000 12.649111 62500000000.000000
15.800000 12.000000 62499990000.000000
16.000000 12.649111 62500000000.000000
16.200000 11.313708 62499990000.000000
16.400000 8.944272 62500000000.000000
16.600000 8.944272 62499990000.000000
16.800000 11.313708 62500000000.000000
17.000000 8.944272 62499990000.000000
17.200000 12.649111 62499990000.000000
17.400000 11.313708 62499990000.000000
17.600000 14.422205 62500000000.000000
17.800000 16.492423 62500000000.000000
18.000000 16.492423 62500000000.000000
18.200000 17.888544 62499990000.000000
18.400000 16.970563 0.000000
18.600000 16.492423 0.000000
18.800000 16.000000 0.000000
19.000000 12.649111 0.000000
19.200000 11.313708 0.000000
19.400000 12.649111 0.000000
19.600000 12.000000 0.000000
19.800000 11.313708 0.000000
20.000000 12.649111 0.000000
20.200000 12.000000 0.000000
20.400000 14.422205 0.000000
20.600000 14.422205 0.000000
20.800000 16.492423 0.000000
21.000000 16.000000 0.000000
21.200000 17.888544 0.000000
21.400000 16.970563 0.000000
21.600000 17.888544 0.000000
21.800000 16.000000 0.000000
22.000000 12.649111 0.000000
22.200000 11.313708 0.000000
22.400000 12.649111 62499990000.000000
22.600000 12.000000 62499990000.000000
22.800000 8.944272 62499990000.000000
23.000000 8.944272 62499990000.000000
23.200000 12.000000 62499990000.000000
23.400000 12.649111 62499990000.000000
23.600000 14.422205 62500000000.000000
23.800000 16.492423 62500000000.000000
24.000000 16.000000 62499990000.000000
24.200000 17.888544 62499990000.000000
24.400000 16.970563 62499990000.000000
24.600000 17.888544 62500000000.000000
24.800000 20.396078 62500000000.000000
25.000000 16.492423 62499990000.000000
25.200000 16.970563 62500000000.000000
25.400000 17.888544 62499990000.000000
25.600000 16.000000 62500000000.000000
25.800000 17.888544 62500000000.000000
26.000000 14.422205 62500000000.000000
26.200000 16.492423 62500000000.000000
26.400000 16.492423 0.000000
26.600000 20.000000 0.000000
26.800000 17.888544 0.000000
27.000000 20.000000 0.000000
27.200000 21.540659 0.000000
27.400000 20.000000 0.000000
27.600000 23.323808 0.000000
27.800000 20.396078 0.000000
28.000000 20.396078 0.000000
28.200000 17.888544 0.000000
28.400000 17.888544 0.000000
28.600000 16.492423 0.000000
28.800000 16.492423 0.000000
29.000000 16.970563 0.000000
29.200000 16.492423 0.000000
29.400000 16.492423 0.000000
29.600000 14.422205 0.000000
29.800000 17.888544 0.000000
30.000000 20.396078 0.000000
30.200000 20.396078 0.000000
30.400000 20.000000 62499990000.000000
30.600000 20.000000 62499990000.000000
30.800000 20.396078 62500000000.000000
31.000000 20.000000 62499990000.000000
31.200000 17.888544 62499990000.000000
31.400000 20.000000 62500000000.000000
31.600000 16.492423 62499990000.000000
31.800000 16.492423 62499990000.000000
32.000000 16.970563 62499990000.000000
32.200000 17.888544 62499990000.000000
32.400000 20.000000 62499990000.000000
32.600000 21.540659 62499990000.000000
32.800000 20.000000 62499990000.000000
33.000000 25.298221 62500000000.000000
33.200000 24.331050 62499990000.000000
33.400000 26.832816 62500000000.000000
33.600000 25.612497 62499990000.000000
33.800000 25.298221 62500000000.000000
34.000000 28.000000 62499990000.000000
34.200000 26.832816 62499990000.000000
34.400000 25.612497 0.000000
34.600000 25.298221 0.000000
34.800000 24.331050 0.000000
35.000000 23.323808 0.000000
35.200000 23.323808 0.000000
35.400000 24.000000 0.000000
35.600000 25.298221 0.000000
35.800000 22.627417 0.000000
36.000000 25.298221 0.000000
36.200000 28.000000 0.000000
36.400000 26.832816 0.000000
36.600000 28.284271 0.000000
36.800000 26.832816 0.000000
37.000000 24.000000 0.000000
37.200000 25.298221 0.000000
37.400000 22.627417 0.000000
37.600000 21.540659 0.000000
37.800000 20.000000 0.000000
38.000000 17.888544 0.000000
38.200000 20.000000 0.000000
38.400000 20.396078 62499990000.000000
38.600000 21.540659 62499990000.000000
38.800000 22.627417 62500000000.000000
39.000000 26.832816 62500000000.000000
39.200000 28.000000 62499990000.000000
39.400000 29.120440 62500000000.000000
39.600000 31.240999 62500000000.000000
39.800000 28.844410 62499990000.000000
40.000000 28.284271 62500000000.000000
40.200000 29.120440 62499990000.000000
40.400000 28.844410 62499990000.000000
40.600000 26.832816 62499990000.000000
40.800000 28.000000 62500000000.000000
41.000000 26.832816 62500000000.000000
41.200000 28.284271 62500000000.000000
41.400000 29.120440 62499990000.000000
41.600000 28.284271 62499990000.000000
41.800000 34.409301 62499990000.000000
42.000000 34.409301 62499990000.000000
42.200000 36.221541 62500000000.000000
42.400000 36.878178 0.000000
42.600000 37.735925 0.000000
42.800000 37.735925 0.000000
43.000000 36.878178 0.000000
43.200000 36.878178 0.000000
43.400000 34.409301 0.000000
43.600000 32.249031 0.000000
43.800000 32.249031 0.000000
44.000000 29.120440 0.000000
44.200000 28.284271 0.000000
44.400000 30.463092 0.000000
44.600000 32.249031 0.000000
44.800000 32.249031 0.000000
45.000000 31.240999 0.000000
45.200000 32.984845 0.000000
45.400000 32.249031 0.000000
45.600000 32.249031 0.000000
45.800000 34.409301 0.000000
46.000000 32.984845 0.000000
46.200000 32.249031 0.000000
46.400000 32.249031 62499990000.000000
46.600000 31.240999 62499990000.000000
46.800000 29.120440 62499990000.000000
47.000000 29.120440 62500000000.000000
47.200000 31.240999 62500000000.000000
47.400000 30.463092 62499990000.000000
47.600000 32.000000 62500000000.000000
47.800000 35.777088 62499990000.000000
48.000000 36.878178 62499990000.000000
48.200000 37.947332 62500000000.000000
48.400000 40.199502 62499990000.000000
48.600000 41.182521 62500000000.000000
48.800000 42.520583 62499990000.000000
49.000000 41.761226 62500000000.000000
49.200000 44.181444 62499990000.000000
49.400000 44.721360 62499990000.000000
49.600000 42.520583 62499990000.000000
49.800000 41.761226 62499990000.000000
50.000000 40.792156 62500000000.000000
50.200000 43.266615 62500000000.000000
50.400000 44.721360 0.000000
50.600000 44.181444 0.000000
50.800000 43.081318 0.000000
51.000000 45.254834 0.000000
51.200000 46.818800 0.000000
51.400000 48.000000 0.000000
51.600000 48.332184 0.000000
51.800000 48.166378 0.000000
52.000000 46.818800 0.000000
52.200000 44.000000 0.000000
52.400000 44.721360 0.000000
52.600000 42.520583 0.000000
52.800000 41.761226 0.000000
53.000000 40.199502 0.000000
53.200000 37.735925 0.000000
53.400000 37.735925 0.000000
53.600000 40.199502 0.000000
53.800000 37.947332 0.000000
54.000000 42.520583 0.000000
54.200000 39.395431 0.000000
54.400000 44.000000 62499990000.000000
54.600000 43.081318 62499990000.000000
54.800000 45.254834 62499990000.000000
55.000000 44.721360 62499990000.000000
55.200000 44.000000 62499990000.000000
55.400000 46.818800 62499990000.000000
55.600000 45.254834 62500000000.000000
55.800000 46.818800 62499990000.000000
56.000000 44.181444 62500000000.000000
56.200000 46.647615 62499990000.000000
56.400000 48.826222 62499990000.000000
56.600000 48.662100 62499990000.000000
56.800000 49.477268 62500000000.000000
57.000000 51.224994 62500000000.000000
57.200000 53.665631 62500000000.000000
57.400000 56.142675 62499990000.000000
57.600000 59.464275 62499990000.000000
57.800000 59.464275 62500000000.000000
58.000000 62.609903 62499990000.000000
58.200000 64.124878 62500000000.000000
58.400000 64.621978 0.000000
58.600000 62.225397 0.000000
58.800000 59.464275 0.000000
59.000000 60.133186 0.000000
59.200000 59.059292 0.000000
59.400000 54.405882 0.000000
59.600000 57.271284 0.000000
59.800000 57.271284 0.000000
60.000000 56.850682 0.000000
60.200000 59.059292 0.000000
60.400000 60.133186 0.000000
60.600000 59.464275 0.000000
60.800000 59.464275 0.000000
61.000000 57.271284 0.000000
61.200000 56.142675 0.000000
61.400000 55.713553 0.000000
61.600000 53.814496 0.000000
61.800000 52.000000 0.000000
62.000000 52.153619 0.000000
62.200000 50.119856 0.000000
62.400000 51.224994 62499990000.000000
62.600000 53.366656 62500000000.000000
62.800000 53.366656 62499990000.000000
63.000000 54.405882 62500000000.000000
63.200000 59.059292 62499990000.000000
63.400000 60.530984 62500000000.000000
63.600000 63.245553 62499990000.000000
63.800000 62.481997 62499990000.000000
64.000000 66.211781 62499990000.000000
64.200000 68.117545 62499990000.000000
64.400000 68.352030 62499990000.000000
64.600000 67.882251 62499990000.000000
64.800000 68.352030 62500000000.000000
65.000000 68.117545 62499990000.000000
65.200000 68.000000 62500000000.000000
65.400000 71.217975 62499990000.000000
65.600000 73.756356 62499990000.000000
65.800000 73.756356 62500000000.000000
66.000000 76.837491 62500000000.000000
66.200000 80.498447 62499990000.000000
66.400000 84.095184 0.000000
66.600000 84.758480 0.000000
66.800000 82.073138 0.000000
67.000000 82.462113 0.000000
67.200000 80.000000 0.000000
67.400000 78.790862 0.000000
67.600000 76.419893 0.000000
67.800000 75.894664 0.000000
68.000000 72.443081 0.000000
68.200000 72.111026 0.000000
68.400000 72.111026 0.000000
68.600000 72.443081 0.000000
68.800000 72.111026 0.000000
69.000000 73.756356 0.000000
69.200000 73.539105 0.000000
69.400000 72.000000 0.000000
69.600000 73.539105 0.000000
69.800000 73.539105 0.000000
70.000000 72.111026 0.000000
70.200000 72.111026 0.000000
70.400000 71.554175 62499990000.000000
70.600000 71.217975 62500000000.000000
70.800000 69.856997 62499990000.000000
71.000000 72.993150 62499990000.000000
71.200000 74.404301 62500000000.000000
71.400000 73.430239 62500000000.000000
71.600000 76.105190 62499990000.000000
71.800000 77.252832 62500000000.000000
72.000000 82.073138 62499990000.000000
72.200000 86.162637 62499990000.000000
72.400000 88.090862 62499990000.000000
72.600000 89.442719 62500000000.000000
72.800000 93.722996 62500000000.000000
73.000000 95.078915 62500000000.000000
73.200000 93.380940 62499990000.000000
73.400000 95.414884 62499990000.000000
73.600000 95.414884 62500000000.000000
73.800000 96.747093 62499990000.000000
74.000000 97.406365 62500000000.000000
74.200000 99.035347 62500000000.000000
74.400000 102.528045 0.000000
74.600000 100.319490 0.000000
74.800000 102.215459 0.000000
75.000000 103.227903 0.000000
75.200000 101.980390 0.000000
75.400000 102.839681 0.000000
75.600000 102.449988 0.000000
75.800000 100.239713 0.000000
76.000000 100.319490 0.000000
76.200000 97.406365 0.000000
76.400000 96.166522 0.000000
76.600000 93.637599 0.000000
76.800000 92.347171 0.000000
77.000000 91.301698 0.000000
77.200000 88.814413 0.000000
77.400000 89.442719 0.000000
77.600000 91.214034 0.000000
77.800000 90.686272 0.000000
78.000000 89.442719 0.000000
78.200000 92.000000 0.000000
78.400000 91.389277 62500000000.000000
78.600000 93.380940 62499990000.000000
78.800000 93.637599 62500000000.000000
79.000000 96.332757 62499990000.000000
79.200000 96.747093 62499990000.000000
79.400000 100.000000 62500000000.000000
79.600000 98.061205 62500000000.000000
79.800000 98.954535 62500000000.000000
80.000000 102.449988 62499990000.000000
80.200000 101.980390 62499990000.000000
80.400000 108.000000 62499990000.000000
80.600000 110.923397 62499990000.000000
80.800000 113.701363 62499990000.000000
81.000000 115.446958 62499990000.000000
81.200000 117.711512 62500000000.000000
81.400000 123.223374 62500000000.000000
81.600000 125.538839 62500000000.000000
81.800000 124.579292 62499990000.000000
82.000000 127.812362 62499990000.000000
82.200000 130.107648 62499990000.000000
82.400000 130.291980 0.000000
82.600000 128.996124 0.000000
82.800000 124.257797 0.000000
83.000000 125.538839 0.000000
83.200000 124.257797 0.000000
83.400000 124.064499 0.000000
83.600000 124.579292 0.000000
83.800000 121.457812 0.000000
84.000000 125.027997 0.000000
84.200000 122.114700 0.000000
84.400000 120.929732 0.000000
84.600000 121.061968 0.000000
84.800000 116.481758 0.000000
85.000000 116.275535 0.000000
85.200000 112.924754 0.000000
85.400000 112.071406 0.000000
85.600000 109.178753 0.000000
85.800000 108.811764 0.000000
86.000000 105.905618 0.000000
86.200000 107.703296 0.000000
86.400000 108.074049 62499990000.000000
86.600000 110.923397 62500000000.000000
86.800000 116.000000 62500000000.000000
87.000000 118.186294 62500000000.000000
87.200000 121.918005 62500000000.000000
87.400000 121.457812 62499990000.000000
87.600000 125.027997 62499990000.000000
87.800000 124.257797 62500000000.000000
88.000000 125.538839 62500000000.000000
88.200000 128.561269 62500000000.000000
88.400000 129.243955 62499990000.000000
88.600000 130.230565 62499990000.000000
88.800000 132.966161 62499990000.000000
89.000000 138.101412 62499990000.000000
89.200000 140.000000 62500000000.000000
89.400000 144.941367 62500000000.000000
89.600000 148.054044 62500000000.000000
89.800000 148.647233 62499990000.000000
