0.000000 11.313708 65000006000.000000
0.200000 8.944272 65000006000.000000
0.400000 8.944272 65000006000.000000
0.600000 8.000000 65000006000.000000
0.800000 8.944272 65000006000.000000
1.000000 5.656854 65000006000.000000
1.200000 8.944272 0.000000
1.400000 4.000000 0.000000
1.600000 5.656854 0.000000
1.800000 4.000000 0.000000
2.000000 8.000000 0.000000
2.200000 5.656854 0.000000
2.400000 8.944272 0.000000
2.600000 8.000000 0.000000
2.800000 8.944272 0.000000
3.000000 8.944272 0.000000
3.200000 11.313708 0.000000
3.400000 8.944272 0.000000
3.600000 8.000000 0.000000
3.800000 8.000000 0.000000
4.000000 8.944272 0.000000
4.200000 5.656854 0.000000
4.400000 4.000000 0.000000
4.600000 5.656854 0.000000
4.800000 4.000000 0.000000
5.000000 4.000000 0.000000
5.200000 5.656854 65000006000.000000
5.400000 8.944272 65000006000.000000
5.600000 8.000000 65000006000.000000
5.800000 8.000000 65000006000.000000
6.000000 8.944272 65000006000.000000
6.200000 11.313708 65000006000.000000
6.400000 8.944272 65000006000.000000
6.600000 12.649111 65000006000.000000
6.800000 8.000000 65000006000.000000
7.000000 8.944272 65000006000.000000
7.200000 8.944272 65000006000.000000
7.400000 8.000000 65000006000.000000
7.600000 8.944272 65000006000.000000
7.800000 5.656854 65000006000.000000
8.000000 8.000000 65000006000.000000
8.200000 8.944272 65000006000.000000
8.400000 11.313708 65000006000.000000
8.600000 12.649111 65000006000.000000
8.800000 12.000000 65000006000.000000
9.000000 12.649111 65000006000.000000
9.200000 14.422205 0.000000
9.400000 14.422205 0.000000
9.600000 12.649111 0.000000
9.800000 12.000000 0.000000
10.000000 12.649111 0.000000
10.200000 11.313708 0.000000
10.400000 8.944272 0.000000
10.600000 8.944272 0.000000
10.800000 5.656854 0.000000
11.000000 8.000000 0.000000
11.200000 8.944272 0.000000
11.400000 11.313708 0.000000
11.600000 8.944272 0.000000
11.800000 12.000000 0.000000
12.000000 12.649111 0.000000
12.200000 14.422205 0.000000
12.400000 14.422205 0.000000
12.600000 12.649111 0.000000
12.800000 12.000000 0.000000
13.000000 12.649111 0.000000
13.200000 11.313708 65000006000.000000
13.400000 8.944272 65000006000.000000
13.600000 8.000000 65000006000.000000
13.800000 8.944272 65000006000.000000
14.000000 8.944272 65000006000.000000
14.200000 8.000000 65000006000.000000
14.400000 8.944272 65000006000.000000
14.600000 14.422205 65000006000.000000
14.800000 12.649111 65000006000.000000
15.000000 16.492423 65000006000.000000
15.200000 14.422205 65000006000.000000
15.400000 16.970563 65000006000.000000
15.600000 16.492423 65000006000.000000
15.800000 16.000000 65000006000.000000
16.000000 12.649111 65000006000.000000
16.200000 14.422205 65000006000.000000
16.400000 12.649111 65000006000.000000
16.600000 12.000000 65000006000.000000
16.800000 14.422205 65000006000.000000
17.000000 14.422205 65000006000.000000
17.200000 12.000000 0.000000
17.400000 12.649111 0.000000
17.600000 16.970563 0.000000
17.800000 16.492423 0.000000
18.000000 16.000000 0.000000
18.200000 17.888544 0.000000
18.400000 16.970563 0.000000
18.600000 17.888544 0.000000
18.800000 16.000000 0.000000
19.000000 16.492423 0.000000
19.200000 14.422205 0.000000
19.400000 14.422205 0.000000
19.600000 12.000000 0.000000
19.800000 12.649111 0.000000
20.000000 11.313708 0.000000
20.200000 12.000000 0.000000
20.400000 12.649111 0.000000
20.600000 11.313708 0.000000
20.800000 12.649111 0.000000
21.000000 16.000000 0.000000
21.200000 16.492423 65000006000.000000
21.400000 16.970563 65000006000.000000
21.600000 17.888544 65000006000.000000
21.800000 16.492423 65000006000.000000
22.000000 16.492423 65000006000.000000
22.200000 14.422205 65000006000.000000
22.400000 14.422205 65000006000.000000
22.600000 12.649111 65000006000.000000
22.800000 12.649111 65000006000.000000
23.000000 11.313708 65000006000.000000
23.200000 12.649111 65000006000.000000
23.400000 16.492423 65000006000.000000
23.600000 16.970563 65000006000.000000
23.800000 17.888544 65000006000.000000
24.000000 20.396078 65000006000.000000
24.200000 20.396078 65000006000.000000
24.400000 23.323808 65000006000.000000
24.600000 23.323808 65000006000.000000
24.800000 24.331050 65000006000.000000
25.000000 24.331050 65000006000.000000
25.200000 23.323808 0.000000
25.400000 20.000000 0.000000
25.600000 20.396078 0.000000
25.800000 16.492423 0.000000
26.000000 16.970563 0.000000
26.200000 17.888544 0.000000
26.400000 20.000000 0.000000
26.600000 17.888544 0.000000
26.800000 20.000000 0.000000
27.000000 20.396078 0.000000
27.200000 20.396078 0.000000
27.400000 23.323808 0.000000
27.600000 22.627417 0.000000
27.800000 21.540659 0.000000
28.000000 20.000000 0.000000
28.200000 21.540659 0.000000
28.400000 16.970563 0.000000
28.600000 16.492423 0.000000
28.800000 16.000000 0.000000
29.000000 14.422205 0.000000
29.200000 14.422205 65000006000.000000
29.400000 16.000000 65000006000.000000
29.600000 17.888544 65000006000.000000
29.800000 20.000000 65000006000.000000
30.000000 21.540659 65000006000.000000
30.200000 24.000000 65000006000.000000
30.400000 21.540659 65000006000.000000
30.600000 22.627417 65000006000.000000
30.800000 26.832816 65000006000.000000
31.000000 24.000000 65000006000.000000
31.200000 25.298221 65000006000.000000
31.400000 22.627417 65000006000.000000
31.600000 21.540659 65000006000.000000
31.800000 24.000000 65000006000.000000
32.000000 23.323808 65000006000.000000
32.200000 23.323808 65000006000.000000
32.400000 24.331050 65000006000.000000
32.600000 25.298221 65000006000.000000
32.800000 25.612497 65000006000.000000
33.000000 30.463092 65000006000.000000
33.200000 32.249031 0.000000
33.400000 29.120440 0.000000
33.600000 31.240999 0.000000
33.800000 32.249031 0.000000
34.000000 32.249031 0.000000
34.200000 29.120440 0.000000
34.400000 28.844410 0.000000
34.600000 26.832816 0.000000
34.800000 24.000000 0.000000
35.000000 25.298221 0.000000
35.200000 25.612497 0.000000
35.400000 25.298221 0.000000
35.600000 24.331050 0.000000
35.800000 25.612497 0.000000
36.000000 26.832816 0.000000
36.200000 28.284271 0.000000
36.400000 29.120440 0.000000
36.600000 28.844410 0.000000
36.800000 28.844410 0.000000
37.000000 28.284271 0.000000
37.200000 28.284271 65000006000.000000
37.400000 28.844410 65000006000.000000
37.600000 25.612497 65000006000.000000
37.800000 24.331050 65000006000.000000
38.000000 25.298221 65000006000.000000
38.200000 25.612497 65000006000.000000
38.400000 25.298221 65000006000.000000
38.600000 28.284271 65000006000.000000
38.800000 28.844410 65000006000.000000
39.000000 31.240999 65000006000.000000
39.200000 32.984845 65000006000.000000
39.400000 36.221541 65000006000.000000
39.600000 37.735925 65000006000.000000
39.800000 36.878178 65000006000.000000
40.000000 36.878178 65000006000.000000
40.200000 36.221541 65000006000.000000
40.400000 37.735925 65000006000.000000
40.600000 34.409301 65000006000.000000
40.800000 36.878178 65000006000.000000
41.000000 36.878178 65000006000.000000
41.200000 36.878178 0.000000
41.400000 35.777088 0.000000
41.600000 36.000000 0.000000
41.800000 39.395431 0.000000
42.000000 36.878178 0.000000
42.200000 41.761226 0.000000
42.400000 40.199502 0.000000
42.600000 41.182521 0.000000
42.800000 42.520583 0.000000
43.000000 41.761226 0.000000
43.200000 40.199502 0.000000
43.400000 35.777088 0.000000
43.600000 36.878178 0.000000
43.800000 32.984845 0.000000
44.000000 32.249031 0.000000
44.200000 34.409301 0.000000
44.400000 32.249031 0.000000
44.600000 32.249031 0.000000
44.800000 34.176015 0.000000
45.000000 33.941125 0.000000
45.200000 34.176015 65000006000.000000
45.400000 36.000000 65000006000.000000
45.600000 39.395431 65000006000.000000
45.800000 39.597980 65000006000.000000
46.000000 39.395431 65000006000.000000
46.200000 40.000000 65000006000.000000
46.400000 39.395431 65000006000.000000
46.600000 39.597980 65000006000.000000
46.800000 41.761226 65000006000.000000
47.000000 40.199502 65000006000.000000
47.200000 41.182521 65000006000.000000
47.400000 43.266615 65000006000.000000
47.600000 44.721360 65000006000.000000
47.800000 45.607017 65000006000.000000
48.000000 48.166378 65000006000.000000
48.200000 48.332184 65000006000.000000
48.400000 52.153619 65000006000.000000
48.600000 55.713553 65000006000.000000
48.800000 53.814496 65000006000.000000
49.000000 57.271284 65000006000.000000
49.200000 56.000000 0.000000
49.400000 55.713553 0.000000
49.600000 53.814496 0.000000
49.800000 52.000000 0.000000
50.000000 52.153619 0.000000
50.200000 50.119856 0.000000
50.400000 48.826222 0.000000
50.600000 48.662100 0.000000
50.800000 49.477268 0.000000
51.000000 51.224994 0.000000
51.200000 50.119856 0.000000
51.400000 52.153619 0.000000
51.600000 50.596443 0.000000
51.800000 53.814496 0.000000
52.000000 53.665631 0.000000
52.200000 52.153619 0.000000
52.400000 50.596443 0.000000
52.600000 48.166378 0.000000
52.800000 46.818800 0.000000
53.000000 44.000000 0.000000
53.200000 44.721360 65000006000.000000
53.400000 45.607017 65000006000.000000
53.600000 45.607017 65000006000.000000
53.800000 49.477268 65000006000.000000
54.000000 51.224994 65000006000.000000
54.200000 55.569776 65000006000.000000
54.400000 56.142675 65000006000.000000
54.600000 58.240879 65000006000.000000
54.800000 56.850682 65000006000.000000
55.000000 59.059292 65000006000.000000
55.200000 60.133186 65000006000.000000
55.400000 63.245553 65000006000.000000
55.600000 59.464275 65000006000.000000
55.800000 60.926185 65000006000.000000
56.000000 64.000000 65000006000.000000
56.200000 62.609903 65000006000.000000
56.400000 65.604878 65000006000.000000
56.600000 65.969690 65000006000.000000
56.800000 69.856997 65000006000.000000
57.000000 74.404301 65000006000.000000
57.200000 73.430239 0.000000
57.400000 76.419893 0.000000
57.600000 75.894664 0.000000
57.800000 73.756356 0.000000
58.000000 75.153177 0.000000
58.200000 72.111026 0.000000
58.400000 72.111026 0.000000
58.600000 67.882251 0.000000
58.800000 68.352030 0.000000
59.000000 68.117545 0.000000
59.200000 64.498062 0.000000
59.400000 63.245553 0.000000
59.600000 65.115282 0.000000
59.800000 65.969690 0.000000
60.000000 65.604878 0.000000
60.200000 68.000000 0.000000
60.400000 68.117545 0.000000
60.600000 68.352030 0.000000
60.800000 65.115282 0.000000
61.000000 66.211781 0.000000
61.200000 64.000000 65000006000.000000
61.400000 64.621978 65000006000.000000
61.600000 65.115282 65000006000.000000
61.800000 67.052218 65000006000.000000
62.000000 68.468971 65000006000.000000
62.200000 69.971423 65000006000.000000
62.400000 68.818602 65000006000.000000
62.600000 72.993150 65000006000.000000
62.800000 74.726167 65000006000.000000
63.000000 76.837491 65000006000.000000
63.200000 80.498447 65000006000.000000
63.400000 84.095184 65000006000.000000
63.600000 86.162637 65000006000.000000
63.800000 87.726849 65000006000.000000
64.000000 89.888820 65000006000.000000
64.200000 88.090862 65000006000.000000
64.400000 89.442719 65000006000.000000
64.600000 91.214034 65000006000.000000
64.800000 94.148818 65000006000.000000
65.000000 94.148818 65000006000.000000
65.200000 94.403390 0.000000
65.400000 94.826157 0.000000
65.600000 96.083297 0.000000
65.800000 95.078915 0.000000
66.000000 96.332757 0.000000
66.200000 96.166522 0.000000
66.400000 96.747093 0.000000
66.600000 96.747093 0.000000
66.800000 94.403390 0.000000
67.000000 94.148818 0.000000
67.200000 90.244113 0.000000
67.400000 88.814413 0.000000
67.600000 87.817994 0.000000
67.800000 84.380092 0.000000
68.000000 86.162637 0.000000
68.200000 84.852814 0.000000
68.400000 84.758480 0.000000
68.600000 84.380092 0.000000
68.800000 84.380092 0.000000
69.000000 83.234608 0.000000
69.200000 85.510233 65000006000.000000
69.400000 86.348133 65000006000.000000
69.600000 91.214034 65000006000.000000
69.800000 91.301698 65000006000.000000
70.000000 92.347171 65000006000.000000
70.200000 93.637599 65000006000.000000
70.400000 93.380940 65000006000.000000
70.600000 95.078915 65000006000.000000
70.800000 96.083297 65000006000.000000
71.000000 100.239713 65000006000.000000
71.200000 100.000000 65000006000.000000
71.400000 101.980390 65000006000.000000
71.600000 107.703296 65000006000.000000
71.800000 110.634533 65000006000.000000
72.000000 114.542569 65000006000.000000
72.200000 116.000000 65000006000.000000
72.400000 119.866593 65000006000.000000
72.600000 121.918005 65000006000.000000
72.800000 124.193398 65000006000.000000
73.000000 125.602548 65000006000.000000
73.200000 126.491106 0.000000
73.400000 125.538839 0.000000
73.600000 124.257797 0.000000
73.800000 120.332872 0.000000
74.000000 118.928550 0.000000
74.200000 116.481758 0.000000
74.400000 117.711512 0.000000
74.600000 117.643529 0.000000
74.800000 120.066648 0.000000
75.000000 116.275535 0.000000
75.200000 118.928550 0.000000
75.400000 118.793939 0.000000
75.600000 115.169440 0.000000
75.800000 112.285351 0.000000
76.000000 112.712022 0.000000
76.200000 108.811764 0.000000
76.400000 105.905618 0.000000
76.600000 106.733313 0.000000
76.800000 104.995238 0.000000
77.000000 101.980390 0.000000
77.200000 104.000000 65000006000.000000
77.400000 107.331263 65000006000.000000
77.600000 108.074049 65000006000.000000
77.800000 111.570605 65000006000.000000
78.000000 117.711512 65000006000.000000
78.200000 117.643529 65000006000.000000
78.400000 120.066648 65000006000.000000
78.600000 124.579292 65000006000.000000
78.800000 124.064499 65000006000.000000
79.000000 124.450793 65000006000.000000
79.200000 126.491106 65000006000.000000
79.400000 128.996124 65000006000.000000
79.600000 129.799846 65000006000.000000
79.800000 134.461891 65000006000.000000
80.000000 136.235091 65000006000.000000
80.200000 141.873183 65000006000.000000
80.400000 144.499135 65000006000.000000
80.600000 149.452334 65000006000.000000
