0.000000 11.313708 0.000000
0.200000 8.944272 0.000000
0.400000 8.944272 0.000000
0.600000 8.000000 0.000000
0.800000 8.944272 0.000000
1.000000 5.656854 0.000000
1.200000 5.656854 0.000000
1.400000 4.000000 0.000000
1.600000 5.656854 0.000000
1.800000 4.000000 0.000000
2.000000 5.656854 0.000000
2.200000 5.656854 0.000000
2.400000 8.944272 0.000000
2.600000 8.000000 0.000000
2.800000 8.944272 0.000000
3.000000 8.944272 0.000000
3.200000 8.944272 0.000000
3.400000 8.944272 0.000000
3.600000 8.000000 0.000000
3.800000 8.000000 67500003000.000000
4.000000 5.656854 67499995000.000000
4.200000 5.656854 67499995000.000000
4.400000 4.000000 67499995000.000000
4.600000 5.656854 67499995000.000000
4.800000 4.000000 67499995000.000000
5.000000 4.000000 67499995000.000000
5.200000 5.656854 67499995000.000000
5.400000 8.944272 67500003000.000000
5.600000 8.000000 67499995000.000000
5.800000 12.649111 67499995000.000000
6.000000 8.944272 67500003000.000000
6.200000 11.313708 67499995000.000000
6.400000 12.649111 67499995000.000000
6.600000 12.000000 67499995000.000000
6.800000 12.649111 67500003000.000000
7.000000 8.944272 67499995000.000000
7.200000 8.944272 67499995000.000000
7.400000 8.000000 67500003000.000000
7.600000 8.944272 67499995000.000000
7.800000 8.944272 0.000000
8.000000 8.000000 0.000000
8.200000 8.944272 0.000000
8.400000 11.313708 0.000000
8.600000 12.649111 0.000000
8.800000 12.000000 0.000000
9.000000 12.649111 0.000000
9.200000 11.313708 0.000000
9.400000 14.422205 0.000000
9.600000 12.000000 0.000000
9.800000 12.649111 0.000000
10.000000 8.944272 0.000000
10.200000 8.944272 0.000000
10.400000 8.000000 0.000000
10.600000 8.944272 0.000000
10.800000 5.656854 0.000000
11.000000 8.000000 0.000000
11.200000 8.944272 0.000000
11.400000 8.944272 0.000000
11.600000 8.944272 0.000000
11.800000 12.000000 67500003000.000000
12.000000 12.649111 67499995000.000000
12.200000 11.313708 67499995000.000000
12.400000 14.422205 67499995000.000000
12.600000 12.649111 67500003000.000000
12.800000 12.000000 67499995000.000000
13.000000 8.944272 67499995000.000000
13.200000 11.313708 67499995000.000000
13.400000 8.944272 67499995000.000000
13.600000 8.944272 67499995000.000000
13.800000 11.313708 67499995000.000000
14.000000 8.944272 67499995000.000000
14.200000 12.649111 67500003000.000000
14.400000 11.313708 67499995000.000000
14.600000 14.422205 67500003000.000000
14.800000 16.000000 67499995000.000000
15.000000 16.492423 67499995000.000000
15.200000 14.422205 67499995000.000000
15.400000 16.970563 67499995000.000000
15.600000 16.492423 67499995000.000000
15.800000 16.000000 0.000000
16.000000 14.422205 0.000000
16.200000 14.422205 0.000000
16.400000 12.649111 0.000000
16.600000 12.649111 0.000000
16.800000 11.313708 0.000000
17.000000 12.649111 0.000000
17.200000 12.000000 0.000000
17.400000 14.422205 0.000000
17.600000 14.422205 0.000000
17.800000 16.492423 0.000000
18.000000 16.492423 0.000000
18.200000 17.888544 0.000000
18.400000 16.970563 0.000000
18.600000 16.492423 0.000000
18.800000 16.000000 0.000000
19.000000 12.649111 0.000000
19.200000 11.313708 0.000000
19.400000 12.649111 0.000000
19.600000 12.000000 0.000000
19.800000 8.944272 67499995000.000000
20.000000 8.944272 67499995000.000000
20.200000 12.000000 67499995000.000000
20.400000 14.422205 67499995000.000000
20.600000 14.422205 67499995000.000000
20.800000 16.492423 67499995000.000000
21.000000 16.000000 67499995000.000000
21.200000 17.888544 67499995000.000000
21.400000 16.970563 67499995000.000000
21.600000 17.888544 67499995000.000000
21.800000 20.000000 67499995000.000000
22.000000 16.492423 67499995000.000000
22.200000 16.970563 67500003000.000000
22.400000 17.888544 67499995000.000000
22.600000 16.000000 67499995000.000000
22.800000 17.888544 67499995000.000000
23.000000 14.422205 67499995000.000000
23.200000 16.492423 67499995000.000000
23.400000 16.492423 67499995000.000000
23.600000 20.000000 67499995000.000000
23.800000 21.540659 0.000000
24.000000 24.000000 0.000000
24.200000 25.298221 0.000000
24.400000 22.627417 0.000000
24.600000 23.323808 0.000000
24.800000 24.331050 0.000000
25.000000 20.396078 0.000000
25.200000 20.000000 0.000000
25.400000 17.888544 0.000000
25.600000 16.000000 0.000000
25.800000 17.888544 0.000000
26.000000 16.970563 0.000000
26.200000 16.492423 0.000000
26.400000 16.492423 0.000000
26.600000 20.000000 0.000000
26.800000 17.888544 0.000000
27.000000 20.396078 0.000000
27.200000 20.396078 0.000000
27.400000 20.000000 0.000000
27.600000 20.000000 0.000000
27.800000 20.396078 67499995000.000000
28.000000 20.396078 67499995000.000000
28.200000 17.888544 67499995000.000000
28.400000 20.000000 67499995000.000000
28.600000 16.492423 67499995000.000000
28.800000 16.492423 67500003000.000000
29.000000 16.970563 67500003000.000000
29.200000 17.888544 67499995000.000000
29.400000 20.000000 67499995000.000000
29.600000 23.323808 67499995000.000000
29.800000 23.323808 67499995000.000000
30.000000 24.331050 67499995000.000000
30.200000 28.284271 67499995000.000000
30.400000 26.832816 67499995000.000000
30.600000 28.844410 67499995000.000000
30.800000 29.120440 67499995000.000000
31.000000 28.284271 67499995000.000000
31.200000 26.832816 67499995000.000000
31.400000 25.612497 67500003000.000000
31.600000 29.120440 67499995000.000000
31.800000 28.284271 0.000000
32.000000 25.612497 0.000000
32.200000 26.832816 0.000000
32.400000 28.000000 0.000000
32.600000 26.832816 0.000000
32.800000 28.284271 0.000000
33.000000 29.120440 0.000000
33.200000 32.000000 0.000000
33.400000 30.463092 0.000000
33.600000 31.240999 0.000000
33.800000 30.463092 0.000000
34.000000 28.000000 0.000000
34.200000 26.832816 0.000000
34.400000 28.284271 0.000000
34.600000 25.298221 0.000000
34.800000 24.331050 0.000000
35.000000 23.323808 0.000000
35.200000 23.323808 0.000000
35.400000 24.331050 0.000000
35.600000 25.298221 0.000000
35.800000 25.612497 67499995000.000000
36.000000 26.832816 67499995000.000000
36.200000 28.000000 67499995000.000000
36.400000 30.463092 67499995000.000000
36.600000 31.240999 67499995000.000000
36.800000 30.463092 67499995000.000000
37.000000 32.249031 67499995000.000000
37.200000 29.120440 67499995000.000000
37.400000 31.240999 67499995000.000000
37.600000 30.463092 67499995000.000000
37.800000 32.000000 67499995000.000000
38.000000 30.463092 67499995000.000000
38.200000 31.240999 67499995000.000000
38.400000 32.984845 67499995000.000000
38.600000 32.984845 67499995000.000000
38.800000 34.409301 67500003000.000000
39.000000 37.735925 67499995000.000000
39.200000 40.199502 67499995000.000000
39.400000 41.761226 67499995000.000000
39.600000 45.607017 67500003000.000000
39.800000 44.721360 0.000000
40.000000 44.181444 0.000000
40.200000 41.761226 0.000000
40.400000 40.000000 0.000000
40.600000 41.182521 0.000000
40.800000 40.000000 0.000000
41.000000 39.395431 0.000000
41.200000 36.878178 0.000000
41.400000 37.947332 0.000000
41.600000 36.221541 0.000000
41.800000 37.735925 0.000000
42.000000 37.735925 0.000000
42.200000 40.792156 0.000000
42.400000 40.792156 0.000000
42.600000 40.000000 0.000000
42.800000 37.735925 0.000000
43.000000 40.792156 0.000000
43.200000 36.878178 0.000000
43.400000 37.735925 0.000000
43.600000 37.735925 0.000000
43.800000 32.249031 67499995000.000000
44.000000 34.176015 67499995000.000000
44.200000 33.941125 67499995000.000000
44.400000 34.176015 67499995000.000000
44.600000 36.221541 67499995000.000000
44.800000 41.182521 67499995000.000000
45.000000 40.000000 67500003000.000000
45.200000 45.607017 67499995000.000000
45.400000 44.721360 67499995000.000000
45.600000 46.647615 67499995000.000000
45.800000 48.826222 67499995000.000000
46.000000 49.477268 67499995000.000000
46.200000 48.662100 67499995000.000000
46.400000 48.826222 67500003000.000000
46.600000 48.826222 67500003000.000000
46.800000 48.662100 67500003000.000000
47.000000 49.477268 67499995000.000000
47.200000 51.224994 67499995000.000000
47.400000 52.000000 67499995000.000000
47.600000 56.000000 67499995000.000000
47.800000 57.271284 0.000000
48.000000 56.850682 0.000000
48.200000 58.240879 0.000000
48.400000 60.530984 0.000000
48.600000 59.059292 0.000000
48.800000 60.000000 0.000000
49.000000 58.240879 0.000000
49.200000 56.568542 0.000000
49.400000 55.569776 0.000000
49.600000 54.405882 0.000000
49.800000 52.611786 0.000000
50.000000 49.477268 0.000000
50.200000 51.224994 0.000000
50.400000 48.332184 0.000000
50.600000 48.000000 0.000000
50.800000 48.332184 0.000000
51.000000 51.224994 0.000000
51.200000 50.596443 0.000000
51.400000 52.153619 0.000000
51.600000 53.665631 0.000000
51.800000 51.224994 67499995000.000000
52.000000 54.405882 67499995000.000000
52.200000 52.611786 67499995000.000000
52.400000 55.569776 67499995000.000000
52.600000 54.405882 67499995000.000000
52.800000 53.366656 67499995000.000000
53.000000 53.366656 67500003000.000000
53.200000 56.850682 67499995000.000000
53.400000 57.271284 67500003000.000000
53.600000 60.000000 67499995000.000000
53.800000 60.926185 67499995000.000000
54.000000 65.115282 67499995000.000000
54.200000 67.052218 67499995000.000000
54.400000 68.117545 67499995000.000000
54.600000 71.554175 67499995000.000000
54.800000 73.756356 67500003000.000000
55.000000 74.726167 67499995000.000000
55.200000 76.941536 67499995000.000000
55.400000 75.471849 67499995000.000000
55.600000 77.665951 67499995000.000000
55.800000 76.941536 0.000000
56.000000 74.726167 0.000000
56.200000 73.756356 0.000000
56.400000 75.153177 0.000000
56.600000 76.000000 0.000000
56.800000 75.153177 0.000000
57.000000 76.837491 0.000000
57.200000 74.726167 0.000000
57.400000 76.941536 0.000000
57.600000 75.471849 0.000000
57.800000 77.665951 0.000000
58.000000 73.756356 0.000000
58.200000 73.756356 0.000000
58.400000 72.111026 0.000000
58.600000 69.971423 0.000000
58.800000 68.468971 0.000000
59.000000 68.352030 0.000000
59.200000 67.882251 0.000000
59.400000 68.352030 0.000000
59.600000 68.117545 0.000000
59.800000 68.000000 67499995000.000000
60.000000 68.818602 67499995000.000000
60.200000 73.756356 67499995000.000000
60.400000 76.941536 67499995000.000000
60.600000 77.665951 67499995000.000000
60.800000 80.993827 67499995000.000000
61.000000 80.894994 67499995000.000000
61.200000 82.462113 67499995000.000000
61.400000 82.462113 67499995000.000000
61.600000 84.095184 67499995000.000000
61.800000 84.095184 67499995000.000000
62.000000 86.162637 67499995000.000000
62.200000 85.041167 67500003000.000000
62.400000 87.361319 67500003000.000000
62.600000 93.380940 67499995000.000000
62.800000 95.414884 67499995000.000000
63.000000 98.792712 67499995000.000000
63.200000 100.717426 67500003000.000000
63.400000 104.995238 67499995000.000000
63.600000 107.628992 67499995000.000000
63.800000 109.252002 0.000000
64.000000 108.000000 0.000000
64.200000 105.603030 0.000000
64.400000 104.995238 0.000000
64.600000 103.846040 0.000000
64.800000 101.271911 0.000000
65.000000 97.652445 0.000000
65.200000 100.239713 0.000000
65.400000 100.319490 0.000000
65.600000 98.792712 0.000000
65.800000 99.035347 0.000000
66.000000 97.406365 0.000000
66.200000 100.319490 0.000000
66.400000 100.239713 0.000000
66.600000 100.000000 0.000000
66.800000 98.061205 0.000000
67.000000 94.148818 0.000000
67.200000 94.403390 0.000000
67.400000 91.301698 0.000000
67.600000 88.362888 0.000000
67.800000 89.888820 67500003000.000000
68.000000 90.509668 67499995000.000000
68.200000 92.347171 67499995000.000000
68.400000 96.747093 67499995000.000000
68.600000 98.792712 67499995000.000000
68.800000 100.955436 67499995000.000000
69.000000 105.223572 67499995000.000000
69.200000 107.703296 67499995000.000000
69.400000 113.701363 67499995000.000000
69.600000 112.712022 67499995000.000000
69.800000 116.068945 67499995000.000000
70.000000 116.619038 67499995000.000000
70.200000 118.928550 67499995000.000000
70.400000 120.332872 67500003000.000000
70.600000 121.655251 67499995000.000000
70.800000 123.223374 67499995000.000000
71.000000 127.059041 67499995000.000000
71.200000 128.062485 67499995000.000000
71.400000 130.782262 67499995000.000000
71.600000 136.235091 67499995000.000000
71.800000 140.684043 0.000000
72.000000 138.852440 0.000000
72.200000 140.000000 0.000000
72.400000 136.000000 0.000000
72.600000 136.235091 0.000000
72.800000 134.461891 0.000000
73.000000 130.230565 0.000000
73.200000 129.120099 0.000000
73.400000 125.602548 0.000000
73.600000 123.223374 0.000000
73.800000 121.655251 0.000000
74.000000 124.064499 0.000000
74.200000 121.852370 0.000000
74.400000 121.918005 0.000000
74.600000 124.193398 0.000000
74.800000 121.655251 0.000000
75.000000 120.929732 0.000000
75.200000 120.066648 0.000000
75.400000 120.598507 0.000000
75.600000 117.643529 0.000000
75.800000 116.000000 67500003000.000000
76.000000 115.169440 67499995000.000000
76.200000 116.275535 67499995000.000000
76.400000 120.066648 67500003000.000000
76.600000 124.257797 67499995000.000000
76.800000 125.027997 67499995000.000000
77.000000 126.491106 67500003000.000000
77.200000 132.966161 67499995000.000000
77.400000 136.704060 67499995000.000000
77.600000 140.513345 67499995000.000000
77.800000 145.437272 67500003000.000000
78.000000 147.566934 67500003000.000000
78.200000 149.345238 67500003000.000000
