0.000000 11.313708 70000000000.000000
0.200000 8.944272 0.000000
0.400000 8.000000 0.000000
0.600000 8.000000 0.000000
0.800000 8.944272 0.000000
1.000000 5.656854 0.000000
1.200000 4.000000 0.000000
1.400000 5.656854 0.000000
1.600000 4.000000 0.000000
1.800000 4.000000 0.000000
2.000000 5.656854 0.000000
2.200000 8.944272 0.000000
2.400000 8.000000 0.000000
2.600000 8.000000 0.000000
2.800000 8.944272 0.000000
3.000000 11.313708 0.000000
3.200000 8.944272 0.000000
3.400000 8.000000 0.000000
3.600000 8.000000 0.000000
3.800000 8.944272 0.000000
4.000000 5.656854 0.000000
4.200000 4.000000 70000000000.000000
4.400000 4.000000 70000000000.000000
4.600000 4.000000 70000000000.000000
4.800000 4.000000 70000000000.000000
5.000000 5.656854 70000000000.000000
5.200000 5.656854 70000000000.000000
5.400000 8.000000 70000000000.000000
5.600000 8.000000 70000000000.000000
5.800000 8.944272 70000000000.000000
6.000000 11.313708 70000000000.000000
6.200000 8.944272 70000000000.000000
6.400000 12.649111 70000000000.000000
6.600000 12.000000 70000000000.000000
6.800000 8.944272 70000000000.000000
7.000000 8.944272 70000000000.000000
7.200000 8.944272 70000000000.000000
7.400000 8.000000 70000000000.000000
7.600000 5.656854 70000000000.000000
7.800000 8.000000 70000000000.000000
8.000000 8.944272 70000000000.000000
8.200000 11.313708 0.000000
8.400000 12.649111 0.000000
8.600000 12.000000 0.000000
8.800000 12.649111 0.000000
9.000000 14.422205 0.000000
9.200000 14.422205 0.000000
9.400000 12.649111 0.000000
9.600000 12.000000 0.000000
9.800000 8.944272 0.000000
10.000000 11.313708 0.000000
10.200000 8.944272 0.000000
10.400000 8.000000 0.000000
10.600000 5.656854 0.000000
10.800000 8.944272 0.000000
11.000000 8.000000 0.000000
11.200000 8.944272 0.000000
11.400000 8.944272 0.000000
11.600000 12.000000 0.000000
11.800000 12.649111 0.000000
12.000000 14.422205 0.000000
12.200000 11.313708 70000000000.000000
12.400000 12.649111 70000000000.000000
12.600000 12.000000 70000000000.000000
12.800000 12.649111 70000000000.000000
13.000000 11.313708 70000000000.000000
13.200000 8.944272 70000000000.000000
13.400000 8.000000 70000000000.000000
13.600000 8.944272 70000000000.000000
13.800000 8.944272 70000000000.000000
14.000000 8.000000 70000000000.000000
14.200000 8.944272 70000000000.000000
14.400000 11.313708 70000000000.000000
14.600000 12.649111 70000000000.000000
14.800000 16.000000 70000000000.000000
15.000000 17.888544 70000000000.000000
15.200000 16.970563 70000000000.000000
15.400000 17.888544 70000000000.000000
15.600000 16.000000 70000000000.000000
15.800000 16.492423 70000000000.000000
16.000000 14.422205 70000000000.000000
16.200000 14.422205 0.000000
16.400000 12.000000 0.000000
16.600000 12.649111 0.000000
16.800000 11.313708 0.000000
17.000000 12.000000 0.000000
17.200000 12.649111 0.000000
17.400000 14.422205 0.000000
17.600000 16.492423 0.000000
17.800000 16.000000 0.000000
18.000000 16.492423 0.000000
18.200000 16.970563 0.000000
18.400000 17.888544 0.000000
18.600000 16.492423 0.000000
18.800000 16.492423 0.000000
19.000000 14.422205 0.000000
19.200000 14.422205 0.000000
19.400000 12.000000 0.000000
19.600000 12.649111 0.000000
19.800000 11.313708 0.000000
20.000000 12.649111 0.000000
20.200000 12.649111 70000000000.000000
20.400000 11.313708 70000000000.000000
20.600000 14.422205 70000000000.000000
20.800000 16.000000 70000000000.000000
21.000000 16.492423 70000000000.000000
21.200000 20.000000 70000000000.000000
21.400000 20.000000 70000000000.000000
21.600000 16.492423 70000000000.000000
21.800000 16.492423 70000000000.000000
22.000000 17.888544 70000000000.000000
22.200000 14.422205 70000000000.000000
22.400000 16.492423 70000000000.000000
22.600000 16.492423 70000000000.000000
22.800000 16.970563 70000000000.000000
23.000000 16.492423 70000000000.000000
23.200000 16.492423 70000000000.000000
23.400000 17.888544 70000000000.000000
23.600000 20.000000 70000000000.000000
23.800000 20.396078 70000000000.000000
24.000000 24.331050 70000000000.000000
24.200000 23.323808 0.000000
24.400000 25.612497 0.000000
24.600000 25.298221 0.000000
24.800000 24.000000 0.000000
25.000000 21.540659 0.000000
25.200000 20.000000 0.000000
25.400000 20.396078 0.000000
25.600000 20.396078 0.000000
25.800000 20.000000 0.000000
26.000000 17.888544 0.000000
26.200000 20.000000 0.000000
26.400000 17.888544 0.000000
26.600000 20.000000 0.000000
26.800000 21.540659 0.000000
27.000000 20.000000 0.000000
27.200000 21.540659 0.000000
27.400000 22.627417 0.000000
27.600000 21.540659 0.000000
27.800000 20.000000 0.000000
28.000000 21.540659 0.000000
28.200000 16.970563 70000000000.000000
28.400000 17.888544 70000000000.000000
28.600000 16.000000 70000000000.000000
28.800000 17.888544 70000000000.000000
29.000000 17.888544 70000000000.000000
29.200000 20.396078 70000000000.000000
29.400000 21.540659 70000000000.000000
29.600000 22.627417 70000000000.000000
29.800000 25.298221 70000000000.000000
30.000000 24.000000 70000000000.000000
30.200000 25.298221 70000000000.000000
30.400000 28.284271 70000000000.000000
30.600000 26.832816 70000000000.000000
30.800000 28.284271 70000000000.000000
31.000000 29.120440 70000000000.000000
31.200000 25.612497 70000000000.000000
31.400000 26.832816 70000000000.000000
31.600000 28.000000 70000000000.000000
31.800000 26.832816 70000000000.000000
32.000000 25.612497 70000000000.000000
32.200000 29.120440 0.000000
32.400000 29.120440 0.000000
32.600000 31.240999 0.000000
32.800000 32.249031 0.000000
33.000000 32.249031 0.000000
33.200000 32.984845 0.000000
33.400000 34.409301 0.000000
33.600000 32.249031 0.000000
33.800000 32.249031 0.000000
34.000000 29.120440 0.000000
34.200000 28.844410 0.000000
34.400000 28.844410 0.000000
34.600000 28.284271 0.000000
34.800000 25.298221 0.000000
35.000000 25.612497 0.000000
35.200000 25.298221 0.000000
35.400000 24.331050 0.000000
35.600000 28.844410 0.000000
35.800000 28.844410 0.000000
36.000000 28.284271 0.000000
36.200000 28.284271 70000000000.000000
36.400000 28.844410 70000000000.000000
36.600000 31.240999 70000000000.000000
36.800000 32.984845 70000000000.000000
37.000000 32.249031 70000000000.000000
37.200000 32.249031 70000000000.000000
37.400000 28.844410 70000000000.000000
37.600000 32.249031 70000000000.000000
37.800000 29.120440 70000000000.000000
38.000000 31.240999 70000000000.000000
38.200000 30.463092 70000000000.000000
38.400000 32.000000 70000000000.000000
38.600000 35.777088 70000000000.000000
38.800000 36.878178 70000000000.000000
39.000000 41.761226 70000000000.000000
39.200000 40.199502 70000000000.000000
39.400000 44.721360 70000000000.000000
39.600000 45.607017 70000000000.000000
39.800000 45.607017 70000000000.000000
40.000000 44.181444 70000000000.000000
40.200000 44.721360 0.000000
40.400000 45.607017 0.000000
40.600000 40.792156 0.000000
40.800000 40.792156 0.000000
41.000000 40.000000 0.000000
41.200000 41.182521 0.000000
41.400000 40.000000 0.000000
41.600000 43.081318 0.000000
41.800000 42.520583 0.000000
42.000000 43.081318 0.000000
42.200000 44.181444 0.000000
42.400000 44.721360 0.000000
42.600000 42.520583 0.000000
42.800000 43.081318 0.000000
43.000000 44.000000 0.000000
43.200000 39.395431 0.000000
43.400000 39.597980 0.000000
43.600000 37.947332 0.000000
43.800000 36.221541 0.000000
44.000000 37.735925 0.000000
44.200000 37.735925 70000000000.000000
44.400000 36.221541 70000000000.000000
44.600000 37.947332 70000000000.000000
44.800000 42.520583 70000000000.000000
45.000000 43.081318 70000000000.000000
45.200000 44.000000 70000000000.000000
45.400000 46.818800 70000000000.000000
45.600000 50.911688 70000000000.000000
45.800000 48.332184 70000000000.000000
46.000000 52.000000 70000000000.000000
46.200000 52.000000 70000000000.000000
46.400000 50.911688 70000000000.000000
46.600000 50.596443 70000000000.000000
46.800000 52.153619 70000000000.000000
47.000000 52.153619 70000000000.000000
47.200000 54.405882 70000000000.000000
47.400000 56.568542 70000000000.000000
47.600000 58.240879 70000000000.000000
47.800000 62.481997 70000000000.000000
48.000000 62.609903 70000000000.000000
48.200000 64.124878 0.000000
48.400000 64.621978 0.000000
48.600000 65.115282 0.000000
48.800000 64.621978 0.000000
49.000000 64.000000 0.000000
49.200000 60.926185 0.000000
49.400000 59.464275 0.000000
49.600000 59.464275 0.000000
49.800000 56.142675 0.000000
50.000000 55.569776 0.000000
50.200000 57.688820 0.000000
50.400000 56.568542 0.000000
50.600000 58.240879 0.000000
50.800000 56.850682 0.000000
51.000000 57.271284 0.000000
51.200000 60.133186 0.000000
51.400000 59.464275 0.000000
51.600000 59.464275 0.000000
51.800000 57.271284 0.000000
52.000000 56.000000 0.000000
52.200000 55.713553 70000000000.000000
52.400000 56.568542 70000000000.000000
52.600000 55.713553 70000000000.000000
52.800000 56.142675 70000000000.000000
53.000000 55.569776 70000000000.000000
53.200000 57.688820 70000000000.000000
53.400000 61.188234 70000000000.000000
53.600000 62.096699 70000000000.000000
53.800000 68.117545 70000000000.000000
54.000000 71.554175 70000000000.000000
54.200000 72.111026 70000000000.000000
54.400000 77.252832 70000000000.000000
54.600000 76.419893 70000000000.000000
54.800000 78.790862 70000000000.000000
55.000000 80.000000 70000000000.000000
55.200000 78.790862 70000000000.000000
55.400000 79.397733 70000000000.000000
55.600000 83.522452 70000000000.000000
55.800000 84.852814 70000000000.000000
56.000000 86.533231 70000000000.000000
56.200000 87.817994 0.000000
56.400000 88.362888 0.000000
56.600000 88.543774 0.000000
56.800000 87.726849 0.000000
57.000000 86.162637 0.000000
57.200000 88.090862 0.000000
57.400000 89.442719 0.000000
57.600000 88.090862 0.000000
57.800000 87.361319 0.000000
58.000000 84.852814 0.000000
58.200000 84.380092 0.000000
58.400000 83.234608 0.000000
58.600000 80.894994 0.000000
58.800000 78.587531 0.000000
59.000000 79.397733 0.000000
59.200000 75.153177 0.000000
59.400000 76.000000 0.000000
59.600000 75.153177 0.000000
59.800000 79.397733 0.000000
60.000000 78.587531 0.000000
60.200000 76.941536 70000000000.000000
60.400000 78.892332 70000000000.000000
60.600000 83.234608 70000000000.000000
60.800000 85.510233 70000000000.000000
61.000000 85.510233 70000000000.000000
61.200000 85.603738 70000000000.000000
61.400000 87.817994 70000000000.000000
61.600000 88.362888 70000000000.000000
61.800000 89.888820 70000000000.000000
62.000000 93.380940 70000000000.000000
62.200000 92.347171 70000000000.000000
62.400000 96.747093 70000000000.000000
62.600000 102.215459 70000000000.000000
62.800000 104.307238 70000000000.000000
63.000000 109.178753 70000000000.000000
63.200000 112.641023 70000000000.000000
63.400000 116.275535 70000000000.000000
63.600000 119.866593 70000000000.000000
63.800000 120.000000 70000000000.000000
64.000000 123.482792 70000000000.000000
64.200000 121.918005 0.000000
64.400000 120.332872 0.000000
64.600000 118.456743 0.000000
64.800000 114.402797 0.000000
65.000000 116.275535 0.000000
65.200000 116.068945 0.000000
65.400000 114.542569 0.000000
65.600000 116.275535 0.000000
65.800000 116.481758 0.000000
66.000000 113.771701 0.000000
66.200000 115.377641 0.000000
66.400000 113.207774 0.000000
66.600000 113.137085 0.000000
66.800000 108.811764 0.000000
67.000000 107.628992 0.000000
67.200000 104.000000 0.000000
67.400000 104.076895 0.000000
67.600000 103.768974 0.000000
67.800000 100.000000 0.000000
68.000000 101.980390 0.000000
68.200000 98.954535 70000000000.000000
68.400000 102.449988 70000000000.000000
68.600000 107.331263 70000000000.000000
68.800000 112.071406 70000000000.000000
69.000000 112.924754 70000000000.000000
69.200000 118.928550 70000000000.000000
69.400000 121.457812 70000000000.000000
69.600000 121.061968 70000000000.000000
69.800000 122.114700 70000000000.000000
70.000000 124.257797 70000000000.000000
70.200000 125.027997 70000000000.000000
70.400000 127.812362 70000000000.000000
70.600000 132.966161 70000000000.000000
70.800000 134.104437 70000000000.000000
71.000000 137.462722 70000000000.000000
71.200000 140.911320 70000000000.000000
71.400000 146.860478 70000000000.000000
71.600000 148.216059 70000000000.000000
