0.000000 11.313708 72499995000.000000
0.200000 8.944272 72499995000.000000
0.400000 8.944272 72499995000.000000
0.600000 8.000000 72499995000.000000
0.800000 8.944272 0.000000
1.000000 5.656854 0.000000
1.200000 8.944272 0.000000
1.400000 4.000000 0.000000
1.600000 5.656854 0.000000
1.800000 4.000000 0.000000
2.000000 8.944272 0.000000
2.200000 5.656854 0.000000
2.400000 8.944272 0.000000
2.600000 8.000000 0.000000
2.800000 8.944272 0.000000
3.000000 8.944272 0.000000
3.200000 11.313708 0.000000
3.400000 8.944272 0.000000
3.600000 8.000000 0.000000
3.800000 8.944272 0.000000
4.000000 8.944272 0.000000
4.200000 5.656854 0.000000
4.400000 4.000000 0.000000
4.600000 5.656854 0.000000
4.800000 4.000000 72499995000.000000
5.000000 4.000000 72499995000.000000
5.200000 5.656854 72499995000.000000
5.400000 8.944272 72499995000.000000
5.600000 8.000000 72499995000.000000
5.800000 12.000000 72499995000.000000
6.000000 8.944272 72499995000.000000
6.200000 11.313708 72499995000.000000
6.400000 12.649111 72499995000.000000
6.600000 12.000000 72499995000.000000
6.800000 12.649111 72499995000.000000
7.000000 8.944272 72499995000.000000
7.200000 8.944272 72499995000.000000
7.400000 8.000000 72499995000.000000
7.600000 8.944272 72499995000.000000
7.800000 8.944272 72499995000.000000
8.000000 8.000000 72499995000.000000
8.200000 8.944272 72499995000.000000
8.400000 11.313708 72499995000.000000
8.600000 12.649111 72499995000.000000
8.800000 16.000000 0.000000
9.000000 12.649111 0.000000
9.200000 14.422205 0.000000
9.400000 14.422205 0.000000
9.600000 16.492423 0.000000
9.800000 12.649111 0.000000
10.000000 14.422205 0.000000
10.200000 11.313708 0.000000
10.400000 8.000000 0.000000
10.600000 8.944272 0.000000
10.800000 8.944272 0.000000
11.000000 8.000000 0.000000
11.200000 8.944272 0.000000
11.400000 11.313708 0.000000
11.600000 12.649111 0.000000
11.800000 12.000000 0.000000
12.000000 12.649111 0.000000
12.200000 14.422205 0.000000
12.400000 14.422205 0.000000
12.600000 12.649111 0.000000
12.800000 12.000000 72499995000.000000
13.000000 12.649111 72499995000.000000
13.200000 11.313708 72499995000.000000
13.400000 8.944272 72499995000.000000
13.600000 8.000000 72499995000.000000
13.800000 8.944272 72499995000.000000
14.000000 8.944272 72499995000.000000
14.200000 12.000000 72499995000.000000
14.400000 14.422205 72499995000.000000
14.600000 14.422205 72499995000.000000
14.800000 16.492423 72499995000.000000
15.000000 16.492423 72499995000.000000
15.200000 17.888544 72499995000.000000
15.400000 16.970563 72499995000.000000
15.600000 17.888544 72499995000.000000
15.800000 16.000000 72499995000.000000
16.000000 17.888544 72499995000.000000
16.200000 16.970563 72499995000.000000
16.400000 16.492423 72499995000.000000
16.600000 16.000000 72499995000.000000
16.800000 14.422205 0.000000
17.000000 14.422205 0.000000
17.200000 16.000000 0.000000
17.400000 17.888544 0.000000
17.600000 16.970563 0.000000
17.800000 16.492423 0.000000
18.000000 20.000000 0.000000
18.200000 21.540659 0.000000
18.400000 22.627417 0.000000
18.600000 17.888544 0.000000
18.800000 20.000000 0.000000
19.000000 16.492423 0.000000
19.200000 16.970563 0.000000
19.400000 14.422205 0.000000
19.600000 16.000000 0.000000
19.800000 14.422205 0.000000
20.000000 14.422205 0.000000
20.200000 12.000000 0.000000
20.400000 12.649111 0.000000
20.600000 16.970563 0.000000
20.800000 17.888544 72499995000.000000
21.000000 20.000000 72499995000.000000
21.200000 21.540659 72499995000.000000
21.400000 20.000000 72499995000.000000
21.600000 20.000000 72499995000.000000
21.800000 20.396078 72499995000.000000
22.000000 20.396078 72499995000.000000
22.200000 20.000000 72499995000.000000
22.400000 17.888544 72499995000.000000
22.600000 20.000000 72499995000.000000
22.800000 17.888544 72499995000.000000
23.000000 16.970563 72499995000.000000
23.200000 20.396078 72499995000.000000
23.400000 20.396078 72499995000.000000
23.600000 23.323808 72499995000.000000
23.800000 23.323808 72499995000.000000
24.000000 24.331050 72499995000.000000
24.200000 29.120440 72499995000.000000
24.400000 28.844410 72499995000.000000
24.600000 28.844410 72499995000.000000
24.800000 29.120440 0.000000
25.000000 28.284271 0.000000
25.200000 28.844410 0.000000
25.400000 25.612497 0.000000
25.600000 24.331050 0.000000
25.800000 25.298221 0.000000
26.000000 22.627417 0.000000
26.200000 21.540659 0.000000
26.400000 24.000000 0.000000
26.600000 23.323808 0.000000
26.800000 25.612497 0.000000
27.000000 25.298221 0.000000
27.200000 28.284271 0.000000
27.400000 26.832816 0.000000
27.600000 25.612497 0.000000
27.800000 25.298221 0.000000
28.000000 24.000000 0.000000
28.200000 23.323808 0.000000
28.400000 22.627417 0.000000
28.600000 20.396078 0.000000
28.800000 20.396078 72499995000.000000
29.000000 20.000000 72499995000.000000
29.200000 21.540659 72499995000.000000
29.400000 24.000000 72499995000.000000
29.600000 26.832816 72499995000.000000
29.800000 25.612497 72499995000.000000
30.000000 29.120440 72499995000.000000
30.200000 32.000000 72499995000.000000
30.400000 30.463092 72499995000.000000
30.600000 33.941125 72499995000.000000
30.800000 34.176015 72499995000.000000
31.000000 32.000000 72499995000.000000
31.200000 34.176015 72499995000.000000
31.400000 33.941125 72499995000.000000
31.600000 34.176015 72499995000.000000
31.800000 32.249031 72499995000.000000
32.000000 32.249031 72499995000.000000
32.200000 34.409301 72499995000.000000
32.400000 36.221541 72499995000.000000
32.600000 37.947332 72499995000.000000
32.800000 39.597980 0.000000
33.000000 39.395431 0.000000
33.200000 40.000000 0.000000
33.400000 43.081318 0.000000
33.600000 42.520583 0.000000
33.800000 39.395431 0.000000
34.000000 40.000000 0.000000
34.200000 37.947332 0.000000
34.400000 36.878178 0.000000
34.600000 34.176015 0.000000
34.800000 36.000000 0.000000
35.000000 32.249031 0.000000
35.200000 34.409301 0.000000
35.400000 32.984845 0.000000
35.600000 32.984845 0.000000
35.800000 34.409301 0.000000
36.000000 35.777088 0.000000
36.200000 36.221541 0.000000
36.400000 37.947332 0.000000
36.600000 36.878178 0.000000
36.800000 35.777088 72499995000.000000
37.000000 36.221541 72499995000.000000
37.200000 37.947332 72499995000.000000
37.400000 36.878178 72499995000.000000
37.600000 35.777088 72499995000.000000
37.800000 36.000000 72499995000.000000
38.000000 39.395431 72499995000.000000
38.200000 36.878178 72499995000.000000
38.400000 41.761226 72499995000.000000
38.600000 40.792156 72499995000.000000
38.800000 43.266615 72499995000.000000
39.000000 46.647615 72499995000.000000
39.200000 48.662100 72499995000.000000
39.400000 49.477268 72499995000.000000
39.600000 54.405882 72499995000.000000
39.800000 52.153619 72499995000.000000
40.000000 52.611786 72499995000.000000
40.200000 53.366656 72499995000.000000
40.400000 54.405882 72499995000.000000
40.600000 55.569776 72499995000.000000
40.800000 56.142675 0.000000
41.000000 55.713553 0.000000
41.200000 53.814496 0.000000
41.400000 54.405882 0.000000
41.600000 56.568542 0.000000
41.800000 55.569776 0.000000
42.000000 54.405882 0.000000
42.200000 57.271284 0.000000
42.400000 57.271284 0.000000
42.600000 57.688820 0.000000
42.800000 57.688820 0.000000
43.000000 56.568542 0.000000
43.200000 53.366656 0.000000
43.400000 54.405882 0.000000
43.600000 50.119856 0.000000
43.800000 48.166378 0.000000
44.000000 46.818800 0.000000
44.200000 48.166378 0.000000
44.400000 46.818800 0.000000
44.600000 48.166378 0.000000
44.800000 50.119856 72499995000.000000
45.000000 51.224994 72499995000.000000
45.200000 53.366656 72499995000.000000
45.400000 57.271284 72499995000.000000
45.600000 57.688820 72499995000.000000
45.800000 57.688820 72499995000.000000
46.000000 61.188234 72499995000.000000
46.200000 61.188234 72499995000.000000
46.400000 63.245553 72499995000.000000
46.600000 61.057350 72499995000.000000
46.800000 64.124878 72499995000.000000
47.000000 63.245553 72499995000.000000
47.200000 65.115282 72499995000.000000
47.400000 68.352030 72499995000.000000
47.600000 68.117545 72499995000.000000
47.800000 73.430239 72499995000.000000
48.000000 74.404301 72499995000.000000
48.200000 77.665951 72499995000.000000
48.400000 81.584312 72499995000.000000
48.600000 83.234608 72499995000.000000
48.800000 84.380092 0.000000
49.000000 84.852814 0.000000
49.200000 83.522452 0.000000
49.400000 82.462113 0.000000
49.600000 80.498447 0.000000
49.800000 80.000000 0.000000
50.000000 78.790862 0.000000
50.200000 73.756356 0.000000
50.400000 74.726167 0.000000
50.600000 76.941536 0.000000
50.800000 77.665951 0.000000
51.000000 75.471849 0.000000
51.200000 76.941536 0.000000
51.400000 78.587531 0.000000
51.600000 76.837491 0.000000
51.800000 76.941536 0.000000
52.000000 76.105190 0.000000
52.200000 72.111026 0.000000
52.400000 70.767224 0.000000
52.600000 69.856997 0.000000
52.800000 68.117545 72499995000.000000
53.000000 71.554175 72499995000.000000
53.200000 71.217975 72499995000.000000
53.400000 73.756356 72499995000.000000
53.600000 77.665951 72499995000.000000
53.800000 80.000000 72499995000.000000
54.000000 82.365041 72499995000.000000
54.200000 88.362888 72499995000.000000
54.400000 88.543774 72499995000.000000
54.600000 93.380940 72499995000.000000
54.800000 95.078915 72499995000.000000
55.000000 96.000000 72499995000.000000
55.200000 96.664368 72499995000.000000
55.400000 99.357939 72499995000.000000
55.600000 100.000000 72499995000.000000
55.800000 101.980390 72499995000.000000
56.000000 103.227903 72499995000.000000
56.200000 105.678759 72499995000.000000
56.400000 108.074049 72499995000.000000
56.600000 112.924754 72499995000.000000
56.800000 118.928550 0.000000
57.000000 117.643529 0.000000
57.200000 117.098249 0.000000
57.400000 118.726577 0.000000
57.600000 115.377641 0.000000
57.800000 113.137085 0.000000
58.000000 112.641023 0.000000
58.200000 110.634533 0.000000
58.400000 109.252002 0.000000
58.600000 108.074049 0.000000
58.800000 103.768974 0.000000
59.000000 105.603030 0.000000
59.200000 101.980390 0.000000
59.400000 102.839681 0.000000
59.600000 102.449988 0.000000
59.800000 103.768974 0.000000
60.000000 104.076895 0.000000
60.200000 104.000000 0.000000
60.400000 104.690019 0.000000
60.600000 102.528045 0.000000
60.800000 100.319490 72499995000.000000
61.000000 100.239713 72499995000.000000
61.200000 103.227903 72499995000.000000
61.400000 105.905618 72499995000.000000
61.600000 107.703296 72499995000.000000
61.800000 108.074049 72499995000.000000
62.000000 109.252002 72499995000.000000
62.200000 116.068945 72499995000.000000
62.400000 116.275535 72499995000.000000
62.600000 122.441823 72499995000.000000
62.800000 127.121989 72499995000.000000
63.000000 131.026715 72499995000.000000
63.200000 131.209756 72499995000.000000
63.400000 136.000000 72499995000.000000
63.600000 140.057131 72499995000.000000
63.800000 139.713994 72499995000.000000
64.000000 141.873183 72499995000.000000
64.200000 144.554488 72499995000.000000
64.400000 147.512711 72499995000.000000
