0.000000 11.313708 74999990000.000000
0.200000 8.944272 74999990000.000000
0.400000 8.000000 74999990000.000000
0.600000 8.944272 74999990000.000000
0.800000 8.944272 74999990000.000000
1.000000 8.944272 74999990000.000000
1.200000 8.000000 0.000000
1.400000 5.656854 0.000000
1.600000 4.000000 0.000000
1.800000 8.000000 0.000000
2.000000 5.656854 0.000000
2.200000 8.944272 0.000000
2.400000 8.000000 0.000000
2.600000 12.649111 0.000000
2.800000 8.944272 0.000000
3.000000 11.313708 0.000000
3.200000 8.944272 0.000000
3.400000 8.000000 0.000000
3.600000 8.000000 0.000000
3.800000 8.944272 0.000000
4.000000 5.656854 0.000000
4.200000 4.000000 0.000000
4.400000 5.656854 0.000000
4.600000 5.656854 0.000000
4.800000 4.000000 0.000000
5.000000 5.656854 0.000000
5.200000 8.944272 74999990000.000000
5.400000 8.000000 74999990000.000000
5.600000 8.000000 74999990000.000000
5.800000 8.944272 74999990000.000000
6.000000 11.313708 74999990000.000000
6.200000 8.944272 74999990000.000000
6.400000 12.649111 74999990000.000000
6.600000 12.000000 74999990000.000000
6.800000 8.944272 74999990000.000000
7.000000 8.944272 74999990000.000000
7.200000 8.000000 74999990000.000000
7.400000 8.944272 74999990000.000000
7.600000 5.656854 74999990000.000000
7.800000 8.000000 74999990000.000000
8.000000 8.944272 74999990000.000000
8.200000 11.313708 74999990000.000000
8.400000 12.649111 74999990000.000000
8.600000 12.000000 74999990000.000000
8.800000 16.492423 74999990000.000000
9.000000 14.422205 74999990000.000000
9.200000 14.422205 0.000000
9.400000 16.492423 0.000000
9.600000 16.000000 0.000000
9.800000 12.649111 0.000000
10.000000 11.313708 0.000000
10.200000 12.649111 0.000000
10.400000 8.944272 0.000000
10.600000 11.313708 0.000000
10.800000 8.944272 0.000000
11.000000 12.649111 0.000000
11.200000 11.313708 0.000000
11.400000 14.422205 0.000000
11.600000 12.000000 0.000000
11.800000 12.649111 0.000000
12.000000 14.422205 0.000000
12.200000 14.422205 0.000000
12.400000 12.649111 0.000000
12.600000 12.000000 0.000000
12.800000 12.649111 0.000000
13.000000 11.313708 0.000000
13.200000 8.944272 74999990000.000000
13.400000 8.000000 74999990000.000000
13.600000 8.944272 74999990000.000000
13.800000 8.944272 74999990000.000000
14.000000 12.000000 74999990000.000000
14.200000 12.649111 74999990000.000000
14.400000 14.422205 74999990000.000000
14.600000 16.492423 74999990000.000000
14.800000 16.000000 74999990000.000000
15.000000 17.888544 74999990000.000000
15.200000 16.970563 74999990000.000000
15.400000 17.888544 74999990000.000000
15.600000 16.000000 74999990000.000000
15.800000 16.492423 74999990000.000000
16.000000 16.970563 74999990000.000000
16.200000 17.888544 74999990000.000000
16.400000 16.000000 74999990000.000000
16.600000 14.422205 74999990000.000000
16.800000 14.422205 74999990000.000000
17.000000 16.492423 74999990000.000000
17.200000 16.492423 0.000000
17.400000 16.970563 0.000000
17.600000 21.540659 0.000000
17.800000 20.000000 0.000000
18.000000 21.540659 0.000000
18.200000 22.627417 0.000000
18.400000 23.323808 0.000000
18.600000 20.396078 0.000000
18.800000 20.396078 0.000000
19.000000 20.000000 0.000000
19.200000 17.888544 0.000000
19.400000 16.000000 0.000000
19.600000 16.492423 0.000000
19.800000 14.422205 0.000000
20.000000 16.492423 0.000000
20.200000 16.492423 0.000000
20.400000 16.970563 0.000000
20.600000 17.888544 0.000000
20.800000 20.000000 0.000000
21.000000 20.396078 0.000000
21.200000 20.000000 74999990000.000000
21.400000 20.000000 74999990000.000000
21.600000 20.396078 74999990000.000000
21.800000 20.396078 74999990000.000000
22.000000 17.888544 74999990000.000000
22.200000 20.000000 74999990000.000000
22.400000 16.492423 74999990000.000000
22.600000 16.492423 74999990000.000000
22.800000 16.970563 74999990000.000000
23.000000 21.540659 74999990000.000000
23.200000 20.396078 74999990000.000000
23.400000 23.323808 74999990000.000000
23.600000 23.323808 74999990000.000000
23.800000 24.331050 74999990000.000000
24.000000 28.284271 74999990000.000000
24.200000 28.844410 74999990000.000000
24.400000 31.240999 74999990000.000000
24.600000 29.120440 74999990000.000000
24.800000 28.284271 74999990000.000000
25.000000 30.463092 74999990000.000000
25.200000 31.240999 0.000000
25.400000 29.120440 0.000000
25.600000 28.284271 0.000000
25.800000 25.612497 0.000000
26.000000 26.832816 0.000000
26.200000 28.000000 0.000000
26.400000 26.832816 0.000000
26.600000 28.284271 0.000000
26.800000 29.120440 0.000000
27.000000 28.284271 0.000000
27.200000 30.463092 0.000000
27.400000 31.240999 0.000000
27.600000 30.463092 0.000000
27.800000 28.000000 0.000000
28.000000 26.832816 0.000000
28.200000 28.284271 0.000000
28.400000 25.298221 0.000000
28.600000 24.331050 0.000000
28.800000 23.323808 0.000000
29.000000 23.323808 0.000000
29.200000 24.331050 74999990000.000000
29.400000 25.298221 74999990000.000000
29.600000 28.284271 74999990000.000000
29.800000 30.463092 74999990000.000000
30.000000 32.000000 74999990000.000000
30.200000 30.463092 74999990000.000000
30.400000 33.941125 74999990000.000000
30.600000 35.777088 74999990000.000000
30.800000 32.000000 74999990000.000000
31.000000 34.176015 74999990000.000000
31.200000 33.941125 74999990000.000000
31.400000 34.176015 74999990000.000000
31.600000 32.000000 74999990000.000000
31.800000 35.777088 74999990000.000000
32.000000 34.409301 74999990000.000000
32.200000 36.878178 74999990000.000000
32.400000 36.878178 74999990000.000000
32.600000 40.000000 74999990000.000000
32.800000 41.182521 74999990000.000000
33.000000 44.181444 74999990000.000000
33.200000 45.607017 0.000000
33.400000 45.607017 0.000000
33.600000 46.647615 0.000000
33.800000 44.181444 0.000000
34.000000 45.607017 0.000000
34.200000 42.520583 0.000000
34.400000 41.182521 0.000000
34.600000 40.000000 0.000000
34.800000 39.395431 0.000000
35.000000 36.878178 0.000000
35.200000 37.947332 0.000000
35.400000 40.792156 0.000000
35.600000 40.000000 0.000000
35.800000 41.182521 0.000000
36.000000 40.792156 0.000000
36.200000 41.761226 0.000000
36.400000 43.266615 0.000000
36.600000 43.266615 0.000000
36.800000 40.792156 0.000000
37.000000 40.792156 0.000000
37.200000 40.000000 74999990000.000000
37.400000 37.735925 74999990000.000000
37.600000 40.199502 74999990000.000000
37.800000 37.947332 74999990000.000000
38.000000 39.597980 74999990000.000000
38.200000 41.761226 74999990000.000000
38.400000 44.181444 74999990000.000000
38.600000 46.647615 74999990000.000000
38.800000 48.826222 74999990000.000000
39.000000 49.477268 74999990000.000000
39.200000 52.611786 74999990000.000000
39.400000 52.153619 74999990000.000000
39.600000 57.688820 74999990000.000000
39.800000 57.271284 74999990000.000000
40.000000 57.271284 74999990000.000000
40.200000 57.688820 74999990000.000000
40.400000 61.057350 74999990000.000000
40.600000 60.530984 74999990000.000000
40.800000 59.464275 74999990000.000000
41.000000 62.225397 74999990000.000000
41.200000 64.621978 0.000000
41.400000 64.124878 0.000000
41.600000 64.498062 0.000000
41.800000 65.604878 0.000000
42.000000 65.969690 0.000000
42.200000 65.115282 0.000000
42.400000 66.573268 0.000000
42.600000 66.573268 0.000000
42.800000 65.115282 0.000000
43.000000 65.115282 0.000000
43.200000 63.245553 0.000000
43.400000 59.059292 0.000000
43.600000 60.133186 0.000000
43.800000 59.464275 0.000000
44.000000 56.568542 0.000000
44.200000 55.713553 0.000000
44.400000 56.142675 0.000000
44.600000 59.059292 0.000000
44.800000 60.000000 0.000000
45.000000 57.271284 0.000000
45.200000 61.188234 74999990000.000000
45.400000 61.057350 74999990000.000000
45.600000 63.245553 74999990000.000000
45.800000 65.115282 74999990000.000000
46.000000 65.969690 74999990000.000000
46.200000 65.604878 74999990000.000000
46.400000 64.498062 74999990000.000000
46.600000 68.117545 74999990000.000000
46.800000 68.352030 74999990000.000000
47.000000 67.882251 74999990000.000000
47.200000 72.111026 74999990000.000000
47.400000 76.419893 74999990000.000000
47.600000 78.892332 74999990000.000000
47.800000 83.234608 74999990000.000000
48.000000 85.510233 74999990000.000000
48.200000 90.244113 74999990000.000000
48.400000 88.814413 74999990000.000000
48.600000 93.295230 74999990000.000000
48.800000 96.747093 74999990000.000000
49.000000 96.166522 74999990000.000000
49.200000 96.332757 0.000000
49.400000 95.078915 0.000000
49.600000 96.083297 0.000000
49.800000 94.826157 0.000000
50.000000 91.214034 0.000000
50.200000 90.244113 0.000000
50.400000 90.244113 0.000000
50.600000 91.214034 0.000000
50.800000 91.301698 0.000000
51.000000 92.086915 0.000000
51.200000 93.637599 0.000000
51.400000 90.509668 0.000000
51.600000 89.888820 0.000000
51.800000 88.090862 0.000000
52.000000 89.442719 0.000000
52.200000 88.090862 0.000000
52.400000 82.462113 0.000000
52.600000 81.584312 0.000000
52.800000 83.234608 0.000000
53.000000 82.365041 0.000000
53.200000 80.399005 74999990000.000000
53.400000 84.758480 74999990000.000000
53.600000 84.852814 74999990000.000000
53.800000 89.888820 74999990000.000000
54.000000 92.086915 74999990000.000000
54.200000 98.386991 74999990000.000000
54.400000 99.357939 74999990000.000000
54.600000 102.839681 74999990000.000000
54.800000 105.223572 74999990000.000000
55.000000 106.508216 74999990000.000000
55.200000 107.703296 74999990000.000000
55.400000 108.664622 74999990000.000000
55.600000 110.054532 74999990000.000000
55.800000 113.137085 74999990000.000000
56.000000 117.643529 74999990000.000000
56.200000 121.061968 74999990000.000000
56.400000 124.257797 74999990000.000000
56.600000 127.624449 74999990000.000000
56.800000 132.966161 74999990000.000000
57.000000 135.351395 74999990000.000000
57.200000 141.421356 0.000000
57.400000 136.704060 0.000000
57.600000 136.528385 0.000000
57.800000 134.461891 0.000000
58.000000 129.799846 0.000000
58.200000 128.996124 0.000000
58.400000 126.491106 0.000000
58.600000 124.450793 0.000000
58.800000 122.702893 0.000000
59.000000 125.027997 0.000000
59.200000 124.257797 0.000000
59.400000 122.114700 0.000000
59.600000 125.027997 0.000000
59.800000 121.457812 0.000000
60.000000 121.655251 0.000000
60.200000 121.852370 0.000000
60.400000 120.066648 0.000000
60.600000 116.275535 0.000000
60.800000 116.824655 0.000000
61.000000 110.634533 0.000000
61.200000 110.634533 74999990000.000000
61.400000 113.701363 74999990000.000000
61.600000 114.542569 74999990000.000000
61.800000 120.000000 74999990000.000000
62.000000 125.219807 74999990000.000000
62.200000 128.062485 74999990000.000000
62.400000 131.026715 74999990000.000000
62.600000 134.937022 74999990000.000000
62.800000 142.435951 74999990000.000000
63.000000 143.108351 74999990000.000000
63.200000 144.055545 74999990000.000000
63.400000 148.647233 74999990000.000000
