0.000000 11.313708 80000000000.000000
0.200000 8.944272 80000000000.000000
0.400000 8.944272 80000000000.000000
0.600000 8.000000 0.000000
0.800000 8.944272 0.000000
1.000000 5.656854 0.000000
1.200000 4.000000 0.000000
1.400000 4.000000 0.000000
1.600000 5.656854 0.000000
1.800000 4.000000 0.000000
2.000000 5.656854 0.000000
2.200000 5.656854 0.000000
2.400000 8.944272 0.000000
2.600000 8.000000 0.000000
2.800000 8.944272 0.000000
3.000000 8.944272 0.000000
3.200000 8.944272 0.000000
3.400000 8.944272 0.000000
3.600000 8.000000 0.000000
3.800000 8.000000 0.000000
4.000000 5.656854 0.000000
4.200000 5.656854 0.000000
4.400000 4.000000 0.000000
4.600000 5.656854 80000000000.000000
4.800000 4.000000 80000000000.000000
5.000000 4.000000 80000000000.000000
5.200000 5.656854 80000000000.000000
5.400000 8.944272 80000000000.000000
5.600000 8.000000 80000000000.000000
5.800000 8.944272 80000000000.000000
6.000000 8.944272 80000000000.000000
6.200000 11.313708 80000000000.000000
6.400000 12.649111 80000000000.000000
6.600000 12.000000 80000000000.000000
6.800000 12.649111 80000000000.000000
7.000000 8.944272 80000000000.000000
7.200000 8.944272 80000000000.000000
7.400000 8.000000 80000000000.000000
7.600000 8.944272 80000000000.000000
7.800000 8.944272 80000000000.000000
8.000000 8.000000 80000000000.000000
8.200000 8.944272 80000000000.000000
8.400000 11.313708 80000000000.000000
8.600000 12.649111 0.000000
8.800000 12.000000 0.000000
9.000000 12.649111 0.000000
9.200000 14.422205 0.000000
9.400000 14.422205 0.000000
9.600000 12.649111 0.000000
9.800000 12.649111 0.000000
10.000000 11.313708 0.000000
10.200000 8.944272 0.000000
10.400000 8.000000 0.000000
10.600000 8.944272 0.000000
10.800000 8.944272 0.000000
11.000000 8.000000 0.000000
11.200000 8.944272 0.000000
11.400000 11.313708 0.000000
11.600000 12.649111 0.000000
11.800000 12.000000 0.000000
12.000000 12.649111 0.000000
12.200000 14.422205 0.000000
12.400000 14.422205 0.000000
12.600000 12.649111 80000000000.000000
12.800000 12.000000 79999990000.000000
13.000000 12.649111 80000000000.000000
13.200000 11.313708 80000000000.000000
13.400000 8.944272 80000000000.000000
13.600000 8.944272 80000000000.000000
13.800000 11.313708 80000000000.000000
14.000000 8.944272 80000000000.000000
14.200000 12.649111 80000000000.000000
14.400000 14.422205 80000000000.000000
14.600000 14.422205 79999990000.000000
14.800000 16.492423 80000000000.000000
15.000000 16.492423 80000000000.000000
15.200000 17.888544 80000000000.000000
15.400000 20.000000 80000000000.000000
15.600000 20.396078 80000000000.000000
15.800000 20.000000 79999990000.000000
16.000000 17.888544 80000000000.000000
16.200000 16.970563 80000000000.000000
16.400000 16.492423 80000000000.000000
16.600000 16.492423 0.000000
16.800000 14.422205 0.000000
17.000000 17.888544 0.000000
17.200000 16.000000 0.000000
17.400000 17.888544 0.000000
17.600000 20.000000 0.000000
17.800000 20.396078 0.000000
18.000000 20.396078 0.000000
18.200000 21.540659 0.000000
18.400000 22.627417 0.000000
18.600000 21.540659 0.000000
18.800000 20.000000 0.000000
19.000000 17.888544 0.000000
19.200000 16.970563 0.000000
19.400000 17.888544 0.000000
19.600000 16.000000 0.000000
19.800000 14.422205 0.000000
20.000000 14.422205 0.000000
20.200000 16.000000 0.000000
20.400000 17.888544 0.000000
20.600000 16.970563 80000000000.000000
20.800000 17.888544 80000000000.000000
21.000000 20.000000 80000000000.000000
21.200000 21.540659 80000000000.000000
21.400000 22.627417 80000000000.000000
21.600000 21.540659 80000000000.000000
21.800000 20.396078 80000000000.000000
22.000000 20.396078 80000000000.000000
22.200000 20.000000 80000000000.000000
22.400000 21.540659 80000000000.000000
22.600000 20.000000 80000000000.000000
22.800000 21.540659 79999990000.000000
23.000000 20.000000 80000000000.000000
23.200000 20.396078 80000000000.000000
23.400000 24.331050 79999990000.000000
23.600000 25.612497 80000000000.000000
23.800000 26.832816 80000000000.000000
24.000000 28.284271 80000000000.000000
24.200000 29.120440 80000000000.000000
24.400000 31.240999 80000000000.000000
24.600000 32.249031 0.000000
24.800000 32.249031 0.000000
25.000000 32.984845 0.000000
25.200000 28.844410 0.000000
25.400000 28.844410 0.000000
25.600000 28.284271 0.000000
25.800000 25.298221 0.000000
26.000000 25.612497 0.000000
26.200000 25.298221 0.000000
26.400000 28.284271 0.000000
26.600000 28.844410 0.000000
26.800000 28.844410 0.000000
27.000000 28.284271 0.000000
27.200000 29.120440 0.000000
27.400000 28.844410 0.000000
27.600000 28.844410 0.000000
27.800000 29.120440 0.000000
28.000000 28.284271 0.000000
28.200000 26.832816 0.000000
28.400000 25.612497 0.000000
28.600000 24.331050 80000000000.000000
28.800000 25.298221 80000000000.000000
29.000000 25.612497 80000000000.000000
29.200000 25.298221 80000000000.000000
29.400000 28.000000 80000000000.000000
29.600000 30.463092 80000000000.000000
29.800000 31.240999 80000000000.000000
30.000000 32.984845 80000000000.000000
30.200000 36.221541 80000000000.000000
30.400000 35.777088 80000000000.000000
30.600000 36.878178 80000000000.000000
30.800000 37.947332 80000000000.000000
31.000000 40.199502 79999990000.000000
31.200000 41.182521 80000000000.000000
31.400000 40.000000 80000000000.000000
31.600000 40.792156 80000000000.000000
31.800000 40.792156 79999990000.000000
32.000000 40.000000 80000000000.000000
32.200000 41.182521 80000000000.000000
32.400000 44.181444 79999990000.000000
32.600000 46.818800 0.000000
32.800000 45.254834 0.000000
33.000000 46.818800 0.000000
33.200000 48.166378 0.000000
33.400000 48.332184 0.000000
33.600000 48.166378 0.000000
33.800000 46.818800 0.000000
34.000000 48.166378 0.000000
34.200000 44.721360 0.000000
34.400000 42.520583 0.000000
34.600000 41.761226 0.000000
34.800000 40.792156 0.000000
35.000000 40.000000 0.000000
35.200000 41.182521 0.000000
35.400000 40.199502 0.000000
35.600000 41.761226 0.000000
35.800000 42.520583 0.000000
36.000000 43.081318 0.000000
36.200000 44.000000 0.000000
36.400000 43.081318 0.000000
36.600000 45.254834 80000000000.000000
36.800000 43.081318 80000000000.000000
37.000000 44.000000 80000000000.000000
37.200000 46.818800 79999990000.000000
37.400000 45.254834 80000000000.000000
37.600000 46.818800 80000000000.000000
37.800000 48.166378 80000000000.000000
38.000000 46.647615 80000000000.000000
38.200000 48.826222 80000000000.000000
38.400000 52.611786 80000000000.000000
38.600000 54.405882 80000000000.000000
38.800000 56.850682 80000000000.000000
39.000000 59.059292 80000000000.000000
39.200000 64.124878 80000000000.000000
39.400000 64.621978 80000000000.000000
39.600000 67.882251 80000000000.000000
39.800000 69.856997 80000000000.000000
40.000000 72.000000 79999990000.000000
40.200000 69.856997 80000000000.000000
40.400000 70.767224 80000000000.000000
40.600000 72.111026 0.000000
40.800000 72.443081 0.000000
41.000000 69.971423 0.000000
41.200000 72.111026 0.000000
41.400000 68.468971 0.000000
41.600000 70.880181 0.000000
41.800000 70.767224 0.000000
42.000000 69.856997 0.000000
42.200000 72.000000 0.000000
42.400000 73.539105 0.000000
42.600000 73.539105 0.000000
42.800000 68.352030 0.000000
43.000000 68.117545 0.000000
43.200000 66.211781 0.000000
43.400000 68.117545 0.000000
43.600000 65.969690 0.000000
43.800000 64.498062 0.000000
44.000000 63.245553 0.000000
44.200000 61.057350 0.000000
44.400000 60.530984 0.000000
44.600000 63.245553 80000000000.000000
44.800000 65.115282 80000000000.000000
45.000000 69.856997 80000000000.000000
45.200000 72.000000 79999990000.000000
45.400000 73.539105 80000000000.000000
45.600000 76.419893 80000000000.000000
45.800000 77.252832 80000000000.000000
46.000000 80.099938 80000000000.000000
46.200000 80.498447 80000000000.000000
46.400000 82.462113 80000000000.000000
46.600000 82.462113 80000000000.000000
46.800000 85.510233 80000000000.000000
47.000000 85.603738 80000000000.000000
47.200000 89.442719 80000000000.000000
47.400000 92.086915 80000000000.000000
47.600000 95.078915 80000000000.000000
47.800000 101.980390 80000000000.000000
48.000000 104.995238 80000000000.000000
48.200000 108.664622 80000000000.000000
48.400000 113.207774 80000000000.000000
48.600000 115.377641 0.000000
48.800000 113.771701 0.000000
49.000000 111.570605 0.000000
49.200000 110.634533 0.000000
49.400000 107.331263 0.000000
49.600000 108.000000 0.000000
49.800000 105.603030 0.000000
50.000000 102.449988 0.000000
50.200000 102.839681 0.000000
50.400000 101.980390 0.000000
50.600000 105.603030 0.000000
50.800000 103.768974 0.000000
51.000000 104.307238 0.000000
51.200000 102.528045 0.000000
51.400000 101.823376 0.000000
51.600000 102.528045 0.000000
51.800000 100.079968 0.000000
52.000000 98.386991 0.000000
52.200000 96.829747 0.000000
52.400000 94.148818 0.000000
52.600000 94.148818 80000000000.000000
52.800000 94.403390 80000000000.000000
53.000000 98.386991 80000000000.000000
53.200000 100.079968 80000000000.000000
53.400000 104.000000 80000000000.000000
53.600000 107.628992 80000000000.000000
53.800000 112.641023 80000000000.000000
54.000000 117.098249 80000000000.000000
54.200000 122.114700 80000000000.000000
54.400000 124.257797 80000000000.000000
54.600000 128.996124 80000000000.000000
54.800000 130.291980 80000000000.000000
55.000000 132.966161 80000000000.000000
55.200000 132.966161 79999990000.000000
55.400000 136.528385 80000000000.000000
55.600000 139.942845 79999990000.000000
55.800000 142.042247 79999990000.000000
56.000000 148.485690 80000000000.000000
