0.000000 12.000000 0.000000
0.200000 12.649111 0.000000
0.400000 14.422205 0.000000
0.600000 11.313708 0.000000
0.800000 12.649111 0.000000
1.000000 12.000000 0.000000
1.200000 8.944272 0.000000
1.400000 8.944272 0.000000
1.600000 8.944272 0.000000
1.800000 8.000000 0.000000
2.000000 5.656854 0.000000
2.200000 5.656854 0.000000
2.400000 8.000000 0.000000
2.600000 8.944272 0.000000
2.800000 8.944272 0.000000
3.000000 8.000000 0.000000
3.200000 12.000000 0.000000
3.400000 8.944272 82500000000.000000
3.600000 11.313708 82500000000.000000
3.800000 12.649111 82500000000.000000
4.000000 12.000000 82500000000.000000
4.200000 12.649111 82500000000.000000
4.400000 8.944272 82500000000.000000
4.600000 8.944272 82500000000.000000
4.800000 8.000000 82500000000.000000
5.000000 8.944272 82500000000.000000
5.200000 8.944272 82500000000.000000
5.400000 8.000000 82500000000.000000
5.600000 8.944272 82500000000.000000
5.800000 11.313708 82500000000.000000
6.000000 12.649111 82500000000.000000
6.200000 16.000000 82500000000.000000
6.400000 16.492423 82500000000.000000
6.600000 16.970563 82500000000.000000
6.800000 17.888544 82500000000.000000
7.000000 16.492423 82500000000.000000
7.200000 16.492423 82500010000.000000
7.400000 14.422205 0.000000
7.600000 14.422205 0.000000
7.800000 12.000000 0.000000
8.000000 12.649111 0.000000
8.200000 11.313708 0.000000
8.400000 12.649111 0.000000
8.600000 12.649111 0.000000
8.800000 14.422205 0.000000
9.000000 14.422205 0.000000
9.200000 16.000000 0.000000
9.400000 16.492423 0.000000
9.600000 17.888544 0.000000
9.800000 14.422205 0.000000
10.000000 16.492423 0.000000
10.200000 16.000000 0.000000
10.400000 14.422205 0.000000
10.600000 14.422205 0.000000
10.800000 12.649111 0.000000
11.000000 12.649111 0.000000
11.200000 11.313708 0.000000
11.400000 12.649111 82500000000.000000
11.600000 12.649111 82500000000.000000
11.800000 14.422205 82500000000.000000
12.000000 14.422205 82500010000.000000
12.200000 16.492423 82500000000.000000
12.400000 16.492423 82500000000.000000
12.600000 17.888544 82500000000.000000
12.800000 20.000000 82500000000.000000
13.000000 21.540659 82500010000.000000
13.200000 20.000000 82500000000.000000
13.400000 17.888544 82500000000.000000
13.600000 16.970563 82500000000.000000
13.800000 16.492423 82500000000.000000
14.000000 16.492423 82500010000.000000
14.200000 20.000000 82500000000.000000
14.400000 17.888544 82500000000.000000
14.600000 20.000000 82500010000.000000
14.800000 21.540659 82500000000.000000
15.000000 22.627417 82500000000.000000
15.200000 25.298221 82500010000.000000
15.400000 28.000000 0.000000
15.600000 26.832816 0.000000
15.800000 28.284271 0.000000
16.000000 26.832816 0.000000
16.200000 28.000000 0.000000
16.400000 25.298221 0.000000
16.600000 22.627417 0.000000
16.800000 21.540659 0.000000
17.000000 20.000000 0.000000
17.200000 23.323808 0.000000
17.400000 20.000000 0.000000
17.600000 20.396078 0.000000
17.800000 21.540659 0.000000
18.000000 22.627417 0.000000
18.200000 21.540659 0.000000
18.400000 24.000000 0.000000
18.600000 25.298221 0.000000
18.800000 25.612497 0.000000
19.000000 23.323808 0.000000
19.200000 24.331050 0.000000
19.400000 25.298221 82500000000.000000
19.600000 22.627417 82500000000.000000
19.800000 23.323808 82500000000.000000
20.000000 20.000000 82500000000.000000
20.200000 21.540659 82500000000.000000
20.400000 22.627417 82500000000.000000
20.600000 24.331050 82500000000.000000
20.800000 24.331050 82500000000.000000
21.000000 28.844410 82500000000.000000
21.200000 28.844410 82500000000.000000
21.400000 32.249031 82500000000.000000
21.600000 32.984845 82500010000.000000
21.800000 34.409301 82500000000.000000
22.000000 37.735925 82500000000.000000
22.200000 36.878178 82500000000.000000
22.400000 36.878178 82500010000.000000
22.600000 34.409301 82500000000.000000
22.800000 37.735925 82500000000.000000
23.000000 36.221541 82500000000.000000
23.200000 37.947332 82500000000.000000
23.400000 39.597980 0.000000
23.600000 37.947332 0.000000
23.800000 40.199502 0.000000
24.000000 37.735925 0.000000
24.200000 40.000000 0.000000
24.400000 40.792156 0.000000
24.600000 40.792156 0.000000
24.800000 43.266615 0.000000
25.000000 40.000000 0.000000
25.200000 40.792156 0.000000
25.400000 40.792156 0.000000
25.600000 37.735925 0.000000
25.800000 37.735925 0.000000
26.000000 36.221541 0.000000
26.200000 32.984845 0.000000
26.400000 33.941125 0.000000
26.600000 34.176015 0.000000
26.800000 32.000000 0.000000
27.000000 35.777088 0.000000
27.200000 36.878178 0.000000
27.400000 36.878178 82500000000.000000
27.600000 40.199502 82500000000.000000
27.800000 41.182521 82500000000.000000
28.000000 40.000000 82500010000.000000
28.200000 41.761226 82500000000.000000
28.400000 44.181444 82500000000.000000
28.600000 41.182521 82500000000.000000
28.800000 45.607017 82500000000.000000
29.000000 44.721360 82500000000.000000
29.200000 44.721360 82500000000.000000
29.400000 45.607017 82500000000.000000
29.600000 44.721360 82500000000.000000
29.800000 48.000000 82500000000.000000
30.000000 52.000000 82500000000.000000
30.200000 53.814496 82500000000.000000
30.400000 55.713553 82500000000.000000
30.600000 60.133186 82500000000.000000
30.800000 62.609903 82500000000.000000
31.000000 65.115282 82500000000.000000
31.200000 67.052218 82500000000.000000
31.400000 68.468971 0.000000
31.600000 64.498062 0.000000
31.800000 65.604878 0.000000
32.000000 61.188234 0.000000
32.200000 61.188234 0.000000
32.400000 60.000000 0.000000
32.600000 59.059292 0.000000
32.800000 60.133186 0.000000
33.000000 60.926185 0.000000
33.200000 62.225397 0.000000
33.400000 63.245553 0.000000
33.600000 64.124878 0.000000
33.800000 62.609903 0.000000
34.000000 62.481997 0.000000
34.200000 63.245553 0.000000
34.400000 60.133186 0.000000
34.600000 59.059292 0.000000
34.800000 56.850682 0.000000
35.000000 57.271284 0.000000
35.200000 53.366656 0.000000
35.400000 54.405882 82500000000.000000
35.600000 53.665631 82500010000.000000
35.800000 56.142675 82500010000.000000
36.000000 60.926185 82500000000.000000
36.200000 62.225397 82500000000.000000
36.400000 68.352030 82500010000.000000
36.600000 68.117545 82500000000.000000
36.800000 71.554175 82500000000.000000
37.000000 73.756356 82500000000.000000
37.200000 75.894664 82500000000.000000
37.400000 76.419893 82500000000.000000
37.600000 78.892332 82500000000.000000
37.800000 80.000000 82500000000.000000
38.000000 81.584312 82500000000.000000
38.200000 82.462113 82500010000.000000
38.400000 88.090862 82500000000.000000
38.600000 87.726849 82500000000.000000
38.800000 92.000000 82500000000.000000
39.000000 96.664368 82500000000.000000
39.200000 99.357939 82500000000.000000
39.400000 103.846040 0.000000
39.600000 105.223572 0.000000
39.800000 104.307238 0.000000
40.000000 104.307238 0.000000
40.200000 101.271911 0.000000
40.400000 100.000000 0.000000
40.600000 99.357939 0.000000
40.800000 96.664368 0.000000
41.000000 96.000000 0.000000
41.200000 93.037627 0.000000
41.400000 93.722996 0.000000
41.600000 91.214034 0.000000
41.800000 89.442719 0.000000
42.000000 92.086915 0.000000
42.200000 91.301698 0.000000
42.400000 92.347171 0.000000
42.600000 92.347171 0.000000
42.800000 93.380940 0.000000
43.000000 91.389277 0.000000
43.200000 88.000000 0.000000
43.400000 87.726849 82500000000.000000
43.600000 90.686272 82500000000.000000
43.800000 91.214034 82500000000.000000
44.000000 92.779308 82500010000.000000
44.200000 95.414884 82500000000.000000
44.400000 98.792712 82500000000.000000
44.600000 100.319490 82500000000.000000
44.800000 106.282642 82500000000.000000
45.000000 107.480231 82500000000.000000
45.200000 115.169440 82500000000.000000
45.400000 120.266371 82500000000.000000
45.600000 123.547562 82500000000.000000
45.800000 128.809938 82500000000.000000
46.000000 130.230565 82500000000.000000
46.200000 131.939380 82500000000.000000
46.400000 136.235091 82500000000.000000
46.600000 136.058811 82500000000.000000
46.800000 140.057131 82500000000.000000
47.000000 141.421356 82500000000.000000
47.200000 146.478667 82500000000.000000
47.400000 149.345238 0.000000
47.600000 148.000000 0.000000
47.800000 147.078210 0.000000
48.000000 148.000000 0.000000
48.200000 148.862353 0.000000
48.400000 147.566934 0.000000
48.600000 145.437272 0.000000
48.800000 144.886162 0.000000
49.000000 140.456399 0.000000
49.200000 135.764502 0.000000
49.400000 135.351395 0.000000
49.600000 132.966161 0.000000
49.800000 129.799846 0.000000
50.000000 128.996124 0.000000
50.200000 128.249756 0.000000
50.400000 129.243955 0.000000
50.600000 130.230565 0.000000
50.800000 129.120099 0.000000
51.000000 129.553078 0.000000
51.200000 129.799846 0.000000
51.400000 127.624449 82500010000.000000
51.600000 128.996124 82500000000.000000
51.800000 131.575074 82500000000.000000
52.000000 132.966161 82500000000.000000
52.200000 136.704060 82500000000.000000
52.400000 140.911320 82500000000.000000
52.600000 142.042247 82500000000.000000
52.800000 146.860478 82500010000.000000
53.000000 148.216059 82500000000.000000
