0.000000 11.313708 84999995000.000000
0.200000 8.944272 84999995000.000000
0.400000 12.000000 84999995000.000000
0.600000 8.944272 84999995000.000000
0.800000 8.944272 84999995000.000000
1.000000 8.944272 84999995000.000000
1.200000 8.000000 84999995000.000000
1.400000 5.656854 84999995000.000000
1.600000 8.944272 0.000000
1.800000 8.000000 0.000000
2.000000 8.944272 0.000000
2.200000 8.944272 0.000000
2.400000 12.649111 0.000000
2.600000 12.000000 0.000000
2.800000 12.649111 0.000000
3.000000 11.313708 0.000000
3.200000 12.649111 0.000000
3.400000 12.000000 0.000000
3.600000 12.649111 0.000000
3.800000 8.944272 0.000000
4.000000 8.944272 0.000000
4.200000 8.000000 0.000000
4.400000 5.656854 0.000000
4.600000 5.656854 0.000000
4.800000 8.000000 0.000000
5.000000 8.944272 0.000000
5.200000 8.944272 0.000000
5.400000 8.944272 0.000000
5.600000 12.000000 84999995000.000000
5.800000 12.649111 84999995000.000000
6.000000 11.313708 84999995000.000000
6.200000 14.422205 84999995000.000000
6.400000 12.649111 84999995000.000000
6.600000 12.000000 84999995000.000000
6.800000 8.944272 84999995000.000000
7.000000 11.313708 84999995000.000000
7.200000 8.000000 84999995000.000000
7.400000 8.944272 84999995000.000000
7.600000 11.313708 84999995000.000000
7.800000 8.000000 84999995000.000000
8.000000 12.649111 84999995000.000000
8.200000 11.313708 84999995000.000000
8.400000 14.422205 84999995000.000000
8.600000 16.000000 84999995000.000000
8.800000 16.492423 84999995000.000000
9.000000 20.000000 84999995000.000000
9.200000 20.000000 84999995000.000000
9.400000 20.396078 84999995000.000000
9.600000 20.396078 0.000000
9.800000 17.888544 0.000000
10.000000 14.422205 0.000000
10.200000 16.492423 0.000000
10.400000 12.649111 0.000000
10.600000 11.313708 0.000000
10.800000 12.649111 0.000000
11.000000 12.000000 0.000000
11.200000 14.422205 0.000000
11.400000 14.422205 0.000000
11.600000 16.492423 0.000000
11.800000 16.492423 0.000000
12.000000 17.888544 0.000000
12.200000 16.970563 0.000000
12.400000 17.888544 0.000000
12.600000 16.000000 0.000000
12.800000 16.492423 0.000000
13.000000 16.970563 0.000000
13.200000 12.649111 0.000000
13.400000 12.000000 0.000000
13.600000 11.313708 84999995000.000000
13.800000 12.649111 84999995000.000000
14.000000 12.000000 84999995000.000000
14.200000 14.422205 84999995000.000000
14.400000 16.970563 84999995000.000000
14.600000 16.492423 84999995000.000000
14.800000 20.000000 84999995000.000000
15.000000 21.540659 84999995000.000000
15.200000 22.627417 84999995000.000000
15.400000 21.540659 84999995000.000000
15.600000 24.000000 84999995000.000000
15.800000 21.540659 84999995000.000000
16.000000 22.627417 84999995000.000000
16.200000 21.540659 84999995000.000000
16.400000 20.000000 84999995000.000000
16.600000 21.540659 84999995000.000000
16.800000 20.000000 84999995000.000000
17.000000 24.331050 84999995000.000000
17.200000 25.298221 84999995000.000000
17.400000 25.612497 84999995000.000000
17.600000 26.832816 0.000000
17.800000 28.000000 0.000000
18.000000 29.120440 0.000000
18.200000 31.240999 0.000000
18.400000 32.249031 0.000000
18.600000 28.284271 0.000000
18.800000 29.120440 0.000000
19.000000 25.612497 0.000000
19.200000 26.832816 0.000000
19.400000 24.000000 0.000000
19.600000 21.540659 0.000000
19.800000 22.627417 0.000000
20.000000 24.331050 0.000000
20.200000 24.331050 0.000000
20.400000 25.612497 0.000000
20.600000 26.832816 0.000000
20.800000 28.284271 0.000000
21.000000 29.120440 0.000000
21.200000 28.844410 0.000000
21.400000 28.844410 0.000000
21.600000 24.331050 84999995000.000000
21.800000 28.284271 84999995000.000000
22.000000 25.612497 84999995000.000000
22.200000 25.612497 84999995000.000000
22.400000 24.331050 84999995000.000000
22.600000 25.298221 84999995000.000000
22.800000 28.284271 84999995000.000000
23.000000 25.298221 84999995000.000000
23.200000 28.284271 84999995000.000000
23.400000 32.249031 84999995000.000000
23.600000 34.409301 84999995000.000000
23.800000 36.878178 84999995000.000000
24.000000 36.221541 84999995000.000000
24.200000 37.735925 84999995000.000000
24.400000 40.000000 84999995000.000000
24.600000 41.761226 84999995000.000000
24.800000 40.199502 84999995000.000000
25.000000 41.182521 84999995000.000000
25.200000 43.266615 84999995000.000000
25.400000 44.721360 84999995000.000000
25.600000 45.607017 0.000000
25.800000 42.520583 0.000000
26.000000 44.721360 0.000000
26.200000 44.000000 0.000000
26.400000 44.721360 0.000000
26.600000 42.520583 0.000000
26.800000 45.607017 0.000000
27.000000 44.181444 0.000000
27.200000 44.721360 0.000000
27.400000 45.607017 0.000000
27.600000 45.607017 0.000000
27.800000 44.181444 0.000000
28.000000 41.182521 0.000000
28.200000 40.000000 0.000000
28.400000 40.792156 0.000000
28.600000 40.792156 0.000000
28.800000 40.000000 0.000000
29.000000 35.777088 0.000000
29.200000 36.221541 0.000000
29.400000 39.395431 0.000000
29.600000 39.597980 84999995000.000000
29.800000 43.081318 84999995000.000000
30.000000 44.000000 84999995000.000000
30.200000 48.332184 84999995000.000000
30.400000 48.166378 84999995000.000000
30.600000 46.818800 84999995000.000000
30.800000 48.000000 84999995000.000000
31.000000 48.332184 84999995000.000000
31.200000 51.224994 84999995000.000000
31.400000 50.596443 84999995000.000000
31.600000 52.611786 84999995000.000000
31.800000 52.153619 84999995000.000000
32.000000 55.569776 84999995000.000000
32.200000 56.568542 84999995000.000000
32.400000 59.464275 84999995000.000000
32.600000 65.115282 84999995000.000000
32.800000 66.211781 84999995000.000000
33.000000 72.000000 84999995000.000000
33.200000 73.539105 84999995000.000000
33.400000 76.419893 84999995000.000000
33.600000 77.252832 0.000000
33.800000 76.105190 0.000000
34.000000 75.153177 0.000000
34.200000 73.756356 0.000000
34.400000 70.880181 0.000000
34.600000 69.050706 0.000000
34.800000 68.818602 0.000000
35.000000 68.000000 0.000000
35.200000 68.117545 0.000000
35.400000 68.352030 0.000000
35.600000 67.882251 0.000000
35.800000 68.352030 0.000000
36.000000 72.111026 0.000000
36.200000 71.554175 0.000000
36.400000 70.767224 0.000000
36.600000 67.052218 0.000000
36.800000 68.117545 0.000000
37.000000 68.000000 0.000000
37.200000 65.604878 0.000000
37.400000 62.096699 0.000000
37.600000 61.188234 84999995000.000000
37.800000 65.604878 84999995000.000000
38.000000 68.000000 84999995000.000000
38.200000 68.117545 84999995000.000000
38.400000 73.539105 84999995000.000000
38.600000 76.419893 84999995000.000000
38.800000 80.993827 84999995000.000000
39.000000 84.095184 84999995000.000000
39.200000 85.883642 84999995000.000000
39.400000 88.090862 84999995000.000000
39.600000 91.214034 84999995000.000000
39.800000 92.779308 84999995000.000000
40.000000 95.414884 84999995000.000000
40.200000 95.414884 84999995000.000000
40.400000 96.747093 84999995000.000000
40.600000 101.192885 84999995000.000000
40.800000 104.690019 84999995000.000000
41.000000 107.703296 84999995000.000000
41.200000 112.285351 84999995000.000000
41.400000 114.612390 84999995000.000000
41.600000 120.929732 0.000000
41.800000 121.655251 0.000000
42.000000 120.332872 0.000000
42.200000 119.331471 0.000000
42.400000 119.866593 0.000000
42.600000 116.068945 0.000000
42.800000 112.924754 0.000000
43.000000 110.634533 0.000000
43.200000 108.811764 0.000000
43.400000 109.178753 0.000000
43.600000 106.508216 0.000000
43.800000 105.678759 0.000000
44.000000 104.307238 0.000000
44.200000 104.000000 0.000000
44.400000 104.690019 0.000000
44.600000 104.995238 0.000000
44.800000 104.690019 0.000000
45.000000 105.678759 0.000000
45.200000 103.227903 0.000000
45.400000 101.980390 0.000000
45.600000 102.839681 84999995000.000000
45.800000 102.449988 84999995000.000000
46.000000 103.768974 84999995000.000000
46.200000 108.074049 84999995000.000000
46.400000 109.252002 84999995000.000000
46.600000 113.278418 84999995000.000000
46.800000 116.481758 84999995000.000000
47.000000 122.376468 84999995000.000000
47.200000 128.809938 84999995000.000000
47.400000 132.483961 84999995000.000000
47.600000 136.235091 84999995000.000000
47.800000 138.159328 84999995000.000000
48.000000 144.499135 84999995000.000000
48.200000 146.751491 84999995000.000000
48.400000 149.933319 84999995000.000000
