0.000000 11.313708 87500000000.000000
0.200000 8.944272 87500000000.000000
0.400000 8.000000 87500000000.000000
0.600000 8.000000 0.000000
0.800000 8.944272 0.000000
1.000000 5.656854 0.000000
1.200000 4.000000 0.000000
1.400000 5.656854 0.000000
1.600000 5.656854 0.000000
1.800000 4.000000 0.000000
2.000000 5.656854 0.000000
2.200000 8.944272 0.000000
2.400000 8.000000 0.000000
2.600000 8.000000 0.000000
2.800000 8.944272 0.000000
3.000000 11.313708 0.000000
3.200000 8.944272 0.000000
3.400000 8.944272 0.000000
3.600000 8.000000 0.000000
3.800000 8.944272 0.000000
4.000000 5.656854 0.000000
4.200000 4.000000 0.000000
4.400000 4.000000 0.000000
4.600000 5.656854 87500000000.000000
4.800000 4.000000 87500000000.000000
5.000000 5.656854 87500000000.000000
5.200000 5.656854 87500000000.000000
5.400000 8.944272 87500000000.000000
5.600000 8.000000 87499990000.000000
5.800000 12.649111 87500000000.000000
6.000000 11.313708 87500000000.000000
6.200000 11.313708 87500000000.000000
6.400000 12.649111 87500000000.000000
6.600000 12.000000 87500000000.000000
6.800000 8.944272 87500000000.000000
7.000000 11.313708 87500000000.000000
7.200000 8.944272 87500000000.000000
7.400000 8.000000 87500000000.000000
7.600000 8.944272 87500000000.000000
7.800000 8.944272 87500000000.000000
8.000000 12.649111 87500000000.000000
8.200000 11.313708 87500000000.000000
8.400000 14.422205 87500000000.000000
8.600000 16.492423 0.000000
8.800000 16.492423 0.000000
9.000000 14.422205 0.000000
9.200000 16.970563 0.000000
9.400000 16.492423 0.000000
9.600000 16.000000 0.000000
9.800000 12.649111 0.000000
10.000000 11.313708 0.000000
10.200000 12.649111 0.000000
10.400000 12.000000 0.000000
10.600000 8.944272 0.000000
10.800000 8.944272 0.000000
11.000000 12.000000 0.000000
11.200000 8.944272 0.000000
11.400000 14.422205 0.000000
11.600000 12.649111 0.000000
11.800000 16.000000 0.000000
12.000000 14.422205 0.000000
12.200000 16.970563 0.000000
12.400000 14.422205 0.000000
12.600000 12.000000 87500000000.000000
12.800000 12.649111 87500000000.000000
13.000000 11.313708 87500000000.000000
13.200000 12.649111 87500000000.000000
13.400000 12.000000 87500000000.000000
13.600000 8.944272 87500000000.000000
13.800000 11.313708 87500000000.000000
14.000000 12.000000 87500000000.000000
14.200000 12.649111 87500000000.000000
14.400000 16.970563 87499990000.000000
14.600000 17.888544 87500000000.000000
14.800000 20.000000 87500000000.000000
15.000000 21.540659 87500000000.000000
15.200000 20.000000 87500000000.000000
15.400000 23.323808 87500000000.000000
15.600000 20.396078 87500000000.000000
15.800000 20.396078 87500000000.000000
16.000000 20.000000 87500000000.000000
16.200000 23.323808 87500000000.000000
16.400000 20.000000 87500000000.000000
16.600000 21.540659 0.000000
16.800000 20.000000 0.000000
17.000000 20.396078 0.000000
17.200000 20.396078 0.000000
17.400000 20.000000 0.000000
17.600000 23.323808 0.000000
17.800000 24.331050 0.000000
18.000000 25.298221 0.000000
18.200000 25.612497 0.000000
18.400000 23.323808 0.000000
18.600000 24.331050 0.000000
18.800000 24.331050 0.000000
19.000000 23.323808 0.000000
19.200000 20.000000 0.000000
19.400000 20.396078 0.000000
19.600000 16.492423 0.000000
19.800000 16.970563 0.000000
20.000000 16.492423 0.000000
20.200000 20.396078 0.000000
20.400000 20.000000 0.000000
20.600000 20.000000 87500000000.000000
20.800000 20.396078 87500000000.000000
21.000000 24.331050 87500000000.000000
21.200000 23.323808 87500000000.000000
21.400000 25.612497 87500000000.000000
21.600000 25.298221 87500000000.000000
21.800000 24.331050 87500000000.000000
22.000000 26.832816 87500000000.000000
22.200000 25.612497 87500000000.000000
22.400000 25.298221 87500000000.000000
22.600000 24.331050 87500000000.000000
22.800000 25.612497 87500000000.000000
23.000000 26.832816 87500000000.000000
23.200000 28.000000 87500000000.000000
23.400000 30.463092 87500000000.000000
23.600000 33.941125 87500000000.000000
23.800000 34.176015 87500000000.000000
24.000000 36.221541 87500000000.000000
24.200000 39.395431 87500000000.000000
24.400000 42.520583 87500000000.000000
24.600000 43.081318 0.000000
24.800000 40.000000 0.000000
25.000000 39.395431 0.000000
25.200000 36.878178 0.000000
25.400000 37.947332 0.000000
25.600000 36.221541 0.000000
25.800000 34.409301 0.000000
26.000000 32.249031 0.000000
26.200000 36.221541 0.000000
26.400000 34.176015 0.000000
26.600000 36.878178 0.000000
26.800000 39.395431 0.000000
27.000000 36.000000 0.000000
27.200000 39.395431 0.000000
27.400000 39.597980 0.000000
27.600000 39.395431 0.000000
27.800000 36.000000 0.000000
28.000000 34.176015 0.000000
28.200000 33.941125 0.000000
28.400000 34.176015 0.000000
28.600000 32.000000 87500000000.000000
28.800000 32.249031 87500000000.000000
29.000000 34.409301 87500000000.000000
29.200000 36.221541 87500000000.000000
29.400000 36.878178 87500000000.000000
29.600000 40.000000 87500000000.000000
29.800000 41.182521 87500000000.000000
30.000000 44.181444 87500000000.000000
30.200000 46.818800 87500000000.000000
30.400000 48.166378 87500000000.000000
30.600000 50.119856 87500000000.000000
30.800000 52.153619 87499990000.000000
31.000000 50.596443 87500000000.000000
31.200000 53.814496 87500000000.000000
31.400000 52.000000 87500000000.000000
31.600000 52.000000 87500000000.000000
31.800000 53.665631 87500000000.000000
32.000000 56.850682 87499990000.000000
32.200000 57.271284 87500000000.000000
32.400000 61.188234 87500000000.000000
32.600000 63.245553 0.000000
32.800000 64.498062 0.000000
33.000000 64.498062 0.000000
33.200000 67.052218 0.000000
33.400000 68.117545 0.000000
33.600000 68.000000 0.000000
33.800000 64.124878 0.000000
34.000000 63.245553 0.000000
34.200000 62.225397 0.000000
34.400000 60.926185 0.000000
34.600000 60.000000 0.000000
34.800000 57.271284 0.000000
35.000000 56.850682 0.000000
35.200000 57.271284 0.000000
35.400000 57.271284 0.000000
35.600000 60.000000 0.000000
35.800000 59.059292 0.000000
36.000000 60.530984 0.000000
36.200000 58.240879 0.000000
36.400000 56.850682 0.000000
36.600000 59.059292 87500000000.000000
36.800000 60.133186 87500000000.000000
37.000000 63.245553 87500000000.000000
37.200000 59.464275 87500000000.000000
37.400000 64.621978 87500000000.000000
37.600000 64.000000 87500000000.000000
37.800000 66.211781 87500000000.000000
38.000000 68.117545 87500000000.000000
38.200000 69.856997 87500000000.000000
38.400000 73.756356 87500000000.000000
38.600000 77.665951 87500000000.000000
38.800000 82.365041 87500000000.000000
39.000000 84.380092 87500000000.000000
39.200000 88.543774 87500000000.000000
39.400000 90.686272 87500000000.000000
39.600000 96.664368 87500000000.000000
39.800000 96.000000 87500000000.000000
40.000000 100.319490 87500000000.000000
40.200000 101.980390 87500000000.000000
40.400000 103.846040 87500000000.000000
40.600000 105.223572 0.000000
40.800000 106.508216 0.000000
41.000000 102.215459 0.000000
41.200000 104.307238 0.000000
41.400000 102.528045 0.000000
41.600000 104.690019 0.000000
41.800000 102.528045 0.000000
42.000000 104.307238 0.000000
42.200000 105.678759 0.000000
42.400000 103.227903 0.000000
42.600000 102.839681 0.000000
42.800000 98.061205 0.000000
43.000000 97.652445 0.000000
43.200000 96.747093 0.000000
43.400000 92.347171 0.000000
43.600000 89.888820 0.000000
43.800000 93.380940 0.000000
44.000000 92.347171 0.000000
44.200000 88.814413 0.000000
44.400000 89.888820 0.000000
44.600000 92.086915 87499990000.000000
44.800000 97.324200 87500000000.000000
45.000000 98.954535 87499990000.000000
45.200000 102.449988 87500000000.000000
45.400000 107.331263 87500000000.000000
45.600000 108.074049 87500000000.000000
45.800000 111.427106 87500000000.000000
46.000000 113.278418 87500000000.000000
46.200000 117.643529 87499990000.000000
46.400000 117.098249 87500000000.000000
46.600000 120.929732 87499990000.000000
46.800000 125.538839 87500000000.000000
47.000000 128.249756 87500000000.000000
47.200000 134.461891 87500000000.000000
47.400000 138.852440 87500000000.000000
47.600000 145.602198 87500000000.000000
47.800000 149.933319 87500000000.000000
