0.000000 11.313708 90000010000.000000
0.200000 8.944272 90000010000.000000
0.400000 8.944272 90000010000.000000
0.600000 8.000000 90000010000.000000
0.800000 8.944272 90000010000.000000
1.000000 5.656854 0.000000
1.200000 4.000000 0.000000
1.400000 4.000000 0.000000
1.600000 5.656854 0.000000
1.800000 4.000000 0.000000
2.000000 5.656854 0.000000
2.200000 5.656854 0.000000
2.400000 8.944272 0.000000
2.600000 8.000000 0.000000
2.800000 8.944272 0.000000
3.000000 8.944272 0.000000
3.200000 11.313708 0.000000
3.400000 8.944272 0.000000
3.600000 8.000000 0.000000
3.800000 8.944272 0.000000
4.000000 5.656854 0.000000
4.200000 5.656854 0.000000
4.400000 4.000000 0.000000
4.600000 5.656854 0.000000
4.800000 4.000000 0.000000
5.000000 4.000000 90000010000.000000
5.200000 5.656854 90000010000.000000
5.400000 8.944272 90000010000.000000
5.600000 8.000000 90000010000.000000
5.800000 8.944272 90000010000.000000
6.000000 8.944272 90000010000.000000
6.200000 11.313708 90000010000.000000
6.400000 12.649111 90000010000.000000
6.600000 12.000000 90000010000.000000
6.800000 12.649111 90000010000.000000
7.000000 8.944272 90000010000.000000
7.200000 8.944272 90000010000.000000
7.400000 8.000000 90000010000.000000
7.600000 8.944272 90000010000.000000
7.800000 8.944272 90000010000.000000
8.000000 8.000000 90000010000.000000
8.200000 8.944272 90000010000.000000
8.400000 11.313708 90000010000.000000
8.600000 12.649111 90000010000.000000
8.800000 16.000000 90000010000.000000
9.000000 17.888544 0.000000
9.200000 16.970563 0.000000
9.400000 17.888544 0.000000
9.600000 16.492423 0.000000
9.800000 16.492423 0.000000
10.000000 14.422205 0.000000
10.200000 14.422205 0.000000
10.400000 12.000000 0.000000
10.600000 8.944272 0.000000
10.800000 11.313708 0.000000
11.000000 12.000000 0.000000
11.200000 12.649111 0.000000
11.400000 11.313708 0.000000
11.600000 12.649111 0.000000
11.800000 16.000000 0.000000
12.000000 12.649111 0.000000
12.200000 14.422205 0.000000
12.400000 14.422205 0.000000
12.600000 12.649111 0.000000
12.800000 12.000000 0.000000
13.000000 12.649111 90000010000.000000
13.200000 11.313708 90000010000.000000
13.400000 12.649111 90000010000.000000
13.600000 12.649111 90000010000.000000
13.800000 11.313708 90000010000.000000
14.000000 12.649111 90000010000.000000
14.200000 12.649111 90000010000.000000
14.400000 14.422205 90000010000.000000
14.600000 14.422205 90000010000.000000
14.800000 16.492423 90000010000.000000
15.000000 20.396078 90000010000.000000
15.200000 20.000000 90000010000.000000
15.400000 20.000000 90000010000.000000
15.600000 21.540659 90000010000.000000
15.800000 20.000000 90000010000.000000
16.000000 21.540659 90000010000.000000
16.200000 20.000000 90000010000.000000
16.400000 20.396078 90000010000.000000
16.600000 20.396078 90000010000.000000
16.800000 20.000000 90000010000.000000
17.000000 21.540659 0.000000
17.200000 20.000000 0.000000
17.400000 21.540659 0.000000
17.600000 22.627417 0.000000
17.800000 25.298221 0.000000
18.000000 24.331050 0.000000
18.200000 26.832816 0.000000
18.400000 25.612497 0.000000
18.600000 25.298221 0.000000
18.800000 24.000000 0.000000
19.000000 21.540659 0.000000
19.200000 22.627417 0.000000
19.400000 21.540659 0.000000
19.600000 20.000000 0.000000
19.800000 17.888544 0.000000
20.000000 17.888544 0.000000
20.200000 20.000000 0.000000
20.400000 21.540659 0.000000
20.600000 22.627417 0.000000
20.800000 21.540659 0.000000
21.000000 24.000000 90000010000.000000
21.200000 25.298221 90000010000.000000
21.400000 25.612497 90000010000.000000
21.600000 26.832816 90000010000.000000
21.800000 24.000000 90000010000.000000
22.000000 25.298221 90000010000.000000
22.200000 25.612497 90000010000.000000
22.400000 26.832816 90000010000.000000
22.600000 24.000000 90000010000.000000
22.800000 26.832816 90000010000.000000
23.000000 25.612497 90000010000.000000
23.200000 28.284271 90000010000.000000
23.400000 29.120440 90000010000.000000
23.600000 31.240999 90000010000.000000
23.800000 32.249031 90000010000.000000
24.000000 36.221541 90000010000.000000
24.200000 37.947332 90000010000.000000
24.400000 40.000000 90000010000.000000
24.600000 41.182521 90000010000.000000
24.800000 40.199502 90000010000.000000
25.000000 41.761226 0.000000
25.200000 40.000000 0.000000
25.400000 41.182521 0.000000
25.600000 40.199502 0.000000
25.800000 37.947332 0.000000
26.000000 36.878178 0.000000
26.200000 37.947332 0.000000
26.400000 36.221541 0.000000
26.600000 37.735925 0.000000
26.800000 37.735925 0.000000
27.000000 40.792156 0.000000
27.200000 40.792156 0.000000
27.400000 40.000000 0.000000
27.600000 37.735925 0.000000
27.800000 40.792156 0.000000
28.000000 36.878178 0.000000
28.200000 37.735925 0.000000
28.400000 37.735925 0.000000
28.600000 32.249031 0.000000
28.800000 34.176015 0.000000
29.000000 33.941125 90000010000.000000
29.200000 34.176015 90000010000.000000
29.400000 36.221541 90000010000.000000
29.600000 37.735925 90000010000.000000
29.800000 40.000000 90000010000.000000
30.000000 45.607017 90000010000.000000
30.200000 44.721360 90000010000.000000
30.400000 46.647615 90000010000.000000
30.600000 48.826222 90000010000.000000
30.800000 49.477268 90000010000.000000
31.000000 52.611786 90000010000.000000
31.200000 52.153619 90000010000.000000
31.400000 52.153619 90000010000.000000
31.600000 52.611786 90000010000.000000
31.800000 54.405882 90000010000.000000
32.000000 56.850682 90000010000.000000
32.200000 57.271284 90000010000.000000
32.400000 60.000000 90000010000.000000
32.600000 66.211781 90000010000.000000
32.800000 68.117545 90000010000.000000
33.000000 70.880181 0.000000
33.200000 72.443081 0.000000
33.400000 73.430239 0.000000
33.600000 71.217975 0.000000
33.800000 69.856997 0.000000
34.000000 69.050706 0.000000
34.200000 66.573268 0.000000
34.400000 66.573268 0.000000
34.600000 64.498062 0.000000
34.800000 63.245553 0.000000
35.000000 62.481997 0.000000
35.200000 60.926185 0.000000
35.400000 64.124878 0.000000
35.600000 62.609903 0.000000
35.800000 62.481997 0.000000
36.000000 62.096699 0.000000
36.200000 64.498062 0.000000
36.400000 64.498062 0.000000
36.600000 63.245553 0.000000
36.800000 62.096699 0.000000
37.000000 61.188234 90000010000.000000
37.200000 63.245553 90000010000.000000
37.400000 64.498062 90000010000.000000
37.600000 64.498062 90000010000.000000
37.800000 67.052218 90000010000.000000
38.000000 70.767224 90000010000.000000
38.200000 73.539105 90000010000.000000
38.400000 76.105190 90000010000.000000
38.600000 76.941536 90000010000.000000
38.800000 82.462113 90000010000.000000
39.000000 86.348133 90000010000.000000
39.200000 89.442719 90000010000.000000
39.400000 95.414884 90000010000.000000
39.600000 95.414884 90000010000.000000
39.800000 101.271911 90000010000.000000
40.000000 103.846040 90000010000.000000
40.200000 104.995238 90000010000.000000
40.400000 105.603030 90000010000.000000
40.600000 108.000000 90000010000.000000
40.800000 110.923397 90000010000.000000
41.000000 116.824655 0.000000
41.200000 114.542569 0.000000
41.400000 115.446958 0.000000
41.600000 113.701363 0.000000
41.800000 116.275535 0.000000
42.000000 116.068945 0.000000
42.200000 112.924754 0.000000
42.400000 113.278418 0.000000
42.600000 113.841996 0.000000
42.800000 108.664622 0.000000
43.000000 107.703296 0.000000
43.200000 106.508216 0.000000
43.400000 105.223572 0.000000
43.600000 100.000000 0.000000
43.800000 101.980390 0.000000
44.000000 98.792712 0.000000
44.200000 100.079968 0.000000
44.400000 100.239713 0.000000
44.600000 100.000000 0.000000
44.800000 101.980390 0.000000
45.000000 101.980390 90000010000.000000
45.200000 103.227903 90000010000.000000
45.400000 105.678759 90000010000.000000
45.600000 112.641023 90000010000.000000
45.800000 113.841996 90000010000.000000
46.000000 116.000000 90000010000.000000
46.200000 118.928550 90000010000.000000
46.400000 120.598507 90000010000.000000
46.600000 125.538839 90000010000.000000
46.800000 127.624449 90000010000.000000
47.000000 132.966161 90000010000.000000
47.200000 136.704060 90000010000.000000
47.400000 144.277510 90000010000.000000
47.600000 146.751491 90000010000.000000
