0.000000 12.000000 92500000000.000000
0.200000 12.649111 92500000000.000000
0.400000 11.313708 92500000000.000000
0.600000 14.422205 92500000000.000000
0.800000 12.649111 92500000000.000000
1.000000 12.000000 0.000000
1.200000 12.649111 0.000000
1.400000 11.313708 0.000000
1.600000 8.944272 0.000000
1.800000 8.000000 0.000000
2.000000 5.656854 0.000000
2.200000 8.944272 0.000000
2.400000 8.944272 0.000000
2.600000 11.313708 0.000000
2.800000 8.944272 0.000000
3.000000 12.000000 0.000000
3.200000 12.649111 0.000000
3.400000 14.422205 0.000000
3.600000 11.313708 0.000000
3.800000 12.649111 0.000000
4.000000 12.000000 0.000000
4.200000 8.944272 0.000000
4.400000 8.944272 0.000000
4.600000 8.944272 0.000000
4.800000 8.000000 0.000000
5.000000 5.656854 92500000000.000000
5.200000 8.944272 92500000000.000000
5.400000 8.000000 92500000000.000000
5.600000 8.944272 92500000000.000000
5.800000 8.944272 92500000000.000000
6.000000 12.649111 92500000000.000000
6.200000 12.000000 92500000000.000000
6.400000 14.422205 92500000000.000000
6.600000 16.970563 92500000000.000000
6.800000 14.422205 92500000000.000000
7.000000 16.000000 92500000000.000000
7.200000 16.492423 92499990000.000000
7.400000 14.422205 92500000000.000000
7.600000 12.649111 92500000000.000000
7.800000 12.000000 92500000000.000000
8.000000 14.422205 92499990000.000000
8.200000 14.422205 92500000000.000000
8.400000 16.000000 92500000000.000000
8.600000 16.492423 92500000000.000000
8.800000 16.970563 92500000000.000000
9.000000 21.540659 0.000000
9.200000 20.000000 0.000000
9.400000 21.540659 0.000000
9.600000 22.627417 0.000000
9.800000 21.540659 0.000000
10.000000 20.396078 0.000000
10.200000 20.396078 0.000000
10.400000 20.000000 0.000000
10.600000 17.888544 0.000000
10.800000 16.000000 0.000000
11.000000 12.649111 0.000000
11.200000 14.422205 0.000000
11.400000 16.492423 0.000000
11.600000 16.492423 0.000000
11.800000 16.970563 0.000000
12.000000 17.888544 0.000000
12.200000 20.000000 0.000000
12.400000 20.396078 0.000000
12.600000 20.000000 0.000000
12.800000 20.000000 0.000000
13.000000 20.396078 92500000000.000000
13.200000 20.396078 92500000000.000000
13.400000 17.888544 92500000000.000000
13.600000 20.000000 92500000000.000000
13.800000 16.492423 92500000000.000000
14.000000 16.492423 92500000000.000000
14.200000 16.970563 92500000000.000000
14.400000 16.492423 92500000000.000000
14.600000 20.396078 92500000000.000000
14.800000 23.323808 92500000000.000000
15.000000 23.323808 92500000000.000000
15.200000 24.331050 92500000000.000000
15.400000 28.284271 92500000000.000000
15.600000 28.844410 92500000000.000000
15.800000 31.240999 92500000000.000000
16.000000 29.120440 92500000000.000000
16.200000 32.249031 92500000000.000000
16.400000 32.249031 92500000000.000000
16.600000 31.240999 92499990000.000000
16.800000 32.984845 92500000000.000000
17.000000 32.984845 0.000000
17.200000 31.240999 0.000000
17.400000 30.463092 0.000000
17.600000 32.000000 0.000000
17.800000 30.463092 0.000000
18.000000 31.240999 0.000000
18.200000 34.176015 0.000000
18.400000 36.221541 0.000000
18.600000 35.777088 0.000000
18.800000 33.941125 0.000000
19.000000 34.176015 0.000000
19.200000 32.000000 0.000000
19.400000 30.463092 0.000000
19.600000 31.240999 0.000000
19.800000 29.120440 0.000000
20.000000 28.284271 0.000000
20.200000 28.844410 0.000000
20.400000 26.832816 0.000000
20.600000 28.000000 0.000000
20.800000 30.463092 0.000000
21.000000 28.284271 92500000000.000000
21.200000 30.463092 92500000000.000000
21.400000 32.000000 92500000000.000000
21.600000 34.176015 92500000000.000000
21.800000 33.941125 92500000000.000000
22.000000 39.395431 92500000000.000000
22.200000 40.000000 92500000000.000000
22.400000 39.395431 92500000000.000000
22.600000 39.597980 92500000000.000000
22.800000 37.947332 92500000000.000000
23.000000 40.199502 92500000000.000000
23.200000 41.182521 92500000000.000000
23.400000 43.266615 92499990000.000000
23.600000 44.721360 92500000000.000000
23.800000 45.607017 92500000000.000000
24.000000 51.224994 92500000000.000000
24.200000 53.665631 92500000000.000000
24.400000 56.142675 92500000000.000000
24.600000 59.464275 92499990000.000000
24.800000 59.464275 92500000000.000000
25.000000 62.609903 0.000000
25.200000 60.133186 0.000000
25.400000 59.464275 0.000000
25.600000 56.568542 0.000000
25.800000 55.713553 0.000000
26.000000 56.142675 0.000000
26.200000 53.665631 0.000000
26.400000 54.405882 0.000000
26.600000 53.366656 0.000000
26.800000 53.366656 0.000000
27.000000 54.405882 0.000000
27.200000 55.569776 0.000000
27.400000 56.142675 0.000000
27.600000 54.405882 0.000000
27.800000 56.850682 0.000000
28.000000 53.665631 0.000000
28.200000 56.142675 0.000000
28.400000 54.405882 0.000000
28.600000 53.814496 0.000000
28.800000 52.000000 0.000000
29.000000 48.000000 92499990000.000000
29.200000 50.119856 92500000000.000000
29.400000 51.224994 92500000000.000000
29.600000 53.366656 92500000000.000000
29.800000 57.271284 92500000000.000000
30.000000 60.000000 92500000000.000000
30.200000 64.498062 92500000000.000000
30.400000 68.468971 92499990000.000000
30.600000 70.880181 92500000000.000000
30.800000 73.756356 92500000000.000000
31.000000 76.941536 92500000000.000000
31.200000 76.105190 92500000000.000000
31.400000 80.993827 92500000000.000000
31.600000 82.073138 92500000000.000000
31.800000 80.993827 92500000000.000000
32.000000 84.095184 92500000000.000000
32.200000 87.817994 92500000000.000000
32.400000 88.814413 92500000000.000000
32.600000 93.380940 92500000000.000000
32.800000 98.954535 92500000000.000000
33.000000 104.995238 0.000000
33.200000 101.980390 0.000000
33.400000 104.000000 0.000000
33.600000 104.000000 0.000000
33.800000 101.980390 0.000000
34.000000 101.192885 0.000000
34.200000 100.319490 0.000000
34.400000 96.747093 0.000000
34.600000 97.652445 0.000000
34.800000 93.380940 0.000000
35.000000 91.214034 0.000000
35.200000 90.686272 0.000000
35.400000 91.389277 0.000000
35.600000 92.000000 0.000000
35.800000 89.442719 0.000000
36.000000 93.722996 0.000000
36.200000 91.214034 0.000000
36.400000 93.380940 0.000000
36.600000 89.888820 0.000000
36.800000 92.086915 0.000000
37.000000 89.442719 92500000000.000000
37.200000 91.214034 92499990000.000000
37.400000 93.722996 92500000000.000000
37.600000 94.826157 92500000000.000000
37.800000 100.079968 92499990000.000000
38.000000 100.319490 92500000000.000000
38.200000 104.995238 92500000000.000000
38.400000 107.703296 92500000000.000000
38.600000 113.771701 92500000000.000000
38.800000 117.643529 92500000000.000000
39.000000 123.547562 92500000000.000000
39.200000 128.249756 92500000000.000000
39.400000 132.966161 92500000000.000000
39.600000 138.621788 92500000000.000000
39.800000 142.940547 92500000000.000000
40.000000 145.382255 92500000000.000000
40.200000 147.566934 92500000000.000000
