0.000000 11.313708 97500000000.000000
0.200000 8.944272 97500000000.000000
0.400000 8.000000 97500000000.000000
0.600000 8.000000 97500000000.000000
0.800000 8.944272 97500000000.000000
1.000000 8.944272 97500000000.000000
1.200000 8.000000 97500000000.000000
1.400000 5.656854 0.000000
1.600000 5.656854 0.000000
1.800000 8.000000 0.000000
2.000000 8.944272 0.000000
2.200000 8.944272 0.000000
2.400000 8.944272 0.000000
2.600000 12.000000 0.000000
2.800000 12.649111 0.000000
3.000000 11.313708 0.000000
3.200000 8.944272 0.000000
3.400000 12.649111 0.000000
3.600000 8.000000 0.000000
3.800000 8.944272 0.000000
4.000000 5.656854 0.000000
4.200000 8.000000 0.000000
4.400000 4.000000 0.000000
4.600000 5.656854 0.000000
4.800000 4.000000 0.000000
5.000000 5.656854 0.000000
5.200000 5.656854 0.000000
5.400000 8.944272 97500000000.000000
5.600000 8.000000 97500000000.000000
5.800000 12.649111 97500000000.000000
6.000000 11.313708 97500000000.000000
6.200000 11.313708 97500000000.000000
6.400000 12.649111 97500000000.000000
6.600000 12.000000 97500000000.000000
6.800000 12.649111 97500000000.000000
7.000000 11.313708 97500000000.000000
7.200000 8.944272 97500000000.000000
7.400000 8.000000 97500000000.000000
7.600000 8.944272 97500000000.000000
7.800000 8.944272 97500000000.000000
8.000000 12.000000 97500000000.000000
8.200000 14.422205 97500000000.000000
8.400000 14.422205 97500000000.000000
8.600000 16.492423 97500000000.000000
8.800000 16.492423 97500000000.000000
9.000000 17.888544 97500000000.000000
9.200000 20.000000 97500000000.000000
9.400000 21.540659 0.000000
9.600000 20.000000 0.000000
9.800000 17.888544 0.000000
10.000000 16.970563 0.000000
10.200000 16.492423 0.000000
10.400000 16.000000 0.000000
10.600000 14.422205 0.000000
10.800000 14.422205 0.000000
11.000000 12.000000 0.000000
11.200000 14.422205 0.000000
11.400000 16.970563 0.000000
11.600000 16.492423 0.000000
11.800000 16.000000 0.000000
12.000000 17.888544 0.000000
12.200000 16.970563 0.000000
12.400000 17.888544 0.000000
12.600000 16.000000 0.000000
12.800000 16.492423 0.000000
13.000000 14.422205 0.000000
13.200000 14.422205 0.000000
13.400000 12.000000 97500000000.000000
13.600000 12.649111 97500000000.000000
13.800000 14.422205 97500000000.000000
14.000000 16.000000 97500000000.000000
14.200000 16.492423 97500000000.000000
14.400000 16.970563 97500000000.000000
14.600000 17.888544 97500000000.000000
14.800000 20.000000 97500000000.000000
15.000000 21.540659 97500000000.000000
15.200000 25.612497 97500000000.000000
15.400000 23.323808 97500000000.000000
15.600000 24.331050 97500000000.000000
15.800000 24.331050 97500000000.000000
16.000000 25.612497 97500000000.000000
16.200000 23.323808 97500000000.000000
16.400000 24.331050 97500000000.000000
16.600000 25.298221 97500000000.000000
16.800000 25.612497 97500000000.000000
17.000000 25.298221 97500000000.000000
17.200000 28.284271 97500000000.000000
17.400000 32.249031 0.000000
17.600000 32.249031 0.000000
17.800000 32.249031 0.000000
18.000000 32.984845 0.000000
18.200000 34.409301 0.000000
18.400000 34.409301 0.000000
18.600000 32.984845 0.000000
18.800000 32.249031 0.000000
19.000000 28.844410 0.000000
19.200000 28.844410 0.000000
19.400000 28.284271 0.000000
19.600000 25.298221 0.000000
19.800000 25.612497 0.000000
20.000000 25.298221 0.000000
20.200000 28.000000 0.000000
20.400000 26.832816 0.000000
20.600000 28.844410 0.000000
20.800000 29.120440 0.000000
21.000000 28.284271 0.000000
21.200000 32.249031 0.000000
21.400000 31.240999 97500000000.000000
21.600000 29.120440 97500000000.000000
21.800000 32.249031 97500000000.000000
22.000000 32.249031 97500000000.000000
22.200000 31.240999 97500000000.000000
22.400000 32.984845 97500000000.000000
22.600000 32.249031 97500000000.000000
22.800000 34.409301 97500000000.000000
23.000000 35.777088 97500000000.000000
23.200000 36.000000 97500000000.000000
23.400000 39.395431 97500000000.000000
23.600000 39.597980 97500000000.000000
23.800000 43.081318 97500000000.000000
24.000000 48.000000 97500000000.000000
24.200000 48.332184 97500000000.000000
24.400000 50.911688 97500000000.000000
24.600000 52.000000 97500000000.000000
24.800000 56.142675 97500000000.000000
25.000000 53.665631 97500000000.000000
25.200000 56.850682 97500000000.000000
25.400000 58.240879 0.000000
25.600000 56.568542 0.000000
25.800000 54.405882 0.000000
26.000000 55.569776 0.000000
26.200000 56.142675 0.000000
26.400000 54.405882 0.000000
26.600000 56.568542 0.000000
26.800000 57.271284 0.000000
27.000000 56.000000 0.000000
27.200000 57.271284 0.000000
27.400000 56.568542 0.000000
27.600000 55.713553 0.000000
27.800000 56.000000 0.000000
28.000000 53.665631 0.000000
28.200000 53.814496 0.000000
28.400000 50.596443 0.000000
28.600000 48.662100 0.000000
28.800000 48.826222 0.000000
29.000000 46.647615 0.000000
29.200000 48.166378 0.000000
29.400000 50.596443 97500000000.000000
29.600000 53.814496 97500000000.000000
29.800000 57.271284 97500000000.000000
30.000000 60.000000 97500000000.000000
30.200000 60.926185 97500000000.000000
30.400000 62.225397 97500000000.000000
30.600000 64.621978 97500000000.000000
30.800000 68.000000 97500000000.000000
31.000000 69.856997 97500000000.000000
31.200000 70.767224 97500000000.000000
31.400000 70.880181 97500000000.000000
31.600000 72.993150 97500000000.000000
31.800000 75.471849 97500000000.000000
32.000000 80.993827 97500000000.000000
32.200000 84.852814 97500000000.000000
32.400000 88.543774 97500000000.000000
32.600000 93.380940 97500000000.000000
32.800000 95.078915 97500000000.000000
33.000000 100.079968 97500000000.000000
33.200000 105.603030 97500000000.000000
33.400000 110.634533 0.000000
33.600000 108.811764 0.000000
33.800000 105.223572 0.000000
34.000000 104.307238 0.000000
34.200000 104.307238 0.000000
34.400000 100.717426 0.000000
34.600000 97.406365 0.000000
34.800000 99.035347 0.000000
35.000000 98.792712 0.000000
35.200000 96.332757 0.000000
35.400000 96.747093 0.000000
35.600000 97.652445 0.000000
35.800000 98.061205 0.000000
36.000000 98.061205 0.000000
36.200000 96.829747 0.000000
36.400000 96.747093 0.000000
36.600000 96.332757 0.000000
36.800000 93.637599 0.000000
37.000000 93.380940 0.000000
37.200000 89.888820 0.000000
37.400000 88.090862 97500000000.000000
37.600000 91.301698 97500000000.000000
37.800000 94.403390 97500000000.000000
38.000000 98.061205 97500000000.000000
38.200000 102.839681 97500000000.000000
38.400000 108.074049 97500000000.000000
38.600000 110.923397 97500000000.000000
38.800000 116.068945 97500000000.000000
39.000000 121.852370 97500000000.000000
39.200000 127.561750 97500000000.000000
39.400000 129.120099 97500000000.000000
39.600000 133.506554 97500000000.000000
39.800000 138.679487 97500000000.000000
40.000000 143.387587 97500000000.000000
40.200000 144.222051 97500000000.000000
40.400000 148.647233 97500000000.000000
