0.000000 11.313708 99999980000.000000
0.200000 8.944272 99999980000.000000
0.400000 8.000000 99999980000.000000
0.600000 8.000000 99999980000.000000
0.800000 8.944272 99999980000.000000
1.000000 5.656854 99999980000.000000
1.200000 8.000000 99999980000.000000
1.400000 5.656854 0.000000
1.600000 5.656854 0.000000
1.800000 8.000000 0.000000
2.000000 8.944272 0.000000
2.200000 8.944272 0.000000
2.400000 8.944272 0.000000
2.600000 12.000000 0.000000
2.800000 12.649111 0.000000
3.000000 11.313708 0.000000
3.200000 8.944272 0.000000
3.400000 12.649111 0.000000
3.600000 8.000000 0.000000
3.800000 8.944272 0.000000
4.000000 5.656854 0.000000
4.200000 4.000000 0.000000
4.400000 4.000000 0.000000
4.600000 5.656854 0.000000
4.800000 4.000000 0.000000
5.000000 5.656854 0.000000
5.200000 5.656854 0.000000
5.400000 8.944272 99999980000.000000
5.600000 8.000000 99999980000.000000
5.800000 12.649111 99999980000.000000
6.000000 11.313708 99999980000.000000
6.200000 11.313708 99999980000.000000
6.400000 12.649111 99999980000.000000
6.600000 12.000000 99999980000.000000
6.800000 8.944272 99999980000.000000
7.000000 11.313708 99999980000.000000
7.200000 8.944272 99999980000.000000
7.400000 8.000000 99999980000.000000
7.600000 8.944272 99999980000.000000
7.800000 8.944272 99999980000.000000
8.000000 12.000000 99999980000.000000
8.200000 14.422205 99999980000.000000
8.400000 14.422205 99999980000.000000
8.600000 16.492423 99999980000.000000
8.800000 16.492423 99999980000.000000
9.000000 17.888544 99999980000.000000
9.200000 20.000000 99999980000.000000
9.400000 21.540659 0.000000
9.600000 20.000000 0.000000
9.800000 17.888544 0.000000
10.000000 16.970563 0.000000
10.200000 16.492423 0.000000
10.400000 12.000000 0.000000
10.600000 14.422205 0.000000
10.800000 14.422205 0.000000
11.000000 12.000000 0.000000
11.200000 14.422205 0.000000
11.400000 14.422205 0.000000
11.600000 16.492423 0.000000
11.800000 16.000000 0.000000
12.000000 17.888544 0.000000
12.200000 16.970563 0.000000
12.400000 17.888544 0.000000
12.600000 16.000000 0.000000
12.800000 16.492423 0.000000
13.000000 14.422205 0.000000
13.200000 14.422205 0.000000
13.400000 12.000000 99999980000.000000
13.600000 12.649111 99999980000.000000
13.800000 14.422205 99999980000.000000
14.000000 16.000000 99999980000.000000
14.200000 16.492423 99999980000.000000
14.400000 16.970563 99999980000.000000
14.600000 17.888544 99999980000.000000
14.800000 20.000000 99999980000.000000
15.000000 21.540659 99999980000.000000
15.200000 25.612497 99999980000.000000
15.400000 23.323808 99999980000.000000
15.600000 24.331050 99999980000.000000
15.800000 24.331050 99999980000.000000
16.000000 25.612497 99999980000.000000
16.200000 23.323808 99999980000.000000
16.400000 24.000000 99999980000.000000
16.600000 25.298221 99999980000.000000
16.800000 25.612497 99999980000.000000
17.000000 29.120440 99999980000.000000
17.200000 28.284271 99999980000.000000
17.400000 32.249031 0.000000
17.600000 32.249031 0.000000
17.800000 32.249031 0.000000
18.000000 32.984845 0.000000
18.200000 34.409301 0.000000
18.400000 34.409301 0.000000
18.600000 32.984845 0.000000
18.800000 32.249031 0.000000
19.000000 32.249031 0.000000
19.200000 28.844410 0.000000
19.400000 28.284271 0.000000
19.600000 29.120440 0.000000
19.800000 28.284271 0.000000
20.000000 25.298221 0.000000
20.200000 28.284271 0.000000
20.400000 26.832816 0.000000
20.600000 28.844410 0.000000
20.800000 29.120440 0.000000
21.000000 32.249031 0.000000
21.200000 32.249031 0.000000
21.400000 31.240999 99999980000.000000
21.600000 32.984845 99999980000.000000
21.800000 32.249031 99999980000.000000
22.000000 32.249031 99999980000.000000
22.200000 31.240999 99999980000.000000
22.400000 32.984845 99999980000.000000
22.600000 32.984845 99999980000.000000
22.800000 34.409301 99999980000.000000
23.000000 35.777088 99999980000.000000
23.200000 36.000000 99999980000.000000
23.400000 39.395431 99999980000.000000
23.600000 42.520583 99999980000.000000
23.800000 46.818800 99999980000.000000
24.000000 48.166378 99999980000.000000
24.200000 53.665631 99999980000.000000
24.400000 53.814496 99999980000.000000
24.600000 55.713553 99999980000.000000
24.800000 56.142675 99999980000.000000
25.000000 59.059292 99999980000.000000
25.200000 56.850682 99999980000.000000
25.400000 62.096699 0.000000
25.600000 57.271284 0.000000
25.800000 57.688820 0.000000
26.000000 59.059292 0.000000
26.200000 56.142675 0.000000
26.400000 59.464275 0.000000
26.600000 56.568542 0.000000
26.800000 60.926185 0.000000
27.000000 60.000000 0.000000
27.200000 60.926185 0.000000
27.400000 59.464275 0.000000
27.600000 59.464275 0.000000
27.800000 56.142675 0.000000
28.000000 57.271284 0.000000
28.200000 56.850682 0.000000
28.400000 54.405882 0.000000
28.600000 52.611786 0.000000
28.800000 52.153619 0.000000
29.000000 50.119856 0.000000
29.200000 52.153619 0.000000
29.400000 50.596443 99999980000.000000
29.600000 56.568542 99999980000.000000
29.800000 57.271284 99999980000.000000
30.000000 60.000000 99999980000.000000
30.200000 64.621978 99999980000.000000
30.400000 67.882251 99999980000.000000
30.600000 68.352030 99999980000.000000
30.800000 72.111026 99999980000.000000
31.000000 71.554175 99999980000.000000
31.200000 73.756356 99999980000.000000
31.400000 78.587531 99999980000.000000
31.600000 76.941536 99999980000.000000
31.800000 83.234608 99999980000.000000
32.000000 82.365041 99999980000.000000
32.200000 88.362888 99999980000.000000
32.400000 93.637599 99999980000.000000
32.600000 96.166522 99999980000.000000
32.800000 102.528045 99999980000.000000
33.000000 108.295891 99999980000.000000
33.200000 114.612390 99999980000.000000
33.400000 116.824655 0.000000
33.600000 114.542569 0.000000
33.800000 114.542569 0.000000
34.000000 111.211510 0.000000
34.200000 109.178753 0.000000
34.400000 108.074049 0.000000
34.600000 104.000000 0.000000
34.800000 104.995238 0.000000
35.000000 103.846040 0.000000
35.200000 101.271911 0.000000
35.400000 103.227903 0.000000
35.600000 102.215459 0.000000
35.800000 104.690019 0.000000
36.000000 104.995238 0.000000
36.200000 104.690019 0.000000
36.400000 100.319490 0.000000
36.600000 100.000000 0.000000
36.800000 98.386991 0.000000
37.000000 99.357939 0.000000
37.200000 95.078915 0.000000
37.400000 93.380940 99999980000.000000
37.600000 97.652445 99999980000.000000
37.800000 100.239713 99999980000.000000
38.000000 104.307238 99999980000.000000
38.200000 111.427106 99999980000.000000
38.400000 116.000000 99999980000.000000
38.600000 122.702893 99999980000.000000
38.800000 124.579292 99999980000.000000
39.000000 131.026715 99999980000.000000
39.200000 135.351395 99999980000.000000
39.400000 141.421356 99999980000.000000
39.600000 142.940547 99999980000.000000
39.800000 147.186956 99999980000.000000
40.000000 149.345238 99999980000.000000
