0.000000 12.649111 102499990000.000000
0.200000 12.000000 102500010000.000000
0.400000 14.422205 102500010000.000000
0.600000 16.970563 102499990000.000000
0.800000 14.422205 102500010000.000000
1.000000 16.000000 102500010000.000000
1.200000 12.649111 102500010000.000000
1.400000 14.422205 0.000000
1.600000 12.649111 0.000000
1.800000 12.000000 0.000000
2.000000 8.944272 0.000000
2.200000 8.944272 0.000000
2.400000 12.000000 0.000000
2.600000 12.649111 0.000000
2.800000 11.313708 0.000000
3.000000 12.649111 0.000000
3.200000 16.000000 0.000000
3.400000 16.492423 0.000000
3.600000 14.422205 0.000000
3.800000 14.422205 0.000000
4.000000 16.492423 0.000000
4.200000 12.649111 0.000000
4.400000 14.422205 0.000000
4.600000 11.313708 0.000000
4.800000 8.000000 0.000000
5.000000 8.944272 0.000000
5.200000 8.944272 0.000000
5.400000 8.000000 102500010000.000000
5.600000 12.649111 102499990000.000000
5.800000 11.313708 102500010000.000000
6.000000 14.422205 102499990000.000000
6.200000 16.000000 102500010000.000000
6.400000 16.492423 102500010000.000000
6.600000 20.000000 102499990000.000000
6.800000 20.000000 102500010000.000000
7.000000 16.492423 102500010000.000000
7.200000 20.000000 102500010000.000000
7.400000 17.888544 102500010000.000000
7.600000 16.970563 102500010000.000000
7.800000 16.492423 102500010000.000000
8.000000 16.492423 102500010000.000000
8.200000 16.970563 102500010000.000000
8.400000 17.888544 102500010000.000000
8.600000 20.000000 102499990000.000000
8.800000 23.323808 102499990000.000000
9.000000 25.612497 102500010000.000000
9.200000 25.298221 102499990000.000000
9.400000 28.284271 0.000000
9.600000 26.832816 0.000000
9.800000 31.240999 0.000000
10.000000 29.120440 0.000000
10.200000 28.000000 0.000000
10.400000 26.832816 0.000000
10.600000 25.612497 0.000000
10.800000 25.298221 0.000000
11.000000 24.331050 0.000000
11.200000 20.000000 0.000000
11.400000 23.323808 0.000000
11.600000 24.000000 0.000000
11.800000 21.540659 0.000000
12.000000 22.627417 0.000000
12.200000 25.298221 0.000000
12.400000 24.000000 0.000000
12.600000 26.832816 0.000000
12.800000 28.284271 0.000000
13.000000 26.832816 0.000000
13.200000 24.000000 0.000000
13.400000 25.298221 102500010000.000000
13.600000 22.627417 102499990000.000000
13.800000 21.540659 102500010000.000000
14.000000 24.000000 102499990000.000000
14.200000 23.323808 102500010000.000000
14.400000 25.612497 102500010000.000000
14.600000 28.284271 102500010000.000000
14.800000 29.120440 102500010000.000000
15.000000 31.240999 102500010000.000000
15.200000 35.777088 102500010000.000000
15.400000 36.221541 102500010000.000000
15.600000 37.947332 102500010000.000000
15.800000 42.520583 102500010000.000000
16.000000 41.182521 102500010000.000000
16.200000 44.181444 102500010000.000000
16.400000 41.761226 102500010000.000000
16.600000 42.520583 102500010000.000000
16.800000 44.721360 102499990000.000000
17.000000 44.000000 102499990000.000000
17.200000 48.332184 102500010000.000000
17.400000 48.166378 0.000000
17.600000 49.477268 0.000000
17.800000 48.662100 0.000000
18.000000 48.826222 0.000000
18.200000 52.153619 0.000000
18.400000 52.611786 0.000000
18.600000 49.477268 0.000000
18.800000 51.224994 0.000000
19.000000 50.119856 0.000000
19.200000 52.611786 0.000000
19.400000 49.477268 0.000000
19.600000 48.166378 0.000000
19.800000 44.721360 0.000000
20.000000 44.000000 0.000000
20.200000 43.081318 0.000000
20.400000 42.520583 0.000000
20.600000 41.761226 0.000000
20.800000 44.721360 0.000000
21.000000 43.266615 0.000000
21.200000 43.266615 0.000000
21.400000 44.721360 102500010000.000000
21.600000 49.477268 102500010000.000000
21.800000 48.826222 102500010000.000000
22.000000 52.153619 102500010000.000000
22.200000 52.611786 102500010000.000000
22.400000 53.366656 102500010000.000000
22.600000 56.850682 102499990000.000000
22.800000 59.059292 102499990000.000000
23.000000 60.133186 102500010000.000000
23.200000 60.926185 102500010000.000000
23.400000 62.225397 102500010000.000000
23.600000 67.052218 102500010000.000000
23.800000 68.468971 102500010000.000000
24.000000 73.430239 102500010000.000000
24.200000 77.665951 102499990000.000000
24.400000 81.584312 102499990000.000000
24.600000 86.348133 102500010000.000000
24.800000 88.814413 102500010000.000000
25.000000 93.295230 102500010000.000000
25.200000 96.747093 102500010000.000000
25.400000 101.192885 0.000000
25.600000 99.035347 0.000000
25.800000 95.078915 0.000000
26.000000 96.083297 0.000000
26.200000 94.826157 0.000000
26.400000 91.214034 0.000000
26.600000 90.244113 0.000000
26.800000 90.244113 0.000000
27.000000 91.214034 0.000000
27.200000 94.826157 0.000000
27.400000 92.086915 0.000000
27.600000 93.637599 0.000000
27.800000 90.509668 0.000000
28.000000 89.888820 0.000000
28.200000 88.090862 0.000000
28.400000 89.442719 0.000000
28.600000 88.090862 0.000000
28.800000 82.462113 0.000000
29.000000 81.584312 0.000000
29.200000 83.234608 0.000000
29.400000 82.365041 102500010000.000000
29.600000 84.095184 102500010000.000000
29.800000 89.888820 102499990000.000000
30.000000 93.380940 102500010000.000000
30.200000 98.792712 102500010000.000000
30.400000 104.307238 102500010000.000000
30.600000 109.178753 102500010000.000000
30.800000 111.211510 102500010000.000000
31.000000 115.446958 102499990000.000000
31.200000 118.456743 102500010000.000000
31.400000 123.223374 102500010000.000000
31.600000 127.059041 102499990000.000000
31.800000 128.062485 102500010000.000000
32.000000 136.058811 102499990000.000000
32.200000 139.312598 102499990000.000000
32.400000 143.610585 102500010000.000000
32.600000 148.431803 102500010000.000000
