0.000000 11.313708 0.000000
0.200000 8.944272 0.000000
0.400000 8.944272 0.000000
0.600000 8.000000 0.000000
0.800000 8.944272 0.000000
1.000000 5.656854 0.000000
1.200000 5.656854 0.000000
1.400000 4.000000 0.000000
1.600000 5.656854 0.000000
1.800000 4.000000 0.000000
2.000000 5.656854 0.000000
2.200000 5.656854 0.000000
2.400000 8.944272 0.000000
2.600000 8.000000 0.000000
2.800000 8.944272 0.000000
3.000000 8.944272 104999990000.000000
3.200000 11.313708 104999990000.000000
3.400000 8.944272 104999990000.000000
3.600000 8.000000 104999990000.000000
3.800000 8.944272 104999990000.000000
4.000000 8.944272 104999990000.000000
4.200000 8.944272 104999990000.000000
4.400000 8.000000 104999990000.000000
4.600000 5.656854 104999990000.000000
4.800000 8.944272 104999990000.000000
5.000000 8.000000 104999990000.000000
5.200000 8.944272 104999990000.000000
5.400000 11.313708 104999990000.000000
5.600000 12.649111 104999990000.000000
5.800000 12.000000 104999990000.000000
6.000000 14.422205 104999990000.000000
6.200000 16.970563 104999990000.000000
6.400000 17.888544 104999990000.000000
6.600000 16.000000 104999990000.000000
6.800000 16.492423 104999990000.000000
7.000000 14.422205 0.000000
7.200000 14.422205 0.000000
7.400000 12.000000 0.000000
7.600000 12.649111 0.000000
7.800000 14.422205 0.000000
8.000000 12.000000 0.000000
8.200000 12.649111 0.000000
8.400000 14.422205 0.000000
8.600000 16.492423 0.000000
8.800000 16.000000 0.000000
9.000000 16.492423 0.000000
9.200000 16.970563 0.000000
9.400000 17.888544 0.000000
9.600000 16.492423 0.000000
9.800000 16.492423 0.000000
10.000000 14.422205 0.000000
10.200000 14.422205 0.000000
10.400000 12.000000 0.000000
10.600000 12.649111 0.000000
10.800000 11.313708 0.000000
11.000000 12.000000 104999990000.000000
11.200000 12.649111 104999990000.000000
11.400000 14.422205 104999990000.000000
11.600000 17.888544 104999990000.000000
11.800000 16.000000 104999990000.000000
12.000000 20.396078 104999990000.000000
12.200000 20.000000 104999990000.000000
12.400000 20.000000 104999990000.000000
12.600000 20.396078 104999990000.000000
12.800000 20.396078 104999990000.000000
13.000000 20.000000 104999990000.000000
13.200000 20.000000 104999990000.000000
13.400000 20.396078 104999990000.000000
13.600000 20.396078 104999990000.000000
13.800000 22.627417 104999990000.000000
14.000000 21.540659 104999990000.000000
14.200000 24.331050 104999990000.000000
14.400000 26.832816 104999990000.000000
14.600000 28.844410 104999990000.000000
14.800000 32.984845 104999990000.000000
15.000000 32.249031 0.000000
15.200000 32.249031 0.000000
15.400000 34.409301 0.000000
15.600000 32.984845 0.000000
15.800000 32.249031 0.000000
16.000000 32.249031 0.000000
16.200000 31.240999 0.000000
16.400000 29.120440 0.000000
16.600000 28.284271 0.000000
16.800000 25.612497 0.000000
17.000000 26.832816 0.000000
17.200000 28.000000 0.000000
17.400000 26.832816 0.000000
17.600000 28.284271 0.000000
17.800000 29.120440 0.000000
18.000000 28.284271 0.000000
18.200000 30.463092 0.000000
18.400000 31.240999 0.000000
18.600000 30.463092 0.000000
18.800000 28.000000 0.000000
19.000000 26.832816 104999990000.000000
19.200000 28.284271 104999990000.000000
19.400000 29.120440 104999990000.000000
19.600000 28.284271 104999990000.000000
19.800000 28.844410 104999990000.000000
20.000000 28.844410 104999990000.000000
20.200000 32.249031 104999990000.000000
20.400000 34.176015 104999990000.000000
20.600000 36.878178 104999990000.000000
20.800000 39.395431 104999990000.000000
21.000000 44.000000 104999990000.000000
21.200000 46.818800 104999990000.000000
21.400000 48.166378 104999990000.000000
21.600000 48.332184 104999990000.000000
21.800000 52.000000 104999990000.000000
22.000000 52.000000 104999990000.000000
22.200000 50.911688 104999990000.000000
22.400000 52.000000 104999990000.000000
22.600000 56.142675 104999990000.000000
22.800000 55.569776 104999990000.000000
23.000000 60.000000 0.000000
23.200000 57.271284 0.000000
23.400000 57.271284 0.000000
23.600000 60.000000 0.000000
23.800000 59.059292 0.000000
24.000000 60.133186 0.000000
24.200000 63.245553 0.000000
24.400000 59.464275 0.000000
24.600000 62.609903 0.000000
24.800000 60.133186 0.000000
25.000000 59.464275 0.000000
25.200000 56.568542 0.000000
25.400000 55.713553 0.000000
25.600000 52.153619 0.000000
25.800000 53.665631 0.000000
26.000000 51.224994 0.000000
26.200000 53.366656 0.000000
26.400000 53.366656 0.000000
26.600000 51.224994 0.000000
26.800000 53.665631 0.000000
27.000000 56.142675 104999990000.000000
27.200000 58.240879 104999990000.000000
27.400000 59.464275 104999990000.000000
27.600000 62.609903 104999990000.000000
27.800000 64.124878 104999990000.000000
28.000000 68.352030 104999990000.000000
28.200000 67.882251 104999990000.000000
28.400000 68.352030 104999990000.000000
28.600000 72.111026 104999990000.000000
28.800000 73.430239 104999990000.000000
29.000000 76.837491 104999990000.000000
29.200000 81.584312 104999990000.000000
29.400000 86.348133 104999990000.000000
29.600000 91.214034 104999990000.000000
29.800000 94.826157 104999990000.000000
30.000000 100.319490 104999990000.000000
30.200000 102.528045 104999990000.000000
30.400000 107.480231 104999990000.000000
30.600000 111.427106 104999990000.000000
30.800000 116.275535 104999990000.000000
31.000000 118.118584 0.000000
31.200000 120.000000 0.000000
31.400000 113.771701 0.000000
31.600000 115.446958 0.000000
31.800000 110.634533 0.000000
32.000000 109.252002 0.000000
32.200000 112.071406 0.000000
32.400000 112.712022 0.000000
32.600000 111.211510 0.000000
32.800000 110.634533 0.000000
33.000000 110.634533 0.000000
33.200000 108.811764 0.000000
33.400000 109.178753 0.000000
33.600000 108.295891 0.000000
33.800000 106.282642 0.000000
34.000000 104.690019 0.000000
34.200000 102.528045 0.000000
34.400000 100.319490 0.000000
34.600000 96.747093 0.000000
34.800000 97.652445 0.000000
35.000000 97.324200 104999990000.000000
35.200000 100.000000 104999990000.000000
35.400000 107.628992 104999990000.000000
35.600000 114.542569 104999990000.000000
35.800000 120.000000 104999990000.000000
36.000000 123.482792 104999990000.000000
36.200000 130.598622 104999990000.000000
36.400000 132.966161 104999990000.000000
36.600000 138.101412 104999990000.000000
36.800000 143.220110 104999990000.000000
37.000000 144.941367 104999990000.000000
37.200000 148.054044 104999990000.000000
