0.000000 11.313708 0.000000
0.200000 8.944272 0.000000
0.400000 8.944272 0.000000
0.600000 8.000000 0.000000
0.800000 8.944272 0.000000
1.000000 5.656854 0.000000
1.200000 4.000000 0.000000
1.400000 4.000000 0.000000
1.600000 5.656854 0.000000
1.800000 4.000000 0.000000
2.000000 5.656854 0.000000
2.200000 5.656854 0.000000
2.400000 8.944272 0.000000
2.600000 8.000000 0.000000
2.800000 8.944272 0.000000
3.000000 8.944272 0.000000
3.200000 8.944272 0.000000
3.400000 8.944272 107499995000.000000
3.600000 8.000000 107499995000.000000
3.800000 8.944272 107499995000.000000
4.000000 5.656854 107499995000.000000
4.200000 8.944272 107499995000.000000
4.400000 8.000000 107499995000.000000
4.600000 5.656854 107499995000.000000
4.800000 8.000000 107499995000.000000
5.000000 8.000000 107499995000.000000
5.200000 11.313708 107499995000.000000
5.400000 8.944272 107499995000.000000
5.600000 12.000000 107499995000.000000
5.800000 12.649111 107499995000.000000
6.000000 14.422205 107499995000.000000
6.200000 16.970563 107499995000.000000
6.400000 16.492423 107499995000.000000
6.600000 16.000000 107499995000.000000
6.800000 16.492423 107499995000.000000
7.000000 16.970563 107499995000.000000
7.200000 12.649111 107499995000.000000
7.400000 16.000000 0.000000
7.600000 14.422205 0.000000
7.800000 14.422205 0.000000
8.000000 16.000000 0.000000
8.200000 14.422205 0.000000
8.400000 16.970563 0.000000
8.600000 16.492423 0.000000
8.800000 16.000000 0.000000
9.000000 17.888544 0.000000
9.200000 16.970563 0.000000
9.400000 17.888544 0.000000
9.600000 16.000000 0.000000
9.800000 16.492423 0.000000
10.000000 14.422205 0.000000
10.200000 14.422205 0.000000
10.400000 12.000000 0.000000
10.600000 12.649111 0.000000
10.800000 11.313708 0.000000
11.000000 12.000000 0.000000
11.200000 12.649111 0.000000
11.400000 16.970563 107499995000.000000
11.600000 17.888544 107499995000.000000
11.800000 16.000000 107499995000.000000
12.000000 17.888544 107499995000.000000
12.200000 20.000000 107499995000.000000
12.400000 20.000000 107499995000.000000
12.600000 20.396078 107499995000.000000
12.800000 20.396078 107499995000.000000
13.000000 20.000000 107499995000.000000
13.200000 20.000000 107499995000.000000
13.400000 20.396078 107499995000.000000
13.600000 21.540659 107499995000.000000
13.800000 22.627417 107499995000.000000
14.000000 21.540659 107499995000.000000
14.200000 24.331050 107499995000.000000
14.400000 28.844410 107499995000.000000
14.600000 28.844410 107499995000.000000
14.800000 32.249031 107499995000.000000
15.000000 32.984845 107499995000.000000
15.200000 37.735925 107499995000.000000
15.400000 37.735925 0.000000
15.600000 36.878178 0.000000
15.800000 36.221541 0.000000
16.000000 34.409301 0.000000
16.200000 34.409301 0.000000
16.400000 32.249031 0.000000
16.600000 29.120440 0.000000
16.800000 31.240999 0.000000
17.000000 30.463092 0.000000
17.200000 32.000000 0.000000
17.400000 32.249031 0.000000
17.600000 31.240999 0.000000
17.800000 32.984845 0.000000
18.000000 32.249031 0.000000
18.200000 32.249031 0.000000
18.400000 34.409301 0.000000
18.600000 32.984845 0.000000
18.800000 32.249031 0.000000
19.000000 32.249031 0.000000
19.200000 31.240999 0.000000
19.400000 29.120440 107499995000.000000
19.600000 28.284271 107499995000.000000
19.800000 28.844410 107499995000.000000
20.000000 32.249031 107499995000.000000
20.200000 32.000000 107499995000.000000
20.400000 34.176015 107499995000.000000
20.600000 39.597980 107499995000.000000
20.800000 43.081318 107499995000.000000
21.000000 44.000000 107499995000.000000
21.200000 48.332184 107499995000.000000
21.400000 48.166378 107499995000.000000
21.600000 50.596443 107499995000.000000
21.800000 52.000000 107499995000.000000
22.000000 53.665631 107499995000.000000
22.200000 53.814496 107499995000.000000
22.400000 54.405882 107499995000.000000
22.600000 56.568542 107499995000.000000
22.800000 57.688820 107499995000.000000
23.000000 61.057350 107499995000.000000
23.200000 64.498062 107499995000.000000
23.400000 67.052218 0.000000
23.600000 70.767224 0.000000
23.800000 69.856997 0.000000
24.000000 72.000000 0.000000
24.200000 69.856997 0.000000
24.400000 70.767224 0.000000
24.600000 68.352030 0.000000
24.800000 68.117545 0.000000
25.000000 66.211781 0.000000
25.200000 65.604878 0.000000
25.400000 62.096699 0.000000
25.600000 61.188234 0.000000
25.800000 63.245553 0.000000
26.000000 61.057350 0.000000
26.200000 60.133186 0.000000
26.400000 59.464275 0.000000
26.600000 62.225397 0.000000
26.800000 60.926185 0.000000
27.000000 64.000000 0.000000
27.200000 60.926185 0.000000
27.400000 65.115282 107499995000.000000
27.600000 64.621978 107499995000.000000
27.800000 68.117545 107499995000.000000
28.000000 68.000000 107499995000.000000
28.200000 71.217975 107499995000.000000
28.400000 74.726167 107499995000.000000
28.600000 72.993150 107499995000.000000
28.800000 77.665951 107499995000.000000
29.000000 82.365041 107499995000.000000
29.200000 84.380092 107499995000.000000
29.400000 89.888820 107499995000.000000
29.600000 96.166522 107499995000.000000
29.800000 102.528045 107499995000.000000
30.000000 104.307238 107499995000.000000
30.200000 109.178753 107499995000.000000
30.400000 114.402797 107499995000.000000
30.600000 119.331471 107499995000.000000
30.800000 122.376468 107499995000.000000
31.000000 125.602548 107499995000.000000
31.200000 130.598622 107499995000.000000
31.400000 136.058811 0.000000
31.600000 132.423563 0.000000
31.800000 131.209756 0.000000
32.000000 131.026715 0.000000
32.200000 128.062485 0.000000
32.400000 130.598622 0.000000
32.600000 128.809938 0.000000
32.800000 128.000000 0.000000
33.000000 128.809938 0.000000
33.200000 128.062485 0.000000
33.400000 128.062485 0.000000
33.600000 126.301227 0.000000
33.800000 123.223374 0.000000
34.000000 118.118584 0.000000
34.200000 116.275535 0.000000
34.400000 116.619038 0.000000
34.600000 113.278418 0.000000
34.800000 112.641023 0.000000
35.000000 113.771701 0.000000
35.200000 112.071406 0.000000
35.400000 114.612390 107499995000.000000
35.600000 120.598507 107499995000.000000
35.800000 124.064499 107499995000.000000
36.000000 130.107648 107499995000.000000
36.200000 132.966161 107499995000.000000
36.400000 136.528385 107499995000.000000
36.600000 143.387587 107499995000.000000
36.800000 147.566934 107499995000.000000
37.000000 148.862353 107499995000.000000
