0.000000 12.000000 0.000000
0.200000 12.000000 0.000000
0.400000 12.649111 0.000000
0.600000 11.313708 0.000000
0.800000 12.649111 0.000000
1.000000 12.000000 0.000000
1.200000 8.000000 0.000000
1.400000 8.944272 0.000000
1.600000 8.944272 0.000000
1.800000 8.000000 0.000000
2.000000 5.656854 0.000000
2.200000 5.656854 0.000000
2.400000 8.000000 0.000000
2.600000 8.944272 0.000000
2.800000 8.944272 0.000000
3.000000 8.944272 0.000000
3.200000 8.000000 0.000000
3.400000 8.944272 0.000000
3.600000 11.313708 0.000000
3.800000 8.944272 110000010000.000000
4.000000 12.649111 110000010000.000000
4.200000 12.000000 110000010000.000000
4.400000 8.944272 110000010000.000000
4.600000 8.944272 110000010000.000000
4.800000 8.000000 110000010000.000000
5.000000 8.944272 110000010000.000000
5.200000 8.944272 110000010000.000000
5.400000 8.000000 110000010000.000000
5.600000 8.944272 110000010000.000000
5.800000 11.313708 110000010000.000000
6.000000 12.649111 110000010000.000000
6.200000 16.000000 110000010000.000000
6.400000 16.492423 110000010000.000000
6.600000 20.000000 110000010000.000000
6.800000 20.000000 110000010000.000000
7.000000 16.492423 110000010000.000000
7.200000 20.396078 110000010000.000000
7.400000 17.888544 110000010000.000000
7.600000 20.000000 110000010000.000000
7.800000 16.492423 0.000000
8.000000 16.492423 0.000000
8.200000 16.970563 0.000000
8.400000 16.492423 0.000000
8.600000 16.000000 0.000000
8.800000 17.888544 0.000000
9.000000 20.000000 0.000000
9.200000 20.396078 0.000000
9.400000 20.396078 0.000000
9.600000 20.000000 0.000000
9.800000 20.000000 0.000000
10.000000 21.540659 0.000000
10.200000 20.000000 0.000000
10.400000 17.888544 0.000000
10.600000 16.970563 0.000000
10.800000 16.492423 0.000000
11.000000 16.000000 0.000000
11.200000 14.422205 0.000000
11.400000 14.422205 0.000000
11.600000 16.000000 0.000000
11.800000 14.422205 110000010000.000000
12.000000 16.970563 110000010000.000000
12.200000 20.396078 110000010000.000000
12.400000 20.000000 110000010000.000000
12.600000 21.540659 110000010000.000000
12.800000 22.627417 110000010000.000000
13.000000 25.298221 110000010000.000000
13.200000 24.000000 110000010000.000000
13.400000 25.298221 110000010000.000000
13.600000 22.627417 110000010000.000000
13.800000 25.298221 110000010000.000000
14.000000 24.000000 110000010000.000000
14.200000 26.832816 110000010000.000000
14.400000 25.612497 110000010000.000000
14.600000 28.284271 110000010000.000000
14.800000 29.120440 110000010000.000000
15.000000 31.240999 110000010000.000000
15.200000 35.777088 110000010000.000000
15.400000 40.199502 110000010000.000000
15.600000 41.761226 110000010000.000000
15.800000 42.520583 0.000000
16.000000 41.182521 0.000000
16.200000 40.199502 0.000000
16.400000 41.761226 0.000000
16.600000 36.878178 0.000000
16.800000 39.395431 0.000000
17.000000 36.000000 0.000000
17.200000 35.777088 0.000000
17.400000 36.878178 0.000000
17.600000 36.878178 0.000000
17.800000 36.878178 0.000000
18.000000 34.409301 0.000000
18.200000 37.735925 0.000000
18.400000 36.221541 0.000000
18.600000 36.878178 0.000000
18.800000 40.000000 0.000000
19.000000 37.735925 0.000000
19.200000 36.221541 0.000000
19.400000 36.878178 0.000000
19.600000 34.409301 0.000000
19.800000 32.249031 110000010000.000000
20.000000 36.221541 110000010000.000000
20.200000 34.176015 110000010000.000000
20.400000 36.878178 110000010000.000000
20.600000 37.947332 110000010000.000000
20.800000 40.199502 110000010000.000000
21.000000 46.647615 110000010000.000000
21.200000 48.826222 110000010000.000000
21.400000 49.477268 110000010000.000000
21.600000 52.611786 110000010000.000000
21.800000 57.688820 110000010000.000000
22.000000 57.688820 110000010000.000000
22.200000 61.188234 110000010000.000000
22.400000 61.188234 110000010000.000000
22.600000 63.245553 110000010000.000000
22.800000 64.498062 110000010000.000000
23.000000 68.468971 110000010000.000000
23.200000 72.111026 110000010000.000000
23.400000 73.539105 110000010000.000000
23.600000 77.252832 110000010000.000000
23.800000 80.399005 0.000000
24.000000 82.365041 0.000000
24.200000 83.234608 0.000000
24.400000 81.584312 0.000000
24.600000 81.584312 0.000000
24.800000 83.234608 0.000000
25.000000 80.993827 0.000000
25.200000 80.894994 0.000000
25.400000 78.587531 0.000000
25.600000 76.837491 0.000000
25.800000 75.153177 0.000000
26.000000 76.000000 0.000000
26.200000 73.539105 0.000000
26.400000 73.756356 0.000000
26.600000 70.880181 0.000000
26.800000 72.993150 0.000000
27.000000 72.111026 0.000000
27.200000 72.111026 0.000000
27.400000 72.993150 0.000000
27.600000 74.726167 0.000000
27.800000 71.217975 110000010000.000000
28.000000 76.941536 110000010000.000000
28.200000 80.399005 110000010000.000000
28.400000 80.993827 110000010000.000000
28.600000 82.073138 110000010000.000000
28.800000 86.162637 110000010000.000000
29.000000 88.090862 110000010000.000000
29.200000 94.826157 110000010000.000000
29.400000 96.829747 110000010000.000000
29.600000 101.980390 110000010000.000000
29.800000 106.733313 110000010000.000000
30.000000 113.701363 110000010000.000000
30.200000 119.866593 110000010000.000000
30.400000 124.000000 110000010000.000000
30.600000 130.782262 110000010000.000000
30.800000 136.235091 110000010000.000000
31.000000 141.760361 110000010000.000000
31.200000 145.986301 110000010000.000000
31.400000 148.808602 110000010000.000000
