0.000000 11.313708 112500000000.000000
0.200000 12.649111 112500000000.000000
0.400000 12.000000 112500000000.000000
0.600000 12.649111 112500000000.000000
0.800000 11.313708 112500000000.000000
1.000000 8.944272 112500000000.000000
1.200000 8.000000 112500000000.000000
1.400000 8.944272 112500000000.000000
1.600000 8.944272 112500000000.000000
1.800000 12.000000 0.000000
2.000000 8.944272 0.000000
2.200000 11.313708 0.000000
2.400000 12.649111 0.000000
2.600000 16.000000 0.000000
2.800000 14.422205 0.000000
3.000000 16.970563 0.000000
3.200000 14.422205 0.000000
3.400000 12.000000 0.000000
3.600000 12.649111 0.000000
3.800000 11.313708 0.000000
4.000000 8.944272 0.000000
4.200000 8.000000 0.000000
4.400000 8.944272 0.000000
4.600000 8.944272 0.000000
4.800000 8.000000 0.000000
5.000000 8.944272 0.000000
5.200000 11.313708 0.000000
5.400000 12.649111 0.000000
5.600000 12.000000 0.000000
5.800000 12.649111 112500000000.000000
6.000000 14.422205 112500000000.000000
6.200000 14.422205 112500000000.000000
6.400000 16.492423 112500000000.000000
6.600000 16.492423 112500000000.000000
6.800000 14.422205 112500000000.000000
7.000000 14.422205 112500000000.000000
7.200000 12.649111 112500000000.000000
7.400000 12.649111 112500000000.000000
7.600000 11.313708 112500000000.000000
7.800000 12.649111 112500000000.000000
8.000000 16.492423 112500000000.000000
8.200000 20.000000 112500000000.000000
8.400000 20.000000 112500000000.000000
8.600000 20.396078 112499990000.000000
8.800000 24.331050 112500000000.000000
9.000000 23.323808 112500000000.000000
9.200000 25.612497 112500000000.000000
9.400000 29.120440 112500000000.000000
9.600000 28.284271 112500000000.000000
9.800000 26.832816 0.000000
10.000000 25.612497 0.000000
10.200000 24.331050 0.000000
10.400000 24.331050 0.000000
10.600000 22.627417 0.000000
10.800000 21.540659 0.000000
11.000000 24.000000 0.000000
11.200000 23.323808 0.000000
11.400000 25.612497 0.000000
11.600000 25.298221 0.000000
11.800000 28.284271 0.000000
12.000000 26.832816 0.000000
12.200000 25.612497 0.000000
12.400000 25.298221 0.000000
12.600000 28.000000 0.000000
12.800000 26.832816 0.000000
13.000000 22.627417 0.000000
13.200000 21.540659 0.000000
13.400000 20.396078 0.000000
13.600000 20.000000 0.000000
13.800000 17.888544 112500000000.000000
14.000000 24.000000 112500000000.000000
14.200000 25.298221 112500000000.000000
14.400000 28.284271 112500000000.000000
14.600000 30.463092 112500000000.000000
14.800000 32.000000 112500000000.000000
15.000000 34.176015 112500000000.000000
15.200000 33.941125 112500000000.000000
15.400000 35.777088 112500000000.000000
15.600000 36.000000 112500000000.000000
15.800000 37.947332 112500000000.000000
16.000000 39.597980 112500000000.000000
16.200000 37.947332 112500000000.000000
16.400000 40.199502 112500000000.000000
16.600000 41.182521 112500000000.000000
16.800000 43.266615 112500000000.000000
17.000000 44.721360 112500000000.000000
17.200000 49.477268 112500000000.000000
17.400000 51.224994 112500000000.000000
17.600000 55.569776 112500000000.000000
17.800000 60.133186 0.000000
18.000000 59.464275 0.000000
18.200000 59.464275 0.000000
18.400000 57.271284 0.000000
18.600000 60.133186 0.000000
18.800000 55.713553 0.000000
19.000000 56.568542 0.000000
19.200000 52.000000 0.000000
19.400000 52.153619 0.000000
19.600000 50.119856 0.000000
19.800000 51.224994 0.000000
20.000000 49.477268 0.000000
20.200000 49.477268 0.000000
20.400000 51.224994 0.000000
20.600000 50.119856 0.000000
20.800000 52.153619 0.000000
21.000000 54.405882 0.000000
21.200000 53.814496 0.000000
21.400000 53.665631 0.000000
21.600000 52.153619 0.000000
21.800000 50.596443 112500000000.000000
22.000000 53.814496 112500000000.000000
22.200000 52.000000 112500000000.000000
22.400000 56.000000 112500000000.000000
22.600000 57.271284 112500000000.000000
22.800000 56.850682 112500000000.000000
23.000000 62.096699 112500000000.000000
23.200000 65.115282 112500000000.000000
23.400000 68.818602 112500000000.000000
23.600000 75.471849 112500000000.000000
23.800000 80.399005 112500000000.000000
24.000000 83.522452 112500000000.000000
24.200000 88.090862 112500000000.000000
24.400000 89.442719 112500000000.000000
24.600000 96.083297 112500000000.000000
24.800000 98.792712 112500000000.000000
25.000000 99.035347 112500000000.000000
25.200000 104.995238 112500000000.000000
25.400000 108.664622 112500000000.000000
25.600000 113.207774 112500000000.000000
25.800000 118.726577 0.000000
26.000000 116.619038 0.000000
26.200000 118.928550 0.000000
26.400000 118.793939 0.000000
26.600000 115.169440 0.000000
26.800000 116.275535 0.000000
27.000000 114.612390 0.000000
27.200000 114.402797 0.000000
27.400000 114.542569 0.000000
27.600000 110.634533 0.000000
27.800000 111.211510 0.000000
28.000000 107.331263 0.000000
28.200000 104.076895 0.000000
28.400000 104.000000 0.000000
28.600000 101.980390 0.000000
28.800000 103.846040 0.000000
29.000000 101.980390 0.000000
29.200000 103.227903 0.000000
29.400000 102.215459 0.000000
29.600000 104.307238 0.000000
29.800000 101.192885 112500000000.000000
30.000000 107.628992 112500000000.000000
30.200000 112.924754 112499990000.000000
30.400000 116.068945 112500000000.000000
30.600000 119.866593 112500000000.000000
30.800000 122.441823 112500000000.000000
31.000000 127.121989 112500000000.000000
31.200000 131.939380 112500000000.000000
31.400000 136.235091 112500000000.000000
31.600000 143.387587 112500000000.000000
31.800000 148.216059 112500000000.000000
