0.000000 12.000000 0.000000
0.200000 12.649111 0.000000
0.400000 11.313708 0.000000
0.600000 11.313708 0.000000
0.800000 12.649111 0.000000
1.000000 12.000000 0.000000
1.200000 8.944272 0.000000
1.400000 8.944272 0.000000
1.600000 8.944272 0.000000
1.800000 4.000000 0.000000
2.000000 5.656854 0.000000
2.200000 4.000000 0.000000
2.400000 4.000000 0.000000
2.600000 5.656854 0.000000
2.800000 8.944272 0.000000
3.000000 8.000000 0.000000
3.200000 8.000000 0.000000
3.400000 8.944272 0.000000
3.600000 11.313708 0.000000
3.800000 8.944272 0.000000
4.000000 8.000000 115000000000.000000
4.200000 8.000000 115000000000.000000
4.400000 8.944272 115000000000.000000
4.600000 8.944272 115000000000.000000
4.800000 8.000000 115000000000.000000
5.000000 8.944272 115000000000.000000
5.200000 8.944272 115000000000.000000
5.400000 8.000000 115000000000.000000
5.600000 8.944272 115000000000.000000
5.800000 11.313708 115000000000.000000
6.000000 12.649111 115000000000.000000
6.200000 16.000000 115000000000.000000
6.400000 16.492423 115000000000.000000
6.600000 16.970563 115000000000.000000
6.800000 17.888544 115000000000.000000
7.000000 16.492423 115000000000.000000
7.200000 16.492423 115000000000.000000
7.400000 17.888544 115000000000.000000
7.600000 17.888544 115000000000.000000
7.800000 16.000000 115000000000.000000
8.000000 16.492423 0.000000
8.200000 16.970563 0.000000
8.400000 16.492423 0.000000
8.600000 16.492423 0.000000
8.800000 20.000000 0.000000
9.000000 17.888544 0.000000
9.200000 20.396078 0.000000
9.400000 20.396078 0.000000
9.600000 20.000000 0.000000
9.800000 20.000000 0.000000
10.000000 20.396078 0.000000
10.200000 20.396078 0.000000
10.400000 17.888544 0.000000
10.600000 16.970563 0.000000
10.800000 16.492423 0.000000
11.000000 16.492423 0.000000
11.200000 14.422205 0.000000
11.400000 12.649111 0.000000
11.600000 16.492423 0.000000
11.800000 14.422205 0.000000
12.000000 17.888544 115000000000.000000
12.200000 20.396078 115000000000.000000
12.400000 20.396078 115000000000.000000
12.600000 23.323808 115000000000.000000
12.800000 22.627417 115000000000.000000
13.000000 25.298221 115000000000.000000
13.200000 24.000000 115000000000.000000
13.400000 23.323808 115000020000.000000
13.600000 25.612497 115000020000.000000
13.800000 25.298221 115000020000.000000
14.000000 24.331050 115000000000.000000
14.200000 25.612497 115000000000.000000
14.400000 26.832816 115000000000.000000
14.600000 28.000000 115000000000.000000
14.800000 30.463092 115000000000.000000
15.000000 33.941125 115000000000.000000
15.200000 34.176015 115000000000.000000
15.400000 40.000000 115000000000.000000
15.600000 39.395431 115000000000.000000
15.800000 45.254834 115000000000.000000
16.000000 43.081318 0.000000
16.200000 44.000000 0.000000
16.400000 43.081318 0.000000
16.600000 42.520583 0.000000
16.800000 37.947332 0.000000
17.000000 40.199502 0.000000
17.200000 37.735925 0.000000
17.400000 37.735925 0.000000
17.600000 36.221541 0.000000
17.800000 37.947332 0.000000
18.000000 39.597980 0.000000
18.200000 39.395431 0.000000
18.400000 40.000000 0.000000
18.600000 43.081318 0.000000
18.800000 39.597980 0.000000
19.000000 39.395431 0.000000
19.200000 40.000000 0.000000
19.400000 37.947332 0.000000
19.600000 36.878178 0.000000
19.800000 34.176015 0.000000
20.000000 36.000000 115000000000.000000
20.200000 35.777088 115000000000.000000
20.400000 36.878178 115000000000.000000
20.600000 40.792156 115000000000.000000
20.800000 40.792156 115000000000.000000
21.000000 45.607017 115000020000.000000
21.200000 50.119856 115000000000.000000
21.400000 52.153619 115000000000.000000
21.600000 54.405882 115000000000.000000
21.800000 56.850682 115000000000.000000
22.000000 59.059292 115000000000.000000
22.200000 64.124878 115000000000.000000
22.400000 63.245553 115000000000.000000
22.600000 65.115282 115000000000.000000
22.800000 69.856997 115000000000.000000
23.000000 72.000000 115000000000.000000
23.200000 75.153177 115000000000.000000
23.400000 76.837491 115000000000.000000
23.600000 82.462113 115000000000.000000
23.800000 85.510233 115000000000.000000
24.000000 91.214034 0.000000
24.200000 91.301698 0.000000
24.400000 92.347171 0.000000
24.600000 92.347171 0.000000
24.800000 93.380940 0.000000
25.000000 91.389277 0.000000
25.200000 88.000000 0.000000
25.400000 87.726849 0.000000
25.600000 85.041167 0.000000
25.800000 83.522452 0.000000
26.000000 80.894994 0.000000
26.200000 80.993827 0.000000
26.400000 78.892332 0.000000
26.600000 80.399005 0.000000
26.800000 79.699435 0.000000
27.000000 82.073138 0.000000
27.200000 82.462113 0.000000
27.400000 80.099938 0.000000
27.600000 84.095184 0.000000
27.800000 79.397733 0.000000
28.000000 79.699435 115000000000.000000
28.200000 84.380092 115000000000.000000
28.400000 87.817994 115000000000.000000
28.600000 88.814413 115000000000.000000
28.800000 89.442719 115000000000.000000
29.000000 95.078915 115000000000.000000
29.200000 99.357939 115000000000.000000
29.400000 105.603030 115000000000.000000
29.600000 108.000000 115000000000.000000
29.800000 116.275535 115000000000.000000
30.000000 122.441823 115000000000.000000
30.200000 128.062485 115000000000.000000
30.400000 134.937022 115000000000.000000
30.600000 140.000000 115000000000.000000
30.800000 144.941367 115000000000.000000
