0.000000 11.313708 117500020000.000000
0.200000 8.944272 117500020000.000000
0.400000 12.000000 117500020000.000000
0.600000 8.000000 117500030000.000000
0.800000 8.944272 117500030000.000000
1.000000 8.944272 117500030000.000000
1.200000 8.000000 117500020000.000000
1.400000 8.944272 117500030000.000000
1.600000 8.944272 117500020000.000000
1.800000 8.000000 0.000000
2.000000 8.944272 0.000000
2.200000 11.313708 0.000000
2.400000 12.649111 0.000000
2.600000 12.000000 0.000000
2.800000 12.649111 0.000000
3.000000 14.422205 0.000000
3.200000 14.422205 0.000000
3.400000 12.649111 0.000000
3.600000 12.000000 0.000000
3.800000 8.944272 0.000000
4.000000 11.313708 0.000000
4.200000 8.944272 0.000000
4.400000 8.000000 0.000000
4.600000 5.656854 0.000000
4.800000 8.000000 0.000000
5.000000 8.944272 0.000000
5.200000 11.313708 0.000000
5.400000 8.944272 0.000000
5.600000 12.000000 0.000000
5.800000 12.649111 117500020000.000000
6.000000 14.422205 117500020000.000000
6.200000 14.422205 117500020000.000000
6.400000 12.649111 117500020000.000000
6.600000 12.000000 117500020000.000000
6.800000 12.649111 117500020000.000000
7.000000 11.313708 117500030000.000000
7.200000 12.649111 117500030000.000000
7.400000 12.649111 117500020000.000000
7.600000 11.313708 117500030000.000000
7.800000 12.649111 117500030000.000000
8.000000 16.000000 117500020000.000000
8.200000 17.888544 117500030000.000000
8.400000 20.000000 117500020000.000000
8.600000 20.396078 117500020000.000000
8.800000 24.331050 117500020000.000000
9.000000 23.323808 117500020000.000000
9.200000 25.612497 117500020000.000000
9.400000 25.298221 117500020000.000000
9.600000 28.000000 117500030000.000000
9.800000 26.832816 0.000000
10.000000 25.612497 0.000000
10.200000 25.298221 0.000000
10.400000 24.331050 0.000000
10.600000 23.323808 0.000000
10.800000 23.323808 0.000000
11.000000 24.000000 0.000000
11.200000 21.540659 0.000000
11.400000 22.627417 0.000000
11.600000 25.298221 0.000000
11.800000 24.000000 0.000000
12.000000 25.298221 0.000000
12.200000 28.284271 0.000000
12.400000 26.832816 0.000000
12.600000 24.000000 0.000000
12.800000 25.298221 0.000000
13.000000 22.627417 0.000000
13.200000 21.540659 0.000000
13.400000 20.000000 0.000000
13.600000 17.888544 0.000000
13.800000 20.000000 117500030000.000000
14.000000 20.396078 117500030000.000000
14.200000 25.298221 117500030000.000000
14.400000 25.612497 117500030000.000000
14.600000 26.832816 117500030000.000000
14.800000 28.284271 117500030000.000000
15.000000 32.984845 117500030000.000000
15.200000 34.409301 117500030000.000000
15.400000 35.777088 117500030000.000000
15.600000 36.221541 117500020000.000000
15.800000 36.878178 117500020000.000000
16.000000 36.878178 117500020000.000000
16.200000 35.777088 117500020000.000000
16.400000 40.199502 117500030000.000000
16.600000 39.395431 117500020000.000000
16.800000 42.520583 117500020000.000000
17.000000 45.607017 117500030000.000000
17.200000 48.662100 117500030000.000000
17.400000 52.153619 117500030000.000000
17.600000 54.405882 117500030000.000000
17.800000 57.271284 0.000000
18.000000 57.271284 0.000000
18.200000 57.688820 0.000000
18.400000 61.057350 0.000000
18.600000 56.568542 0.000000
18.800000 57.271284 0.000000
19.000000 54.405882 0.000000
19.200000 55.569776 0.000000
19.400000 52.153619 0.000000
19.600000 50.596443 0.000000
19.800000 50.911688 0.000000
20.000000 50.596443 0.000000
20.200000 52.153619 0.000000
20.400000 50.119856 0.000000
20.600000 54.405882 0.000000
20.800000 53.366656 0.000000
21.000000 52.611786 0.000000
21.200000 52.153619 0.000000
21.400000 52.153619 0.000000
21.600000 53.366656 0.000000
21.800000 49.477268 117500020000.000000
22.000000 54.405882 117500030000.000000
22.200000 55.569776 117500030000.000000
22.400000 56.568542 117500030000.000000
22.600000 55.713553 117500030000.000000
22.800000 59.464275 117500030000.000000
23.000000 64.621978 117500030000.000000
23.200000 68.117545 117500020000.000000
23.400000 71.554175 117500020000.000000
23.600000 76.837491 117500030000.000000
23.800000 82.462113 117500030000.000000
24.000000 85.510233 117500030000.000000
24.200000 89.888820 117500020000.000000
24.400000 95.414884 117500020000.000000
24.600000 97.324200 117500020000.000000
24.800000 100.000000 117500030000.000000
25.000000 104.995238 117500020000.000000
25.200000 110.923397 117500030000.000000
25.400000 112.000000 117500030000.000000
25.600000 116.275535 117500030000.000000
25.800000 122.441823 0.000000
26.000000 123.223374 0.000000
26.200000 123.223374 0.000000
26.400000 122.441823 0.000000
26.600000 119.866593 0.000000
26.800000 120.000000 0.000000
27.000000 121.852370 0.000000
27.200000 121.918005 0.000000
27.400000 116.481758 0.000000
27.600000 117.098249 0.000000
27.800000 115.377641 0.000000
28.000000 113.207774 0.000000
28.200000 108.664622 0.000000
28.400000 110.054532 0.000000
28.600000 107.480231 0.000000
28.800000 106.282642 0.000000
29.000000 104.690019 0.000000
29.200000 107.703296 0.000000
29.400000 106.508216 0.000000
29.600000 105.223572 0.000000
29.800000 107.703296 117500030000.000000
30.000000 110.634533 117500030000.000000
30.200000 116.275535 117500020000.000000
30.400000 120.066648 117500020000.000000
30.600000 127.121989 117500020000.000000
30.800000 127.561750 117500030000.000000
31.000000 132.966161 117500030000.000000
31.200000 138.852440 117500020000.000000
31.400000 145.602198 117500030000.000000
