0.000000 11.313708 120000020000.000000
0.200000 8.944272 120000000000.000000
0.400000 12.649111 120000000000.000000
0.600000 12.000000 120000000000.000000
0.800000 8.944272 120000000000.000000
1.000000 8.944272 120000000000.000000
1.200000 8.000000 120000000000.000000
1.400000 8.944272 120000000000.000000
1.600000 8.944272 120000000000.000000
1.800000 12.000000 120000000000.000000
2.000000 12.649111 120000000000.000000
2.200000 14.422205 120000000000.000000
2.400000 14.422205 0.000000
2.600000 16.000000 0.000000
2.800000 16.492423 0.000000
3.000000 16.970563 0.000000
3.200000 17.888544 0.000000
3.400000 16.492423 0.000000
3.600000 16.000000 0.000000
3.800000 14.422205 0.000000
4.000000 14.422205 0.000000
4.200000 12.649111 0.000000
4.400000 12.649111 0.000000
4.600000 11.313708 0.000000
4.800000 12.649111 0.000000
5.000000 12.649111 0.000000
5.200000 11.313708 0.000000
5.400000 14.422205 0.000000
5.600000 16.000000 0.000000
5.800000 16.492423 0.000000
6.000000 14.422205 0.000000
6.200000 14.422205 0.000000
6.400000 16.492423 120000000000.000000
6.600000 16.000000 120000000000.000000
6.800000 12.649111 120000000000.000000
7.000000 14.422205 120000000000.000000
7.200000 12.649111 120000000000.000000
7.400000 12.649111 120000000000.000000
7.600000 14.422205 120000000000.000000
7.800000 14.422205 120000000000.000000
8.000000 16.000000 120000000000.000000
8.200000 17.888544 120000000000.000000
8.400000 20.000000 120000000000.000000
8.600000 21.540659 120000000000.000000
8.800000 24.000000 120000000000.000000
9.000000 26.832816 120000000000.000000
9.200000 28.284271 120000000000.000000
9.400000 30.463092 120000000000.000000
9.600000 28.000000 120000000000.000000
9.800000 30.463092 120000000000.000000
10.000000 28.284271 120000000000.000000
10.200000 30.463092 120000000000.000000
10.400000 32.249031 0.000000
10.600000 32.249031 0.000000
10.800000 28.844410 0.000000
11.000000 32.249031 0.000000
11.200000 32.984845 0.000000
11.400000 31.240999 0.000000
11.600000 34.176015 0.000000
11.800000 32.000000 0.000000
12.000000 34.176015 0.000000
12.200000 33.941125 0.000000
12.400000 35.777088 0.000000
12.600000 32.249031 0.000000
12.800000 34.176015 0.000000
13.000000 31.240999 0.000000
13.200000 30.463092 0.000000
13.400000 28.000000 0.000000
13.600000 26.832816 0.000000
13.800000 25.612497 0.000000
14.000000 28.284271 0.000000
14.200000 29.120440 0.000000
14.400000 28.844410 120000000000.000000
14.600000 32.249031 120000000000.000000
14.800000 32.249031 120000000000.000000
15.000000 37.947332 120000000000.000000
15.200000 40.000000 120000000000.000000
15.400000 41.182521 120000000000.000000
15.600000 40.199502 120000000000.000000
15.800000 41.761226 120000000000.000000
16.000000 45.607017 120000000000.000000
16.200000 44.721360 120000000000.000000
16.400000 44.181444 120000000000.000000
16.600000 46.818800 120000000000.000000
16.800000 48.166378 120000000000.000000
17.000000 54.405882 120000000000.000000
17.200000 56.568542 120000000000.000000
17.400000 61.057350 120000000000.000000
17.600000 63.245553 120000000000.000000
17.800000 69.050706 120000000000.000000
18.000000 73.756356 120000000000.000000
18.200000 77.665951 120000020000.000000
18.400000 80.993827 0.000000
18.600000 80.894994 0.000000
18.800000 78.587531 0.000000
19.000000 76.837491 0.000000
19.200000 75.153177 0.000000
19.400000 72.000000 0.000000
19.600000 69.856997 0.000000
19.800000 70.767224 0.000000
20.000000 70.880181 0.000000
20.200000 69.050706 0.000000
20.400000 72.111026 0.000000
20.600000 72.111026 0.000000
20.800000 72.993150 0.000000
21.000000 70.880181 0.000000
21.200000 71.217975 0.000000
21.400000 73.430239 0.000000
21.600000 72.443081 0.000000
21.800000 67.052218 0.000000
22.000000 68.117545 0.000000
22.200000 66.211781 0.000000
22.400000 64.000000 120000000000.000000
22.600000 66.211781 120000020000.000000
22.800000 71.217975 120000000000.000000
23.000000 74.726167 120000000000.000000
23.200000 77.665951 120000000000.000000
23.400000 83.234608 120000000000.000000
23.600000 87.817994 120000000000.000000
23.800000 92.779308 120000000000.000000
24.000000 100.000000 120000000000.000000
24.200000 104.995238 120000000000.000000
24.400000 109.252002 120000000000.000000
24.600000 112.000000 120000020000.000000
24.800000 118.186294 120000000000.000000
25.000000 121.918005 120000020000.000000
25.200000 128.062485 120000000000.000000
25.400000 131.026715 120000000000.000000
25.600000 136.821051 120000000000.000000
25.800000 143.108351 120000000000.000000
26.000000 148.054044 120000000000.000000
