0.000000 12.000000 122500006000.000000
0.200000 12.649111 122500006000.000000
0.400000 11.313708 122500006000.000000
0.600000 12.649111 122500006000.000000
0.800000 12.000000 122500006000.000000
1.000000 12.649111 122500006000.000000
1.200000 11.313708 122500006000.000000
1.400000 8.944272 122500006000.000000
1.600000 12.000000 122500006000.000000
1.800000 8.944272 122500006000.000000
2.000000 11.313708 122500006000.000000
2.200000 12.000000 0.000000
2.400000 12.649111 0.000000
2.600000 14.422205 0.000000
2.800000 16.492423 0.000000
3.000000 16.000000 0.000000
3.200000 16.492423 0.000000
3.400000 16.970563 0.000000
3.600000 17.888544 0.000000
3.800000 16.492423 0.000000
4.000000 16.492423 0.000000
4.200000 14.422205 0.000000
4.400000 14.422205 0.000000
4.600000 12.000000 0.000000
4.800000 8.944272 0.000000
5.000000 11.313708 0.000000
5.200000 12.000000 0.000000
5.400000 12.649111 0.000000
5.600000 11.313708 0.000000
5.800000 12.649111 0.000000
6.000000 16.000000 0.000000
6.200000 16.492423 122500006000.000000
6.400000 14.422205 122500006000.000000
6.600000 14.422205 122500006000.000000
6.800000 16.492423 122500006000.000000
7.000000 16.000000 122500006000.000000
7.200000 17.888544 122500006000.000000
7.400000 14.422205 122500006000.000000
7.600000 16.492423 122500006000.000000
7.800000 16.492423 122500006000.000000
8.000000 16.970563 122500006000.000000
8.200000 17.888544 122500006000.000000
8.400000 20.000000 122500006000.000000
8.600000 23.323808 122500006000.000000
8.800000 25.612497 122500006000.000000
9.000000 25.298221 122500006000.000000
9.200000 28.284271 122500006000.000000
9.400000 32.249031 122500006000.000000
9.600000 31.240999 122500006000.000000
9.800000 34.176015 122500006000.000000
10.000000 36.221541 122500006000.000000
10.200000 35.777088 0.000000
10.400000 31.240999 0.000000
10.600000 32.984845 0.000000
10.800000 32.249031 0.000000
11.000000 28.844410 0.000000
11.200000 32.249031 0.000000
11.400000 32.000000 0.000000
11.600000 30.463092 0.000000
11.800000 31.240999 0.000000
12.000000 34.176015 0.000000
12.200000 32.000000 0.000000
12.400000 35.777088 0.000000
12.600000 33.941125 0.000000
12.800000 34.176015 0.000000
13.000000 32.000000 0.000000
13.200000 30.463092 0.000000
13.400000 28.284271 0.000000
13.600000 29.120440 0.000000
13.800000 28.284271 0.000000
14.000000 26.832816 0.000000
14.200000 28.844410 122500006000.000000
14.400000 28.284271 122500006000.000000
14.600000 29.120440 122500006000.000000
14.800000 33.941125 122500006000.000000
15.000000 35.777088 122500006000.000000
15.200000 40.000000 122500006000.000000
15.400000 43.081318 122500006000.000000
15.600000 42.520583 122500006000.000000
15.800000 48.332184 122500006000.000000
16.000000 48.166378 122500006000.000000
16.200000 50.596443 122500006000.000000
16.400000 50.911688 122500006000.000000
16.600000 52.000000 122500006000.000000
16.800000 56.142675 122500006000.000000
17.000000 59.059292 122500006000.000000
17.200000 60.000000 122500006000.000000
17.400000 61.188234 122500006000.000000
17.600000 65.969690 122500006000.000000
17.800000 71.217975 122500006000.000000
18.000000 78.892332 122500006000.000000
18.200000 80.399005 0.000000
18.400000 79.699435 0.000000
18.600000 79.397733 0.000000
18.800000 80.498447 0.000000
19.000000 80.099938 0.000000
19.200000 77.252832 0.000000
19.400000 76.419893 0.000000
19.600000 75.894664 0.000000
19.800000 72.443081 0.000000
20.000000 69.971423 0.000000
20.200000 72.111026 0.000000
20.400000 69.050706 0.000000
20.600000 70.880181 0.000000
20.800000 73.756356 0.000000
21.000000 71.554175 0.000000
21.200000 72.111026 0.000000
21.400000 73.539105 0.000000
21.600000 73.539105 0.000000
21.800000 73.539105 0.000000
22.000000 72.000000 0.000000
22.200000 69.856997 122500006000.000000
22.400000 70.767224 122500006000.000000
22.600000 74.726167 122500006000.000000
22.800000 76.941536 122500006000.000000
23.000000 80.993827 122500006000.000000
23.200000 84.380092 122500006000.000000
23.400000 88.814413 122500006000.000000
23.600000 92.347171 122500006000.000000
23.800000 99.035347 122500006000.000000
24.000000 107.703296 122500006000.000000
24.200000 112.071406 122500006000.000000
24.400000 119.866593 122500006000.000000
24.600000 124.963995 122500006000.000000
24.800000 128.062485 122500006000.000000
25.000000 134.164079 122500006000.000000
25.200000 140.000000 122500006000.000000
25.400000 144.941367 122500006000.000000
25.600000 148.054044 122500006000.000000
