0.000000 11.313708 127500010000.000000
0.200000 14.422205 127500010000.000000
0.400000 16.492423 127500010000.000000
0.600000 16.492423 127500010000.000000
0.800000 17.888544 0.000000
1.000000 16.970563 0.000000
1.200000 16.492423 0.000000
1.400000 16.000000 0.000000
1.600000 16.492423 0.000000
1.800000 14.422205 0.000000
2.000000 12.649111 0.000000
2.200000 12.000000 0.000000
2.400000 11.313708 0.000000
2.600000 12.649111 0.000000
2.800000 12.000000 0.000000
3.000000 14.422205 0.000000
3.200000 14.422205 0.000000
3.400000 16.492423 0.000000
3.600000 16.000000 0.000000
3.800000 17.888544 0.000000
4.000000 16.970563 0.000000
4.200000 17.888544 0.000000
4.400000 16.000000 0.000000
4.600000 12.649111 0.000000
4.800000 14.422205 127500010000.000000
5.000000 12.649111 127500010000.000000
5.200000 12.000000 127500010000.000000
5.400000 12.649111 127500010000.000000
5.600000 14.422205 127500010000.000000
5.800000 16.000000 127500010000.000000
6.000000 16.492423 127500010000.000000
6.200000 16.970563 127500010000.000000
6.400000 21.540659 127500010000.000000
6.600000 24.000000 127500010000.000000
6.800000 25.298221 127500010000.000000
7.000000 25.612497 127500010000.000000
7.200000 26.832816 127500010000.000000
7.400000 28.284271 127500010000.000000
7.600000 29.120440 127500010000.000000
7.800000 28.844410 127500010000.000000
8.000000 26.832816 127500010000.000000
8.200000 28.000000 127500010000.000000
8.400000 30.463092 127500010000.000000
8.600000 31.240999 127500010000.000000
8.800000 32.984845 0.000000
9.000000 32.249031 0.000000
9.200000 34.409301 0.000000
9.400000 37.735925 0.000000
9.600000 36.878178 0.000000
9.800000 36.878178 0.000000
10.000000 37.735925 0.000000
10.200000 37.735925 0.000000
10.400000 36.878178 0.000000
10.600000 36.878178 0.000000
10.800000 34.409301 0.000000
11.000000 32.249031 0.000000
11.200000 32.249031 0.000000
11.400000 29.120440 0.000000
11.600000 28.284271 0.000000
11.800000 30.463092 0.000000
12.000000 32.249031 0.000000
12.200000 32.249031 0.000000
12.400000 34.409301 0.000000
12.600000 32.984845 0.000000
12.800000 32.249031 127500010000.000000
13.000000 37.735925 127500010000.000000
13.200000 40.000000 127500010000.000000
13.400000 41.761226 127500010000.000000
13.600000 40.199502 127500010000.000000
13.800000 41.182521 127500010000.000000
14.000000 43.266615 127500010000.000000
14.200000 44.721360 127500010000.000000
14.400000 45.607017 127500010000.000000
14.600000 48.166378 127500010000.000000
14.800000 48.332184 127500010000.000000
15.000000 56.000000 127500010000.000000
15.200000 57.271284 127500010000.000000
15.400000 65.115282 127500010000.000000
15.600000 67.052218 127500010000.000000
15.800000 72.111026 127500010000.000000
16.000000 76.941536 127500010000.000000
16.200000 82.462113 127500010000.000000
16.400000 83.522452 127500010000.000000
16.600000 88.814413 127500010000.000000
16.800000 89.888820 0.000000
17.000000 89.888820 0.000000
17.200000 84.852814 0.000000
17.400000 83.522452 0.000000
17.600000 85.041167 0.000000
17.800000 82.462113 0.000000
18.000000 84.095184 0.000000
18.200000 85.883642 0.000000
18.400000 85.603738 0.000000
18.600000 86.348133 0.000000
18.800000 85.510233 0.000000
19.000000 86.533231 0.000000
19.200000 84.380092 0.000000
19.400000 80.894994 0.000000
19.600000 82.462113 0.000000
19.800000 80.000000 0.000000
20.000000 76.941536 0.000000
20.200000 76.105190 0.000000
20.400000 73.539105 0.000000
20.600000 73.756356 0.000000
20.800000 74.726167 127500010000.000000
21.000000 76.941536 127500010000.000000
21.200000 84.380092 127500010000.000000
21.400000 89.888820 127500010000.000000
21.600000 93.380940 127500010000.000000
21.800000 98.954535 127500010000.000000
22.000000 105.603030 127500010000.000000
22.200000 112.712022 127500010000.000000
22.400000 116.275535 127500010000.000000
22.600000 120.332872 127500010000.000000
22.800000 124.579292 127500010000.000000
23.000000 130.291980 127500010000.000000
23.200000 137.462722 127500010000.000000
23.400000 143.220110 127500010000.000000
