0.000000 11.313708 130000010000.000000
0.200000 8.944272 130000010000.000000
0.400000 8.944272 130000010000.000000
0.600000 8.000000 130000010000.000000
0.800000 8.944272 130000010000.000000
1.000000 8.944272 130000010000.000000
1.200000 8.000000 130000010000.000000
1.400000 8.944272 130000010000.000000
1.600000 5.656854 130000010000.000000
1.800000 8.000000 130000010000.000000
2.000000 8.944272 130000010000.000000
2.200000 11.313708 130000010000.000000
2.400000 14.422205 130000010000.000000
2.600000 16.000000 130000010000.000000
2.800000 16.492423 130000010000.000000
3.000000 20.000000 0.000000
3.200000 20.000000 0.000000
3.400000 16.492423 0.000000
3.600000 16.000000 0.000000
3.800000 17.888544 0.000000
4.000000 14.422205 0.000000
4.200000 12.649111 0.000000
4.400000 12.649111 0.000000
4.600000 11.313708 0.000000
4.800000 12.649111 0.000000
5.000000 12.000000 0.000000
5.200000 14.422205 0.000000
5.400000 14.422205 0.000000
5.600000 16.492423 0.000000
5.800000 16.492423 0.000000
6.000000 17.888544 0.000000
6.200000 16.970563 0.000000
6.400000 16.492423 0.000000
6.600000 16.000000 0.000000
6.800000 12.649111 0.000000
7.000000 11.313708 130000010000.000000
7.200000 12.649111 130000010000.000000
7.400000 12.000000 130000010000.000000
7.600000 14.422205 130000010000.000000
7.800000 14.422205 130000010000.000000
8.000000 16.000000 130000010000.000000
8.200000 17.888544 130000010000.000000
8.400000 20.000000 130000010000.000000
8.600000 21.540659 130000010000.000000
8.800000 24.000000 130000010000.000000
9.000000 25.298221 130000010000.000000
9.200000 28.284271 130000010000.000000
9.400000 26.832816 130000010000.000000
9.600000 28.000000 130000010000.000000
9.800000 29.120440 130000010000.000000
10.000000 31.240999 130000010000.000000
10.200000 30.463092 130000010000.000000
10.400000 32.000000 130000010000.000000
10.600000 32.249031 130000010000.000000
10.800000 34.409301 130000010000.000000
11.000000 36.878178 0.000000
11.200000 36.878178 0.000000
11.400000 40.000000 0.000000
11.600000 41.182521 0.000000
11.800000 40.199502 0.000000
12.000000 41.761226 0.000000
12.200000 40.000000 0.000000
12.400000 41.182521 0.000000
12.600000 40.199502 0.000000
12.800000 37.947332 0.000000
13.000000 36.878178 0.000000
13.200000 35.777088 0.000000
13.400000 36.000000 0.000000
13.600000 34.176015 0.000000
13.800000 31.240999 0.000000
14.000000 32.984845 0.000000
14.200000 32.249031 0.000000
14.400000 34.409301 0.000000
14.600000 34.409301 0.000000
14.800000 36.221541 0.000000
15.000000 36.878178 130000010000.000000
15.200000 40.000000 130000010000.000000
15.400000 43.266615 130000010000.000000
15.600000 40.792156 130000010000.000000
15.800000 44.721360 130000010000.000000
16.000000 45.607017 130000010000.000000
16.200000 46.647615 130000010000.000000
16.400000 48.166378 130000010000.000000
16.600000 50.596443 130000010000.000000
16.800000 50.911688 130000010000.000000
17.000000 55.713553 130000010000.000000
17.200000 60.133186 130000010000.000000
17.400000 64.498062 130000010000.000000
17.600000 68.818602 130000010000.000000
17.800000 73.756356 130000010000.000000
18.000000 76.941536 130000010000.000000
18.200000 80.993827 130000010000.000000
18.400000 86.533231 130000010000.000000
18.600000 93.380940 130000010000.000000
18.800000 95.078915 130000010000.000000
19.000000 96.829747 0.000000
19.200000 98.386991 0.000000
19.400000 96.083297 0.000000
19.600000 91.389277 0.000000
19.800000 90.686272 0.000000
20.000000 91.214034 0.000000
20.200000 93.380940 0.000000
20.400000 92.086915 0.000000
20.600000 93.295230 0.000000
20.800000 92.779308 0.000000
21.000000 92.347171 0.000000
21.200000 90.686272 0.000000
21.400000 93.037627 0.000000
21.600000 92.000000 0.000000
21.800000 87.726849 0.000000
22.000000 87.726849 0.000000
22.200000 84.758480 0.000000
22.400000 84.380092 0.000000
22.600000 80.993827 0.000000
22.800000 80.993827 0.000000
23.000000 80.894994 130000010000.000000
23.200000 87.361319 130000010000.000000
23.400000 90.686272 130000010000.000000
23.600000 100.319490 130000010000.000000
23.800000 104.000000 130000010000.000000
24.000000 109.252002 130000010000.000000
24.200000 116.275535 130000010000.000000
24.400000 121.457812 130000010000.000000
24.600000 129.553078 130000010000.000000
24.800000 133.146536 130000010000.000000
25.000000 139.942845 130000010000.000000
25.200000 144.499135 130000010000.000000
