0.000000 12.649111 132500005000.000000
0.200000 11.313708 132500005000.000000
0.400000 11.313708 0.000000
0.600000 12.649111 0.000000
0.800000 12.000000 0.000000
1.000000 8.944272 0.000000
1.200000 8.944272 0.000000
1.400000 8.944272 0.000000
1.600000 8.000000 0.000000
1.800000 5.656854 0.000000
2.000000 8.000000 0.000000
2.200000 8.944272 0.000000
2.400000 5.656854 0.000000
2.600000 8.944272 0.000000
2.800000 12.000000 0.000000
3.000000 12.649111 0.000000
3.200000 11.313708 0.000000
3.400000 11.313708 0.000000
3.600000 12.649111 0.000000
3.800000 12.000000 0.000000
4.000000 8.944272 0.000000
4.200000 8.944272 0.000000
4.400000 5.656854 132500005000.000000
4.600000 8.000000 132500010000.000000
4.800000 5.656854 132500005000.000000
5.000000 8.944272 132500010000.000000
5.200000 8.000000 132500005000.000000
5.400000 8.944272 132500010000.000000
5.600000 11.313708 132500010000.000000
5.800000 12.649111 132500010000.000000
6.000000 16.000000 132500010000.000000
6.200000 17.888544 132500005000.000000
6.400000 16.970563 132500005000.000000
6.600000 17.888544 132500005000.000000
6.800000 16.000000 132500010000.000000
7.000000 16.492423 132500010000.000000
7.200000 16.970563 132500005000.000000
7.400000 17.888544 132500005000.000000
7.600000 16.000000 132500005000.000000
7.800000 17.888544 132500010000.000000
8.000000 20.000000 132500005000.000000
8.200000 20.396078 132500010000.000000
8.400000 21.540659 0.000000
8.600000 22.627417 0.000000
8.800000 26.832816 0.000000
9.000000 24.000000 0.000000
9.200000 25.298221 0.000000
9.400000 25.612497 0.000000
9.600000 26.832816 0.000000
9.800000 24.331050 0.000000
10.000000 24.331050 0.000000
10.200000 23.323808 0.000000
10.400000 23.323808 0.000000
10.600000 20.000000 0.000000
10.800000 21.540659 0.000000
11.000000 20.000000 0.000000
11.200000 20.396078 0.000000
11.400000 20.396078 0.000000
11.600000 20.000000 0.000000
11.800000 23.323808 0.000000
12.000000 24.331050 0.000000
12.200000 24.331050 0.000000
12.400000 23.323808 132500005000.000000
12.600000 25.612497 132500005000.000000
12.800000 24.331050 132500005000.000000
13.000000 24.331050 132500005000.000000
13.200000 26.832816 132500010000.000000
13.400000 28.844410 132500005000.000000
13.600000 28.284271 132500005000.000000
13.800000 29.120440 132500005000.000000
14.000000 31.240999 132500010000.000000
14.200000 30.463092 132500010000.000000
14.400000 36.000000 132500010000.000000
14.600000 35.777088 132500010000.000000
14.800000 40.000000 132500010000.000000
15.000000 45.607017 132500005000.000000
15.200000 48.166378 132500010000.000000
15.400000 50.119856 132500005000.000000
15.600000 51.224994 132500010000.000000
15.800000 54.405882 132500010000.000000
16.000000 56.568542 132500010000.000000
16.200000 61.057350 132500010000.000000
16.400000 63.245553 0.000000
16.600000 61.188234 0.000000
16.800000 57.271284 0.000000
17.000000 56.850682 0.000000
17.200000 57.271284 0.000000
17.400000 60.000000 0.000000
17.600000 57.271284 0.000000
17.800000 59.464275 0.000000
18.000000 59.464275 0.000000
18.200000 60.133186 0.000000
18.400000 59.059292 0.000000
18.600000 62.481997 0.000000
18.800000 58.240879 0.000000
19.000000 60.530984 0.000000
19.200000 55.569776 0.000000
19.400000 54.405882 0.000000
19.600000 53.366656 0.000000
19.800000 53.366656 0.000000
20.000000 51.224994 0.000000
20.200000 50.119856 0.000000
20.400000 52.000000 132500005000.000000
20.600000 55.713553 132500010000.000000
20.800000 59.464275 132500010000.000000
21.000000 63.245553 132500010000.000000
21.200000 68.117545 132500005000.000000
21.400000 71.554175 132500005000.000000
21.600000 76.837491 132500005000.000000
21.800000 79.699435 132500010000.000000
22.000000 84.852814 132500010000.000000
22.200000 87.817994 132500010000.000000
22.400000 92.086915 132500010000.000000
22.600000 97.324200 132500005000.000000
22.800000 100.000000 132500010000.000000
23.000000 104.995238 132500005000.000000
23.200000 112.924754 132500010000.000000
23.400000 116.068945 132500005000.000000
23.600000 127.059041 132500005000.000000
23.800000 134.402381 132500005000.000000
24.000000 142.772546 132500005000.000000
24.200000 148.431803 132500005000.000000
