0.000000 11.313708 0.000000
0.200000 8.944272 0.000000
0.400000 8.000000 0.000000
0.600000 8.000000 0.000000
0.800000 5.656854 0.000000
1.000000 5.656854 0.000000
1.200000 4.000000 0.000000
1.400000 4.000000 0.000000
1.600000 4.000000 0.000000
1.800000 4.000000 135000010000.000000
2.000000 5.656854 134999990000.000000
2.200000 8.944272 135000010000.000000
2.400000 8.000000 134999990000.000000
2.600000 8.000000 135000010000.000000
2.800000 8.944272 134999990000.000000
3.000000 11.313708 134999990000.000000
3.200000 12.649111 135000010000.000000
3.400000 12.000000 134999990000.000000
3.600000 12.649111 134999990000.000000
3.800000 8.944272 134999990000.000000
4.000000 8.944272 134999990000.000000
4.200000 8.000000 134999990000.000000
4.400000 8.944272 134999990000.000000
4.600000 11.313708 134999990000.000000
4.800000 12.000000 134999990000.000000
5.000000 12.649111 134999990000.000000
5.200000 16.970563 134999990000.000000
5.400000 17.888544 135000010000.000000
5.600000 20.000000 134999990000.000000
5.800000 21.540659 0.000000
6.000000 20.000000 0.000000
6.200000 20.000000 0.000000
6.400000 20.396078 0.000000
6.600000 20.396078 0.000000
6.800000 17.888544 0.000000
7.000000 17.888544 0.000000
7.200000 16.492423 0.000000
7.400000 16.492423 0.000000
7.600000 16.970563 0.000000
7.800000 16.492423 0.000000
8.000000 16.492423 0.000000
8.200000 14.422205 0.000000
8.400000 17.888544 0.000000
8.600000 20.396078 0.000000
8.800000 20.396078 0.000000
9.000000 20.000000 0.000000
9.200000 20.000000 0.000000
9.400000 16.492423 0.000000
9.600000 16.000000 0.000000
9.800000 17.888544 134999990000.000000
10.000000 16.970563 134999990000.000000
10.200000 16.492423 134999990000.000000
10.400000 16.492423 135000010000.000000
10.600000 16.970563 135000010000.000000
10.800000 17.888544 134999990000.000000
11.000000 20.000000 134999990000.000000
11.200000 23.323808 135000010000.000000
11.400000 25.612497 134999990000.000000
11.600000 29.120440 134999990000.000000
11.800000 32.249031 135000010000.000000
12.000000 32.249031 134999990000.000000
12.200000 33.941125 134999990000.000000
12.400000 34.176015 134999990000.000000
12.600000 36.000000 134999990000.000000
12.800000 39.395431 135000010000.000000
13.000000 36.878178 134999990000.000000
13.200000 41.761226 134999990000.000000
13.400000 40.199502 134999990000.000000
13.600000 43.266615 135000010000.000000
13.800000 46.647615 0.000000
14.000000 48.166378 0.000000
14.200000 46.818800 0.000000
14.400000 48.166378 0.000000
14.600000 48.332184 0.000000
14.800000 48.000000 0.000000
15.000000 52.000000 0.000000
15.200000 50.911688 0.000000
15.400000 48.332184 0.000000
15.600000 48.000000 0.000000
15.800000 48.332184 0.000000
16.000000 45.254834 0.000000
16.200000 43.081318 0.000000
16.400000 44.181444 0.000000
16.600000 41.182521 0.000000
16.800000 43.266615 0.000000
17.000000 40.792156 0.000000
17.200000 41.761226 0.000000
17.400000 42.520583 0.000000
17.600000 44.721360 0.000000
17.800000 44.181444 134999990000.000000
18.000000 46.818800 134999990000.000000
18.200000 48.166378 134999990000.000000
18.400000 53.665631 134999990000.000000
18.600000 56.142675 134999990000.000000
18.800000 55.713553 134999990000.000000
19.000000 59.464275 135000010000.000000
19.200000 60.926185 134999990000.000000
19.400000 64.124878 135000010000.000000
19.600000 68.000000 135000010000.000000
19.800000 71.217975 135000010000.000000
20.000000 77.665951 135000010000.000000
20.200000 81.584312 134999990000.000000
20.400000 85.603738 135000010000.000000
20.600000 91.301698 135000010000.000000
20.800000 100.319490 135000010000.000000
21.000000 106.282642 134999990000.000000
21.200000 110.344914 134999990000.000000
21.400000 116.619038 134999990000.000000
21.600000 124.064499 134999990000.000000
21.800000 127.059041 0.000000
22.000000 125.602548 0.000000
22.200000 122.376468 0.000000
22.400000 120.332872 0.000000
22.600000 121.918005 0.000000
22.800000 118.186294 0.000000
23.000000 120.066648 0.000000
23.200000 118.118584 0.000000
23.400000 120.000000 0.000000
23.600000 118.456743 0.000000
23.800000 119.331471 0.000000
24.000000 116.824655 0.000000
24.200000 116.275535 0.000000
24.400000 116.068945 0.000000
24.600000 111.427106 0.000000
24.800000 110.344914 0.000000
25.000000 108.811764 0.000000
25.200000 104.690019 0.000000
25.400000 104.307238 0.000000
25.600000 104.307238 0.000000
25.800000 104.690019 134999990000.000000
26.000000 110.054532 135000010000.000000
26.200000 116.000000 135000010000.000000
26.400000 124.064499 134999990000.000000
26.600000 132.544332 135000010000.000000
26.800000 137.927517 134999990000.000000
27.000000 146.478667 134999990000.000000
