0.000000 11.313708 140000000000.000000
0.200000 8.944272 140000000000.000000
0.400000 12.649111 140000000000.000000
0.600000 12.000000 140000000000.000000
0.800000 8.944272 0.000000
1.000000 8.944272 0.000000
1.200000 8.000000 0.000000
1.400000 8.944272 0.000000
1.600000 5.656854 0.000000
1.800000 8.000000 0.000000
2.000000 8.944272 0.000000
2.200000 8.944272 0.000000
2.400000 8.944272 0.000000
2.600000 12.000000 0.000000
2.800000 12.649111 0.000000
3.000000 11.313708 0.000000
3.200000 11.313708 0.000000
3.400000 12.649111 0.000000
3.600000 12.000000 0.000000
3.800000 8.944272 0.000000
4.000000 5.656854 0.000000
4.200000 8.944272 0.000000
4.400000 4.000000 0.000000
4.600000 5.656854 0.000000
4.800000 4.000000 140000000000.000000
5.000000 8.944272 140000000000.000000
5.200000 11.313708 140000000000.000000
5.400000 8.944272 140000000000.000000
5.600000 12.000000 140000000000.000000
5.800000 12.649111 140000000000.000000
6.000000 14.422205 140000000000.000000
6.200000 14.422205 140000000000.000000
6.400000 16.492423 140000000000.000000
6.600000 16.000000 140000000000.000000
6.800000 17.888544 140000000000.000000
7.000000 16.970563 140000000000.000000
7.200000 16.492423 140000000000.000000
7.400000 16.492423 140000000000.000000
7.600000 14.422205 140000000000.000000
7.800000 17.888544 140000000000.000000
8.000000 20.000000 140000000000.000000
8.200000 21.540659 140000000000.000000
8.400000 25.612497 140000000000.000000
8.600000 25.298221 140000000000.000000
8.800000 28.000000 0.000000
9.000000 30.463092 0.000000
9.200000 28.284271 0.000000
9.400000 30.463092 0.000000
9.600000 28.000000 0.000000
9.800000 26.832816 0.000000
10.000000 28.284271 0.000000
10.200000 25.298221 0.000000
10.400000 24.000000 0.000000
10.600000 23.323808 0.000000
10.800000 23.323808 0.000000
11.000000 24.331050 0.000000
11.200000 25.298221 0.000000
11.400000 22.627417 0.000000
11.600000 26.832816 0.000000
11.800000 28.000000 0.000000
12.000000 25.298221 0.000000
12.200000 25.612497 0.000000
12.400000 26.832816 0.000000
12.600000 24.331050 0.000000
12.800000 25.298221 140000000000.000000
13.000000 25.612497 140000000000.000000
13.200000 26.832816 140000000000.000000
13.400000 24.000000 140000000000.000000
13.600000 26.832816 140000000000.000000
13.800000 31.240999 140000000000.000000
14.000000 29.120440 140000000000.000000
14.200000 32.984845 140000000000.000000
14.400000 37.735925 140000000000.000000
14.600000 41.182521 140000000000.000000
14.800000 44.721360 140000000000.000000
15.000000 45.607017 140000000000.000000
15.200000 48.826222 140000000000.000000
15.400000 52.153619 140000000000.000000
15.600000 56.568542 140000000000.000000
15.800000 58.240879 140000000000.000000
16.000000 60.000000 140000000000.000000
16.200000 62.609903 140000000000.000000
16.400000 64.124878 140000000000.000000
16.600000 68.352030 140000000000.000000
16.800000 70.767224 0.000000
17.000000 72.111026 0.000000
17.200000 72.443081 0.000000
17.400000 75.471849 0.000000
17.600000 72.111026 0.000000
17.800000 72.993150 0.000000
18.000000 73.756356 0.000000
18.200000 74.404301 0.000000
18.400000 73.430239 0.000000
18.600000 72.443081 0.000000
18.800000 70.880181 0.000000
19.000000 68.117545 0.000000
19.200000 66.211781 0.000000
19.400000 64.000000 0.000000
19.600000 66.211781 0.000000
19.800000 62.481997 0.000000
20.000000 62.096699 0.000000
20.200000 65.115282 0.000000
20.400000 63.245553 0.000000
20.600000 66.573268 0.000000
20.800000 64.498062 140000000000.000000
21.000000 70.880181 140000000000.000000
21.200000 76.837491 140000000000.000000
21.400000 78.892332 140000000000.000000
21.600000 84.380092 140000000000.000000
21.800000 88.543774 140000000000.000000
22.000000 90.686272 140000000000.000000
22.200000 95.078915 140000000000.000000
22.400000 100.079968 140000000000.000000
22.600000 103.768974 140000000000.000000
22.800000 111.211510 140000000000.000000
23.000000 118.456743 140000000000.000000
23.200000 124.193398 140000000000.000000
23.400000 136.235091 140000000000.000000
23.600000 139.713994 140000000000.000000
