0.000000 11.313708 144999990000.000000
0.200000 11.313708 144999990000.000000
0.400000 12.649111 144999990000.000000
0.600000 12.000000 144999990000.000000
0.800000 8.944272 144999990000.000000
1.000000 11.313708 144999990000.000000
1.200000 8.944272 144999990000.000000
1.400000 8.000000 144999990000.000000
1.600000 8.944272 144999990000.000000
1.800000 8.944272 144999990000.000000
2.000000 12.000000 144999990000.000000
2.200000 14.422205 144999990000.000000
2.400000 14.422205 144999990000.000000
2.600000 16.492423 144999990000.000000
2.800000 20.396078 144999990000.000000
3.000000 23.323808 0.000000
3.200000 20.000000 0.000000
3.400000 21.540659 0.000000
3.600000 20.000000 0.000000
3.800000 17.888544 0.000000
4.000000 16.970563 0.000000
4.200000 16.492423 0.000000
4.400000 16.000000 0.000000
4.600000 14.422205 0.000000
4.800000 14.422205 0.000000
5.000000 16.000000 0.000000
5.200000 17.888544 0.000000
5.400000 16.970563 0.000000
5.600000 16.492423 0.000000
5.800000 20.000000 0.000000
6.000000 17.888544 0.000000
6.200000 16.970563 0.000000
6.400000 17.888544 0.000000
6.600000 20.000000 0.000000
6.800000 16.492423 0.000000
7.000000 16.970563 144999990000.000000
7.200000 17.888544 144999990000.000000
7.400000 16.000000 144999990000.000000
7.600000 17.888544 144999990000.000000
7.800000 20.000000 144999990000.000000
8.000000 20.396078 144999990000.000000
8.200000 21.540659 144999990000.000000
8.400000 25.612497 144999990000.000000
8.600000 26.832816 144999990000.000000
8.800000 28.284271 144999990000.000000
9.000000 32.984845 144999990000.000000
9.200000 34.409301 144999990000.000000
9.400000 35.777088 144999990000.000000
9.600000 36.221541 144999990000.000000
9.800000 37.947332 144999990000.000000
10.000000 40.000000 144999990000.000000
10.200000 41.182521 144999990000.000000
10.400000 44.181444 144999990000.000000
10.600000 46.818800 144999990000.000000
10.800000 48.166378 144999990000.000000
11.000000 50.596443 0.000000
11.200000 52.611786 0.000000
11.400000 52.153619 0.000000
11.600000 54.405882 0.000000
11.800000 53.366656 0.000000
12.000000 53.366656 0.000000
12.200000 54.405882 0.000000
12.400000 52.153619 0.000000
12.600000 52.611786 0.000000
12.800000 53.366656 0.000000
13.000000 51.224994 0.000000
13.200000 50.119856 0.000000
13.400000 48.166378 0.000000
13.600000 46.818800 0.000000
13.800000 45.254834 0.000000
14.000000 46.818800 0.000000
14.200000 44.181444 0.000000
14.400000 46.647615 0.000000
14.600000 48.826222 0.000000
14.800000 49.477268 0.000000
15.000000 48.662100 144999990000.000000
15.200000 52.153619 144999990000.000000
15.400000 54.405882 144999990000.000000
15.600000 57.271284 144999990000.000000
15.800000 61.188234 144999990000.000000
16.000000 63.245553 144999990000.000000
16.200000 66.573268 144999990000.000000
16.400000 68.468971 144999990000.000000
16.600000 72.111026 144999990000.000000
16.800000 76.419893 144999990000.000000
17.000000 82.462113 144999990000.000000
17.200000 88.090862 144999990000.000000
17.400000 94.826157 144999990000.000000
17.600000 100.000000 144999990000.000000
17.800000 110.634533 144999990000.000000
18.000000 118.456743 144999990000.000000
18.200000 123.223374 144999990000.000000
18.400000 128.996124 144999990000.000000
18.600000 136.528385 144999990000.000000
18.800000 141.873183 144999990000.000000
