0.000000 11.313708 0.000000
0.200000 8.944272 0.000000
0.400000 8.000000 0.000000
0.600000 8.000000 0.000000
0.800000 8.944272 0.000000
1.000000 5.656854 0.000000
1.200000 4.000000 0.000000
1.400000 4.000000 0.000000
1.600000 5.656854 0.000000
1.800000 4.000000 0.000000
2.000000 5.656854 147500000000.000000
2.200000 8.944272 147500000000.000000
2.400000 8.944272 147500000000.000000
2.600000 12.000000 147500000000.000000
2.800000 12.649111 147500000000.000000
3.000000 11.313708 147500000000.000000
3.200000 14.422205 147500000000.000000
3.400000 12.649111 147500000000.000000
3.600000 12.000000 147500000000.000000
3.800000 14.422205 147500000000.000000
4.000000 11.313708 147500000000.000000
4.200000 12.649111 147500000000.000000
4.400000 12.649111 147500000000.000000
4.600000 11.313708 147500000000.000000
4.800000 12.649111 147500000000.000000
5.000000 16.492423 147500000000.000000
5.200000 20.000000 147500000000.000000
5.400000 20.000000 147500000000.000000
5.600000 24.331050 147500000000.000000
5.800000 24.331050 147500000000.000000
6.000000 28.844410 0.000000
6.200000 25.612497 0.000000
6.400000 25.298221 0.000000
6.600000 24.331050 0.000000
6.800000 23.323808 0.000000
7.000000 22.627417 0.000000
7.200000 20.396078 0.000000
7.400000 20.396078 0.000000
7.600000 20.000000 0.000000
7.800000 21.540659 0.000000
8.000000 20.000000 0.000000
8.200000 21.540659 0.000000
8.400000 20.000000 0.000000
8.600000 25.298221 0.000000
8.800000 24.331050 0.000000
9.000000 23.323808 0.000000
9.200000 25.612497 0.000000
9.400000 25.298221 0.000000
9.600000 24.000000 0.000000
9.800000 21.540659 0.000000
10.000000 22.627417 147500000000.000000
10.200000 21.540659 147500000000.000000
10.400000 20.396078 147500000000.000000
10.600000 23.323808 147500000000.000000
10.800000 23.323808 147500000000.000000
11.000000 28.284271 147500000000.000000
11.200000 29.120440 147500000000.000000
11.400000 31.240999 147500000000.000000
11.600000 35.777088 147500000000.000000
11.800000 40.000000 147500000000.000000
12.000000 43.081318 147500000000.000000
12.200000 45.254834 147500000000.000000
12.400000 48.332184 147500000000.000000
12.600000 48.000000 147500000000.000000
12.800000 52.000000 147500000000.000000
13.000000 50.911688 147500000000.000000
13.200000 55.713553 147500000000.000000
13.400000 56.142675 147500000000.000000
13.600000 59.059292 147500000000.000000
13.800000 65.604878 147500000000.000000
14.000000 69.856997 0.000000
14.200000 69.856997 0.000000
14.400000 71.217975 0.000000
14.600000 71.554175 0.000000
14.800000 72.111026 0.000000
15.000000 72.111026 0.000000
15.200000 70.767224 0.000000
15.400000 69.856997 0.000000
15.600000 68.117545 0.000000
15.800000 68.352030 0.000000
16.000000 67.882251 0.000000
16.200000 64.621978 0.000000
16.400000 64.124878 0.000000
16.600000 61.057350 0.000000
16.800000 63.245553 0.000000
17.000000 61.188234 0.000000
17.200000 62.096699 0.000000
17.400000 62.481997 0.000000
17.600000 62.609903 0.000000
17.800000 64.124878 0.000000
18.000000 63.245553 147500000000.000000
18.200000 70.767224 147500000000.000000
18.400000 69.856997 147500000000.000000
18.600000 76.000000 147500000000.000000
18.800000 78.790862 147500000000.000000
19.000000 82.073138 147500000000.000000
19.200000 88.543774 147500000000.000000
19.400000 92.779308 147500000000.000000
19.600000 98.792712 147500000000.000000
19.800000 104.307238 147500000000.000000
20.000000 109.178753 147500000000.000000
20.200000 117.643529 147500000000.000000
20.400000 127.310644 147500000000.000000
20.600000 132.966161 147500000000.000000
20.800000 144.222051 147500000000.000000
