0.000000 11.313708 149999980000.000000
0.200000 12.649111 149999980000.000000
0.400000 12.000000 149999980000.000000
0.600000 12.649111 149999980000.000000
0.800000 11.313708 0.000000
1.000000 8.944272 0.000000
1.200000 8.000000 0.000000
1.400000 8.944272 0.000000
1.600000 8.944272 0.000000
1.800000 8.000000 0.000000
2.000000 8.944272 0.000000
2.200000 11.313708 0.000000
2.400000 12.649111 0.000000
2.600000 12.000000 0.000000
2.800000 12.649111 0.000000
3.000000 11.313708 0.000000
3.200000 14.422205 0.000000
3.400000 12.649111 0.000000
3.600000 12.000000 0.000000
3.800000 8.944272 0.000000
4.000000 8.944272 0.000000
4.200000 8.000000 0.000000
4.400000 8.944272 0.000000
4.600000 5.656854 0.000000
4.800000 8.000000 149999980000.000000
5.000000 8.944272 149999980000.000000
5.200000 11.313708 149999980000.000000
5.400000 12.649111 149999980000.000000
5.600000 16.000000 149999980000.000000
5.800000 16.492423 149999980000.000000
6.000000 16.970563 149999980000.000000
6.200000 17.888544 149999980000.000000
6.400000 16.492423 149999980000.000000
6.600000 20.396078 149999980000.000000
6.800000 17.888544 149999980000.000000
7.000000 20.000000 149999980000.000000
7.200000 20.396078 149999980000.000000
7.400000 20.396078 149999980000.000000
7.600000 22.627417 149999980000.000000
7.800000 21.540659 149999980000.000000
8.000000 24.331050 149999980000.000000
8.200000 26.832816 149999980000.000000
8.400000 28.844410 149999980000.000000
8.600000 32.984845 149999980000.000000
8.800000 36.221541 0.000000
9.000000 37.735925 0.000000
9.200000 34.409301 0.000000
9.400000 36.878178 0.000000
9.600000 36.221541 0.000000
9.800000 32.249031 0.000000
10.000000 31.240999 0.000000
10.200000 29.120440 0.000000
10.400000 29.120440 0.000000
10.600000 28.844410 0.000000
10.800000 26.832816 0.000000
11.000000 28.000000 0.000000
11.200000 30.463092 0.000000
11.400000 31.240999 0.000000
11.600000 32.984845 0.000000
11.800000 32.249031 0.000000
12.000000 32.249031 0.000000
12.200000 31.240999 0.000000
12.400000 34.176015 0.000000
12.600000 32.000000 0.000000
12.800000 30.463092 149999980000.000000
13.000000 31.240999 149999980000.000000
13.200000 32.984845 149999980000.000000
13.400000 32.249031 149999980000.000000
13.600000 34.409301 149999980000.000000
13.800000 37.735925 149999980000.000000
14.000000 40.199502 149999980000.000000
14.200000 41.761226 149999980000.000000
14.400000 48.166378 149999980000.000000
14.600000 52.000000 149999980000.000000
14.800000 56.000000 149999980000.000000
15.000000 60.926185 149999980000.000000
15.200000 65.115282 149999980000.000000
15.400000 69.856997 149999980000.000000
15.600000 72.000000 149999980000.000000
15.800000 75.153177 149999980000.000000
16.000000 79.397733 149999980000.000000
16.200000 83.522452 149999980000.000000
16.400000 88.814413 149999980000.000000
16.600000 95.414884 149999980000.000000
16.800000 98.792712 0.000000
17.000000 100.717426 0.000000
17.200000 97.406365 0.000000
17.400000 99.035347 0.000000
17.600000 98.792712 0.000000
17.800000 100.079968 0.000000
18.000000 98.386991 0.000000
18.200000 99.357939 0.000000
18.400000 96.166522 0.000000
18.600000 97.324200 0.000000
18.800000 95.414884 0.000000
19.000000 89.888820 0.000000
19.200000 88.814413 0.000000
19.400000 88.543774 0.000000
19.600000 87.726849 0.000000
19.800000 86.162637 0.000000
20.000000 88.090862 0.000000
20.200000 85.883642 0.000000
20.400000 85.603738 0.000000
20.600000 86.348133 0.000000
20.800000 89.442719 149999980000.000000
21.000000 92.086915 149999980000.000000
21.200000 98.792712 149999980000.000000
21.400000 105.223572 149999980000.000000
21.600000 112.641023 149999980000.000000
21.800000 116.275535 149999980000.000000
22.000000 121.852370 149999980000.000000
22.200000 128.062485 149999980000.000000
22.400000 136.000000 149999980000.000000
22.600000 143.220110 149999980000.000000
