0.000000 11.313708 152500000000.000000
0.200000 8.944272 152500000000.000000
0.400000 8.944272 152500000000.000000
0.600000 8.000000 152500000000.000000
0.800000 8.944272 152500000000.000000
1.000000 5.656854 152500000000.000000
1.200000 8.000000 152500000000.000000
1.400000 8.944272 152500000000.000000
1.600000 5.656854 152500000000.000000
1.800000 8.000000 152500000000.000000
2.000000 8.944272 152500000000.000000
2.200000 11.313708 152500000000.000000
2.400000 14.422205 152500000000.000000
2.600000 16.000000 152500000000.000000
2.800000 16.492423 152500000000.000000
3.000000 20.000000 152500000000.000000
3.200000 20.000000 152500000000.000000
3.400000 20.396078 0.000000
3.600000 20.000000 0.000000
3.800000 17.888544 0.000000
4.000000 16.970563 0.000000
4.200000 16.492423 0.000000
4.400000 16.492423 0.000000
4.600000 14.422205 0.000000
4.800000 16.492423 0.000000
5.000000 16.000000 0.000000
5.200000 17.888544 0.000000
5.400000 20.000000 0.000000
5.600000 20.396078 0.000000
5.800000 20.396078 0.000000
6.000000 17.888544 0.000000
6.200000 20.000000 0.000000
6.400000 21.540659 0.000000
6.600000 20.000000 0.000000
6.800000 17.888544 0.000000
7.000000 16.970563 0.000000
7.200000 12.649111 0.000000
7.400000 12.000000 152500000000.000000
7.600000 14.422205 152500000000.000000
7.800000 14.422205 152500000000.000000
8.000000 16.000000 152500000000.000000
8.200000 21.540659 152500000000.000000
8.400000 22.627417 152500000000.000000
8.600000 25.298221 152500000000.000000
8.800000 28.000000 152500000000.000000
9.000000 30.463092 152500000000.000000
9.200000 31.240999 152500000000.000000
9.400000 35.777088 152500000000.000000
9.600000 36.000000 152500000000.000000
9.800000 37.947332 152500000000.000000
10.000000 36.878178 152500000000.000000
10.200000 39.395431 152500000000.000000
10.400000 40.000000 152500000000.000000
10.600000 41.182521 152500000000.000000
10.800000 45.607017 152500000000.000000
11.000000 49.477268 152500000000.000000
11.200000 53.366656 152500000000.000000
11.400000 60.000000 0.000000
11.600000 59.059292 0.000000
11.800000 60.530984 0.000000
12.000000 58.240879 0.000000
12.200000 62.481997 0.000000
12.400000 59.059292 0.000000
12.600000 56.142675 0.000000
12.800000 54.405882 0.000000
13.000000 53.814496 0.000000
13.200000 52.000000 0.000000
13.400000 52.000000 0.000000
13.600000 53.665631 0.000000
13.800000 51.224994 0.000000
14.000000 49.477268 0.000000
14.200000 52.611786 0.000000
14.400000 54.405882 0.000000
14.600000 52.153619 0.000000
14.800000 52.611786 0.000000
15.000000 54.405882 0.000000
15.200000 51.224994 0.000000
15.400000 53.665631 152500000000.000000
15.600000 56.142675 152500000000.000000
15.800000 58.240879 152500000000.000000
16.000000 62.481997 152500000000.000000
16.200000 62.609903 152500000000.000000
16.400000 68.000000 152500000000.000000
16.600000 69.856997 152500000000.000000
16.800000 73.756356 152500000000.000000
17.000000 83.522452 152500000000.000000
17.200000 88.814413 152500000000.000000
17.400000 95.414884 152500000000.000000
17.600000 102.215459 152500000000.000000
17.800000 109.178753 152500000000.000000
18.000000 116.481758 152500000000.000000
18.200000 124.579292 152500000000.000000
18.400000 130.782262 152500000000.000000
18.600000 140.057131 152500000000.000000
18.800000 146.696967 152500000000.000000
