0.000000 12.649111 155000010000.000000
0.200000 12.000000 155000010000.000000
0.400000 12.649111 155000010000.000000
0.600000 16.970563 155000010000.000000
0.800000 17.888544 155000010000.000000
1.000000 16.492423 155000010000.000000
1.200000 16.492423 0.000000
1.400000 14.422205 0.000000
1.600000 14.422205 0.000000
1.800000 12.000000 0.000000
2.000000 12.649111 0.000000
2.200000 11.313708 0.000000
2.400000 12.649111 0.000000
2.600000 12.649111 0.000000
2.800000 14.422205 0.000000
3.000000 14.422205 0.000000
3.200000 16.000000 0.000000
3.400000 16.492423 0.000000
3.600000 16.970563 0.000000
3.800000 17.888544 0.000000
4.000000 16.492423 0.000000
4.200000 16.000000 0.000000
4.400000 14.422205 0.000000
4.600000 14.422205 0.000000
4.800000 12.649111 0.000000
5.000000 12.649111 0.000000
5.200000 11.313708 155000010000.000000
5.400000 12.649111 155000010000.000000
5.600000 12.649111 155000010000.000000
5.800000 14.422205 155000010000.000000
6.000000 17.888544 155000010000.000000
6.200000 20.396078 155000010000.000000
6.400000 20.396078 155000010000.000000
6.600000 23.323808 155000010000.000000
6.800000 25.612497 155000010000.000000
7.000000 25.298221 155000010000.000000
7.200000 28.284271 155000010000.000000
7.400000 26.832816 155000010000.000000
7.600000 31.240999 155000010000.000000
7.800000 29.120440 155000010000.000000
8.000000 32.984845 155000010000.000000
8.200000 34.409301 155000010000.000000
8.400000 35.777088 155000010000.000000
8.600000 40.000000 155000010000.000000
8.800000 43.081318 155000010000.000000
9.000000 45.254834 155000010000.000000
9.200000 52.000000 0.000000
9.400000 52.000000 0.000000
9.600000 52.000000 0.000000
9.800000 50.911688 0.000000
10.000000 50.596443 0.000000
10.200000 48.000000 0.000000
10.400000 48.332184 0.000000
10.600000 48.166378 0.000000
10.800000 45.607017 0.000000
11.000000 44.721360 0.000000
11.200000 43.266615 0.000000
11.400000 43.266615 0.000000
11.600000 44.181444 0.000000
11.800000 43.081318 0.000000
12.000000 45.254834 0.000000
12.200000 43.081318 0.000000
12.400000 44.000000 0.000000
12.600000 46.818800 0.000000
12.800000 45.254834 0.000000
13.000000 43.081318 0.000000
13.200000 44.000000 155000010000.000000
13.400000 48.332184 155000010000.000000
13.600000 48.166378 155000010000.000000
13.800000 50.596443 155000010000.000000
14.000000 52.153619 155000010000.000000
14.200000 55.569776 155000010000.000000
14.400000 60.000000 155000010000.000000
14.600000 65.115282 155000010000.000000
14.800000 69.856997 155000010000.000000
15.000000 76.837491 155000010000.000000
15.200000 80.498447 155000010000.000000
15.400000 88.090862 155000010000.000000
15.600000 93.637599 155000010000.000000
15.800000 101.823376 155000010000.000000
16.000000 107.703296 155000010000.000000
16.200000 112.071406 155000010000.000000
16.400000 121.655251 155000010000.000000
16.600000 125.602548 155000010000.000000
16.800000 134.937022 155000010000.000000
17.000000 140.684043 155000010000.000000
17.200000 147.512711 0.000000
17.400000 143.387587 0.000000
17.600000 144.222051 0.000000
17.800000 143.387587 0.000000
18.000000 144.222051 0.000000
18.200000 145.382255 0.000000
18.400000 142.940547 0.000000
18.600000 141.534448 0.000000
18.800000 141.873183 0.000000
19.000000 140.513345 0.000000
19.200000 137.927517 0.000000
19.400000 135.351395 0.000000
19.600000 129.553078 0.000000
19.800000 130.291980 0.000000
20.000000 127.310644 0.000000
20.200000 127.812362 0.000000
20.400000 124.579292 0.000000
20.600000 127.624449 0.000000
20.800000 127.624449 0.000000
21.000000 125.027997 0.000000
21.200000 126.491106 155000010000.000000
21.400000 133.206606 155000010000.000000
21.600000 143.387587 155000010000.000000
21.800000 148.216059 155000010000.000000
