0.000000 11.313708 157500010000.000000
0.200000 8.944272 157500010000.000000
0.400000 8.000000 157500010000.000000
0.600000 8.000000 157500010000.000000
0.800000 8.944272 157500010000.000000
1.000000 8.944272 157500010000.000000
1.200000 8.000000 0.000000
1.400000 8.944272 0.000000
1.600000 8.944272 0.000000
1.800000 8.000000 0.000000
2.000000 8.944272 0.000000
2.200000 8.944272 0.000000
2.400000 12.649111 0.000000
2.600000 12.000000 0.000000
2.800000 12.649111 0.000000
3.000000 11.313708 0.000000
3.200000 14.422205 0.000000
3.400000 12.649111 0.000000
3.600000 12.000000 0.000000
3.800000 8.944272 0.000000
4.000000 8.944272 0.000000
4.200000 8.000000 0.000000
4.400000 8.000000 0.000000
4.600000 5.656854 0.000000
4.800000 8.000000 0.000000
5.000000 8.944272 0.000000
5.200000 8.944272 157500010000.000000
5.400000 8.944272 157500010000.000000
5.600000 12.000000 157500010000.000000
5.800000 12.649111 157500010000.000000
6.000000 14.422205 157500010000.000000
6.200000 14.422205 157500010000.000000
6.400000 16.492423 157500010000.000000
6.600000 16.000000 157500010000.000000
6.800000 14.422205 157500010000.000000
7.000000 14.422205 157500010000.000000
7.200000 16.492423 157500010000.000000
7.400000 16.492423 157500010000.000000
7.600000 16.970563 157500010000.000000
7.800000 17.888544 157500010000.000000
8.000000 20.000000 157500010000.000000
8.200000 23.323808 157500010000.000000
8.400000 25.612497 157500010000.000000
8.600000 29.120440 157500010000.000000
8.800000 32.249031 157500010000.000000
9.000000 32.249031 157500010000.000000
9.200000 36.878178 0.000000
9.400000 34.176015 0.000000
9.600000 36.221541 0.000000
9.800000 32.249031 0.000000
10.000000 31.240999 0.000000
10.200000 29.120440 0.000000
10.400000 28.284271 0.000000
10.600000 28.844410 0.000000
10.800000 26.832816 0.000000
11.000000 28.000000 0.000000
11.200000 30.463092 0.000000
11.400000 31.240999 0.000000
11.600000 30.463092 0.000000
11.800000 32.000000 0.000000
12.000000 30.463092 0.000000
12.200000 33.941125 0.000000
12.400000 30.463092 0.000000
12.600000 32.000000 0.000000
12.800000 30.463092 0.000000
13.000000 28.284271 0.000000
13.200000 25.298221 157500010000.000000
13.400000 28.284271 157500010000.000000
13.600000 32.249031 157500010000.000000
13.800000 32.249031 157500010000.000000
14.000000 36.221541 157500010000.000000
14.200000 37.947332 157500010000.000000
14.400000 42.520583 157500010000.000000
14.600000 44.721360 157500010000.000000
14.800000 52.153619 157500010000.000000
15.000000 54.405882 157500010000.000000
15.200000 59.464275 157500010000.000000
15.400000 62.609903 157500010000.000000
15.600000 64.124878 157500010000.000000
15.800000 68.352030 157500010000.000000
16.000000 73.539105 157500010000.000000
16.200000 77.252832 157500010000.000000
16.400000 80.099938 157500010000.000000
16.600000 85.883642 157500010000.000000
16.800000 91.214034 157500010000.000000
17.000000 98.061205 157500010000.000000
17.200000 106.733313 0.000000
17.400000 108.074049 0.000000
17.600000 107.331263 0.000000
17.800000 108.074049 0.000000
18.000000 107.703296 0.000000
18.200000 104.690019 0.000000
18.400000 106.282642 0.000000
18.600000 104.307238 0.000000
18.800000 100.239713 0.000000
19.000000 97.652445 0.000000
19.200000 98.061205 0.000000
19.400000 95.078915 0.000000
19.600000 93.722996 0.000000
19.800000 93.037627 0.000000
20.000000 92.000000 0.000000
20.200000 93.037627 0.000000
20.400000 93.722996 0.000000
20.600000 95.078915 0.000000
20.800000 93.380940 0.000000
21.000000 95.414884 0.000000
21.200000 92.086915 157500010000.000000
21.400000 97.324200 157500010000.000000
21.600000 102.839681 157500010000.000000
21.800000 108.074049 157500010000.000000
22.000000 116.275535 157500010000.000000
22.200000 124.000000 157500010000.000000
22.400000 128.809938 157500010000.000000
22.600000 136.821051 157500010000.000000
22.800000 147.512711 157500010000.000000
