0.000000 11.313708 160000000000.000000
0.200000 12.649111 159999980000.000000
0.400000 12.000000 160000000000.000000
0.600000 12.649111 160000000000.000000
0.800000 14.422205 159999980000.000000
1.000000 14.422205 159999980000.000000
1.200000 16.492423 160000000000.000000
1.400000 16.492423 159999980000.000000
1.600000 17.888544 0.000000
1.800000 14.422205 0.000000
2.000000 16.492423 0.000000
2.200000 12.649111 0.000000
2.400000 11.313708 0.000000
2.600000 12.649111 0.000000
2.800000 12.649111 0.000000
3.000000 14.422205 0.000000
3.200000 14.422205 0.000000
3.400000 16.492423 0.000000
3.600000 16.492423 0.000000
3.800000 17.888544 0.000000
4.000000 20.000000 0.000000
4.200000 16.492423 0.000000
4.400000 16.000000 0.000000
4.600000 17.888544 0.000000
4.800000 14.422205 0.000000
5.000000 12.649111 0.000000
5.200000 12.000000 0.000000
5.400000 11.313708 0.000000
5.600000 12.649111 160000000000.000000
5.800000 12.000000 160000000000.000000
6.000000 14.422205 160000000000.000000
6.200000 16.970563 160000000000.000000
6.400000 20.396078 160000000000.000000
6.600000 24.000000 160000000000.000000
6.800000 23.323808 160000000000.000000
7.000000 25.612497 160000000000.000000
7.200000 26.832816 160000000000.000000
7.400000 28.000000 160000000000.000000
7.600000 30.463092 160000000000.000000
7.800000 28.284271 159999980000.000000
8.000000 30.463092 160000000000.000000
8.200000 32.249031 160000000000.000000
8.400000 32.249031 160000000000.000000
8.600000 37.735925 160000000000.000000
8.800000 40.792156 160000000000.000000
9.000000 45.607017 160000000000.000000
9.200000 48.166378 160000000000.000000
9.400000 53.665631 160000000000.000000
9.600000 56.142675 0.000000
9.800000 58.240879 0.000000
10.000000 56.850682 0.000000
10.200000 57.271284 0.000000
10.400000 56.142675 0.000000
10.600000 55.713553 0.000000
10.800000 53.814496 0.000000
11.000000 52.000000 0.000000
11.200000 52.000000 0.000000
11.400000 50.119856 0.000000
11.600000 48.826222 0.000000
11.800000 49.477268 0.000000
12.000000 49.477268 0.000000
12.200000 48.826222 0.000000
12.400000 50.119856 0.000000
12.600000 52.153619 0.000000
12.800000 50.596443 0.000000
13.000000 51.224994 0.000000
13.200000 50.119856 0.000000
13.400000 52.153619 0.000000
13.600000 50.596443 159999980000.000000
13.800000 53.814496 160000000000.000000
14.000000 53.665631 159999980000.000000
14.200000 56.000000 160000000000.000000
14.400000 60.926185 160000000000.000000
14.600000 62.481997 160000000000.000000
14.800000 70.880181 160000000000.000000
15.000000 76.941536 160000000000.000000
15.200000 80.993827 160000000000.000000
15.400000 89.888820 160000000000.000000
15.600000 96.747093 160000000000.000000
15.800000 103.846040 160000000000.000000
16.000000 110.634533 160000000000.000000
16.200000 116.275535 159999980000.000000
16.400000 124.064499 160000000000.000000
16.600000 130.782262 160000000000.000000
16.800000 138.852440 159999980000.000000
17.000000 144.554488 160000000000.000000
