0.000000 11.313708 165000000000.000000
0.200000 12.649111 165000000000.000000
0.400000 16.000000 165000020000.000000
0.600000 16.492423 165000000000.000000
0.800000 16.970563 165000000000.000000
1.000000 17.888544 165000020000.000000
1.200000 20.396078 165000000000.000000
1.400000 20.396078 165000000000.000000
1.600000 20.000000 165000000000.000000
1.800000 20.000000 165000000000.000000
2.000000 20.000000 0.000000
2.200000 17.888544 0.000000
2.400000 16.970563 0.000000
2.600000 16.492423 0.000000
2.800000 20.396078 0.000000
3.000000 20.000000 0.000000
3.200000 23.323808 0.000000
3.400000 20.396078 0.000000
3.600000 24.331050 0.000000
3.800000 23.323808 0.000000
4.000000 23.323808 0.000000
4.200000 20.396078 0.000000
4.400000 20.396078 0.000000
4.600000 17.888544 0.000000
4.800000 20.000000 0.000000
5.000000 16.492423 0.000000
5.200000 16.492423 0.000000
5.400000 16.970563 0.000000
5.600000 16.492423 0.000000
5.800000 16.000000 0.000000
6.000000 17.888544 165000000000.000000
6.200000 20.000000 165000020000.000000
6.400000 24.331050 165000020000.000000
6.600000 24.331050 165000020000.000000
6.800000 26.832816 165000000000.000000
7.000000 31.240999 165000000000.000000
7.200000 29.120440 165000020000.000000
7.400000 32.000000 165000020000.000000
7.600000 35.777088 165000020000.000000
7.800000 36.878178 165000020000.000000
8.000000 36.878178 165000020000.000000
8.200000 36.878178 165000020000.000000
8.400000 40.000000 165000020000.000000
8.600000 43.266615 165000020000.000000
8.800000 48.166378 165000020000.000000
9.000000 50.596443 165000020000.000000
9.200000 59.464275 165000020000.000000
9.400000 60.926185 165000020000.000000
9.600000 68.000000 165000000000.000000
9.800000 73.539105 165000000000.000000
10.000000 79.195959 0.000000
10.200000 77.252832 0.000000
10.400000 76.105190 0.000000
10.600000 75.153177 0.000000
10.800000 73.756356 0.000000
11.000000 70.880181 0.000000
11.200000 69.050706 0.000000
11.400000 68.818602 0.000000
11.600000 69.971423 0.000000
11.800000 68.468971 0.000000
12.000000 68.352030 0.000000
12.200000 70.767224 0.000000
12.400000 69.856997 0.000000
12.600000 72.000000 0.000000
12.800000 69.856997 0.000000
13.000000 70.767224 0.000000
13.200000 68.352030 0.000000
13.400000 68.117545 0.000000
13.600000 68.000000 0.000000
13.800000 65.604878 0.000000
14.000000 62.096699 165000000000.000000
14.200000 69.050706 165000020000.000000
14.400000 74.404301 165000020000.000000
14.600000 76.941536 165000000000.000000
14.800000 84.380092 165000020000.000000
15.000000 89.888820 165000020000.000000
15.200000 96.166522 165000000000.000000
15.400000 106.282642 165000000000.000000
15.600000 116.275535 165000000000.000000
15.800000 121.655251 165000020000.000000
16.000000 131.209756 165000000000.000000
16.200000 138.852440 165000000000.000000
16.400000 147.512711 165000020000.000000
