0.000000 11.313708 0.000000
0.200000 8.944272 0.000000
0.400000 8.000000 0.000000
0.600000 8.000000 0.000000
0.800000 8.944272 0.000000
1.000000 5.656854 0.000000
1.200000 4.000000 0.000000
1.400000 5.656854 0.000000
1.600000 5.656854 0.000000
1.800000 4.000000 0.000000
2.000000 5.656854 0.000000
2.200000 8.944272 0.000000
2.400000 8.000000 0.000000
2.600000 8.000000 167500000000.000000
2.800000 8.944272 167500000000.000000
3.000000 11.313708 167500000000.000000
3.200000 8.944272 167500000000.000000
3.400000 12.649111 167500000000.000000
3.600000 12.000000 167500000000.000000
3.800000 8.944272 167500000000.000000
4.000000 11.313708 167500000000.000000
4.200000 12.000000 167500000000.000000
4.400000 12.649111 167500000000.000000
4.600000 11.313708 167500000000.000000
4.800000 12.649111 167500000000.000000
5.000000 16.492423 167500000000.000000
5.200000 16.970563 167500000000.000000
5.400000 17.888544 167500000000.000000
5.600000 24.331050 167500000000.000000
5.800000 24.331050 167500000000.000000
6.000000 28.844410 167500000000.000000
6.200000 28.844410 167500000000.000000
6.400000 29.120440 167500000000.000000
6.600000 32.249031 0.000000
6.800000 28.844410 0.000000
7.000000 28.844410 0.000000
7.200000 28.284271 0.000000
7.400000 25.298221 0.000000
7.600000 25.612497 0.000000
7.800000 26.832816 0.000000
8.000000 28.000000 0.000000
8.200000 26.832816 0.000000
8.400000 28.844410 0.000000
8.600000 29.120440 0.000000
8.800000 28.284271 0.000000
9.000000 32.249031 0.000000
9.200000 31.240999 0.000000
9.400000 29.120440 0.000000
9.600000 28.000000 0.000000
9.800000 26.832816 0.000000
10.000000 25.612497 0.000000
10.200000 25.298221 0.000000
10.400000 24.331050 0.000000
10.600000 23.323808 167500000000.000000
10.800000 26.832816 167500000000.000000
11.000000 28.000000 167500000000.000000
11.200000 30.463092 167500000000.000000
11.400000 33.941125 167500000000.000000
11.600000 37.947332 167500000000.000000
11.800000 40.000000 167500000000.000000
12.000000 43.081318 167500000000.000000
12.200000 50.911688 167500000000.000000
12.400000 52.000000 167500000000.000000
12.600000 56.000000 167500000000.000000
12.800000 57.271284 167500000000.000000
13.000000 59.464275 167500000000.000000
13.200000 63.245553 167500000000.000000
13.400000 68.468971 167500000000.000000
13.600000 73.430239 167500000000.000000
13.800000 77.665951 167500000000.000000
14.000000 84.852814 167500000000.000000
14.200000 91.214034 167500000000.000000
14.400000 99.357939 167500000000.000000
14.600000 105.603030 0.000000
14.800000 108.000000 0.000000
15.000000 109.252002 0.000000
15.200000 107.628992 0.000000
15.400000 104.995238 0.000000
15.600000 104.690019 0.000000
15.800000 102.215459 0.000000
16.000000 100.955436 0.000000
16.200000 97.324200 0.000000
16.400000 96.166522 0.000000
16.600000 96.332757 0.000000
16.800000 95.078915 0.000000
17.000000 92.086915 0.000000
17.200000 94.826157 0.000000
17.400000 96.829747 0.000000
17.600000 95.078915 0.000000
17.800000 93.380940 0.000000
18.000000 95.414884 0.000000
18.200000 93.295230 0.000000
18.400000 92.779308 0.000000
18.600000 91.214034 167500000000.000000
18.800000 93.722996 167500000000.000000
19.000000 101.980390 167500000000.000000
19.200000 108.000000 167500000000.000000
19.400000 114.542569 167500000000.000000
19.600000 122.441823 167500000000.000000
19.800000 131.026715 167500000000.000000
20.000000 143.610585 167500000000.000000
