0.000000 12.000000 172500000000.000000
0.200000 12.649111 172500000000.000000
0.400000 14.422205 172500000000.000000
0.600000 14.422205 172500010000.000000
0.800000 12.649111 172500000000.000000
1.000000 16.000000 172500010000.000000
1.200000 14.422205 172500000000.000000
1.400000 14.422205 172500000000.000000
1.600000 16.492423 172500000000.000000
1.800000 16.492423 0.000000
2.000000 14.422205 0.000000
2.200000 12.649111 0.000000
2.400000 16.000000 0.000000
2.600000 14.422205 0.000000
2.800000 17.888544 0.000000
3.000000 16.492423 0.000000
3.200000 20.396078 0.000000
3.400000 17.888544 0.000000
3.600000 20.000000 0.000000
3.800000 17.888544 0.000000
4.000000 16.000000 0.000000
4.200000 17.888544 0.000000
4.400000 16.970563 0.000000
4.600000 12.649111 0.000000
4.800000 12.000000 0.000000
5.000000 14.422205 0.000000
5.200000 12.649111 0.000000
5.400000 12.000000 0.000000
5.600000 14.422205 0.000000
5.800000 14.422205 172500000000.000000
6.000000 16.492423 172500000000.000000
6.200000 20.000000 172500000000.000000
6.400000 21.540659 172500000000.000000
6.600000 22.627417 172500000000.000000
6.800000 25.298221 172500000000.000000
7.000000 24.000000 172500000000.000000
7.200000 25.298221 172500000000.000000
7.400000 28.284271 172500000000.000000
7.600000 26.832816 172500000000.000000
7.800000 28.000000 172500000000.000000
8.000000 32.249031 172500000000.000000
8.200000 34.409301 172500010000.000000
8.400000 36.878178 172500010000.000000
8.600000 40.792156 172500000000.000000
8.800000 45.607017 172500000000.000000
9.000000 50.119856 172500000000.000000
9.200000 56.568542 172500000000.000000
9.400000 58.240879 172500010000.000000
9.600000 65.604878 172500000000.000000
9.800000 68.000000 0.000000
10.000000 68.468971 0.000000
10.200000 67.052218 0.000000
10.400000 65.115282 0.000000
10.600000 60.926185 0.000000
10.800000 60.000000 0.000000
11.000000 62.609903 0.000000
11.200000 60.000000 0.000000
11.400000 58.240879 0.000000
11.600000 61.188234 0.000000
11.800000 60.000000 0.000000
12.000000 61.057350 0.000000
12.200000 60.530984 0.000000
12.400000 62.096699 0.000000
12.600000 62.481997 0.000000
12.800000 59.059292 0.000000
13.000000 60.133186 0.000000
13.200000 59.464275 0.000000
13.400000 59.464275 0.000000
13.600000 57.271284 0.000000
13.800000 56.000000 172500000000.000000
14.000000 57.271284 172500000000.000000
14.200000 62.481997 172500010000.000000
14.400000 65.969690 172500000000.000000
14.600000 72.993150 172500000000.000000
14.800000 80.993827 172500000000.000000
15.000000 89.888820 172500000000.000000
15.200000 96.747093 172500000000.000000
15.400000 103.846040 172500000000.000000
15.600000 110.634533 172500000000.000000
15.800000 119.866593 172500000000.000000
16.000000 128.062485 172500000000.000000
16.200000 134.461891 172500000000.000000
16.400000 141.873183 172500010000.000000
16.600000 148.431803 172500010000.000000
