0.000000 11.313708 174999980000.000000
0.200000 12.649111 175000000000.000000
0.400000 16.000000 175000000000.000000
0.600000 16.492423 175000000000.000000
0.800000 16.970563 175000000000.000000
1.000000 17.888544 174999980000.000000
1.200000 20.396078 175000000000.000000
1.400000 20.396078 175000000000.000000
1.600000 20.000000 175000000000.000000
1.800000 20.000000 0.000000
2.000000 20.396078 0.000000
2.200000 17.888544 0.000000
2.400000 16.970563 0.000000
2.600000 16.492423 0.000000
2.800000 20.396078 0.000000
3.000000 20.000000 0.000000
3.200000 20.000000 0.000000
3.400000 20.396078 0.000000
3.600000 24.331050 0.000000
3.800000 23.323808 0.000000
4.000000 23.323808 0.000000
4.200000 21.540659 0.000000
4.400000 20.396078 0.000000
4.600000 21.540659 0.000000
4.800000 20.000000 0.000000
5.000000 16.492423 0.000000
5.200000 16.492423 0.000000
5.400000 16.970563 0.000000
5.600000 17.888544 0.000000
5.800000 16.000000 175000000000.000000
6.000000 17.888544 175000000000.000000
6.200000 20.000000 175000000000.000000
6.400000 25.298221 175000000000.000000
6.600000 28.284271 175000000000.000000
6.800000 30.463092 175000000000.000000
7.000000 31.240999 175000000000.000000
7.200000 34.176015 175000000000.000000
7.400000 36.000000 175000000000.000000
7.600000 39.395431 175000000000.000000
7.800000 39.597980 175000000000.000000
8.000000 41.761226 174999980000.000000
8.200000 44.181444 175000000000.000000
8.400000 46.647615 175000000000.000000
8.600000 52.153619 175000000000.000000
8.800000 56.568542 175000000000.000000
9.000000 62.096699 175000000000.000000
9.200000 68.117545 175000000000.000000
9.400000 75.153177 175000000000.000000
9.600000 80.099938 175000000000.000000
9.800000 86.162637 0.000000
10.000000 87.726849 0.000000
10.200000 86.162637 0.000000
10.400000 84.095184 0.000000
10.600000 84.095184 0.000000
10.800000 79.397733 0.000000
11.000000 78.587531 0.000000
11.200000 76.941536 0.000000
11.400000 77.665951 0.000000
11.600000 75.471849 0.000000
11.800000 76.419893 0.000000
12.000000 75.894664 0.000000
12.200000 76.419893 0.000000
12.400000 77.252832 0.000000
12.600000 76.105190 0.000000
12.800000 75.153177 0.000000
13.000000 76.419893 0.000000
13.200000 75.894664 0.000000
13.400000 76.419893 0.000000
13.600000 73.430239 0.000000
13.800000 71.217975 175000000000.000000
14.000000 77.665951 175000000000.000000
14.200000 81.584312 174999980000.000000
14.400000 85.603738 175000000000.000000
14.600000 94.826157 175000000000.000000
14.800000 100.079968 174999980000.000000
15.000000 109.252002 175000000000.000000
15.200000 118.928550 175000000000.000000
15.400000 130.291980 175000000000.000000
15.600000 141.421356 175000000000.000000
15.800000 147.566934 175000000000.000000
