0.000000 11.313708 177500000000.000000
0.200000 8.944272 177500000000.000000
0.400000 8.000000 177500000000.000000
0.600000 8.944272 177500000000.000000
0.800000 8.944272 177500000000.000000
1.000000 8.944272 177500000000.000000
1.200000 8.000000 177500000000.000000
1.400000 8.944272 177500000000.000000
1.600000 8.944272 177500000000.000000
1.800000 12.000000 177500000000.000000
2.000000 12.649111 177500000000.000000
2.200000 16.970563 177500000000.000000
2.400000 17.888544 177500000000.000000
2.600000 20.000000 177500000000.000000
2.800000 21.540659 177500000000.000000
3.000000 22.627417 177500000000.000000
3.200000 26.832816 177500000000.000000
3.400000 28.284271 177500000000.000000
3.600000 29.120440 177500000000.000000
3.800000 28.844410 0.000000
4.000000 26.832816 0.000000
4.200000 24.000000 0.000000
4.400000 26.832816 0.000000
4.600000 25.612497 0.000000
4.800000 24.331050 0.000000
5.000000 24.331050 0.000000
5.200000 25.612497 0.000000
5.400000 26.832816 0.000000
5.600000 28.284271 0.000000
5.800000 29.120440 0.000000
6.000000 28.844410 0.000000
6.200000 28.844410 0.000000
6.400000 28.284271 0.000000
6.600000 28.284271 0.000000
6.800000 25.612497 0.000000
7.000000 23.323808 0.000000
7.200000 24.331050 0.000000
7.400000 21.540659 0.000000
7.600000 22.627417 0.000000
7.800000 21.540659 177500000000.000000
8.000000 24.331050 177500000000.000000
8.200000 28.844410 177500000000.000000
8.400000 31.240999 177500000000.000000
8.600000 32.984845 177500000000.000000
8.800000 36.221541 177500000000.000000
9.000000 41.182521 177500000000.000000
9.200000 45.607017 177500000000.000000
9.400000 45.607017 177500000000.000000
9.600000 48.662100 177500000000.000000
9.800000 52.153619 177500000000.000000
10.000000 54.405882 177500000000.000000
10.200000 61.188234 177500000000.000000
10.400000 62.096699 177500000000.000000
10.600000 68.117545 177500000000.000000
10.800000 75.153177 177500000000.000000
11.000000 80.099938 177500000000.000000
11.200000 87.726849 177500000000.000000
11.400000 96.332757 177500000000.000000
11.600000 104.995238 177500000000.000000
11.800000 112.641023 0.000000
12.000000 114.612390 0.000000
12.200000 112.071406 0.000000
12.400000 109.836242 0.000000
12.600000 106.733313 0.000000
12.800000 105.603030 0.000000
13.000000 103.768974 0.000000
13.200000 104.076895 0.000000
13.400000 100.319490 0.000000
13.600000 99.357939 0.000000
13.800000 100.000000 0.000000
14.000000 97.324200 0.000000
14.200000 97.652445 0.000000
14.400000 98.792712 0.000000
14.600000 100.717426 0.000000
14.800000 101.192885 0.000000
15.000000 99.035347 0.000000
15.200000 96.664368 0.000000
15.400000 96.000000 0.000000
15.600000 96.664368 0.000000
15.800000 90.686272 177500000000.000000
16.000000 100.000000 177500000000.000000
16.200000 105.223572 177500000000.000000
16.400000 112.071406 177500000000.000000
16.600000 120.066648 177500000000.000000
16.800000 132.242202 177500000000.000000
17.000000 141.873183 177500000000.000000
