0.000000 11.313708 0.000000
0.200000 8.944272 0.000000
0.400000 8.000000 0.000000
0.600000 8.944272 0.000000
0.800000 8.944272 0.000000
1.000000 5.656854 0.000000
1.200000 4.000000 0.000000
1.400000 5.656854 0.000000
1.600000 4.000000 0.000000
1.800000 4.000000 0.000000
2.000000 5.656854 0.000000
2.200000 8.944272 0.000000
2.400000 8.000000 0.000000
2.600000 8.000000 180000010000.000000
2.800000 8.944272 180000010000.000000
3.000000 11.313708 180000000000.000000
3.200000 12.649111 180000010000.000000
3.400000 12.000000 180000000000.000000
3.600000 12.649111 180000010000.000000
3.800000 11.313708 180000000000.000000
4.000000 8.944272 180000010000.000000
4.200000 12.000000 180000010000.000000
4.400000 12.649111 180000010000.000000
4.600000 14.422205 180000010000.000000
4.800000 16.000000 180000010000.000000
5.000000 16.492423 180000010000.000000
5.200000 20.000000 180000010000.000000
5.400000 21.540659 180000010000.000000
5.600000 24.000000 180000010000.000000
5.800000 29.120440 180000010000.000000
6.000000 31.240999 180000010000.000000
6.200000 32.249031 180000010000.000000
6.400000 32.249031 180000010000.000000
6.600000 36.878178 0.000000
6.800000 34.409301 0.000000
7.000000 32.249031 0.000000
7.200000 32.249031 0.000000
7.400000 30.463092 0.000000
7.600000 28.284271 0.000000
7.800000 29.120440 0.000000
8.000000 32.249031 0.000000
8.200000 32.249031 0.000000
8.400000 34.409301 0.000000
8.600000 32.984845 0.000000
8.800000 32.984845 0.000000
9.000000 34.409301 0.000000
9.200000 34.409301 0.000000
9.400000 32.984845 0.000000
9.600000 32.249031 0.000000
9.800000 32.249031 0.000000
10.000000 28.844410 0.000000
10.200000 28.284271 0.000000
10.400000 29.120440 0.000000
10.600000 25.612497 180000010000.000000
10.800000 30.463092 180000010000.000000
11.000000 32.000000 180000010000.000000
11.200000 35.777088 180000000000.000000
11.400000 40.000000 180000010000.000000
11.600000 45.607017 180000010000.000000
11.800000 48.166378 180000010000.000000
12.000000 53.665631 180000010000.000000
12.200000 56.850682 180000000000.000000
12.400000 63.245553 180000000000.000000
12.600000 64.498062 180000010000.000000
12.800000 69.971423 180000010000.000000
13.000000 74.404301 180000010000.000000
13.200000 77.665951 180000010000.000000
13.400000 86.348133 180000010000.000000
13.600000 91.214034 180000000000.000000
13.800000 98.386991 180000010000.000000
14.000000 108.074049 180000010000.000000
14.200000 116.619038 180000010000.000000
14.400000 124.579292 180000010000.000000
14.600000 137.927517 0.000000
14.800000 133.506554 0.000000
15.000000 135.351395 0.000000
15.200000 134.461891 0.000000
15.400000 132.544332 0.000000
15.600000 127.812362 0.000000
15.800000 127.310644 0.000000
16.000000 122.702893 0.000000
16.200000 120.598507 0.000000
16.400000 122.114700 0.000000
16.600000 118.726577 0.000000
16.800000 120.598507 0.000000
17.000000 118.928550 0.000000
17.200000 118.793939 0.000000
17.400000 118.928550 0.000000
17.600000 116.619038 0.000000
17.800000 120.066648 0.000000
18.000000 117.643529 0.000000
18.200000 113.771701 0.000000
18.400000 115.446958 0.000000
18.600000 111.211510 180000010000.000000
18.800000 116.275535 180000010000.000000
19.000000 128.062485 180000010000.000000
19.200000 136.058811 180000010000.000000
19.400000 144.941367 180000010000.000000
