0.000000 11.313708 0.000000
0.200000 8.944272 0.000000
0.400000 8.000000 0.000000
0.600000 8.000000 0.000000
0.800000 5.656854 0.000000
1.000000 5.656854 0.000000
1.200000 4.000000 0.000000
1.400000 4.000000 0.000000
1.600000 4.000000 0.000000
1.800000 4.000000 0.000000
2.000000 5.656854 0.000000
2.200000 5.656854 0.000000
2.400000 8.000000 0.000000
2.600000 8.000000 0.000000
2.800000 8.944272 182499980000.000000
3.000000 11.313708 182499980000.000000
3.200000 8.944272 182499980000.000000
3.400000 8.000000 182499980000.000000
3.600000 8.000000 182499980000.000000
3.800000 8.944272 182499980000.000000
4.000000 8.944272 182499980000.000000
4.200000 8.000000 182499980000.000000
4.400000 8.944272 182500000000.000000
4.600000 8.944272 182499980000.000000
4.800000 8.000000 182499980000.000000
5.000000 12.649111 182499980000.000000
5.200000 14.422205 182499980000.000000
5.400000 17.888544 182499980000.000000
5.600000 20.000000 182499980000.000000
5.800000 21.540659 182499980000.000000
6.000000 20.000000 182499980000.000000
6.200000 23.323808 182499980000.000000
6.400000 24.331050 182499980000.000000
6.600000 24.331050 182499980000.000000
6.800000 28.844410 0.000000
7.000000 23.323808 0.000000
7.200000 24.331050 0.000000
7.400000 25.298221 0.000000
7.600000 22.627417 0.000000
7.800000 25.298221 0.000000
8.000000 24.331050 0.000000
8.200000 23.323808 0.000000
8.400000 25.612497 0.000000
8.600000 28.284271 0.000000
8.800000 28.284271 0.000000
9.000000 28.844410 0.000000
9.200000 25.612497 0.000000
9.400000 25.298221 0.000000
9.600000 24.331050 0.000000
9.800000 23.323808 0.000000
10.000000 25.612497 0.000000
10.200000 20.396078 0.000000
10.400000 20.396078 0.000000
10.600000 20.000000 0.000000
10.800000 21.540659 182500000000.000000
11.000000 24.000000 182499980000.000000
11.200000 26.832816 182500000000.000000
11.400000 31.240999 182499980000.000000
11.600000 34.176015 182499980000.000000
11.800000 36.221541 182500000000.000000
12.000000 39.395431 182499980000.000000
12.200000 42.520583 182499980000.000000
12.400000 46.818800 182499980000.000000
12.600000 48.166378 182499980000.000000
12.800000 53.665631 182499980000.000000
13.000000 53.814496 182499980000.000000
13.200000 58.240879 182499980000.000000
13.400000 60.530984 182499980000.000000
13.600000 66.573268 182499980000.000000
13.800000 72.111026 182499980000.000000
14.000000 80.894994 182499980000.000000
14.200000 87.361319 182499980000.000000
14.400000 96.332757 182499980000.000000
14.600000 105.603030 182499980000.000000
14.800000 112.000000 0.000000
15.000000 114.542569 0.000000
15.200000 110.634533 0.000000
15.400000 108.811764 0.000000
15.600000 109.178753 0.000000
15.800000 104.307238 0.000000
16.000000 104.307238 0.000000
16.200000 100.717426 0.000000
16.400000 101.192885 0.000000
16.600000 99.035347 0.000000
16.800000 98.792712 0.000000
17.000000 100.319490 0.000000
17.200000 100.239713 0.000000
17.400000 100.000000 0.000000
17.600000 98.061205 0.000000
17.800000 98.061205 0.000000
18.000000 100.000000 0.000000
18.200000 96.747093 0.000000
18.400000 96.332757 0.000000
18.600000 93.637599 0.000000
18.800000 93.380940 182499980000.000000
19.000000 98.792712 182499980000.000000
19.200000 104.076895 182499980000.000000
19.400000 112.712022 182499980000.000000
19.600000 123.223374 182499980000.000000
19.800000 134.164079 182499980000.000000
20.000000 141.760361 182499980000.000000
