0.000000 12.649111 185000000000.000000
0.200000 12.000000 185000000000.000000
0.400000 12.649111 185000000000.000000
0.600000 16.970563 185000000000.000000
0.800000 17.888544 184999990000.000000
1.000000 16.492423 184999990000.000000
1.200000 16.492423 185000000000.000000
1.400000 20.000000 185000000000.000000
1.600000 17.888544 185000000000.000000
1.800000 20.000000 185000000000.000000
2.000000 21.540659 0.000000
2.200000 20.000000 0.000000
2.400000 20.396078 0.000000
2.600000 20.396078 0.000000
2.800000 20.000000 0.000000
3.000000 23.323808 0.000000
3.200000 24.331050 0.000000
3.400000 25.298221 0.000000
3.600000 23.323808 0.000000
3.800000 23.323808 0.000000
4.000000 24.331050 0.000000
4.200000 20.396078 0.000000
4.400000 20.000000 0.000000
4.600000 20.000000 0.000000
4.800000 16.492423 0.000000
5.000000 16.492423 0.000000
5.200000 16.970563 0.000000
5.400000 16.492423 0.000000
5.600000 16.492423 0.000000
5.800000 17.888544 0.000000
6.000000 20.000000 185000000000.000000
6.200000 20.396078 184999990000.000000
6.400000 24.331050 184999990000.000000
6.600000 26.832816 184999990000.000000
6.800000 31.240999 185000000000.000000
7.000000 29.120440 184999990000.000000
7.200000 32.249031 185000000000.000000
7.400000 35.777088 184999990000.000000
7.600000 36.878178 184999990000.000000
7.800000 36.878178 185000000000.000000
8.000000 40.792156 184999990000.000000
8.200000 43.266615 184999990000.000000
8.400000 46.647615 185000000000.000000
8.600000 52.153619 184999990000.000000
8.800000 55.713553 184999990000.000000
9.000000 62.225397 185000000000.000000
9.200000 69.856997 184999990000.000000
9.400000 76.000000 184999990000.000000
9.600000 82.462113 184999990000.000000
9.800000 87.726849 184999990000.000000
10.000000 97.406365 0.000000
10.200000 96.332757 0.000000
10.400000 91.301698 0.000000
10.600000 91.214034 0.000000
10.800000 90.244113 0.000000
11.000000 86.348133 0.000000
11.200000 85.603738 0.000000
11.400000 85.883642 0.000000
11.600000 84.095184 0.000000
11.800000 87.726849 0.000000
12.000000 85.041167 0.000000
12.200000 88.543774 0.000000
12.400000 88.362888 0.000000
12.600000 87.817994 0.000000
12.800000 85.603738 0.000000
13.000000 86.348133 0.000000
13.200000 81.584312 0.000000
13.400000 83.234608 0.000000
13.600000 78.892332 0.000000
13.800000 76.419893 0.000000
14.000000 75.894664 185000000000.000000
14.200000 82.073138 185000000000.000000
14.400000 89.888820 185000000000.000000
14.600000 100.319490 185000000000.000000
14.800000 109.178753 184999990000.000000
15.000000 117.643529 184999990000.000000
15.200000 127.121989 184999990000.000000
15.400000 139.713994 185000000000.000000
15.600000 148.054044 184999990000.000000
