0.000000 11.313708 187500000000.000000
0.200000 12.649111 187500000000.000000
0.400000 16.000000 187500000000.000000
0.600000 17.888544 187500000000.000000
0.800000 20.000000 187500000000.000000
1.000000 23.323808 187500000000.000000
1.200000 24.331050 187500000000.000000
1.400000 24.331050 187500000000.000000
1.600000 25.612497 187500000000.000000
1.800000 23.323808 0.000000
2.000000 24.331050 0.000000
2.200000 21.540659 0.000000
2.400000 22.627417 0.000000
2.600000 21.540659 0.000000
2.800000 24.331050 0.000000
3.000000 23.323808 0.000000
3.200000 23.323808 0.000000
3.400000 24.331050 0.000000
3.600000 28.284271 0.000000
3.800000 28.844410 0.000000
4.000000 25.612497 0.000000
4.200000 25.298221 0.000000
4.400000 24.331050 0.000000
4.600000 23.323808 0.000000
4.800000 23.323808 0.000000
5.000000 20.396078 0.000000
5.200000 20.396078 0.000000
5.400000 20.000000 0.000000
5.600000 21.540659 0.000000
5.800000 20.000000 187500000000.000000
6.000000 23.323808 187500000000.000000
6.200000 25.612497 187500000000.000000
6.400000 29.120440 187500000000.000000
6.600000 32.249031 187500000000.000000
6.800000 35.777088 187500000000.000000
7.000000 36.878178 187500000000.000000
7.200000 41.761226 187500000000.000000
7.400000 44.181444 187500000000.000000
7.600000 48.332184 187500000000.000000
7.800000 51.224994 187500000000.000000
8.000000 54.405882 187500000000.000000
8.200000 56.568542 187500000000.000000
8.400000 63.245553 187500000000.000000
8.600000 66.573268 187500000000.000000
8.800000 72.443081 187500000000.000000
9.000000 79.699435 187500000000.000000
9.200000 87.726849 187500000000.000000
9.400000 96.664368 187500000000.000000
9.600000 108.000000 187500000000.000000
9.800000 114.542569 0.000000
10.000000 116.275535 0.000000
10.200000 112.641023 0.000000
10.400000 113.137085 0.000000
10.600000 109.836242 0.000000
10.800000 104.307238 0.000000
11.000000 104.690019 0.000000
11.200000 101.192885 0.000000
11.400000 101.823376 0.000000
11.600000 102.528045 0.000000
11.800000 100.319490 0.000000
12.000000 102.215459 0.000000
12.200000 103.227903 0.000000
12.400000 101.980390 0.000000
12.600000 102.839681 0.000000
12.800000 100.000000 0.000000
13.000000 100.239713 0.000000
13.200000 100.319490 0.000000
13.400000 97.406365 0.000000
13.600000 96.166522 0.000000
13.800000 93.637599 187500000000.000000
14.000000 100.319490 187500000000.000000
14.200000 105.678759 187500000000.000000
14.400000 117.643529 187500000000.000000
14.600000 125.602548 187500000000.000000
14.800000 137.927517 187500000000.000000
