0.000000 12.649111 189999990000.000000
0.200000 11.313708 190000000000.000000
0.400000 17.888544 190000000000.000000
0.600000 16.000000 190000000000.000000
0.800000 20.396078 189999990000.000000
1.000000 20.000000 189999990000.000000
1.200000 23.323808 190000000000.000000
1.400000 24.331050 190000000000.000000
1.600000 24.331050 189999990000.000000
1.800000 28.844410 0.000000
2.000000 25.612497 0.000000
2.200000 24.331050 0.000000
2.400000 25.298221 0.000000
2.600000 22.627417 0.000000
2.800000 21.540659 0.000000
3.000000 24.331050 0.000000
3.200000 23.323808 0.000000
3.400000 25.612497 0.000000
3.600000 24.331050 0.000000
3.800000 28.284271 0.000000
4.000000 26.832816 0.000000
4.200000 25.612497 0.000000
4.400000 25.298221 0.000000
4.600000 24.000000 0.000000
4.800000 23.323808 0.000000
5.000000 22.627417 0.000000
5.200000 20.396078 0.000000
5.400000 20.396078 0.000000
5.600000 20.000000 0.000000
5.800000 17.888544 190000000000.000000
6.000000 24.000000 190000000000.000000
6.200000 26.832816 190000000000.000000
6.400000 28.284271 189999990000.000000
6.600000 34.176015 189999990000.000000
6.800000 36.000000 189999990000.000000
7.000000 39.395431 190000000000.000000
7.200000 45.254834 189999990000.000000
7.400000 46.818800 189999990000.000000
7.600000 48.000000 190000000000.000000
7.800000 52.000000 190000000000.000000
8.000000 56.568542 190000000000.000000
8.200000 59.464275 189999990000.000000
8.400000 64.498062 190000000000.000000
8.600000 69.971423 189999990000.000000
8.800000 77.665951 190000000000.000000
9.000000 80.894994 190000000000.000000
9.200000 91.214034 189999990000.000000
9.400000 99.357939 190000000000.000000
9.600000 107.331263 190000000000.000000
9.800000 120.066648 0.000000
10.000000 116.619038 0.000000
10.200000 118.928550 0.000000
10.400000 117.643529 0.000000
10.600000 112.641023 0.000000
10.800000 111.139552 0.000000
11.000000 109.836242 0.000000
11.200000 105.223572 0.000000
11.400000 104.995238 0.000000
11.600000 104.690019 0.000000
11.800000 104.000000 0.000000
12.000000 104.307238 0.000000
12.200000 103.768974 0.000000
12.400000 103.227903 0.000000
12.600000 101.980390 0.000000
12.800000 102.839681 0.000000
13.000000 105.603030 0.000000
13.200000 100.239713 0.000000
13.400000 100.319490 0.000000
13.600000 97.406365 0.000000
13.800000 96.166522 190000020000.000000
14.000000 102.528045 190000020000.000000
14.200000 112.285351 190000000000.000000
14.400000 120.066648 189999990000.000000
14.600000 132.060592 190000000000.000000
14.800000 141.421356 190000000000.000000
