0.000000 11.313708 0.000000
0.200000 12.649111 0.000000
0.400000 12.000000 0.000000
0.600000 14.422205 0.000000
0.800000 16.970563 0.000000
1.000000 14.422205 0.000000
1.200000 12.000000 0.000000
1.400000 12.649111 0.000000
1.600000 11.313708 0.000000
1.800000 8.944272 0.000000
2.000000 8.000000 0.000000
2.200000 8.944272 0.000000
2.400000 8.944272 0.000000
2.600000 8.000000 0.000000
2.800000 8.944272 0.000000
3.000000 11.313708 0.000000
3.200000 12.649111 0.000000
3.400000 12.000000 0.000000
3.600000 12.649111 0.000000
3.800000 14.422205 0.000000
4.000000 14.422205 192499990000.000000
4.200000 12.649111 192499990000.000000
4.400000 12.000000 192499990000.000000
4.600000 14.422205 192499990000.000000
4.800000 14.422205 192499990000.000000
5.000000 12.649111 192499990000.000000
5.200000 12.649111 192500000000.000000
5.400000 16.970563 192499990000.000000
5.600000 16.492423 192499990000.000000
5.800000 20.396078 192499990000.000000
6.000000 23.323808 192499990000.000000
6.200000 25.612497 192499990000.000000
6.400000 29.120440 192500000000.000000
6.600000 32.249031 192499990000.000000
6.800000 37.735925 192499990000.000000
7.000000 40.000000 192500000000.000000
7.200000 41.761226 192499990000.000000
7.400000 44.181444 192500000000.000000
7.600000 46.647615 192499990000.000000
7.800000 48.826222 192499990000.000000
8.000000 53.366656 0.000000
8.200000 53.366656 0.000000
8.400000 51.224994 0.000000
8.600000 50.119856 0.000000
8.800000 52.000000 0.000000
9.000000 52.000000 0.000000
9.200000 53.814496 0.000000
9.400000 54.405882 0.000000
9.600000 52.153619 0.000000
9.800000 53.665631 0.000000
10.000000 53.814496 0.000000
10.200000 54.405882 0.000000
10.400000 52.153619 0.000000
10.600000 50.119856 0.000000
10.800000 51.224994 0.000000
11.000000 49.477268 0.000000
11.200000 44.721360 0.000000
11.400000 45.607017 0.000000
11.600000 44.721360 0.000000
11.800000 44.181444 0.000000
12.000000 46.818800 192500000000.000000
12.200000 50.911688 192500000000.000000
12.400000 55.713553 192499990000.000000
12.600000 64.000000 192499990000.000000
12.800000 69.856997 192500000000.000000
13.000000 73.539105 192499990000.000000
13.200000 80.993827 192499990000.000000
13.400000 84.095184 192500000000.000000
13.600000 94.826157 192499990000.000000
13.800000 96.829747 192500000000.000000
14.000000 106.733313 192500000000.000000
14.200000 114.542569 192499990000.000000
14.400000 125.602548 192500000000.000000
14.600000 134.164079 192499990000.000000
14.800000 144.000000 192499990000.000000
