0.000000 12.000000 195000000000.000000
0.200000 12.649111 195000000000.000000
0.400000 14.422205 195000000000.000000
0.600000 16.970563 195000000000.000000
0.800000 17.888544 195000000000.000000
1.000000 16.000000 195000000000.000000
1.200000 17.888544 195000000000.000000
1.400000 16.970563 195000000000.000000
1.600000 17.888544 195000000000.000000
1.800000 20.000000 0.000000
2.000000 17.888544 0.000000
2.200000 17.888544 0.000000
2.400000 20.000000 0.000000
2.600000 21.540659 0.000000
2.800000 22.627417 0.000000
3.000000 21.540659 0.000000
3.200000 24.000000 0.000000
3.400000 21.540659 0.000000
3.600000 22.627417 0.000000
3.800000 21.540659 0.000000
4.000000 20.396078 0.000000
4.200000 20.396078 0.000000
4.400000 20.000000 0.000000
4.600000 17.888544 0.000000
4.800000 16.000000 0.000000
5.000000 17.888544 0.000000
5.200000 14.422205 0.000000
5.400000 16.492423 0.000000
5.600000 16.492423 0.000000
5.800000 16.970563 195000000000.000000
6.000000 21.540659 195000000000.000000
6.200000 24.331050 195000000000.000000
6.400000 25.298221 195000000000.000000
6.600000 28.844410 195000000000.000000
6.800000 32.249031 195000000000.000000
7.000000 32.249031 195000000000.000000
7.200000 32.984845 195000000000.000000
7.400000 34.409301 195000000000.000000
7.600000 37.735925 195000000000.000000
7.800000 40.199502 195000000000.000000
8.000000 43.081318 195000000000.000000
8.200000 48.166378 195000000000.000000
8.400000 52.000000 195000000000.000000
8.600000 60.133186 195000000000.000000
8.800000 62.609903 195000000000.000000
9.000000 71.217975 195000000000.000000
9.200000 78.587531 195000000000.000000
9.400000 84.852814 195000000000.000000
9.600000 93.295230 195000000000.000000
9.800000 103.227903 0.000000
10.000000 101.980390 0.000000
10.200000 98.954535 0.000000
10.400000 96.829747 0.000000
10.600000 94.826157 0.000000
10.800000 92.086915 0.000000
11.000000 91.389277 0.000000
11.200000 90.686272 0.000000
11.400000 88.543774 0.000000
11.600000 88.814413 0.000000
11.800000 89.888820 0.000000
12.000000 89.888820 0.000000
12.200000 92.779308 0.000000
12.400000 91.214034 0.000000
12.600000 88.090862 0.000000
12.800000 89.442719 0.000000
13.000000 88.090862 0.000000
13.200000 86.162637 0.000000
13.400000 84.852814 0.000000
13.600000 80.993827 0.000000
13.800000 80.399005 195000000000.000000
14.000000 87.817994 195000000000.000000
14.200000 97.652445 195000000000.000000
14.400000 105.905618 195000000000.000000
14.600000 115.446958 195000000000.000000
14.800000 124.963995 195000000000.000000
15.000000 136.058811 195000000000.000000
15.200000 148.000000 195000000000.000000
