0.000000 11.313708 0.000000
0.200000 8.944272 0.000000
0.400000 8.000000 0.000000
0.600000 8.000000 0.000000
0.800000 5.656854 0.000000
1.000000 5.656854 0.000000
1.200000 4.000000 0.000000
1.400000 4.000000 0.000000
1.600000 4.000000 0.000000
1.800000 4.000000 0.000000
2.000000 5.656854 0.000000
2.200000 5.656854 0.000000
2.400000 8.000000 0.000000
2.600000 8.000000 0.000000
2.800000 8.944272 0.000000
3.000000 11.313708 197500010000.000000
3.200000 8.944272 197500000000.000000
3.400000 8.000000 197500000000.000000
3.600000 8.000000 197500000000.000000
3.800000 8.944272 197500000000.000000
4.000000 8.944272 197500010000.000000
4.200000 8.000000 197500000000.000000
4.400000 8.944272 197500010000.000000
4.600000 8.944272 197500000000.000000
4.800000 12.000000 197500010000.000000
5.000000 12.649111 197500000000.000000
5.200000 14.422205 197500010000.000000
5.400000 17.888544 197500000000.000000
5.600000 20.396078 197500010000.000000
5.800000 20.396078 197500010000.000000
6.000000 23.323808 197500000000.000000
6.200000 25.612497 197500010000.000000
6.400000 29.120440 197500000000.000000
6.600000 28.284271 197500010000.000000
6.800000 32.249031 197500000000.000000
7.000000 34.409301 0.000000
7.200000 32.249031 0.000000
7.400000 29.120440 0.000000
7.600000 31.240999 0.000000
7.800000 30.463092 0.000000
8.000000 28.000000 0.000000
8.200000 32.249031 0.000000
8.400000 31.240999 0.000000
8.600000 32.984845 0.000000
8.800000 32.249031 0.000000
9.000000 32.249031 0.000000
9.200000 31.240999 0.000000
9.400000 32.984845 0.000000
9.600000 32.249031 0.000000
9.800000 32.249031 0.000000
10.000000 31.240999 0.000000
10.200000 29.120440 0.000000
10.400000 28.284271 0.000000
10.600000 25.612497 0.000000
10.800000 26.832816 0.000000
11.000000 28.000000 197500010000.000000
11.200000 30.463092 197500010000.000000
11.400000 33.941125 197500000000.000000
11.600000 37.947332 197500010000.000000
11.800000 44.000000 197500000000.000000
12.000000 48.332184 197500000000.000000
12.200000 50.911688 197500000000.000000
12.400000 55.713553 197500010000.000000
12.600000 60.000000 197500000000.000000
12.800000 60.926185 197500000000.000000
13.000000 65.115282 197500000000.000000
13.200000 70.880181 197500000000.000000
13.400000 76.419893 197500000000.000000
13.600000 84.380092 197500010000.000000
13.800000 89.888820 197500010000.000000
14.000000 101.271911 197500010000.000000
14.200000 108.811764 197500010000.000000
14.400000 121.918005 197500000000.000000
14.600000 130.782262 197500010000.000000
14.800000 144.055545 197500000000.000000
