0.000000 11.313708 0.000000
0.100000 11.313708 0.000000
0.200000 8.944272 0.000000
0.300000 8.944272 0.000000
0.400000 8.944272 0.000000
0.500000 8.000000 0.000000
0.600000 8.000000 0.000000
0.700000 8.000000 0.000000
0.800000 8.944272 0.000000
0.900000 8.944272 0.000000
1.000000 5.656854 0.000000
1.100000 5.656854 0.000000
1.200000 5.656854 0.000000
1.300000 4.000000 0.000000
1.400000 4.000000 0.000000
1.500000 4.000000 0.000000
1.600000 5.656854 0.000000
1.700000 4.000000 0.000000
1.800000 4.000000 0.000000
1.900000 4.000000 0.000000
2.000000 5.656854 0.000000
2.100000 5.656854 0.000000
2.200000 5.656854 0.000000
2.300000 8.944272 0.000000
2.400000 8.944272 0.000000
2.500000 8.000000 0.000000
2.600000 8.000000 0.000000
2.700000 8.000000 99999980000.000000
2.800000 8.944272 99999980000.000000
2.900000 8.944272 99999980000.000000
3.000000 8.944272 99999980000.000000
3.100000 11.313708 99999980000.000000
3.200000 11.313708 99999980000.000000
3.300000 8.944272 99999980000.000000
3.400000 8.944272 99999980000.000000
3.500000 8.944272 99999980000.000000
3.600000 8.000000 99999980000.000000
3.700000 8.000000 99999980000.000000
3.800000 8.944272 99999980000.000000
3.900000 8.944272 99999980000.000000
4.000000 8.944272 99999980000.000000
4.100000 8.944272 99999980000.000000
4.200000 8.944272 99999980000.000000
4.300000 8.000000 99999980000.000000
4.400000 8.000000 99999980000.000000
4.500000 8.944272 99999980000.000000
4.600000 5.656854 99999980000.000000
4.700000 5.656854 99999980000.000000
4.800000 8.944272 99999980000.000000
4.900000 8.000000 99999980000.000000
5.000000 8.000000 99999980000.000000
5.100000 8.944272 99999980000.000000
5.200000 8.944272 99999980000.000000
5.300000 11.313708 99999980000.000000
5.400000 11.313708 99999980000.000000
5.500000 12.649111 99999980000.000000
5.600000 12.649111 99999980000.000000
5.700000 12.000000 99999980000.000000
5.800000 16.000000 99999980000.000000
5.900000 16.492423 99999980000.000000
6.000000 14.422205 99999980000.000000
6.100000 14.422205 99999980000.000000
6.200000 16.970563 99999980000.000000
6.300000 14.422205 99999980000.000000
6.400000 17.888544 99999980000.000000
6.500000 16.492423 99999980000.000000
6.600000 16.000000 99999980000.000000
6.700000 16.000000 0.000000
6.800000 16.492423 0.000000
6.900000 14.422205 0.000000
7.000000 14.422205 0.000000
7.100000 14.422205 0.000000
7.200000 12.649111 0.000000
7.300000 12.649111 0.000000
7.400000 12.000000 0.000000
7.500000 12.649111 0.000000
7.600000 12.649111 0.000000
7.700000 11.313708 0.000000
7.800000 11.313708 0.000000
7.900000 12.649111 0.000000
8.000000 12.000000 0.000000
8.100000 12.649111 0.000000
8.200000 12.649111 0.000000
8.300000 14.422205 0.000000
8.400000 14.422205 0.000000
8.500000 14.422205 0.000000
8.600000 12.649111 0.000000
8.700000 16.492423 0.000000
8.800000 16.000000 0.000000
8.900000 16.492423 0.000000
9.000000 16.492423 0.000000
9.100000 14.422205 0.000000
9.200000 16.970563 0.000000
9.300000 16.970563 0.000000
9.400000 17.888544 0.000000
9.500000 16.492423 0.000000
9.600000 16.492423 0.000000
9.700000 16.000000 0.000000
9.800000 16.492423 0.000000
9.900000 12.649111 0.000000
10.000000 14.422205 0.000000
10.100000 11.313708 0.000000
10.200000 14.422205 0.000000
10.300000 12.649111 0.000000
10.400000 12.000000 0.000000
10.500000 12.000000 0.000000
10.600000 8.944272 0.000000
10.700000 8.944272 99999980000.000000
10.800000 11.313708 99999980000.000000
10.900000 8.944272 99999980000.000000
11.000000 12.000000 99999980000.000000
11.100000 12.000000 99999980000.000000
11.200000 12.649111 99999980000.000000
11.300000 14.422205 99999980000.000000
11.400000 14.422205 99999980000.000000
11.500000 14.422205 99999980000.000000
11.600000 17.888544 99999980000.000000
11.700000 16.492423 99999980000.000000
11.800000 16.000000 99999980000.000000
11.900000 20.000000 99999980000.000000
12.000000 20.396078 99999980000.000000
12.100000 17.888544 99999980000.000000
12.200000 20.000000 99999980000.000000
12.300000 22.627417 99999980000.000000
12.400000 20.000000 99999980000.000000
12.500000 21.540659 99999980000.000000
12.600000 20.396078 99999980000.000000
12.700000 20.000000 99999980000.000000
12.800000 20.396078 99999980000.000000
12.900000 21.540659 99999980000.000000
13.000000 20.000000 99999980000.000000
13.100000 20.000000 99999980000.000000
13.200000 20.000000 99999980000.000000
13.300000 21.540659 99999980000.000000
13.400000 20.396078 99999980000.000000
13.500000 20.000000 99999980000.000000
13.600000 20.396078 99999980000.000000
13.700000 20.000000 99999980000.000000
13.800000 22.627417 99999980000.000000
13.900000 20.000000 99999980000.000000
14.000000 21.540659 99999980000.000000
14.100000 24.331050 99999980000.000000
14.200000 24.331050 99999980000.000000
14.300000 25.298221 99999980000.000000
14.400000 26.832816 99999980000.000000
14.500000 28.284271 99999980000.000000
14.600000 28.844410 99999980000.000000
14.700000 30.463092 0.000000
14.800000 29.120440 0.000000
14.900000 28.000000 0.000000
15.000000 28.284271 0.000000
15.100000 30.463092 0.000000
15.200000 32.249031 0.000000
15.300000 31.240999 0.000000
15.400000 31.240999 0.000000
15.500000 30.463092 0.000000
15.600000 29.120440 0.000000
15.700000 28.284271 0.000000
15.800000 28.284271 0.000000
15.900000 29.120440 0.000000
16.000000 26.832816 0.000000
16.100000 25.612497 0.000000
16.200000 25.612497 0.000000
16.300000 26.832816 0.000000
16.400000 25.298221 0.000000
16.500000 24.000000 0.000000
16.600000 24.331050 0.000000
16.700000 21.540659 0.000000
16.800000 25.612497 0.000000
16.900000 25.612497 0.000000
17.000000 23.323808 0.000000
17.100000 24.331050 0.000000
17.200000 24.000000 0.000000
17.300000 24.331050 0.000000
17.400000 26.832816 0.000000
17.500000 25.612497 0.000000
17.600000 25.612497 0.000000
17.700000 26.832816 0.000000
17.800000 25.298221 0.000000
17.900000 28.284271 0.000000
18.000000 28.284271 0.000000
18.100000 29.120440 0.000000
18.200000 26.832816 0.000000
18.300000 28.844410 0.000000
18.400000 28.284271 0.000000
18.500000 28.844410 0.000000
18.600000 25.298221 0.000000
18.700000 28.284271 99999980000.000000
18.800000 28.000000 99999980000.000000
18.900000 28.284271 99999980000.000000
19.000000 26.832816 99999980000.000000
19.100000 28.844410 99999980000.000000
19.200000 28.284271 99999980000.000000
19.300000 26.832816 99999980000.000000
19.400000 25.298221 99999980000.000000
19.500000 28.284271 99999980000.000000
19.600000 28.284271 99999980000.000000
19.700000 25.298221 99999980000.000000
19.800000 28.844410 99999980000.000000
19.900000 28.284271 99999980000.000000
20.000000 28.844410 99999980000.000000
20.100000 29.120440 99999980000.000000
20.200000 32.249031 99999980000.000000
20.300000 32.249031 99999980000.000000
20.400000 34.176015 99999980000.000000
20.500000 32.249031 99999980000.000000
20.600000 36.878178 99999980000.000000
20.700000 34.409301 99999980000.000000
20.800000 39.395431 99999980000.000000
20.900000 40.792156 99999980000.000000
21.000000 40.000000 99999980000.000000
21.100000 40.792156 99999980000.000000
21.200000 43.081318 99999980000.000000
21.300000 43.266615 99999980000.000000
21.400000 45.254834 99999980000.000000
21.500000 45.607017 99999980000.000000
21.600000 44.721360 99999980000.000000
21.700000 45.607017 99999980000.000000
21.800000 48.000000 99999980000.000000
21.900000 48.662100 99999980000.000000
22.000000 46.818800 99999980000.000000
22.100000 48.826222 99999980000.000000
22.200000 50.911688 99999980000.000000
22.300000 48.826222 99999980000.000000
22.400000 50.596443 99999980000.000000
22.500000 48.662100 99999980000.000000
22.600000 52.153619 99999980000.000000
22.700000 50.596443 0.000000
22.800000 50.119856 0.000000
22.900000 51.224994 0.000000
23.000000 48.826222 0.000000
23.100000 52.000000 0.000000
23.200000 48.662100 0.000000
23.300000 52.000000 0.000000
23.400000 49.477268 0.000000
23.500000 53.665631 0.000000
23.600000 51.224994 0.000000
23.700000 51.224994 0.000000
23.800000 53.665631 0.000000
23.900000 54.405882 0.000000
24.000000 52.153619 0.000000
24.100000 52.611786 0.000000
24.200000 54.405882 0.000000
24.300000 55.569776 0.000000
24.400000 53.814496 0.000000
24.500000 54.405882 0.000000
24.600000 53.665631 0.000000
24.700000 53.366656 0.000000
24.800000 52.153619 0.000000
24.900000 52.611786 0.000000
25.000000 50.596443 0.000000
25.100000 50.119856 0.000000
25.200000 48.166378 0.000000
25.300000 48.826222 0.000000
25.400000 48.332184 0.000000
25.500000 48.662100 0.000000
25.600000 48.000000 0.000000
25.700000 45.607017 0.000000
25.800000 44.721360 0.000000
25.900000 45.607017 0.000000
26.000000 45.607017 0.000000
26.100000 44.721360 0.000000
26.200000 44.721360 0.000000
26.300000 44.000000 0.000000
26.400000 44.721360 0.000000
26.500000 44.721360 0.000000
26.600000 45.607017 0.000000
26.700000 48.166378 99999980000.000000
26.800000 50.119856 99999980000.000000
26.900000 50.596443 99999980000.000000
27.000000 52.153619 99999980000.000000
27.100000 52.153619 99999980000.000000
27.200000 54.405882 99999980000.000000
27.300000 53.665631 99999980000.000000
27.400000 56.850682 99999980000.000000
27.500000 56.850682 99999980000.000000
27.600000 59.059292 99999980000.000000
27.700000 58.240879 99999980000.000000
27.800000 60.133186 99999980000.000000
27.900000 60.530984 99999980000.000000
28.000000 63.245553 99999980000.000000
28.100000 61.057350 99999980000.000000
28.200000 62.481997 99999980000.000000
28.300000 63.245553 99999980000.000000
28.400000 66.211781 99999980000.000000
28.500000 65.115282 99999980000.000000
28.600000 64.000000 99999980000.000000
28.700000 65.969690 99999980000.000000
28.800000 66.211781 99999980000.000000
28.900000 71.217975 99999980000.000000
29.000000 71.217975 99999980000.000000
29.100000 71.554175 99999980000.000000
29.200000 74.726167 99999980000.000000
29.300000 76.105190 99999980000.000000
29.400000 77.665951 99999980000.000000
29.500000 78.790862 99999980000.000000
29.600000 83.234608 99999980000.000000
29.700000 82.073138 99999980000.000000
29.800000 84.380092 99999980000.000000
29.900000 88.543774 99999980000.000000
30.000000 88.814413 99999980000.000000
30.100000 92.347171 99999980000.000000
30.200000 96.166522 99999980000.000000
30.300000 96.747093 99999980000.000000
30.400000 99.357939 99999980000.000000
30.500000 100.000000 99999980000.000000
30.600000 101.980390 99999980000.000000
30.700000 102.839681 0.000000
30.800000 104.000000 0.000000
30.900000 101.980390 0.000000
31.000000 100.319490 0.000000
31.100000 100.000000 0.000000
31.200000 96.332757 0.000000
31.300000 96.747093 0.000000
31.400000 96.166522 0.000000
31.500000 96.332757 0.000000
31.600000 92.779308 0.000000
31.700000 93.637599 0.000000
31.800000 92.086915 0.000000
31.900000 93.380940 0.000000
32.000000 93.295230 0.000000
32.100000 92.347171 0.000000
32.200000 92.347171 0.000000
32.300000 92.779308 0.000000
32.400000 93.637599 0.000000
32.500000 93.295230 0.000000
32.600000 93.380940 0.000000
32.700000 92.086915 0.000000
32.800000 93.637599 0.000000
32.900000 93.380940 0.000000
33.000000 92.086915 0.000000
33.100000 95.078915 0.000000
33.200000 94.826157 0.000000
33.300000 93.722996 0.000000
33.400000 93.722996 0.000000
33.500000 91.301698 0.000000
33.600000 91.214034 0.000000
33.700000 92.086915 0.000000
33.800000 88.814413 0.000000
33.900000 89.888820 0.000000
34.000000 89.888820 0.000000
34.100000 84.852814 0.000000
34.200000 86.533231 0.000000
34.300000 86.162637 0.000000
34.400000 84.852814 0.000000
34.500000 84.380092 0.000000
34.600000 83.522452 0.000000
34.700000 82.365041 99999980000.000000
34.800000 85.041167 99999980000.000000
34.900000 83.234608 99999980000.000000
35.000000 86.162637 99999980000.000000
35.100000 89.442719 99999980000.000000
35.200000 92.086915 99999980000.000000
35.300000 95.078915 99999980000.000000
35.400000 94.826157 99999980000.000000
35.500000 99.357939 99999980000.000000
35.600000 102.449988 99999980000.000000
35.700000 101.980390 99999980000.000000
35.800000 106.733313 99999980000.000000
35.900000 108.074049 99999980000.000000
36.000000 109.836242 99999980000.000000
36.100000 112.924754 99999980000.000000
36.200000 117.643529 99999980000.000000
36.300000 118.928550 99999980000.000000
36.400000 120.066648 99999980000.000000
36.500000 121.457812 99999980000.000000
36.600000 124.579292 99999980000.000000
36.700000 125.027997 99999980000.000000
36.800000 127.812362 99999980000.000000
36.900000 127.624449 99999980000.000000
37.000000 130.107648 99999980000.000000
37.100000 133.146536 99999980000.000000
37.200000 135.351395 99999980000.000000
37.300000 136.937942 99999980000.000000
37.400000 136.937942 99999980000.000000
37.500000 140.456399 99999980000.000000
37.600000 144.222051 99999980000.000000
37.700000 144.277510 99999980000.000000
37.800000 146.860478 99999980000.000000
