0.000000 11.313708 0.000000
0.200000 12.649111 0.000000
0.400000 12.000000 0.000000
0.600000 12.649111 0.000000
0.800000 14.422205 0.000000
1.000000 14.422205 0.000000
1.200000 12.649111 0.000000
1.400000 12.000000 0.000000
1.600000 12.649111 0.000000
1.800000 11.313708 0.000000
2.000000 8.944272 0.000000
2.200000 8.000000 0.000000
2.400000 5.656854 0.000000
2.600000 8.944272 0.000000
2.800000 8.000000 0.000000
3.000000 8.944272 0.000000
3.200000 8.944272 0.000000
3.400000 12.000000 0.000000
3.600000 12.649111 0.000000
3.800000 14.422205 199999960000.000000
4.000000 14.422205 199999960000.000000
4.200000 12.649111 199999960000.000000
4.400000 16.000000 199999960000.000000
4.600000 12.649111 199999960000.000000
4.800000 14.422205 199999960000.000000
5.000000 12.649111 199999960000.000000
5.200000 16.000000 199999960000.000000
5.400000 14.422205 199999960000.000000
5.600000 17.888544 199999960000.000000
5.800000 20.000000 199999960000.000000
6.000000 21.540659 199999960000.000000
6.200000 28.284271 199999960000.000000
6.400000 30.463092 199999960000.000000
6.600000 32.000000 199999960000.000000
6.800000 37.947332 199999960000.000000
7.000000 42.520583 199999960000.000000
7.200000 44.721360 199999960000.000000
7.400000 48.166378 199999960000.000000
7.600000 50.596443 199999960000.000000
7.800000 53.814496 0.000000
8.000000 52.000000 0.000000
8.200000 52.000000 0.000000
8.400000 50.119856 0.000000
8.600000 51.224994 0.000000
8.800000 49.477268 0.000000
9.000000 49.477268 0.000000
9.200000 48.826222 0.000000
9.400000 50.119856 0.000000
9.600000 52.153619 0.000000
9.800000 54.405882 0.000000
10.000000 51.224994 0.000000
10.200000 50.119856 0.000000
10.400000 52.153619 0.000000
10.600000 50.596443 0.000000
10.800000 48.166378 0.000000
11.000000 44.721360 0.000000
11.200000 44.000000 0.000000
11.400000 44.721360 0.000000
11.600000 42.520583 0.000000
11.800000 41.761226 199999960000.000000
12.000000 48.662100 199999960000.000000
12.200000 52.153619 199999960000.000000
12.400000 57.688820 199999960000.000000
12.600000 65.115282 199999960000.000000
12.800000 73.756356 199999960000.000000
13.000000 80.000000 199999960000.000000
13.200000 87.817994 199999960000.000000
13.400000 92.779308 199999960000.000000
13.600000 100.000000 199999960000.000000
13.800000 110.634533 199999960000.000000
14.000000 118.186294 199999960000.000000
14.200000 124.064499 199999960000.000000
14.400000 136.000000 199999960000.000000
14.600000 148.808602 199999960000.000000
