0.000000 11.313708 205000020000.000000
0.200000 8.944272 205000020000.000000
0.400000 8.000000 204999980000.000000
0.600000 8.000000 204999980000.000000
0.800000 8.944272 204999980000.000000
1.000000 8.944272 205000020000.000000
1.200000 8.000000 205000020000.000000
1.400000 8.944272 205000020000.000000
1.600000 8.944272 205000020000.000000
1.800000 12.000000 0.000000
2.000000 12.649111 0.000000
2.200000 11.313708 0.000000
2.400000 12.649111 0.000000
2.600000 16.000000 0.000000
2.800000 16.492423 0.000000
3.000000 14.422205 0.000000
3.200000 14.422205 0.000000
3.400000 16.492423 0.000000
3.600000 12.000000 0.000000
3.800000 14.422205 0.000000
4.000000 11.313708 0.000000
4.200000 12.649111 0.000000
4.400000 8.944272 0.000000
4.600000 11.313708 0.000000
4.800000 8.944272 0.000000
5.000000 8.944272 0.000000
5.200000 11.313708 0.000000
5.400000 12.649111 0.000000
5.600000 12.000000 0.000000
5.800000 12.649111 204999980000.000000
6.000000 14.422205 204999980000.000000
6.200000 16.970563 204999980000.000000
6.400000 16.492423 204999980000.000000
6.600000 20.000000 205000020000.000000
6.800000 17.888544 204999980000.000000
7.000000 20.000000 204999980000.000000
7.200000 20.396078 204999980000.000000
7.400000 20.396078 205000020000.000000
7.600000 23.323808 204999980000.000000
7.800000 26.832816 204999980000.000000
8.000000 28.000000 204999980000.000000
8.200000 30.463092 204999980000.000000
8.400000 33.941125 204999980000.000000
8.600000 39.395431 205000020000.000000
8.800000 44.000000 205000020000.000000
9.000000 52.000000 205000020000.000000
9.200000 56.568542 205000020000.000000
9.400000 60.926185 205000020000.000000
9.600000 64.000000 204999980000.000000
9.800000 69.856997 0.000000
10.000000 67.882251 0.000000
10.200000 63.245553 0.000000
10.400000 64.498062 0.000000
10.600000 64.498062 0.000000
10.800000 63.245553 0.000000
11.000000 60.530984 0.000000
11.200000 62.096699 0.000000
11.400000 62.481997 0.000000
11.600000 62.609903 0.000000
11.800000 64.124878 0.000000
12.000000 64.621978 0.000000
12.200000 65.115282 0.000000
12.400000 64.621978 0.000000
12.600000 64.000000 0.000000
12.800000 60.926185 0.000000
13.000000 59.464275 0.000000
13.200000 59.464275 0.000000
13.400000 56.568542 0.000000
13.600000 55.569776 0.000000
13.800000 57.688820 205000020000.000000
14.000000 60.530984 204999980000.000000
14.200000 65.969690 204999980000.000000
14.400000 76.837491 205000020000.000000
14.600000 84.095184 205000020000.000000
14.800000 92.086915 204999980000.000000
15.000000 102.528045 204999980000.000000
15.200000 110.344914 204999980000.000000
15.400000 120.332872 205000020000.000000
15.600000 128.249756 205000020000.000000
15.800000 139.542108 204999980000.000000
16.000000 148.808602 205000020000.000000
