0.000000 12.649111 207499970000.000000
0.200000 14.422205 207499970000.000000
0.400000 14.422205 207499980000.000000
0.600000 12.649111 207499980000.000000
0.800000 16.000000 207499980000.000000
1.000000 16.492423 207499970000.000000
1.200000 16.970563 207499970000.000000
1.400000 16.492423 207499970000.000000
1.600000 16.000000 207499980000.000000
1.800000 17.888544 0.000000
2.000000 17.888544 0.000000
2.200000 20.000000 0.000000
2.400000 17.888544 0.000000
2.600000 20.000000 0.000000
2.800000 21.540659 0.000000
3.000000 20.000000 0.000000
3.200000 21.540659 0.000000
3.400000 22.627417 0.000000
3.600000 21.540659 0.000000
3.800000 20.000000 0.000000
4.000000 20.396078 0.000000
4.200000 20.000000 0.000000
4.400000 17.888544 0.000000
4.600000 16.000000 0.000000
4.800000 17.888544 0.000000
5.000000 14.422205 0.000000
5.200000 16.492423 0.000000
5.400000 16.492423 0.000000
5.600000 16.970563 0.000000
5.800000 17.888544 207499980000.000000
6.000000 20.000000 207499970000.000000
6.200000 25.298221 207499980000.000000
6.400000 25.612497 207499970000.000000
6.600000 28.844410 207499970000.000000
6.800000 28.284271 207499980000.000000
7.000000 32.984845 207499980000.000000
7.200000 34.409301 207499980000.000000
7.400000 37.735925 207499970000.000000
7.600000 40.199502 207499980000.000000
7.800000 41.761226 207499980000.000000
8.000000 45.254834 207499980000.000000
8.200000 50.596443 207499980000.000000
8.400000 56.142675 207499970000.000000
8.600000 62.609903 207499970000.000000
8.800000 71.217975 207499980000.000000
9.000000 78.587531 207499970000.000000
9.200000 84.852814 207499980000.000000
9.400000 93.295230 207499970000.000000
9.600000 103.227903 207499980000.000000
9.800000 109.836242 0.000000
10.000000 106.733313 0.000000
10.200000 105.603030 0.000000
10.400000 103.768974 0.000000
10.600000 100.079968 0.000000
10.800000 100.319490 0.000000
11.000000 99.357939 0.000000
11.200000 100.000000 0.000000
11.400000 97.324200 0.000000
11.600000 97.652445 0.000000
11.800000 98.792712 0.000000
12.000000 100.717426 0.000000
12.200000 101.192885 0.000000
12.400000 96.332757 0.000000
12.600000 96.664368 0.000000
12.800000 96.000000 0.000000
13.000000 96.664368 0.000000
13.200000 90.686272 0.000000
13.400000 91.214034 0.000000
13.600000 88.814413 0.000000
13.800000 86.533231 207499970000.000000
14.000000 93.295230 207499970000.000000
14.200000 104.690019 207499970000.000000
14.400000 113.841996 207499980000.000000
14.600000 127.310644 207499970000.000000
14.800000 141.873183 207499970000.000000
