0.000000 12.000000 212499970000.000000
0.200000 12.649111 212499970000.000000
0.400000 14.422205 212499990000.000000
0.600000 16.970563 212499970000.000000
0.800000 16.492423 212499990000.000000
1.000000 16.000000 212499990000.000000
1.200000 17.888544 212499990000.000000
1.400000 16.970563 212499990000.000000
1.600000 21.540659 212499990000.000000
1.800000 20.396078 212499990000.000000
2.000000 23.323808 0.000000
2.200000 23.323808 0.000000
2.400000 24.000000 0.000000
2.600000 21.540659 0.000000
2.800000 22.627417 0.000000
3.000000 25.298221 0.000000
3.200000 24.000000 0.000000
3.400000 26.832816 0.000000
3.600000 28.284271 0.000000
3.800000 26.832816 0.000000
4.000000 24.000000 0.000000
4.200000 25.298221 0.000000
4.400000 22.627417 0.000000
4.600000 21.540659 0.000000
4.800000 20.000000 0.000000
5.000000 17.888544 0.000000
5.200000 20.000000 0.000000
5.400000 20.396078 0.000000
5.600000 20.396078 0.000000
5.800000 20.000000 0.000000
6.000000 21.540659 212499990000.000000
6.200000 24.000000 212499970000.000000
6.400000 29.120440 212499990000.000000
6.600000 31.240999 212499990000.000000
6.800000 32.249031 212499990000.000000
7.000000 36.221541 212499990000.000000
7.200000 36.878178 212499970000.000000
7.400000 40.000000 212499970000.000000
7.600000 44.721360 212499990000.000000
7.800000 48.166378 212499990000.000000
8.000000 52.000000 212499990000.000000
8.200000 56.568542 212499990000.000000
8.400000 63.245553 212499990000.000000
8.600000 68.117545 212499990000.000000
8.800000 76.941536 212499970000.000000
9.000000 85.603738 212499990000.000000
9.200000 95.078915 212499990000.000000
9.400000 105.905618 212499990000.000000
9.600000 115.377641 212499990000.000000
9.800000 127.624449 212499970000.000000
10.000000 136.937942 0.000000
10.200000 135.351395 0.000000
10.400000 132.966161 0.000000
10.600000 127.812362 0.000000
10.800000 128.561269 0.000000
11.000000 125.538839 0.000000
11.200000 124.257797 0.000000
11.400000 124.579292 0.000000
11.600000 122.702893 0.000000
11.800000 124.450793 0.000000
12.000000 122.702893 0.000000
12.200000 124.579292 0.000000
12.400000 120.066648 0.000000
12.600000 120.929732 0.000000
12.800000 117.711512 0.000000
13.000000 115.446958 0.000000
13.200000 113.701363 0.000000
13.400000 114.542569 0.000000
13.600000 112.000000 0.000000
13.800000 110.923397 0.000000
14.000000 108.074049 212499970000.000000
14.200000 119.331471 212499970000.000000
14.400000 131.026715 212499970000.000000
14.600000 142.435951 212499970000.000000
