0.000000 11.313708 0.000000
0.200000 8.944272 0.000000
0.400000 8.944272 0.000000
0.600000 8.000000 0.000000
0.800000 8.944272 0.000000
1.000000 5.656854 0.000000
1.200000 5.656854 0.000000
1.400000 4.000000 0.000000
1.600000 5.656854 0.000000
1.800000 4.000000 0.000000
2.000000 5.656854 0.000000
2.200000 5.656854 0.000000
2.400000 8.944272 0.000000
2.600000 8.000000 0.000000
2.800000 8.944272 0.000000
3.000000 8.944272 0.000000
3.200000 8.944272 214999990000.000000
3.400000 8.944272 214999990000.000000
3.600000 8.000000 214999990000.000000
3.800000 8.944272 214999990000.000000
4.000000 8.944272 214999990000.000000
4.200000 8.944272 214999990000.000000
4.400000 8.000000 214999990000.000000
4.600000 8.944272 214999990000.000000
4.800000 8.944272 214999990000.000000
5.000000 12.000000 214999990000.000000
5.200000 14.422205 214999990000.000000
5.400000 16.970563 214999990000.000000
5.600000 21.540659 214999990000.000000
5.800000 24.000000 214999990000.000000
6.000000 25.298221 214999990000.000000
6.200000 28.284271 214999990000.000000
6.400000 30.463092 214999990000.000000
6.600000 32.249031 214999990000.000000
6.800000 34.176015 214999990000.000000
7.000000 36.878178 214999990000.000000
7.200000 39.395431 0.000000
7.400000 40.000000 0.000000
7.600000 35.777088 0.000000
7.800000 36.878178 0.000000
8.000000 36.878178 0.000000
8.200000 36.878178 0.000000
8.400000 40.000000 0.000000
8.600000 41.182521 0.000000
8.800000 40.199502 0.000000
9.000000 41.761226 0.000000
9.200000 40.000000 0.000000
9.400000 41.182521 0.000000
9.600000 40.199502 0.000000
9.800000 36.878178 0.000000
10.000000 36.878178 0.000000
10.200000 35.777088 0.000000
10.400000 36.221541 0.000000
10.600000 34.176015 0.000000
10.800000 33.941125 0.000000
11.000000 32.984845 0.000000
11.200000 32.249031 214999990000.000000
11.400000 37.735925 214999990000.000000
11.600000 43.266615 214999990000.000000
11.800000 48.662100 214999990000.000000
12.000000 53.366656 214999990000.000000
12.200000 57.688820 214999990000.000000
12.400000 63.245553 214999990000.000000
12.600000 69.856997 214999990000.000000
12.800000 77.665951 214999990000.000000
13.000000 83.234608 214999990000.000000
13.200000 87.817994 214999990000.000000
13.400000 96.332757 214999990000.000000
13.600000 106.282642 214999990000.000000
13.800000 116.000000 214999990000.000000
14.000000 127.812362 214999990000.000000
14.200000 140.911320 214999990000.000000
