0.000000 11.313708 217499980000.000000
0.200000 12.649111 217499980000.000000
0.400000 16.000000 217499980000.000000
0.600000 17.888544 217499980000.000000
0.800000 20.000000 217499980000.000000
1.000000 23.323808 217499980000.000000
1.200000 24.331050 217499980000.000000
1.400000 24.331050 217499980000.000000
1.600000 25.612497 217499980000.000000
1.800000 26.832816 217499980000.000000
2.000000 28.284271 217499980000.000000
2.200000 30.463092 217499980000.000000
2.400000 33.941125 0.000000
2.600000 34.176015 0.000000
2.800000 32.249031 0.000000
3.000000 34.409301 0.000000
3.200000 34.409301 0.000000
3.400000 36.878178 0.000000
3.600000 36.878178 0.000000
3.800000 37.735925 0.000000
4.000000 37.735925 0.000000
4.200000 36.878178 0.000000
4.400000 36.221541 0.000000
4.600000 34.409301 0.000000
4.800000 34.409301 0.000000
5.000000 32.249031 0.000000
5.200000 29.120440 0.000000
5.400000 31.240999 0.000000
5.600000 30.463092 0.000000
5.800000 28.000000 0.000000
6.000000 32.249031 0.000000
6.200000 31.240999 0.000000
6.400000 32.984845 217499980000.000000
6.600000 36.221541 217499980000.000000
6.800000 41.182521 217499980000.000000
7.000000 42.520583 217499980000.000000
7.200000 46.818800 217499980000.000000
7.400000 52.153619 217499980000.000000
7.600000 55.569776 217499980000.000000
7.800000 60.000000 217499980000.000000
8.000000 65.969690 217499980000.000000
8.200000 69.050706 217499980000.000000
8.400000 77.665951 217499980000.000000
8.600000 87.817994 217499980000.000000
8.800000 96.332757 217499980000.000000
9.000000 106.282642 217499980000.000000
9.200000 116.000000 217499980000.000000
9.400000 127.812362 217499980000.000000
9.600000 140.513345 217499980000.000000
