0.000000 12.000000 0.000000
0.200000 14.422205 0.000000
0.400000 14.422205 0.000000
0.600000 16.492423 0.000000
0.800000 16.492423 0.000000
1.000000 17.888544 0.000000
1.200000 16.970563 0.000000
1.400000 16.492423 0.000000
1.600000 16.000000 0.000000
1.800000 12.649111 0.000000
2.000000 11.313708 0.000000
2.200000 12.649111 0.000000
2.400000 12.000000 0.000000
2.600000 8.944272 0.000000
2.800000 8.944272 0.000000
3.000000 12.000000 0.000000
3.200000 12.649111 0.000000
3.400000 14.422205 0.000000
3.600000 12.649111 0.000000
3.800000 16.000000 0.000000
4.000000 14.422205 220000030000.000000
4.200000 16.970563 220000030000.000000
4.400000 17.888544 220000030000.000000
4.600000 20.000000 220000030000.000000
4.800000 20.396078 220000030000.000000
5.000000 20.000000 220000030000.000000
5.200000 21.540659 220000030000.000000
5.400000 24.000000 220000030000.000000
5.600000 23.323808 220000030000.000000
5.800000 25.612497 220000030000.000000
6.000000 29.120440 220000030000.000000
6.200000 32.984845 220000030000.000000
6.400000 40.000000 220000030000.000000
6.600000 43.266615 220000030000.000000
6.800000 48.662100 220000030000.000000
7.000000 53.366656 220000030000.000000
7.200000 60.000000 220000030000.000000
7.400000 66.573268 220000030000.000000
7.600000 72.993150 220000030000.000000
7.800000 78.587531 220000030000.000000
8.000000 85.603738 0.000000
8.200000 82.365041 0.000000
8.400000 80.099938 0.000000
8.600000 78.790862 0.000000
8.800000 79.397733 0.000000
9.000000 79.699435 0.000000
9.200000 76.941536 0.000000
9.400000 80.993827 0.000000
9.600000 80.993827 0.000000
9.800000 80.894994 0.000000
10.000000 78.587531 0.000000
10.200000 80.000000 0.000000
10.400000 76.941536 0.000000
10.600000 76.419893 0.000000
10.800000 75.894664 0.000000
11.000000 76.419893 0.000000
11.200000 73.539105 0.000000
11.400000 72.111026 0.000000
11.600000 71.554175 0.000000
11.800000 71.217975 0.000000
12.000000 69.856997 220000030000.000000
12.200000 77.665951 220000030000.000000
12.400000 88.814413 220000030000.000000
12.600000 96.747093 220000030000.000000
12.800000 104.690019 220000030000.000000
13.000000 117.643529 220000030000.000000
13.200000 127.561750 220000030000.000000
13.400000 139.713994 220000030000.000000
