0.000000 12.649111 0.000000
0.200000 11.313708 0.000000
0.400000 12.649111 0.000000
0.600000 12.000000 0.000000
0.800000 12.649111 0.000000
1.000000 14.422205 0.000000
1.200000 14.422205 0.000000
1.400000 12.649111 0.000000
1.600000 12.000000 0.000000
1.800000 12.649111 0.000000
2.000000 11.313708 0.000000
2.200000 8.944272 0.000000
2.400000 8.000000 0.000000
2.600000 8.944272 0.000000
2.800000 8.944272 0.000000
3.000000 8.000000 0.000000
3.200000 11.313708 0.000000
3.400000 8.944272 0.000000
3.600000 12.000000 0.000000
3.800000 12.649111 0.000000
4.000000 14.422205 224999980000.000000
4.200000 14.422205 224999980000.000000
4.400000 16.492423 225000000000.000000
4.600000 16.000000 224999980000.000000
4.800000 17.888544 224999980000.000000
5.000000 16.970563 224999980000.000000
5.200000 17.888544 224999980000.000000
5.400000 20.000000 224999980000.000000
5.600000 20.000000 224999980000.000000
5.800000 23.323808 224999980000.000000
6.000000 24.331050 224999980000.000000
6.200000 29.120440 224999980000.000000
6.400000 33.941125 224999980000.000000
6.600000 39.395431 224999980000.000000
6.800000 44.181444 224999980000.000000
7.000000 50.596443 224999980000.000000
7.200000 53.814496 224999980000.000000
7.400000 59.059292 225000000000.000000
7.600000 64.124878 224999980000.000000
7.800000 72.111026 225000000000.000000
8.000000 76.419893 0.000000
8.200000 73.539105 0.000000
8.400000 72.111026 0.000000
8.600000 71.554175 0.000000
8.800000 71.217975 0.000000
9.000000 69.856997 0.000000
9.200000 69.856997 0.000000
9.400000 71.217975 0.000000
9.600000 73.430239 0.000000
9.800000 72.443081 0.000000
10.000000 72.111026 0.000000
10.200000 73.756356 0.000000
10.400000 71.554175 0.000000
10.600000 72.111026 0.000000
10.800000 68.352030 0.000000
11.000000 67.882251 0.000000
11.200000 64.621978 0.000000
11.400000 64.124878 0.000000
11.600000 64.498062 0.000000
11.800000 63.245553 0.000000
12.000000 61.188234 225000000000.000000
12.200000 69.856997 225000000000.000000
12.400000 80.000000 224999980000.000000
12.600000 87.817994 225000000000.000000
12.800000 96.332757 224999980000.000000
13.000000 110.054532 225000000000.000000
13.200000 118.928550 224999980000.000000
13.400000 130.782262 224999980000.000000
13.600000 140.057131 224999980000.000000
