0.000000 11.313708 227499980000.000000
0.200000 8.944272 227499980000.000000
0.400000 12.000000 227499980000.000000
0.600000 12.000000 227499980000.000000
0.800000 8.944272 227499980000.000000
1.000000 8.944272 227499980000.000000
1.200000 12.000000 227499980000.000000
1.400000 12.649111 227499980000.000000
1.600000 11.313708 227499980000.000000
1.800000 12.649111 227499980000.000000
2.000000 16.492423 0.000000
2.200000 16.970563 0.000000
2.400000 17.888544 0.000000
2.600000 20.000000 0.000000
2.800000 20.396078 0.000000
3.000000 20.000000 0.000000
3.200000 20.000000 0.000000
3.400000 20.396078 0.000000
3.600000 20.396078 0.000000
3.800000 17.888544 0.000000
4.000000 14.422205 0.000000
4.200000 16.492423 0.000000
4.400000 12.649111 0.000000
4.600000 11.313708 0.000000
4.800000 12.649111 0.000000
5.000000 16.492423 0.000000
5.200000 14.422205 0.000000
5.400000 17.888544 0.000000
5.600000 16.492423 0.000000
5.800000 16.492423 0.000000
6.000000 17.888544 227499980000.000000
6.200000 20.000000 227499980000.000000
6.400000 21.540659 227499980000.000000
6.600000 24.000000 227499980000.000000
6.800000 23.323808 227499980000.000000
7.000000 25.612497 227499980000.000000
7.200000 29.120440 227499980000.000000
7.400000 28.284271 227499980000.000000
7.600000 34.409301 227499980000.000000
7.800000 35.777088 227499980000.000000
8.000000 40.199502 227499980000.000000
8.200000 46.818800 227499980000.000000
8.400000 53.814496 227499980000.000000
8.600000 57.271284 227499980000.000000
8.800000 64.000000 227499980000.000000
9.000000 73.539105 227499980000.000000
9.200000 82.073138 227499980000.000000
9.400000 87.726849 227499980000.000000
9.600000 96.000000 227499980000.000000
9.800000 105.603030 227499980000.000000
10.000000 116.275535 0.000000
10.200000 112.641023 0.000000
10.400000 109.836242 0.000000
10.600000 108.811764 0.000000
10.800000 109.178753 0.000000
11.000000 108.074049 0.000000
11.200000 107.703296 0.000000
11.400000 107.628992 0.000000
11.600000 108.811764 0.000000
11.800000 108.664622 0.000000
12.000000 107.703296 0.000000
12.200000 106.508216 0.000000
12.400000 105.905618 0.000000
12.600000 102.839681 0.000000
12.800000 102.449988 0.000000
13.000000 98.386991 0.000000
13.200000 96.083297 0.000000
13.400000 96.664368 0.000000
13.600000 93.722996 0.000000
13.800000 95.078915 0.000000
14.000000 93.380940 227499980000.000000
14.200000 106.508216 227499980000.000000
14.400000 116.619038 227499980000.000000
14.600000 128.996124 227499980000.000000
14.800000 142.940547 227499980000.000000
