0.000000 11.313708 230000030000.000000
0.200000 8.944272 230000030000.000000
0.400000 12.649111 230000000000.000000
0.600000 12.000000 230000030000.000000
0.800000 12.649111 230000030000.000000
1.000000 11.313708 230000030000.000000
1.200000 12.000000 230000030000.000000
1.400000 12.649111 230000000000.000000
1.600000 14.422205 0.000000
1.800000 12.649111 0.000000
2.000000 16.492423 0.000000
2.200000 14.422205 0.000000
2.400000 17.888544 0.000000
2.600000 16.000000 0.000000
2.800000 20.396078 0.000000
3.000000 20.000000 0.000000
3.200000 20.000000 0.000000
3.400000 16.492423 0.000000
3.600000 16.000000 0.000000
3.800000 17.888544 0.000000
4.000000 14.422205 0.000000
4.200000 12.649111 0.000000
4.400000 12.649111 0.000000
4.600000 11.313708 0.000000
4.800000 12.649111 0.000000
5.000000 12.000000 0.000000
5.200000 14.422205 0.000000
5.400000 14.422205 0.000000
5.600000 16.492423 230000030000.000000
5.800000 20.396078 230000000000.000000
6.000000 21.540659 230000030000.000000
6.200000 22.627417 230000030000.000000
6.400000 25.298221 230000030000.000000
6.600000 28.000000 230000030000.000000
6.800000 26.832816 230000030000.000000
7.000000 28.284271 230000030000.000000
7.200000 32.984845 230000030000.000000
7.400000 36.221541 230000030000.000000
7.600000 37.735925 230000030000.000000
7.800000 43.266615 230000030000.000000
8.000000 48.662100 230000030000.000000
8.200000 54.405882 230000030000.000000
8.400000 62.481997 230000030000.000000
8.600000 68.000000 230000030000.000000
8.800000 76.105190 230000000000.000000
9.000000 84.758480 230000030000.000000
9.200000 93.380940 230000000000.000000
9.400000 101.980390 230000030000.000000
9.600000 112.000000 0.000000
9.800000 109.252002 0.000000
10.000000 107.628992 0.000000
10.200000 108.811764 0.000000
10.400000 105.223572 0.000000
10.600000 103.227903 0.000000
10.800000 102.215459 0.000000
11.000000 100.319490 0.000000
11.200000 102.528045 0.000000
11.400000 101.823376 0.000000
11.600000 102.528045 0.000000
11.800000 100.319490 0.000000
12.000000 100.239713 0.000000
12.200000 100.000000 0.000000
12.400000 98.954535 0.000000
12.600000 98.061205 0.000000
12.800000 94.403390 0.000000
13.000000 93.295230 0.000000
13.200000 92.347171 0.000000
13.400000 89.888820 0.000000
13.600000 90.509668 230000030000.000000
13.800000 97.406365 230000030000.000000
14.000000 108.664622 230000030000.000000
14.200000 122.114700 230000030000.000000
14.400000 135.351395 230000030000.000000
14.600000 149.933319 230000030000.000000
