0.000000 12.649111 232500000000.000000
0.200000 12.000000 232500000000.000000
0.400000 12.649111 232500000000.000000
0.600000 16.970563 232499990000.000000
0.800000 17.888544 232499990000.000000
1.000000 16.492423 232500000000.000000
1.200000 20.396078 232500000000.000000
1.400000 20.000000 232499990000.000000
1.600000 20.000000 232499990000.000000
1.800000 20.000000 232500000000.000000
2.000000 25.298221 232499990000.000000
2.200000 28.284271 0.000000
2.400000 25.298221 0.000000
2.600000 28.284271 0.000000
2.800000 28.844410 0.000000
3.000000 28.844410 0.000000
3.200000 28.284271 0.000000
3.400000 29.120440 0.000000
3.600000 28.844410 0.000000
3.800000 28.844410 0.000000
4.000000 29.120440 0.000000
4.200000 28.284271 0.000000
4.400000 28.844410 0.000000
4.600000 25.612497 0.000000
4.800000 24.331050 0.000000
5.000000 25.298221 0.000000
5.200000 22.627417 0.000000
5.400000 21.540659 0.000000
5.600000 24.000000 0.000000
5.800000 23.323808 0.000000
6.000000 25.612497 0.000000
6.200000 25.298221 232500000000.000000
6.400000 32.249031 232500000000.000000
6.600000 32.249031 232499990000.000000
6.800000 36.878178 232499990000.000000
7.000000 41.761226 232500000000.000000
7.200000 44.181444 232499990000.000000
7.400000 44.721360 232500000000.000000
7.600000 51.224994 232500000000.000000
7.800000 58.240879 232500000000.000000
8.000000 61.188234 232499990000.000000
8.200000 68.818602 232499990000.000000
8.400000 75.471849 232500000000.000000
8.600000 84.380092 232500000000.000000
8.800000 92.347171 232499990000.000000
9.000000 104.690019 232499990000.000000
9.200000 116.619038 232500000000.000000
9.400000 128.062485 232499990000.000000
9.600000 143.108351 232499990000.000000
