0.000000 11.313708 235000050000.000000
0.200000 12.649111 235000050000.000000
0.400000 16.000000 235000050000.000000
0.600000 17.888544 235000050000.000000
0.800000 20.000000 235000050000.000000
1.000000 21.540659 235000050000.000000
1.200000 24.331050 235000050000.000000
1.400000 25.298221 235000050000.000000
1.600000 25.612497 235000050000.000000
1.800000 26.832816 235000050000.000000
2.000000 28.000000 235000050000.000000
2.200000 34.176015 0.000000
2.400000 31.240999 0.000000
2.600000 32.984845 0.000000
2.800000 32.249031 0.000000
3.000000 34.409301 0.000000
3.200000 34.409301 0.000000
3.400000 36.221541 0.000000
3.600000 36.878178 0.000000
3.800000 34.409301 0.000000
4.000000 37.735925 0.000000
4.200000 36.878178 0.000000
4.400000 32.984845 0.000000
4.600000 34.409301 0.000000
4.800000 32.249031 0.000000
5.000000 28.284271 0.000000
5.200000 29.120440 0.000000
5.400000 28.284271 0.000000
5.600000 29.120440 0.000000
5.800000 28.284271 0.000000
6.000000 28.844410 0.000000
6.200000 28.844410 235000050000.000000
6.400000 36.878178 235000050000.000000
6.600000 40.199502 235000040000.000000
6.800000 43.266615 235000050000.000000
7.000000 48.826222 235000050000.000000
7.200000 53.366656 235000050000.000000
7.400000 56.568542 235000050000.000000
7.600000 64.498062 235000050000.000000
7.800000 68.818602 235000050000.000000
8.000000 77.665951 235000050000.000000
8.200000 82.462113 235000050000.000000
8.400000 91.214034 235000050000.000000
8.600000 101.980390 235000050000.000000
8.800000 112.071406 235000050000.000000
9.000000 127.121989 235000050000.000000
9.200000 138.852440 235000050000.000000
