0.000000 11.313708 0.000000
0.200000 8.944272 0.000000
0.400000 8.944272 0.000000
0.600000 8.000000 0.000000
0.800000 8.944272 0.000000
1.000000 5.656854 0.000000
1.200000 5.656854 0.000000
1.400000 4.000000 0.000000
1.600000 5.656854 0.000000
1.800000 4.000000 0.000000
2.000000 5.656854 0.000000
2.200000 5.656854 0.000000
2.400000 8.944272 0.000000
2.600000 8.000000 0.000000
2.800000 8.944272 0.000000
3.000000 8.944272 0.000000
3.200000 11.313708 0.000000
3.400000 8.944272 0.000000
3.600000 8.000000 0.000000
3.800000 8.000000 237499990000.000000
4.000000 8.944272 237499970000.000000
4.200000 5.656854 237499990000.000000
4.400000 8.000000 237499990000.000000
4.600000 8.944272 237499990000.000000
4.800000 8.944272 237499990000.000000
5.000000 12.000000 237499990000.000000
5.200000 12.649111 237499990000.000000
5.400000 14.422205 237499990000.000000
5.600000 16.492423 237499970000.000000
5.800000 20.000000 237499970000.000000
6.000000 21.540659 237499990000.000000
6.200000 25.612497 237499990000.000000
6.400000 26.832816 237499970000.000000
6.600000 32.249031 237499990000.000000
6.800000 32.984845 237499990000.000000
7.000000 36.878178 237499970000.000000
7.200000 39.395431 237499990000.000000
7.400000 40.000000 237499990000.000000
7.600000 44.721360 237499990000.000000
7.800000 51.224994 0.000000
8.000000 50.596443 0.000000
8.200000 52.611786 0.000000
8.400000 52.153619 0.000000
8.600000 52.153619 0.000000
8.800000 52.611786 0.000000
9.000000 53.366656 0.000000
9.200000 54.405882 0.000000
9.400000 52.153619 0.000000
9.600000 52.611786 0.000000
9.800000 49.477268 0.000000
10.000000 51.224994 0.000000
10.200000 50.119856 0.000000
10.400000 48.166378 0.000000
10.600000 46.818800 0.000000
10.800000 45.254834 0.000000
11.000000 46.818800 0.000000
11.200000 44.181444 0.000000
11.400000 46.647615 0.000000
11.600000 48.826222 0.000000
11.800000 48.662100 237499990000.000000
12.000000 53.366656 237499970000.000000
12.200000 61.057350 237499970000.000000
12.400000 63.245553 237499970000.000000
12.600000 73.756356 237499990000.000000
12.800000 77.665951 237499990000.000000
13.000000 86.533231 237499990000.000000
13.200000 93.295230 237499970000.000000
13.400000 104.690019 237499990000.000000
13.600000 113.841996 237499970000.000000
13.800000 124.450793 237499990000.000000
14.000000 140.456399 237499970000.000000
