0.000000 12.000000 0.000000
0.200000 12.649111 0.000000
0.400000 11.313708 0.000000
0.600000 11.313708 0.000000
0.800000 12.649111 0.000000
1.000000 12.000000 0.000000
1.200000 8.944272 0.000000
1.400000 5.656854 0.000000
1.600000 8.944272 0.000000
1.800000 8.000000 0.000000
2.000000 5.656854 0.000000
2.200000 4.000000 0.000000
2.400000 8.944272 0.000000
2.600000 5.656854 0.000000
2.800000 8.944272 0.000000
3.000000 8.000000 0.000000
3.200000 12.649111 0.000000
3.400000 11.313708 0.000000
3.600000 11.313708 0.000000
3.800000 8.944272 0.000000
4.000000 8.000000 240000000000.000000
4.200000 8.944272 240000000000.000000
4.400000 11.313708 240000000000.000000
4.600000 8.944272 240000000000.000000
4.800000 8.000000 240000000000.000000
5.000000 11.313708 240000000000.000000
5.200000 12.649111 240000000000.000000
5.400000 16.000000 240000000000.000000
5.600000 17.888544 240000000000.000000
5.800000 20.000000 240000040000.000000
6.000000 25.298221 240000000000.000000
6.200000 28.000000 240000000000.000000
6.400000 30.463092 240000000000.000000
6.600000 33.941125 240000000000.000000
6.800000 39.395431 240000000000.000000
7.000000 40.199502 240000000000.000000
7.200000 46.818800 240000000000.000000
7.400000 48.166378 240000000000.000000
7.600000 52.000000 240000000000.000000
7.800000 56.000000 240000040000.000000
8.000000 62.609903 0.000000
8.200000 62.481997 0.000000
8.400000 62.096699 0.000000
8.600000 65.115282 0.000000
8.800000 63.245553 0.000000
9.000000 64.498062 0.000000
9.200000 64.498062 0.000000
9.400000 65.969690 0.000000
9.600000 65.604878 0.000000
9.800000 64.498062 0.000000
10.000000 64.124878 0.000000
10.200000 63.245553 0.000000
10.400000 59.464275 0.000000
10.600000 57.271284 0.000000
10.800000 56.000000 0.000000
11.000000 57.271284 0.000000
11.200000 56.850682 0.000000
11.400000 53.366656 0.000000
11.600000 57.271284 0.000000
11.800000 57.688820 0.000000
12.000000 55.569776 240000000000.000000
12.200000 64.498062 240000000000.000000
12.400000 74.726167 240000000000.000000
12.600000 80.000000 240000000000.000000
12.800000 87.817994 240000000000.000000
13.000000 96.747093 240000000000.000000
13.200000 104.995238 240000000000.000000
13.400000 118.928550 240000000000.000000
13.600000 129.243955 240000000000.000000
13.800000 140.228385 240000040000.000000
