0.000000 12.000000 0.000000
0.200000 8.944272 0.000000
0.400000 11.313708 0.000000
0.600000 8.944272 0.000000
0.800000 8.000000 0.000000
1.000000 8.000000 0.000000
1.200000 8.944272 0.000000
1.400000 5.656854 0.000000
1.600000 4.000000 0.000000
1.800000 4.000000 0.000000
2.000000 5.656854 0.000000
2.200000 4.000000 0.000000
2.400000 5.656854 0.000000
2.600000 5.656854 0.000000
2.800000 8.944272 0.000000
3.000000 8.000000 0.000000
3.200000 8.944272 0.000000
3.400000 11.313708 0.000000
3.600000 8.944272 0.000000
3.800000 8.944272 0.000000
4.000000 8.000000 242500000000.000000
4.200000 8.944272 242500000000.000000
4.400000 5.656854 242500000000.000000
4.600000 8.944272 242500000000.000000
4.800000 8.000000 242500000000.000000
5.000000 11.313708 242500000000.000000
5.200000 12.649111 242500000000.000000
5.400000 12.000000 242500000000.000000
5.600000 14.422205 242500000000.000000
5.800000 20.000000 242500000000.000000
6.000000 20.396078 242500000000.000000
6.200000 24.331050 242500000000.000000
6.400000 26.832816 242500000000.000000
6.600000 31.240999 242500000000.000000
6.800000 34.176015 242500000000.000000
7.000000 36.000000 242500000000.000000
7.200000 39.395431 242500000000.000000
7.400000 42.520583 242500000000.000000
7.600000 46.818800 242500000000.000000
7.800000 52.153619 242500000000.000000
8.000000 55.569776 0.000000
8.200000 57.688820 0.000000
8.400000 56.568542 0.000000
8.600000 58.240879 0.000000
8.800000 56.850682 0.000000
9.000000 57.271284 0.000000
9.200000 60.133186 0.000000
9.400000 59.464275 0.000000
9.600000 59.464275 0.000000
9.800000 57.271284 0.000000
10.000000 56.000000 0.000000
10.200000 55.713553 0.000000
10.400000 53.814496 0.000000
10.600000 55.713553 0.000000
10.800000 52.153619 0.000000
11.000000 50.119856 0.000000
11.200000 48.826222 0.000000
11.400000 48.662100 0.000000
11.600000 49.477268 0.000000
11.800000 51.224994 0.000000
12.000000 53.665631 242500000000.000000
12.200000 60.133186 242500000000.000000
12.400000 67.052218 242500000000.000000
12.600000 73.756356 242500000000.000000
12.800000 80.498447 242500000000.000000
13.000000 88.090862 242500000000.000000
13.200000 98.792712 242500000000.000000
13.400000 107.480231 242500000000.000000
13.600000 118.928550 242500000000.000000
13.800000 128.561269 242500000000.000000
14.000000 145.437272 242500000000.000000
