0.000000 12.649111 0.000000
0.200000 12.649111 0.000000
0.400000 14.422205 0.000000
0.600000 14.422205 0.000000
0.800000 12.649111 0.000000
1.000000 12.000000 0.000000
1.200000 12.649111 0.000000
1.400000 11.313708 0.000000
1.600000 8.944272 0.000000
1.800000 8.000000 0.000000
2.000000 8.944272 0.000000
2.200000 8.944272 0.000000
2.400000 8.000000 0.000000
2.600000 8.944272 0.000000
2.800000 8.944272 0.000000
3.000000 12.649111 0.000000
3.200000 12.000000 0.000000
3.400000 12.649111 0.000000
3.600000 11.313708 0.000000
3.800000 12.649111 0.000000
4.000000 12.000000 247500000000.000000
4.200000 12.649111 247500000000.000000
4.400000 14.422205 247500000000.000000
4.600000 14.422205 247500000000.000000
4.800000 12.000000 247500000000.000000
5.000000 12.649111 247500000000.000000
5.200000 14.422205 247500000000.000000
5.400000 20.396078 247500000000.000000
5.600000 20.396078 247500000000.000000
5.800000 25.612497 247500000000.000000
6.000000 28.844410 247500000000.000000
6.200000 36.221541 247500000000.000000
6.400000 40.792156 247500000000.000000
6.600000 43.266615 247500000000.000000
6.800000 48.826222 247500000000.000000
7.000000 53.366656 247500000000.000000
7.200000 57.271284 247500000000.000000
7.400000 63.245553 247500000000.000000
7.600000 69.971423 247500000000.000000
7.800000 76.941536 247500000000.000000
8.000000 83.522452 0.000000
8.200000 85.041167 0.000000
8.400000 82.462113 0.000000
8.600000 84.095184 0.000000
8.800000 85.883642 0.000000
9.000000 85.603738 0.000000
9.200000 86.348133 0.000000
9.400000 85.510233 0.000000
9.600000 86.533231 0.000000
9.800000 86.533231 0.000000
10.000000 84.852814 0.000000
10.200000 82.462113 0.000000
10.400000 80.000000 0.000000
10.600000 76.941536 0.000000
10.800000 76.105190 0.000000
11.000000 73.539105 0.000000
11.200000 73.756356 0.000000
11.400000 74.726167 0.000000
11.600000 72.993150 0.000000
11.800000 75.471849 0.000000
12.000000 75.471849 247500000000.000000
12.200000 85.510233 247500000000.000000
12.400000 94.148818 247500000000.000000
12.600000 105.603030 247500000000.000000
12.800000 120.066648 247500000000.000000
13.000000 128.561269 247500000000.000000
13.200000 140.456399 247500000000.000000
