0.000000 12.000000 249999970000.000000
0.200000 12.649111 0.000000
0.400000 14.422205 0.000000
0.600000 11.313708 0.000000
0.800000 12.649111 0.000000
1.000000 12.000000 0.000000
1.200000 12.649111 0.000000
1.400000 11.313708 0.000000
1.600000 8.944272 0.000000
1.800000 8.000000 0.000000
2.000000 5.656854 0.000000
2.200000 8.944272 0.000000
2.400000 8.000000 0.000000
2.600000 8.944272 0.000000
2.800000 8.944272 0.000000
3.000000 12.649111 0.000000
3.200000 12.000000 0.000000
3.400000 12.649111 0.000000
3.600000 11.313708 0.000000
3.800000 12.649111 0.000000
4.000000 12.000000 0.000000
4.200000 12.000000 249999970000.000000
4.400000 8.944272 250000000000.000000
4.600000 8.944272 249999970000.000000
4.800000 12.000000 250000000000.000000
5.000000 12.649111 250000000000.000000
5.200000 14.422205 250000000000.000000
5.400000 16.492423 249999970000.000000
5.600000 16.492423 249999970000.000000
5.800000 20.000000 249999970000.000000
6.000000 23.323808 249999970000.000000
6.200000 28.284271 249999970000.000000
6.400000 32.984845 249999970000.000000
6.600000 37.735925 249999970000.000000
6.800000 40.000000 249999970000.000000
7.000000 44.721360 249999970000.000000
7.200000 48.662100 249999970000.000000
7.400000 52.153619 249999970000.000000
7.600000 57.688820 249999970000.000000
7.800000 64.498062 250000000000.000000
8.000000 70.880181 250000000000.000000
8.200000 79.397733 0.000000
8.400000 78.790862 0.000000
8.600000 80.000000 0.000000
8.800000 80.498447 0.000000
9.000000 79.397733 0.000000
9.200000 78.587531 0.000000
9.400000 80.894994 0.000000
9.600000 78.892332 0.000000
9.800000 77.665951 0.000000
10.000000 77.665951 0.000000
10.200000 77.665951 0.000000
10.400000 74.404301 0.000000
10.600000 73.430239 0.000000
10.800000 72.443081 0.000000
11.000000 68.352030 0.000000
11.200000 67.882251 0.000000
11.400000 68.352030 0.000000
11.600000 68.117545 0.000000
11.800000 69.971423 0.000000
12.000000 68.818602 0.000000
12.200000 69.856997 250000000000.000000
12.400000 81.584312 249999970000.000000
12.600000 89.888820 250000000000.000000
12.800000 100.955436 249999970000.000000
13.000000 109.836242 250000000000.000000
13.200000 120.332872 249999970000.000000
13.400000 133.686200 249999970000.000000
13.600000 144.996552 249999970000.000000
