0.000000 11.313708 255000020000.000000
0.200000 8.944272 255000020000.000000
0.400000 12.649111 0.000000
0.600000 14.422205 0.000000
0.800000 14.422205 0.000000
1.000000 16.492423 0.000000
1.200000 16.492423 0.000000
1.400000 17.888544 0.000000
1.600000 16.970563 0.000000
1.800000 16.492423 0.000000
2.000000 16.000000 0.000000
2.200000 12.649111 0.000000
2.400000 11.313708 0.000000
2.600000 12.649111 0.000000
2.800000 12.000000 0.000000
3.000000 11.313708 0.000000
3.200000 8.944272 0.000000
3.400000 12.000000 0.000000
3.600000 14.422205 0.000000
3.800000 14.422205 0.000000
4.000000 12.649111 0.000000
4.200000 16.492423 0.000000
4.400000 14.422205 255000020000.000000
4.600000 16.970563 255000020000.000000
4.800000 17.888544 255000020000.000000
5.000000 20.000000 255000020000.000000
5.200000 21.540659 255000020000.000000
5.400000 22.627417 255000020000.000000
5.600000 21.540659 255000020000.000000
5.800000 24.000000 255000020000.000000
6.000000 26.832816 255000020000.000000
6.200000 31.240999 255000020000.000000
6.400000 36.878178 255000020000.000000
6.600000 40.792156 255000020000.000000
6.800000 48.826222 255000020000.000000
7.000000 55.569776 255000020000.000000
7.200000 64.498062 255000020000.000000
7.400000 69.856997 255000020000.000000
7.600000 80.000000 255000020000.000000
7.800000 87.817994 255000020000.000000
8.000000 96.747093 255000020000.000000
8.200000 108.811764 255000020000.000000
8.400000 118.928550 0.000000
8.600000 118.186294 0.000000
8.800000 116.068945 0.000000
9.000000 112.712022 0.000000
9.200000 111.211510 0.000000
9.400000 109.836242 0.000000
9.600000 111.570605 0.000000
9.800000 110.634533 0.000000
10.000000 110.923397 0.000000
10.200000 112.000000 0.000000
10.400000 109.252002 0.000000
10.600000 110.634533 0.000000
10.800000 108.811764 0.000000
11.000000 108.664622 0.000000
11.200000 104.307238 0.000000
11.400000 100.955436 0.000000
11.600000 101.271911 0.000000
11.800000 100.000000 0.000000
12.000000 99.035347 0.000000
12.200000 98.792712 0.000000
12.400000 96.083297 255000020000.000000
12.600000 109.178753 255000020000.000000
12.800000 122.441823 255000020000.000000
13.000000 135.823415 255000020000.000000
