0.000000 12.000000 257500000000.000000
0.200000 12.649111 257500020000.000000
0.400000 11.313708 257500000000.000000
0.600000 14.422205 257500020000.000000
0.800000 16.492423 257500020000.000000
1.000000 16.492423 257500020000.000000
1.200000 16.970563 257500020000.000000
1.400000 17.888544 257500020000.000000
1.600000 20.000000 257500000000.000000
1.800000 21.540659 257500020000.000000
2.000000 25.612497 257500020000.000000
2.200000 29.120440 257500020000.000000
2.400000 32.249031 0.000000
2.600000 32.249031 0.000000
2.800000 34.409301 0.000000
3.000000 36.878178 0.000000
3.200000 36.878178 0.000000
3.400000 34.409301 0.000000
3.600000 34.409301 0.000000
3.800000 32.984845 0.000000
4.000000 32.984845 0.000000
4.200000 32.249031 0.000000
4.400000 28.844410 0.000000
4.600000 28.284271 0.000000
4.800000 29.120440 0.000000
5.000000 28.284271 0.000000
5.200000 30.463092 0.000000
5.400000 28.284271 0.000000
5.600000 28.844410 0.000000
5.800000 31.240999 0.000000
6.000000 32.984845 0.000000
6.200000 32.249031 0.000000
6.400000 32.249031 257500000000.000000
6.600000 36.878178 257500020000.000000
6.800000 37.947332 257500000000.000000
7.000000 44.181444 257500020000.000000
7.200000 46.647615 257500020000.000000
7.400000 51.224994 257500020000.000000
7.600000 57.271284 257500020000.000000
7.800000 61.188234 257500020000.000000
8.000000 68.818602 257500000000.000000
8.200000 78.892332 257500020000.000000
8.400000 88.362888 257500000000.000000
8.600000 101.192885 257500020000.000000
8.800000 116.000000 257500000000.000000
9.000000 129.243955 257500020000.000000
9.200000 144.222051 257500000000.000000
