0.000000 12.649111 260000020000.000000
0.200000 16.000000 260000020000.000000
0.400000 17.888544 260000020000.000000
0.600000 16.970563 260000020000.000000
0.800000 21.540659 260000020000.000000
1.000000 20.000000 260000020000.000000
1.200000 21.540659 260000020000.000000
1.400000 25.612497 260000020000.000000
1.600000 26.832816 260000020000.000000
1.800000 28.000000 260000020000.000000
2.000000 32.249031 260000020000.000000
2.200000 36.878178 260000020000.000000
2.400000 41.761226 260000020000.000000
2.600000 48.662100 0.000000
2.800000 48.826222 0.000000
3.000000 46.647615 0.000000
3.200000 48.662100 0.000000
3.400000 49.477268 0.000000
3.600000 51.224994 0.000000
3.800000 50.119856 0.000000
4.000000 48.662100 0.000000
4.200000 49.477268 0.000000
4.400000 45.607017 0.000000
4.600000 44.721360 0.000000
4.800000 44.181444 0.000000
5.000000 43.081318 0.000000
5.200000 42.520583 0.000000
5.400000 41.761226 0.000000
5.600000 40.199502 0.000000
5.800000 43.266615 0.000000
6.000000 43.266615 0.000000
6.200000 44.721360 0.000000
6.400000 44.721360 0.000000
6.600000 43.266615 260000020000.000000
6.800000 52.153619 260000020000.000000
7.000000 57.271284 260000020000.000000
7.200000 61.188234 260000020000.000000
7.400000 68.818602 260000020000.000000
7.600000 75.471849 260000020000.000000
7.800000 80.894994 260000020000.000000
8.000000 92.347171 260000020000.000000
8.200000 101.980390 260000020000.000000
8.400000 116.619038 260000020000.000000
8.600000 128.062485 260000020000.000000
8.800000 144.941367 260000020000.000000
