0.000000 12.000000 265000030000.000000
0.200000 16.492423 265000030000.000000
0.400000 17.888544 265000030000.000000
0.600000 20.000000 265000010000.000000
0.800000 21.540659 265000030000.000000
1.000000 24.000000 265000030000.000000
1.200000 25.298221 265000030000.000000
1.400000 25.612497 265000030000.000000
1.600000 29.120440 265000030000.000000
1.800000 32.249031 265000010000.000000
2.000000 32.249031 265000010000.000000
2.200000 37.735925 0.000000
2.400000 36.878178 0.000000
2.600000 37.947332 0.000000
2.800000 42.520583 0.000000
3.000000 41.182521 0.000000
3.200000 40.199502 0.000000
3.400000 43.081318 0.000000
3.600000 42.520583 0.000000
3.800000 41.182521 0.000000
4.000000 40.199502 0.000000
4.200000 37.947332 0.000000
4.400000 36.878178 0.000000
4.600000 35.777088 0.000000
4.800000 36.000000 0.000000
5.000000 35.777088 0.000000
5.200000 34.409301 0.000000
5.400000 32.984845 0.000000
5.600000 36.878178 0.000000
5.800000 34.409301 0.000000
6.000000 35.777088 0.000000
6.200000 36.221541 265000030000.000000
6.400000 41.761226 265000030000.000000
6.600000 48.826222 265000030000.000000
6.800000 52.153619 265000010000.000000
7.000000 60.530984 265000030000.000000
7.200000 65.969690 265000010000.000000
7.400000 71.217975 265000030000.000000
7.600000 80.498447 265000030000.000000
7.800000 88.090862 265000030000.000000
8.000000 98.792712 265000010000.000000
8.200000 110.344914 265000010000.000000
8.400000 126.491106 265000030000.000000
8.600000 140.911320 265000030000.000000
