0.000000 12.000000 267500010000.000000
0.200000 12.649111 267500010000.000000
0.400000 14.422205 267500010000.000000
0.600000 14.422205 267500010000.000000
0.800000 16.492423 267500010000.000000
1.000000 20.396078 267500010000.000000
1.200000 20.000000 267500010000.000000
1.400000 20.000000 267500010000.000000
1.600000 24.331050 267500010000.000000
1.800000 25.298221 267500010000.000000
2.000000 31.240999 267500010000.000000
2.200000 35.777088 0.000000
2.400000 32.000000 0.000000
2.600000 35.777088 0.000000
2.800000 36.878178 0.000000
3.000000 37.947332 0.000000
3.200000 36.221541 0.000000
3.400000 35.777088 0.000000
3.600000 36.878178 0.000000
3.800000 37.947332 0.000000
4.000000 36.000000 0.000000
4.200000 35.777088 0.000000
4.400000 31.240999 0.000000
4.600000 32.984845 0.000000
4.800000 32.249031 0.000000
5.000000 28.844410 0.000000
5.200000 28.844410 0.000000
5.400000 32.249031 0.000000
5.600000 30.463092 0.000000
5.800000 33.941125 0.000000
6.000000 34.176015 0.000000
6.200000 32.000000 267500010000.000000
6.400000 39.395431 267500010000.000000
6.600000 42.520583 267500010000.000000
6.800000 48.332184 267500010000.000000
7.000000 52.000000 267500010000.000000
7.200000 55.713553 267500010000.000000
7.400000 62.225397 267500010000.000000
7.600000 72.111026 267500010000.000000
7.800000 80.099938 267500010000.000000
8.000000 89.442719 267500010000.000000
8.200000 100.000000 267500010000.000000
8.400000 110.634533 267500010000.000000
8.600000 127.121989 267500010000.000000
8.800000 142.435951 267500010000.000000
