0.000000 12.000000 269999980000.000000
0.200000 12.649111 269999980000.000000
0.400000 14.422205 270000010000.000000
0.600000 14.422205 269999980000.000000
0.800000 16.492423 269999980000.000000
1.000000 16.492423 270000010000.000000
1.200000 20.000000 269999980000.000000
1.400000 17.888544 269999980000.000000
1.600000 20.000000 270000010000.000000
1.800000 21.540659 270000010000.000000
2.000000 25.612497 269999980000.000000
2.200000 29.120440 0.000000
2.400000 32.249031 0.000000
2.600000 32.249031 0.000000
2.800000 34.409301 0.000000
3.000000 32.249031 0.000000
3.200000 32.984845 0.000000
3.400000 34.409301 0.000000
3.600000 34.409301 0.000000
3.800000 32.984845 0.000000
4.000000 32.249031 0.000000
4.200000 32.249031 0.000000
4.400000 28.844410 0.000000
4.600000 28.284271 0.000000
4.800000 29.120440 0.000000
5.000000 28.284271 0.000000
5.200000 25.298221 0.000000
5.400000 28.284271 0.000000
5.600000 28.844410 0.000000
5.800000 28.844410 0.000000
6.000000 29.120440 0.000000
6.200000 32.249031 269999980000.000000
6.400000 35.777088 269999980000.000000
6.600000 40.000000 269999980000.000000
6.800000 41.761226 270000010000.000000
7.000000 48.166378 269999980000.000000
7.200000 53.665631 269999980000.000000
7.400000 60.000000 269999980000.000000
7.600000 65.969690 270000010000.000000
7.800000 72.993150 269999980000.000000
8.000000 83.234608 269999980000.000000
8.200000 93.295230 270000010000.000000
8.400000 104.690019 269999980000.000000
8.600000 118.928550 269999980000.000000
8.800000 132.966161 269999980000.000000
