0.000000 11.313708 272500020000.000000
0.200000 12.649111 272500030000.000000
0.400000 16.000000 272500030000.000000
0.600000 16.492423 272500030000.000000
0.800000 20.000000 272500020000.000000
1.000000 23.323808 272500020000.000000
1.200000 24.331050 272500030000.000000
1.400000 28.284271 272500030000.000000
1.600000 28.844410 272500020000.000000
1.800000 32.249031 272500020000.000000
2.000000 36.221541 272500020000.000000
2.200000 37.947332 272500030000.000000
2.400000 42.520583 272500030000.000000
2.600000 52.000000 0.000000
2.800000 48.000000 0.000000
3.000000 50.119856 0.000000
3.200000 51.224994 0.000000
3.400000 54.405882 0.000000
3.600000 52.153619 0.000000
3.800000 53.665631 0.000000
4.000000 51.224994 0.000000
4.200000 54.405882 0.000000
4.400000 52.611786 0.000000
4.600000 50.119856 0.000000
4.800000 48.826222 0.000000
5.000000 44.721360 0.000000
5.200000 45.607017 0.000000
5.400000 45.607017 0.000000
5.600000 44.721360 0.000000
5.800000 44.000000 0.000000
6.000000 44.721360 0.000000
6.200000 48.166378 0.000000
6.400000 46.818800 0.000000
6.600000 48.166378 272500030000.000000
6.800000 53.665631 272500030000.000000
7.000000 59.464275 272500020000.000000
7.200000 68.352030 272500030000.000000
7.400000 76.105190 272500030000.000000
7.600000 85.883642 272500030000.000000
7.800000 93.722996 272500020000.000000
8.000000 103.846040 272500020000.000000
8.200000 117.711512 272500030000.000000
8.400000 128.809938 272500030000.000000
8.600000 144.941367 272500020000.000000
