0.000000 12.649111 0.000000
0.200000 12.000000 0.000000
0.400000 12.649111 0.000000
0.600000 11.313708 0.000000
0.800000 12.649111 0.000000
1.000000 12.000000 0.000000
1.200000 8.000000 0.000000
1.400000 8.944272 0.000000
1.600000 8.944272 0.000000
1.800000 8.000000 0.000000
2.000000 5.656854 0.000000
2.200000 5.656854 0.000000
2.400000 8.000000 0.000000
2.600000 8.944272 0.000000
2.800000 8.944272 0.000000
3.000000 8.944272 0.000000
3.200000 8.000000 0.000000
3.400000 8.944272 0.000000
3.600000 11.313708 0.000000
3.800000 8.944272 0.000000
4.000000 8.944272 275000030000.000000
4.200000 12.000000 275000030000.000000
4.400000 8.944272 275000070000.000000
4.600000 11.313708 275000070000.000000
4.800000 12.649111 275000070000.000000
5.000000 12.649111 275000070000.000000
5.200000 11.313708 275000030000.000000
5.400000 16.492423 275000070000.000000
5.600000 20.000000 275000030000.000000
5.800000 23.323808 275000030000.000000
6.000000 25.612497 275000030000.000000
6.200000 32.984845 275000070000.000000
6.400000 36.221541 275000030000.000000
6.600000 41.182521 275000070000.000000
6.800000 48.166378 275000030000.000000
7.000000 50.596443 275000070000.000000
7.200000 56.142675 275000030000.000000
7.400000 62.609903 275000030000.000000
7.600000 70.767224 275000030000.000000
7.800000 79.699435 275000030000.000000
8.000000 88.814413 0.000000
8.200000 86.533231 0.000000
8.400000 84.380092 0.000000
8.600000 84.852814 0.000000
8.800000 84.758480 0.000000
9.000000 87.726849 0.000000
9.200000 86.162637 0.000000
9.400000 88.000000 0.000000
9.600000 87.726849 0.000000
9.800000 85.041167 0.000000
10.000000 84.758480 0.000000
10.200000 84.380092 0.000000
10.400000 82.365041 0.000000
10.600000 80.000000 0.000000
10.800000 77.665951 0.000000
11.000000 78.587531 0.000000
11.200000 76.837491 0.000000
11.400000 75.153177 0.000000
11.600000 76.000000 0.000000
11.800000 75.153177 0.000000
12.000000 76.419893 275000030000.000000
12.200000 88.543774 275000070000.000000
12.400000 100.319490 275000030000.000000
12.600000 112.712022 275000070000.000000
12.800000 125.602548 275000030000.000000
13.000000 139.713994 275000030000.000000
