0.000000 11.313708 0.000000
0.200000 8.944272 0.000000
0.400000 8.000000 0.000000
0.600000 8.000000 0.000000
0.800000 5.656854 0.000000
1.000000 5.656854 0.000000
1.200000 4.000000 0.000000
1.400000 4.000000 0.000000
1.600000 4.000000 0.000000
1.800000 4.000000 0.000000
2.000000 5.656854 0.000000
2.200000 5.656854 0.000000
2.400000 8.000000 0.000000
2.600000 8.000000 0.000000
2.800000 8.944272 0.000000
3.000000 11.313708 0.000000
3.200000 8.944272 0.000000
3.400000 8.000000 277500000000.000000
3.600000 8.000000 277500000000.000000
3.800000 8.944272 277500000000.000000
4.000000 5.656854 277500000000.000000
4.200000 8.000000 277500000000.000000
4.400000 8.944272 277500000000.000000
4.600000 8.944272 277500000000.000000
4.800000 12.000000 277500000000.000000
5.000000 12.649111 277500000000.000000
5.200000 16.970563 277500000000.000000
5.400000 17.888544 277500000000.000000
5.600000 24.331050 277500000000.000000
5.800000 29.120440 277500000000.000000
6.000000 28.844410 277500000000.000000
6.200000 34.409301 277500000000.000000
6.400000 36.878178 277500000000.000000
6.600000 40.792156 277500000000.000000
6.800000 46.647615 277500000000.000000
7.000000 52.153619 277500000000.000000
7.200000 57.271284 277500000000.000000
7.400000 65.969690 0.000000
7.600000 62.481997 0.000000
7.800000 62.609903 0.000000
8.000000 64.000000 0.000000
8.200000 64.621978 0.000000
8.400000 65.115282 0.000000
8.600000 63.245553 0.000000
8.800000 64.124878 0.000000
9.000000 64.498062 0.000000
9.200000 65.604878 0.000000
9.400000 62.096699 0.000000
9.600000 64.498062 0.000000
9.800000 61.057350 0.000000
10.000000 60.000000 0.000000
10.200000 57.271284 0.000000
10.400000 57.271284 0.000000
10.600000 56.850682 0.000000
10.800000 57.271284 0.000000
11.000000 56.000000 0.000000
11.200000 57.271284 0.000000
11.400000 59.464275 277500000000.000000
11.600000 67.052218 277500000000.000000
11.800000 76.105190 277500000000.000000
12.000000 84.095184 277500000000.000000
12.200000 96.332757 277500000000.000000
12.400000 108.811764 277500000000.000000
12.600000 121.061968 277500000000.000000
12.800000 134.461891 277500000000.000000
13.000000 147.566934 277500000000.000000
