0.000000 12.000000 0.000000
0.200000 12.649111 0.000000
0.400000 11.313708 0.000000
0.600000 11.313708 0.000000
0.800000 8.944272 0.000000
1.000000 8.000000 0.000000
1.200000 8.944272 0.000000
1.400000 8.944272 0.000000
1.600000 5.656854 0.000000
1.800000 4.000000 0.000000
2.000000 5.656854 0.000000
2.200000 4.000000 0.000000
2.400000 4.000000 0.000000
2.600000 5.656854 0.000000
2.800000 8.944272 0.000000
3.000000 8.000000 0.000000
3.200000 8.000000 0.000000
3.400000 8.944272 0.000000
3.600000 11.313708 0.000000
3.800000 8.944272 0.000000
4.000000 8.000000 280000000000.000000
4.200000 8.000000 280000000000.000000
4.400000 8.944272 280000000000.000000
4.600000 8.944272 280000000000.000000
4.800000 8.000000 280000000000.000000
5.000000 8.944272 280000000000.000000
5.200000 14.422205 280000000000.000000
5.400000 16.492423 280000000000.000000
5.600000 16.492423 280000000000.000000
5.800000 20.000000 280000000000.000000
6.000000 26.832816 280000000000.000000
6.200000 32.249031 280000000000.000000
6.400000 36.878178 280000000000.000000
6.600000 40.000000 280000000000.000000
6.800000 43.266615 280000000000.000000
7.000000 49.477268 280000000000.000000
7.200000 56.568542 280000000000.000000
7.400000 61.057350 280000000000.000000
7.600000 66.573268 280000000000.000000
7.800000 76.941536 280000000000.000000
8.000000 87.361319 0.000000
8.200000 85.041167 0.000000
8.400000 84.095184 0.000000
8.600000 84.000000 0.000000
8.800000 84.095184 0.000000
9.000000 85.041167 0.000000
9.200000 83.522452 0.000000
9.400000 84.852814 0.000000
9.600000 84.380092 0.000000
9.800000 83.234608 0.000000
10.000000 81.584312 0.000000
10.200000 81.584312 0.000000
10.400000 80.000000 0.000000
10.600000 78.892332 0.000000
10.800000 76.105190 0.000000
11.000000 77.252832 0.000000
11.200000 73.539105 0.000000
11.400000 72.111026 0.000000
11.600000 72.443081 0.000000
11.800000 75.471849 0.000000
12.000000 74.404301 280000000000.000000
12.200000 85.510233 280000000000.000000
12.400000 98.061205 280000000000.000000
12.600000 112.071406 280000000000.000000
12.800000 122.114700 280000000000.000000
13.000000 136.937942 280000000000.000000
