0.000000 11.313708 282500000000.000000
0.200000 12.649111 0.000000
0.400000 12.000000 0.000000
0.600000 14.422205 0.000000
0.800000 16.970563 0.000000
1.000000 14.422205 0.000000
1.200000 12.000000 0.000000
1.400000 12.649111 0.000000
1.600000 11.313708 0.000000
1.800000 8.944272 0.000000
2.000000 8.000000 0.000000
2.200000 8.944272 0.000000
2.400000 8.944272 0.000000
2.600000 8.000000 0.000000
2.800000 8.944272 0.000000
3.000000 11.313708 0.000000
3.200000 12.649111 0.000000
3.400000 12.000000 0.000000
3.600000 12.649111 0.000000
3.800000 14.422205 0.000000
4.000000 14.422205 0.000000
4.200000 12.649111 282500000000.000000
4.400000 12.000000 282500000000.000000
4.600000 14.422205 282500000000.000000
4.800000 14.422205 282500000000.000000
5.000000 16.492423 282500000000.000000
5.200000 16.492423 282500000000.000000
5.400000 20.000000 282500000000.000000
5.600000 21.540659 282500000000.000000
5.800000 28.000000 282500000000.000000
6.000000 32.249031 282500000000.000000
6.200000 36.878178 282500000000.000000
6.400000 41.761226 282500000000.000000
6.600000 48.166378 282500000000.000000
6.800000 57.271284 282500000000.000000
7.000000 65.115282 282500000000.000000
7.200000 72.111026 282500000000.000000
7.400000 80.099938 282500000000.000000
7.600000 89.442719 282500000000.000000
7.800000 99.357939 282500000000.000000
8.000000 111.570605 282500000000.000000
8.200000 125.602548 0.000000
8.400000 123.223374 0.000000
8.600000 123.547562 0.000000
8.800000 124.064499 0.000000
9.000000 121.852370 0.000000
9.200000 121.918005 0.000000
9.400000 120.332872 0.000000
9.600000 121.655251 0.000000
9.800000 120.929732 0.000000
10.000000 122.114700 0.000000
10.200000 117.098249 0.000000
10.400000 117.643529 0.000000
10.600000 113.278418 0.000000
10.800000 111.427106 0.000000
11.000000 108.295891 0.000000
11.200000 109.178753 0.000000
11.400000 106.508216 0.000000
11.600000 105.223572 0.000000
11.800000 107.703296 0.000000
12.000000 107.628992 0.000000
12.200000 105.603030 282500000000.000000
12.400000 120.000000 282500000000.000000
12.600000 136.058811 282500000000.000000
