0.000000 12.000000 285000040000.000000
0.200000 12.649111 285000040000.000000
0.400000 16.970563 0.000000
0.600000 17.888544 0.000000
0.800000 20.000000 0.000000
1.000000 17.888544 0.000000
1.200000 20.000000 0.000000
1.400000 17.888544 0.000000
1.600000 20.000000 0.000000
1.800000 16.492423 0.000000
2.000000 14.422205 0.000000
2.200000 14.422205 0.000000
2.400000 12.000000 0.000000
2.600000 12.649111 0.000000
2.800000 14.422205 0.000000
3.000000 12.000000 0.000000
3.200000 12.649111 0.000000
3.400000 16.970563 0.000000
3.600000 17.888544 0.000000
3.800000 16.000000 0.000000
4.000000 16.492423 0.000000
4.200000 16.970563 0.000000
4.400000 17.888544 285000040000.000000
4.600000 20.396078 285000040000.000000
4.800000 20.396078 285000040000.000000
5.000000 23.323808 285000040000.000000
5.200000 23.323808 285000070000.000000
5.400000 28.284271 285000040000.000000
5.600000 29.120440 285000040000.000000
5.800000 33.941125 285000040000.000000
6.000000 39.395431 285000040000.000000
6.200000 44.000000 285000070000.000000
6.400000 52.000000 285000040000.000000
6.600000 59.464275 285000040000.000000
6.800000 68.352030 285000040000.000000
7.000000 80.099938 285000040000.000000
7.200000 89.442719 285000040000.000000
7.400000 104.995238 285000070000.000000
7.600000 116.481758 285000040000.000000
7.800000 128.996124 285000040000.000000
8.000000 145.437272 285000040000.000000
