0.000000 12.000000 0.000000
0.200000 12.649111 0.000000
0.400000 14.422205 0.000000
0.600000 14.422205 0.000000
0.800000 12.649111 0.000000
1.000000 12.000000 0.000000
1.200000 12.649111 0.000000
1.400000 11.313708 0.000000
1.600000 8.944272 0.000000
1.800000 8.000000 0.000000
2.000000 8.944272 0.000000
2.200000 8.944272 0.000000
2.400000 8.000000 0.000000
2.600000 8.944272 0.000000
2.800000 8.944272 0.000000
3.000000 12.000000 0.000000
3.200000 12.649111 0.000000
3.400000 14.422205 0.000000
3.600000 11.313708 0.000000
3.800000 12.649111 0.000000
4.000000 12.000000 287500000000.000000
4.200000 12.649111 287500000000.000000
4.400000 11.313708 287500000000.000000
4.600000 12.649111 287500000000.000000
4.800000 16.000000 287500000000.000000
5.000000 17.888544 287500000000.000000
5.200000 20.000000 287500000000.000000
5.400000 20.396078 287500000000.000000
5.600000 25.298221 287500000000.000000
5.800000 31.240999 287500000000.000000
6.000000 35.777088 287500000000.000000
6.200000 44.181444 287500000000.000000
6.400000 49.477268 287500000000.000000
6.600000 54.405882 287500000000.000000
6.800000 64.498062 287500000000.000000
7.000000 72.993150 287500000000.000000
7.200000 78.587531 287500000000.000000
7.400000 88.090862 287500000000.000000
7.600000 98.386991 287500000000.000000
7.800000 112.071406 287500000000.000000
8.000000 125.538839 0.000000
8.200000 124.579292 0.000000
8.400000 124.193398 0.000000
8.600000 121.655251 0.000000
8.800000 123.223374 0.000000
9.000000 123.547562 0.000000
9.200000 124.257797 0.000000
9.400000 124.064499 0.000000
9.600000 121.655251 0.000000
9.800000 118.928550 0.000000
10.000000 116.619038 0.000000
10.200000 114.612390 0.000000
10.400000 112.071406 0.000000
10.600000 109.836242 0.000000
10.800000 108.811764 0.000000
11.000000 107.628992 0.000000
11.200000 107.703296 0.000000
11.400000 108.074049 0.000000
11.600000 109.178753 0.000000
11.800000 108.811764 0.000000
12.000000 106.733313 287500000000.000000
12.200000 122.376468 287500000000.000000
12.400000 137.637204 287500000000.000000
