0.000000 12.649111 0.000000
0.200000 11.313708 0.000000
0.400000 11.313708 0.000000
0.600000 12.649111 0.000000
0.800000 12.000000 0.000000
1.000000 8.944272 0.000000
1.200000 5.656854 0.000000
1.400000 8.944272 0.000000
1.600000 8.000000 0.000000
1.800000 5.656854 0.000000
2.000000 4.000000 0.000000
2.200000 8.944272 0.000000
2.400000 5.656854 0.000000
2.600000 8.944272 0.000000
2.800000 8.000000 0.000000
3.000000 12.649111 0.000000
3.200000 11.313708 0.000000
3.400000 11.313708 0.000000
3.600000 8.944272 0.000000
3.800000 8.000000 0.000000
4.000000 8.944272 289999980000.000000
4.200000 8.944272 289999980000.000000
4.400000 8.944272 289999980000.000000
4.600000 8.000000 289999980000.000000
4.800000 8.944272 289999980000.000000
5.000000 12.649111 289999980000.000000
5.200000 16.000000 289999980000.000000
5.400000 17.888544 289999980000.000000
5.600000 22.627417 289999980000.000000
5.800000 26.832816 289999980000.000000
6.000000 32.000000 289999980000.000000
6.200000 34.176015 289999980000.000000
6.400000 42.520583 289999980000.000000
6.600000 44.721360 289999980000.000000
6.800000 52.153619 289999980000.000000
7.000000 58.240879 289999980000.000000
7.200000 62.481997 289999980000.000000
7.400000 71.554175 289999980000.000000
7.600000 80.099938 289999980000.000000
7.800000 91.389277 289999980000.000000
8.000000 104.690019 0.000000
8.200000 101.192885 0.000000
8.400000 100.717426 0.000000
8.600000 104.307238 0.000000
8.800000 100.955436 0.000000
9.000000 101.271911 0.000000
9.200000 103.846040 0.000000
9.400000 99.357939 0.000000
9.600000 101.980390 0.000000
9.800000 100.079968 0.000000
10.000000 95.078915 0.000000
10.200000 93.380940 0.000000
10.400000 92.347171 0.000000
10.600000 92.779308 0.000000
10.800000 89.888820 0.000000
11.000000 89.888820 0.000000
11.200000 88.814413 0.000000
11.400000 88.543774 0.000000
11.600000 87.726849 0.000000
11.800000 91.389277 0.000000
12.000000 92.086915 289999980000.000000
12.200000 101.980390 289999980000.000000
12.400000 113.278418 289999980000.000000
12.600000 130.291980 289999980000.000000
12.800000 144.886162 289999980000.000000
