0.000000 11.313708 292500000000.000000
0.200000 8.944272 292500000000.000000
0.400000 8.000000 292500000000.000000
0.600000 12.000000 292500000000.000000
0.800000 8.944272 292500000000.000000
1.000000 8.944272 292500000000.000000
1.200000 12.000000 292500000000.000000
1.400000 12.649111 292500000000.000000
1.600000 14.422205 292500000000.000000
1.800000 16.492423 292500000000.000000
2.000000 20.396078 0.000000
2.200000 20.000000 0.000000
2.400000 23.323808 0.000000
2.600000 24.331050 0.000000
2.800000 25.298221 0.000000
3.000000 25.612497 0.000000
3.200000 23.323808 0.000000
3.400000 24.331050 0.000000
3.600000 24.331050 0.000000
3.800000 20.000000 0.000000
4.000000 20.000000 0.000000
4.200000 20.396078 0.000000
4.400000 16.492423 0.000000
4.600000 16.970563 0.000000
4.800000 16.492423 0.000000
5.000000 20.396078 0.000000
5.200000 20.000000 0.000000
5.400000 20.000000 0.000000
5.600000 20.396078 0.000000
5.800000 20.396078 0.000000
6.000000 23.323808 292500000000.000000
6.200000 25.612497 292500000000.000000
6.400000 29.120440 292500000000.000000
6.600000 32.249031 292500000000.000000
6.800000 32.249031 292500000000.000000
7.000000 36.878178 292500000000.000000
7.200000 41.761226 292500000000.000000
7.400000 44.721360 292500000000.000000
7.600000 52.153619 292500000000.000000
7.800000 61.057350 292500000000.000000
8.000000 68.468971 292500000000.000000
8.200000 79.699435 292500000000.000000
8.400000 93.722996 292500000000.000000
8.600000 107.331263 292500000000.000000
8.800000 120.066648 292500000000.000000
9.000000 138.159328 292500000000.000000
