0.000000 11.313708 295000000000.000000
0.200000 8.944272 295000000000.000000
0.400000 12.000000 295000000000.000000
0.600000 11.313708 295000000000.000000
0.800000 12.649111 295000000000.000000
1.000000 16.000000 295000000000.000000
1.200000 21.540659 0.000000
1.400000 22.627417 0.000000
1.600000 25.298221 0.000000
1.800000 24.331050 0.000000
2.000000 26.832816 0.000000
2.200000 25.612497 0.000000
2.400000 25.298221 0.000000
2.600000 24.000000 0.000000
2.800000 21.540659 0.000000
3.000000 22.627417 0.000000
3.200000 21.540659 0.000000
3.400000 20.000000 0.000000
3.600000 17.888544 0.000000
3.800000 17.888544 0.000000
4.000000 20.000000 0.000000
4.200000 17.888544 0.000000
4.400000 20.000000 0.000000
4.600000 21.540659 0.000000
4.800000 20.000000 0.000000
5.000000 21.540659 0.000000
5.200000 22.627417 295000000000.000000
5.400000 26.832816 295000000000.000000
5.600000 28.284271 295000000000.000000
5.800000 29.120440 295000000000.000000
6.000000 31.240999 295000000000.000000
6.200000 35.777088 295000000000.000000
6.400000 40.000000 295000000000.000000
6.600000 48.332184 295000000000.000000
6.800000 53.814496 295000000000.000000
7.000000 63.245553 295000000000.000000
7.200000 72.443081 295000000000.000000
7.400000 82.365041 295000000000.000000
7.600000 94.403390 295000000000.000000
7.800000 110.634533 295000000000.000000
8.000000 126.301227 295000000000.000000
8.200000 140.911320 295000000000.000000
