0.000000 12.000000 297500000000.000000
0.200000 14.422205 297500000000.000000
0.400000 14.422205 297500000000.000000
0.600000 20.396078 0.000000
0.800000 20.396078 0.000000
1.000000 23.323808 0.000000
1.200000 20.000000 0.000000
1.400000 21.540659 0.000000
1.600000 20.000000 0.000000
1.800000 17.888544 0.000000
2.000000 16.970563 0.000000
2.200000 16.492423 0.000000
2.400000 16.000000 0.000000
2.600000 14.422205 0.000000
2.800000 14.422205 0.000000
3.000000 16.000000 0.000000
3.200000 17.888544 0.000000
3.400000 16.970563 0.000000
3.600000 16.492423 0.000000
3.800000 20.000000 0.000000
4.000000 17.888544 0.000000
4.200000 16.970563 0.000000
4.400000 17.888544 0.000000
4.600000 20.000000 297500000000.000000
4.800000 20.396078 297500000000.000000
5.000000 20.000000 297500000000.000000
5.200000 21.540659 297500000000.000000
5.400000 24.000000 297500000000.000000
5.600000 30.463092 297500000000.000000
5.800000 31.240999 297500000000.000000
6.000000 37.947332 297500000000.000000
6.200000 44.721360 297500000000.000000
6.400000 52.153619 297500000000.000000
6.600000 63.245553 297500000000.000000
6.800000 69.856997 297500000000.000000
7.000000 80.894994 297500000000.000000
7.200000 95.414884 297500000000.000000
7.400000 106.508216 297500000000.000000
7.600000 117.711512 297500000000.000000
7.800000 135.823415 297500000000.000000
