0.000000 12.000000 0.000000
0.100000 8.944272 0.000000
0.200000 11.313708 0.000000
0.300000 11.313708 0.000000
0.400000 14.422205 0.000000
0.500000 12.649111 0.000000
0.600000 12.000000 0.000000
0.700000 12.000000 0.000000
0.800000 12.649111 0.000000
0.900000 12.649111 0.000000
1.000000 14.422205 0.000000
1.100000 14.422205 0.000000
1.200000 14.422205 0.000000
1.300000 14.422205 0.000000
1.400000 12.649111 0.000000
1.500000 12.649111 0.000000
1.600000 12.000000 0.000000
1.700000 12.649111 0.000000
1.800000 12.649111 0.000000
1.900000 14.422205 0.000000
2.000000 11.313708 0.000000
2.100000 11.313708 0.000000
2.200000 8.944272 0.000000
2.300000 8.000000 0.000000
2.400000 8.000000 0.000000
2.500000 8.944272 0.000000
2.600000 8.944272 0.000000
2.700000 8.944272 0.000000
2.800000 8.944272 0.000000
2.900000 8.000000 0.000000
3.000000 8.000000 0.000000
3.100000 8.944272 0.000000
3.200000 8.944272 0.000000
3.300000 11.313708 0.000000
3.400000 11.313708 0.000000
3.500000 12.649111 0.000000
3.600000 12.649111 0.000000
3.700000 12.000000 0.000000
3.800000 12.000000 199999960000.000000
3.900000 12.649111 199999960000.000000
4.000000 14.422205 199999960000.000000
4.100000 14.422205 199999960000.000000
4.200000 16.970563 199999960000.000000
4.300000 14.422205 199999960000.000000
4.400000 17.888544 199999960000.000000
4.500000 16.492423 199999960000.000000
4.600000 16.000000 199999960000.000000
4.700000 16.000000 199999960000.000000
4.800000 16.492423 199999960000.000000
4.900000 17.888544 199999960000.000000
5.000000 16.970563 199999960000.000000
5.100000 20.000000 199999960000.000000
5.200000 17.888544 199999960000.000000
5.300000 20.396078 199999960000.000000
5.400000 20.000000 199999960000.000000
5.500000 20.396078 199999960000.000000
5.600000 21.540659 199999960000.000000
5.700000 20.000000 199999960000.000000
5.800000 23.323808 199999960000.000000
5.900000 21.540659 199999960000.000000
6.000000 24.331050 199999960000.000000
6.100000 28.000000 199999960000.000000
6.200000 29.120440 199999960000.000000
6.300000 30.463092 199999960000.000000
6.400000 34.409301 199999960000.000000
6.500000 33.941125 199999960000.000000
6.600000 37.735925 199999960000.000000
6.700000 37.947332 199999960000.000000
6.800000 40.199502 199999960000.000000
6.900000 44.181444 199999960000.000000
7.000000 45.607017 199999960000.000000
7.100000 48.332184 199999960000.000000
7.200000 48.826222 199999960000.000000
7.300000 53.814496 199999960000.000000
7.400000 55.569776 199999960000.000000
7.500000 55.713553 199999960000.000000
7.600000 56.568542 199999960000.000000
7.700000 60.133186 199999960000.000000
7.800000 62.096699 0.000000
7.900000 62.609903 0.000000
8.000000 60.000000 0.000000
8.100000 59.464275 0.000000
8.200000 59.059292 0.000000
8.300000 58.240879 0.000000
8.400000 56.142675 0.000000
8.500000 56.568542 0.000000
8.600000 55.713553 0.000000
8.700000 57.688820 0.000000
8.800000 56.568542 0.000000
8.900000 55.569776 0.000000
9.000000 54.405882 0.000000
9.100000 56.142675 0.000000
9.200000 56.568542 0.000000
9.300000 55.713553 0.000000
9.400000 55.569776 0.000000
9.500000 56.568542 0.000000
9.600000 57.688820 0.000000
9.700000 57.271284 0.000000
9.800000 57.271284 0.000000
9.900000 60.000000 0.000000
10.000000 57.271284 0.000000
10.100000 57.271284 0.000000
10.200000 57.688820 0.000000
10.300000 56.568542 0.000000
10.400000 57.688820 0.000000
10.500000 55.713553 0.000000
10.600000 56.568542 0.000000
10.700000 56.000000 0.000000
10.800000 57.271284 0.000000
10.900000 53.665631 0.000000
11.000000 54.405882 0.000000
11.100000 53.814496 0.000000
11.200000 50.119856 0.000000
11.300000 50.596443 0.000000
11.400000 52.153619 0.000000
11.500000 52.611786 0.000000
11.600000 50.596443 0.000000
11.700000 48.826222 0.000000
11.800000 50.911688 199999960000.000000
11.900000 52.153619 199999960000.000000
12.000000 55.713553 199999960000.000000
12.100000 56.568542 199999960000.000000
12.200000 60.133186 199999960000.000000
12.300000 63.245553 199999960000.000000
12.400000 68.000000 199999960000.000000
12.500000 68.117545 199999960000.000000
12.600000 74.404301 199999960000.000000
12.700000 75.153177 199999960000.000000
12.800000 82.462113 199999960000.000000
12.900000 84.095184 199999960000.000000
13.000000 89.442719 199999960000.000000
13.100000 95.078915 199999960000.000000
13.200000 98.792712 199999960000.000000
13.300000 101.823376 199999960000.000000
13.400000 106.508216 199999960000.000000
13.500000 111.427106 199999960000.000000
13.600000 113.771701 199999960000.000000
13.700000 120.266371 199999960000.000000
13.800000 124.193398 199999960000.000000
13.900000 127.059041 199999960000.000000
14.000000 133.206606 199999960000.000000
14.100000 140.000000 199999960000.000000
14.200000 143.387587 199999960000.000000
14.300000 146.696967 199999960000.000000
