0.000000 11.313708 299999950000.000000
0.200000 12.649111 299999950000.000000
0.400000 12.649111 299999950000.000000
0.600000 14.422205 299999950000.000000
0.800000 20.000000 0.000000
1.000000 20.396078 0.000000
1.200000 20.396078 0.000000
1.400000 23.323808 0.000000
1.600000 20.000000 0.000000
1.800000 21.540659 0.000000
2.000000 20.000000 0.000000
2.200000 17.888544 0.000000
2.400000 16.970563 0.000000
2.600000 16.492423 0.000000
2.800000 16.492423 0.000000
3.000000 14.422205 0.000000
3.200000 14.422205 0.000000
3.400000 16.000000 0.000000
3.600000 17.888544 0.000000
3.800000 16.970563 0.000000
4.000000 16.492423 0.000000
4.200000 20.000000 0.000000
4.400000 17.888544 0.000000
4.600000 20.000000 0.000000
4.800000 17.888544 299999950000.000000
5.000000 20.000000 299999950000.000000
5.200000 25.298221 299999950000.000000
5.400000 25.612497 299999950000.000000
5.600000 26.832816 299999950000.000000
5.800000 32.000000 299999950000.000000
6.000000 35.777088 299999950000.000000
6.200000 40.000000 299999950000.000000
6.400000 45.607017 299999950000.000000
6.600000 56.568542 299999950000.000000
6.800000 66.573268 299999950000.000000
7.000000 72.111026 299999950000.000000
7.200000 85.510233 299999950000.000000
7.400000 98.061205 299999950000.000000
7.600000 112.071406 299999950000.000000
7.800000 127.624449 299999950000.000000
8.000000 144.886162 299999950000.000000
