0.000000 12.649111 302500000000.000000
0.200000 14.422205 302500000000.000000
0.400000 14.422205 302500000000.000000
0.600000 16.492423 302500000000.000000
0.800000 16.000000 302500000000.000000
1.000000 17.888544 302500000000.000000
1.200000 22.627417 302500000000.000000
1.400000 21.540659 302500000000.000000
1.600000 24.000000 302500000000.000000
1.800000 26.832816 302500000000.000000
2.000000 34.409301 302500000000.000000
2.200000 36.878178 0.000000
2.400000 36.878178 0.000000
2.600000 36.878178 0.000000
2.800000 41.182521 0.000000
3.000000 40.199502 0.000000
3.200000 41.761226 0.000000
3.400000 42.520583 0.000000
3.600000 41.182521 0.000000
3.800000 40.199502 0.000000
4.000000 37.947332 0.000000
4.200000 36.878178 0.000000
4.400000 35.777088 0.000000
4.600000 36.000000 0.000000
4.800000 34.176015 0.000000
5.000000 31.240999 0.000000
5.200000 32.984845 0.000000
5.400000 32.984845 0.000000
5.600000 34.409301 0.000000
5.800000 37.735925 0.000000
6.000000 36.221541 0.000000
6.200000 36.878178 302500000000.000000
6.400000 43.266615 302500000000.000000
6.600000 48.826222 302500000000.000000
6.800000 52.611786 302500000000.000000
7.000000 61.188234 302500000000.000000
7.200000 68.818602 302500000000.000000
7.400000 75.471849 302500000000.000000
7.600000 84.852814 302500000000.000000
7.800000 96.166522 302500000000.000000
8.000000 113.278418 302500000000.000000
8.200000 129.243955 302500000000.000000
8.400000 144.222051 302500000000.000000
8.600000 144.941367 302500000000.000000
8.800000 124.579292 302500000000.000000
9.000000 104.995238 302500000000.000000
9.200000 90.686272 302500000000.000000
9.400000 78.790862 302500000000.000000
9.600000 68.000000 302500000000.000000
9.800000 57.271284 302500000000.000000
10.000000 50.911688 302500000000.000000
10.200000 46.818800 0.000000
10.400000 48.166378 0.000000
10.600000 48.332184 0.000000
10.800000 45.254834 0.000000
11.000000 46.818800 0.000000
11.200000 44.181444 0.000000
11.400000 44.721360 0.000000
11.600000 42.520583 0.000000
11.800000 41.761226 0.000000
12.000000 40.792156 0.000000
12.200000 37.735925 0.000000
12.400000 37.735925 0.000000
12.600000 36.221541 0.000000
12.800000 37.947332 0.000000
13.000000 39.597980 0.000000
13.200000 39.395431 0.000000
13.400000 40.000000 0.000000
13.600000 43.081318 0.000000
13.800000 39.597980 0.000000
14.000000 39.395431 0.000000
14.200000 40.000000 302500000000.000000
14.400000 34.176015 302500000000.000000
14.600000 28.284271 302500000000.000000
14.800000 23.323808 302500000000.000000
15.000000 20.000000 302500000000.000000
15.200000 12.649111 302500000000.000000
15.400000 11.313708 302500000000.000000
15.600000 12.649111 302500000000.000000
15.800000 8.944272 302500000000.000000
16.000000 11.313708 302500000000.000000
16.200000 8.944272 302500020000.000000
16.400000 8.000000 302500000000.000000
16.600000 8.944272 302500000000.000000
16.800000 8.944272 302500000000.000000
17.000000 5.656854 302500000000.000000
17.200000 5.656854 302500000000.000000
17.400000 4.000000 302500000000.000000
17.600000 4.000000 302500000000.000000
17.800000 4.000000 302500000000.000000
18.000000 4.000000 302500000000.000000
18.200000 0.000000 0.000000
18.400000 0.000000 0.000000
18.600000 0.000000 0.000000
18.800000 0.000000 0.000000
19.000000 4.000000 0.000000
19.200000 4.000000 0.000000
19.400000 4.000000 0.000000
19.600000 4.000000 0.000000
19.800000 5.656854 0.000000
20.000000 5.656854 0.000000
20.200000 5.656854 0.000000
20.400000 4.000000 0.000000
20.600000 4.000000 0.000000
20.800000 4.000000 0.000000
21.000000 4.000000 0.000000
21.200000 0.000000 0.000000
21.400000 0.000000 0.000000
21.600000 0.000000 0.000000
21.800000 0.000000 0.000000
22.000000 4.000000 0.000000
22.200000 4.000000 302500000000.000000
22.400000 4.000000 302500000000.000000
22.600000 5.656854 302500000000.000000
22.800000 5.656854 302500000000.000000
23.000000 5.656854 302500000000.000000
23.200000 5.656854 302500000000.000000
23.400000 4.000000 302500000000.000000
23.600000 4.000000 302500000000.000000
23.800000 4.000000 302500000000.000000
24.000000 0.000000 302500000000.000000
24.200000 0.000000 302500000000.000000
24.400000 0.000000 302500000000.000000
24.600000 0.000000 302500000000.000000
24.800000 4.000000 302500000000.000000
25.000000 4.000000 302500000000.000000
25.200000 4.000000 302500000000.000000
25.400000 4.000000 302500000000.000000
25.600000 5.656854 302500000000.000000
25.800000 5.656854 302500000000.000000
26.000000 5.656854 302500000000.000000
26.200000 4.000000 0.000000
26.400000 4.000000 0.000000
26.600000 4.000000 0.000000
26.800000 0.000000 0.000000
27.000000 0.000000 0.000000
27.200000 0.000000 0.000000
27.400000 0.000000 0.000000
27.600000 4.000000 0.000000
27.800000 4.000000 0.000000
28.000000 4.000000 0.000000
28.200000 5.656854 0.000000
28.400000 5.656854 0.000000
28.600000 5.656854 0.000000
28.800000 5.656854 0.000000
29.000000 4.000000 0.000000
29.200000 4.000000 0.000000
29.400000 4.000000 0.000000
29.600000 0.000000 0.000000
29.800000 0.000000 0.000000
30.000000 0.000000 0.000000
30.200000 4.000000 302500000000.000000
30.400000 4.000000 302500000000.000000
30.600000 4.000000 302500000000.000000
30.800000 4.000000 302500000000.000000
31.000000 5.656854 302500000000.000000
31.200000 5.656854 302500000000.000000
31.400000 5.656854 302500000000.000000
31.600000 4.000000 302500000000.000000
31.800000 4.000000 302500000000.000000
32.000000 4.000000 302500000000.000000
32.200000 4.000000 302500000000.000000
32.400000 0.000000 302500000000.000000
32.600000 0.000000 302500000000.000000
32.800000 0.000000 302500000000.000000
33.000000 4.000000 302500000000.000000
33.200000 4.000000 302500000000.000000
33.400000 4.000000 302500000000.000000
33.600000 4.000000 302500000000.000000
33.800000 5.656854 302500000000.000000
34.000000 5.656854 302500000000.000000
