0.000000 11.313708 305000000000.000000
0.200000 14.422205 305000000000.000000
0.400000 12.649111 305000000000.000000
0.600000 12.649111 305000000000.000000
0.800000 14.422205 305000000000.000000
1.000000 14.422205 305000000000.000000
1.200000 16.492423 305000000000.000000
1.400000 20.396078 305000000000.000000
1.600000 22.627417 305000000000.000000
1.800000 25.298221 305000000000.000000
2.000000 32.000000 0.000000
2.200000 30.463092 0.000000
2.400000 31.240999 0.000000
2.600000 32.984845 0.000000
2.800000 32.249031 0.000000
3.000000 35.777088 0.000000
3.200000 34.409301 0.000000
3.400000 32.984845 0.000000
3.600000 32.249031 0.000000
3.800000 32.249031 0.000000
4.000000 31.240999 0.000000
4.200000 29.120440 0.000000
4.400000 28.284271 0.000000
4.600000 25.612497 0.000000
4.800000 26.832816 0.000000
5.000000 28.000000 0.000000
5.200000 26.832816 0.000000
5.400000 28.284271 0.000000
5.600000 29.120440 0.000000
5.800000 32.000000 0.000000
6.000000 30.463092 305000000000.000000
6.200000 33.941125 305000000000.000000
6.400000 39.395431 305000000000.000000
6.600000 44.000000 305000000000.000000
6.800000 48.332184 305000000000.000000
7.000000 56.568542 305000000000.000000
7.200000 64.621978 305000000000.000000
7.400000 72.111026 305000000000.000000
7.600000 80.498447 305000000000.000000
7.800000 91.214034 305000000000.000000
8.000000 106.733313 305000000000.000000
8.200000 122.376468 305000000000.000000
8.400000 143.220110 305000000000.000000
