0.000000 12.000000 307500000000.000000
0.200000 12.649111 307500000000.000000
0.400000 14.422205 307500000000.000000
0.600000 16.970563 307500000000.000000
0.800000 21.540659 307500000000.000000
1.000000 20.000000 307500000000.000000
1.200000 21.540659 307500000000.000000
1.400000 25.612497 307500000000.000000
1.600000 29.120440 307500000000.000000
1.800000 32.249031 307500000000.000000
2.000000 37.735925 307500000000.000000
2.200000 43.266615 307500000000.000000
2.400000 48.662100 0.000000
2.600000 49.477268 0.000000
2.800000 51.224994 0.000000
3.000000 53.665631 0.000000
3.200000 52.153619 0.000000
3.400000 50.596443 0.000000
3.600000 53.814496 0.000000
3.800000 52.000000 0.000000
4.000000 52.000000 0.000000
4.200000 50.596443 0.000000
4.400000 48.166378 0.000000
4.600000 46.818800 0.000000
4.800000 44.181444 0.000000
5.000000 44.721360 0.000000
5.200000 43.266615 0.000000
5.400000 44.721360 0.000000
5.600000 45.607017 0.000000
5.800000 45.607017 0.000000
6.000000 44.721360 0.000000
6.200000 48.166378 0.000000
6.400000 46.818800 307500000000.000000
6.600000 53.814496 307500000000.000000
6.800000 59.059292 307500000000.000000
7.000000 68.468971 307500000000.000000
7.200000 79.699435 307500000000.000000
7.400000 88.090862 307500000000.000000
7.600000 98.386991 307500000000.000000
7.800000 112.071406 307500000000.000000
8.000000 127.121989 307500000000.000000
8.200000 147.512711 307500000000.000000
