0.000000 11.313708 310000030000.000000
0.200000 12.649111 310000030000.000000
0.400000 16.000000 310000030000.000000
0.600000 17.888544 310000030000.000000
0.800000 20.000000 310000030000.000000
1.000000 23.323808 310000030000.000000
1.200000 24.331050 310000030000.000000
1.400000 29.120440 310000030000.000000
1.600000 34.409301 310000030000.000000
1.800000 37.735925 310000030000.000000
2.000000 40.199502 310000030000.000000
2.200000 45.607017 310000030000.000000
2.400000 53.814496 310000030000.000000
2.600000 60.926185 0.000000
2.800000 60.000000 0.000000
3.000000 60.926185 0.000000
3.200000 62.481997 0.000000
3.400000 63.245553 0.000000
3.600000 64.498062 0.000000
3.800000 64.498062 0.000000
4.000000 62.481997 0.000000
4.200000 62.096699 0.000000
4.400000 60.530984 0.000000
4.600000 61.057350 0.000000
4.800000 57.688820 0.000000
5.000000 56.568542 0.000000
5.200000 54.405882 0.000000
5.400000 53.814496 0.000000
5.600000 53.665631 0.000000
5.800000 52.000000 0.000000
6.000000 53.665631 0.000000
6.200000 53.814496 0.000000
6.400000 54.405882 0.000000
6.600000 56.142675 310000030000.000000
6.800000 64.498062 310000030000.000000
7.000000 73.756356 310000030000.000000
7.200000 83.522452 310000030000.000000
7.400000 96.332757 310000030000.000000
7.600000 109.178753 310000030000.000000
7.800000 123.223374 310000030000.000000
8.000000 138.852440 310000030000.000000
