0.000000 12.649111 312500000000.000000
0.200000 16.000000 312500000000.000000
0.400000 17.888544 312500000000.000000
0.600000 22.627417 312500000000.000000
0.800000 23.323808 312500000000.000000
1.000000 28.284271 312500000000.000000
1.200000 29.120440 312500000000.000000
1.400000 31.240999 312499930000.000000
1.600000 35.777088 312500000000.000000
1.800000 40.199502 312500000000.000000
2.000000 46.818800 312500000000.000000
2.200000 53.814496 0.000000
2.400000 54.405882 0.000000
2.600000 52.153619 0.000000
2.800000 55.569776 0.000000
3.000000 54.405882 0.000000
3.200000 57.271284 0.000000
3.400000 57.271284 0.000000
3.600000 57.688820 0.000000
3.800000 57.688820 0.000000
4.000000 57.271284 0.000000
4.200000 53.366656 0.000000
4.400000 54.405882 0.000000
4.600000 50.119856 0.000000
4.800000 48.166378 0.000000
5.000000 50.596443 0.000000
5.200000 48.166378 0.000000
5.400000 46.818800 0.000000
5.600000 48.166378 0.000000
5.800000 50.119856 0.000000
6.000000 48.826222 0.000000
6.200000 49.477268 312500000000.000000
6.400000 60.530984 312500000000.000000
6.600000 69.971423 312500000000.000000
6.800000 76.837491 312500000000.000000
7.000000 86.348133 312500000000.000000
7.200000 101.271911 312499930000.000000
7.400000 113.207774 312500000000.000000
7.600000 127.624449 312500000000.000000
7.800000 145.382255 312499930000.000000
8.000000 144.222051 312500000000.000000
8.200000 124.257797 312500000000.000000
8.400000 107.331263 312500000000.000000
8.600000 93.722996 312500000000.000000
8.800000 83.522452 312500000000.000000
9.000000 68.468971 312500000000.000000
9.200000 59.059292 312500000000.000000
9.400000 53.814496 312499930000.000000
9.600000 46.818800 312500000000.000000
9.800000 40.000000 312500000000.000000
10.000000 30.463092 312500000000.000000
10.200000 28.284271 0.000000
10.400000 25.298221 0.000000
10.600000 24.000000 0.000000
10.800000 23.323808 0.000000
11.000000 23.323808 0.000000
11.200000 24.331050 0.000000
11.400000 25.298221 0.000000
11.600000 25.612497 0.000000
11.800000 26.832816 0.000000
12.000000 28.000000 0.000000
12.200000 25.298221 0.000000
12.400000 28.284271 0.000000
12.600000 26.832816 0.000000
12.800000 28.284271 0.000000
13.000000 25.298221 0.000000
13.200000 25.612497 0.000000
13.400000 23.323808 0.000000
13.600000 20.000000 0.000000
13.800000 21.540659 0.000000
14.000000 20.000000 0.000000
14.200000 20.396078 312500000000.000000
14.400000 16.492423 312500000000.000000
14.600000 16.970563 312500000000.000000
14.800000 14.422205 312500000000.000000
15.000000 12.000000 312500000000.000000
15.200000 12.649111 312500000000.000000
15.400000 14.422205 312500000000.000000
15.600000 11.313708 312500000000.000000
15.800000 8.944272 312500000000.000000
16.000000 8.000000 312500000000.000000
16.200000 8.000000 312499930000.000000
16.400000 4.000000 312500000000.000000
16.600000 4.000000 312500000000.000000
16.800000 0.000000 312500000000.000000
17.000000 0.000000 312500000000.000000
17.200000 0.000000 312500000000.000000
17.400000 0.000000 312500000000.000000
17.600000 4.000000 312500000000.000000
17.800000 4.000000 312500000000.000000
18.000000 4.000000 312500000000.000000
18.200000 4.000000 0.000000
18.400000 5.656854 0.000000
18.600000 5.656854 0.000000
18.800000 5.656854 0.000000
19.000000 4.000000 0.000000
19.200000 4.000000 0.000000
19.400000 4.000000 0.000000
19.600000 4.000000 0.000000
19.800000 0.000000 0.000000
20.000000 0.000000 0.000000
20.200000 0.000000 0.000000
20.400000 4.000000 0.000000
20.600000 4.000000 0.000000
20.800000 4.000000 0.000000
21.000000 4.000000 0.000000
21.200000 5.656854 0.000000
21.400000 5.656854 0.000000
21.600000 5.656854 0.000000
21.800000 4.000000 0.000000
22.000000 4.000000 0.000000
22.200000 4.000000 312500000000.000000
22.400000 4.000000 312500000000.000000
22.600000 0.000000 312500000000.000000
22.800000 0.000000 312500000000.000000
23.000000 0.000000 312500000000.000000
23.200000 4.000000 312500000000.000000
23.400000 4.000000 312500000000.000000
23.600000 4.000000 312500000000.000000
23.800000 4.000000 312500000000.000000
24.000000 5.656854 312500000000.000000
24.200000 5.656854 312500000000.000000
24.400000 5.656854 312500000000.000000
24.600000 4.000000 312500000000.000000
24.800000 4.000000 312500000000.000000
25.000000 4.000000 312500000000.000000
25.200000 4.000000 312500000000.000000
25.400000 0.000000 312500000000.000000
25.600000 0.000000 312500000000.000000
25.800000 0.000000 312500000000.000000
26.000000 0.000000 312500000000.000000
26.200000 4.000000 0.000000
26.400000 4.000000 0.000000
26.600000 4.000000 0.000000
26.800000 5.656854 0.000000
27.000000 5.656854 0.000000
27.200000 5.656854 0.000000
27.400000 4.000000 0.000000
27.600000 4.000000 0.000000
27.800000 4.000000 0.000000
28.000000 4.000000 0.000000
28.200000 0.000000 0.000000
28.400000 0.000000 0.000000
28.600000 0.000000 0.000000
28.800000 4.000000 0.000000
29.000000 4.000000 0.000000
29.200000 4.000000 0.000000
29.400000 5.656854 0.000000
29.600000 5.656854 0.000000
29.800000 5.656854 0.000000
30.000000 5.656854 0.000000
30.200000 4.000000 312500000000.000000
30.400000 4.000000 312500000000.000000
30.600000 4.000000 312500000000.000000
30.800000 0.000000 312499930000.000000
31.000000 0.000000 312500000000.000000
31.200000 0.000000 312499930000.000000
31.400000 0.000000 312500000000.000000
31.600000 4.000000 312500000000.000000
31.800000 4.000000 312500000000.000000
32.000000 4.000000 312500000000.000000
32.200000 5.656854 312500000000.000000
32.400000 5.656854 312499930000.000000
32.600000 5.656854 312500000000.000000
32.800000 5.656854 312499930000.000000
33.000000 4.000000 312500000000.000000
33.200000 4.000000 312499930000.000000
33.400000 4.000000 312500000000.000000
33.600000 0.000000 312500000000.000000
33.800000 0.000000 312499930000.000000
34.000000 0.000000 312500000000.000000
