0.000000 11.313708 317500000000.000000
0.200000 14.422205 317500000000.000000
0.400000 16.492423 317500000000.000000
0.600000 20.396078 317500000000.000000
0.800000 23.323808 317500000000.000000
1.000000 25.612497 317500000000.000000
1.200000 30.463092 317500000000.000000
1.400000 32.000000 317500000000.000000
1.600000 35.777088 317500000000.000000
1.800000 39.597980 317500000000.000000
2.000000 46.818800 317500000000.000000
2.200000 52.153619 317500000000.000000
2.400000 59.059292 317500000000.000000
2.600000 71.217975 317500000000.000000
2.800000 82.462113 0.000000
3.000000 81.584312 0.000000
3.200000 83.234608 0.000000
3.400000 82.365041 0.000000
3.600000 80.399005 0.000000
3.800000 83.522452 0.000000
4.000000 79.397733 0.000000
4.200000 80.498447 0.000000
4.400000 80.099938 0.000000
4.600000 77.252832 0.000000
4.800000 76.419893 0.000000
5.000000 75.894664 0.000000
5.200000 72.443081 0.000000
5.400000 73.430239 0.000000
5.600000 72.111026 0.000000
5.800000 72.993150 0.000000
6.000000 70.880181 0.000000
6.200000 73.756356 0.000000
6.400000 71.554175 0.000000
6.600000 72.111026 0.000000
6.800000 73.539105 317500000000.000000
7.000000 84.852814 317500000000.000000
7.200000 96.664368 317500000000.000000
7.400000 108.000000 317500000000.000000
7.600000 125.538839 317500000000.000000
7.800000 138.852440 317500000000.000000
