0.000000 14.422205 320000000000.000000
0.200000 16.492423 320000000000.000000
0.400000 20.000000 320000000000.000000
0.600000 21.540659 320000000000.000000
0.800000 25.612497 320000000000.000000
1.000000 30.463092 320000000000.000000
1.200000 32.249031 320000000000.000000
1.400000 37.947332 320000000000.000000
1.600000 42.520583 320000000000.000000
1.800000 44.721360 320000000000.000000
2.000000 52.000000 320000000000.000000
2.200000 60.926185 320000000000.000000
2.400000 70.767224 320000000000.000000
2.600000 80.993827 0.000000
2.800000 80.399005 0.000000
3.000000 78.892332 0.000000
3.200000 80.000000 0.000000
3.400000 81.584312 0.000000
3.600000 81.584312 0.000000
3.800000 83.234608 0.000000
4.000000 78.892332 0.000000
4.200000 80.894994 0.000000
4.400000 78.587531 0.000000
4.600000 76.837491 0.000000
4.800000 75.153177 0.000000
5.000000 72.000000 0.000000
5.200000 69.856997 0.000000
5.400000 73.756356 0.000000
5.600000 70.880181 0.000000
5.800000 69.050706 0.000000
6.000000 72.111026 0.000000
6.200000 69.971423 0.000000
6.400000 72.443081 0.000000
6.600000 74.726167 320000000000.000000
6.800000 82.462113 320000000000.000000
7.000000 96.747093 320000000000.000000
7.200000 108.664622 320000000000.000000
7.400000 125.283678 320000000000.000000
7.600000 141.534448 320000000000.000000
