0.000000 12.649111 322500000000.000000
0.200000 16.970563 322500000000.000000
0.400000 21.540659 322500000000.000000
0.600000 24.000000 322500000000.000000
0.800000 25.298221 322500000000.000000
1.000000 31.240999 322500000000.000000
1.200000 37.735925 322500000000.000000
1.400000 40.792156 322500000000.000000
1.600000 45.607017 322500000000.000000
1.800000 51.224994 322500000000.000000
2.000000 59.059292 322500000000.000000
2.200000 68.468971 322500000000.000000
2.400000 75.894664 322500000000.000000
2.600000 87.726849 322500000000.000000
2.800000 104.000000 0.000000
3.000000 104.076895 0.000000
3.200000 103.768974 0.000000
3.400000 102.449988 0.000000
3.600000 102.839681 0.000000
3.800000 101.980390 0.000000
4.000000 103.227903 0.000000
4.200000 102.215459 0.000000
4.400000 100.717426 0.000000
4.600000 96.166522 0.000000
4.800000 96.332757 0.000000
5.000000 95.078915 0.000000
5.200000 92.086915 0.000000
5.400000 89.442719 0.000000
5.600000 91.214034 0.000000
5.800000 90.244113 0.000000
6.000000 90.244113 0.000000
6.200000 91.214034 0.000000
6.400000 91.301698 0.000000
6.600000 92.347171 0.000000
6.800000 89.888820 322500000000.000000
7.000000 104.690019 322500000000.000000
7.200000 118.186294 322500000000.000000
7.400000 136.000000 322500000000.000000
