0.000000 11.313708 0.000000
0.200000 8.944272 0.000000
0.400000 8.944272 0.000000
0.600000 8.000000 0.000000
0.800000 8.944272 0.000000
1.000000 5.656854 0.000000
1.200000 4.000000 0.000000
1.400000 4.000000 0.000000
1.600000 5.656854 0.000000
1.800000 4.000000 0.000000
2.000000 5.656854 0.000000
2.200000 5.656854 0.000000
2.400000 8.000000 0.000000
2.600000 8.000000 0.000000
2.800000 8.944272 0.000000
3.000000 8.944272 0.000000
3.200000 8.944272 0.000000
3.400000 8.944272 0.000000
3.600000 8.000000 0.000000
3.800000 8.000000 324999970000.000000
4.000000 5.656854 324999970000.000000
4.200000 5.656854 324999970000.000000
4.400000 8.000000 324999970000.000000
4.600000 8.944272 324999970000.000000
4.800000 8.944272 324999970000.000000
5.000000 12.000000 324999970000.000000
5.200000 14.422205 324999970000.000000
5.400000 20.000000 324999970000.000000
5.600000 25.298221 324999970000.000000
5.800000 28.000000 324999970000.000000
6.000000 34.176015 324999970000.000000
6.200000 39.597980 324999970000.000000
6.400000 44.721360 324999970000.000000
6.600000 48.166378 324999970000.000000
6.800000 55.713553 324999970000.000000
7.000000 62.225397 324999970000.000000
7.200000 69.856997 324999970000.000000
7.400000 80.000000 324999970000.000000
7.600000 93.037627 324999970000.000000
7.800000 110.634533 0.000000
8.000000 107.703296 0.000000
8.200000 109.836242 0.000000
8.400000 106.508216 0.000000
8.600000 105.678759 0.000000
8.800000 108.664622 0.000000
9.000000 106.282642 0.000000
9.200000 104.690019 0.000000
9.400000 104.000000 0.000000
9.600000 104.076895 0.000000
9.800000 101.980390 0.000000
10.000000 99.357939 0.000000
10.200000 98.954535 0.000000
10.400000 98.061205 0.000000
10.600000 94.403390 0.000000
10.800000 94.826157 0.000000
11.000000 92.086915 0.000000
11.200000 95.078915 0.000000
11.400000 93.380940 0.000000
11.600000 93.637599 0.000000
11.800000 96.332757 324999970000.000000
12.000000 109.178753 324999970000.000000
12.200000 125.602548 324999970000.000000
12.400000 144.554488 324999970000.000000
