0.000000 12.000000 330000000000.000000
0.200000 12.649111 330000000000.000000
0.400000 16.970563 330000000000.000000
0.600000 17.888544 330000000000.000000
0.800000 24.331050 330000000000.000000
1.000000 29.120440 330000000000.000000
1.200000 34.409301 330000000000.000000
1.400000 40.000000 330000000000.000000
1.600000 45.607017 330000000000.000000
1.800000 48.662100 330000000000.000000
2.000000 55.569776 330000000000.000000
2.200000 63.245553 330000000000.000000
2.400000 73.756356 330000000000.000000
2.600000 85.510233 0.000000
2.800000 83.234608 0.000000
3.000000 82.365041 0.000000
3.200000 80.099938 0.000000
3.400000 82.462113 0.000000
3.600000 82.073138 0.000000
3.800000 84.758480 0.000000
4.000000 84.380092 0.000000
4.200000 82.365041 0.000000
4.400000 82.462113 0.000000
4.600000 82.462113 0.000000
4.800000 80.894994 0.000000
5.000000 77.665951 0.000000
5.200000 75.471849 0.000000
5.400000 76.941536 0.000000
5.600000 74.726167 0.000000
5.800000 73.756356 0.000000
6.000000 73.539105 0.000000
6.200000 72.111026 0.000000
6.400000 71.554175 0.000000
6.600000 71.217975 330000000000.000000
6.800000 87.361319 330000000000.000000
7.000000 100.717426 330000000000.000000
7.200000 114.612390 330000000000.000000
7.400000 134.402381 330000000000.000000
