0.000000 12.649111 0.000000
0.200000 8.944272 0.000000
0.400000 11.313708 0.000000
0.600000 12.649111 0.000000
0.800000 12.000000 0.000000
1.000000 8.944272 0.000000
1.200000 8.944272 0.000000
1.400000 8.944272 0.000000
1.600000 8.000000 0.000000
1.800000 5.656854 0.000000
2.000000 5.656854 0.000000
2.200000 8.000000 0.000000
2.400000 8.944272 0.000000
2.600000 8.944272 0.000000
2.800000 8.000000 0.000000
3.000000 12.000000 0.000000
3.200000 8.944272 0.000000
3.400000 11.313708 0.000000
3.600000 8.944272 0.000000
3.800000 8.000000 0.000000
4.000000 8.000000 332500000000.000000
4.200000 8.944272 332500000000.000000
4.400000 8.944272 332500000000.000000
4.600000 12.000000 332500000000.000000
4.800000 12.649111 332500000000.000000
5.000000 14.422205 332500000000.000000
5.200000 16.492423 332500000000.000000
5.400000 20.396078 332500000000.000000
5.600000 23.323808 332500000000.000000
5.800000 28.844410 332500000000.000000
6.000000 36.878178 332500000000.000000
6.200000 44.181444 332500000000.000000
6.400000 50.119856 332500000000.000000
6.600000 56.850682 332500000000.000000
6.800000 67.052218 332500000000.000000
7.000000 76.419893 332500000000.000000
7.200000 85.883642 332500000000.000000
7.400000 100.000000 332500000000.000000
7.600000 115.446958 332500000000.000000
7.800000 130.230565 332500000000.000000
8.000000 148.808602 0.000000
8.200000 128.996124 0.000000
8.400000 125.602548 0.000000
8.600000 123.223374 0.000000
8.800000 123.223374 0.000000
9.000000 122.441823 0.000000
9.200000 119.866593 0.000000
9.400000 120.066648 0.000000
9.600000 121.852370 0.000000
9.800000 121.918005 0.000000
10.000000 117.643529 0.000000
10.200000 117.098249 0.000000
10.400000 115.377641 0.000000
10.600000 113.207774 0.000000
10.800000 108.664622 0.000000
11.000000 110.054532 0.000000
11.200000 107.480231 0.000000
11.400000 106.282642 0.000000
11.600000 104.690019 0.000000
11.800000 107.703296 0.000000
12.000000 106.508216 332500000000.000000
12.200000 93.380940 332500000000.000000
12.400000 77.665951 332500000000.000000
12.600000 66.573268 332500000000.000000
12.800000 57.688820 332500000000.000000
13.000000 49.477268 332500000000.000000
13.200000 40.199502 332500000000.000000
13.400000 35.777088 332500000000.000000
13.600000 28.284271 332500000000.000000
13.800000 21.540659 332500000000.000000
14.000000 20.000000 332500000000.000000
14.200000 14.422205 332500000000.000000
14.400000 11.313708 332500000000.000000
14.600000 12.000000 332500000000.000000
14.800000 8.944272 332500000000.000000
15.000000 8.944272 332500000000.000000
15.200000 8.944272 332500000000.000000
15.400000 8.000000 332500000000.000000
15.600000 8.944272 332500000000.000000
15.800000 5.656854 332500000000.000000
16.000000 5.656854 0.000000
16.200000 5.656854 0.000000
16.400000 4.000000 0.000000
16.600000 4.000000 0.000000
16.800000 4.000000 0.000000
17.000000 4.000000 0.000000
17.200000 0.000000 0.000000
17.400000 0.000000 0.000000
17.600000 0.000000 0.000000
17.800000 0.000000 0.000000
18.000000 4.000000 0.000000
18.200000 4.000000 0.000000
18.400000 4.000000 0.000000
18.600000 4.000000 0.000000
18.800000 5.656854 0.000000
19.000000 5.656854 0.000000
19.200000 5.656854 0.000000
19.400000 5.656854 0.000000
19.600000 4.000000 0.000000
19.800000 4.000000 0.000000
20.000000 4.000000 332500000000.000000
20.200000 0.000000 332500000000.000000
20.400000 0.000000 332500000000.000000
20.600000 0.000000 332500000000.000000
20.800000 0.000000 332500000000.000000
21.000000 4.000000 332500000000.000000
21.200000 4.000000 332500000000.000000
21.400000 4.000000 332500000000.000000
21.600000 4.000000 332500000000.000000
21.800000 5.656854 332500000000.000000
22.000000 5.656854 332500000000.000000
22.200000 5.656854 332500000000.000000
22.400000 5.656854 332500000000.000000
22.600000 4.000000 332500000000.000000
22.800000 4.000000 332500000000.000000
23.000000 4.000000 332500000000.000000
23.200000 0.000000 332500000000.000000
23.400000 0.000000 332500000000.000000
23.600000 0.000000 332500000000.000000
23.800000 0.000000 332500000000.000000
24.000000 4.000000 0.000000
24.200000 4.000000 0.000000
24.400000 4.000000 0.000000
24.600000 5.656854 0.000000
24.800000 5.656854 0.000000
25.000000 5.656854 0.000000
25.200000 5.656854 0.000000
25.400000 4.000000 0.000000
25.600000 4.000000 0.000000
25.800000 4.000000 0.000000
26.000000 0.000000 0.000000
26.200000 0.000000 0.000000
26.400000 0.000000 0.000000
26.600000 4.000000 0.000000
26.800000 4.000000 0.000000
27.000000 4.000000 0.000000
27.200000 4.000000 0.000000
27.400000 5.656854 0.000000
27.600000 5.656854 0.000000
27.800000 5.656854 0.000000
28.000000 4.000000 332500000000.000000
28.200000 4.000000 332500000000.000000
28.400000 4.000000 332500000000.000000
28.600000 4.000000 332500000000.000000
28.800000 0.000000 332500000000.000000
29.000000 0.000000 332500000000.000000
29.200000 0.000000 332500000000.000000
29.400000 4.000000 332500000000.000000
29.600000 4.000000 332500000000.000000
29.800000 4.000000 332500000000.000000
30.000000 4.000000 332500000000.000000
30.200000 5.656854 332500000000.000000
30.400000 5.656854 332500000000.000000
30.600000 5.656854 332500000000.000000
30.800000 4.000000 332500000000.000000
31.000000 4.000000 332500000000.000000
31.200000 4.000000 332500000000.000000
31.400000 4.000000 332500000000.000000
31.600000 0.000000 332500000000.000000
31.800000 0.000000 332500000000.000000
32.000000 0.000000 0.000000
32.200000 4.000000 0.000000
32.400000 4.000000 0.000000
32.600000 4.000000 0.000000
32.800000 4.000000 0.000000
33.000000 5.656854 0.000000
33.200000 5.656854 0.000000
33.400000 5.656854 0.000000
33.600000 4.000000 0.000000
33.800000 4.000000 0.000000
34.000000 4.000000 0.000000
34.200000 0.000000 0.000000
34.400000 0.000000 0.000000
34.600000 0.000000 0.000000
34.800000 0.000000 0.000000
35.000000 4.000000 0.000000
35.200000 4.000000 0.000000
35.400000 4.000000 0.000000
35.600000 5.656854 0.000000
35.800000 5.656854 0.000000
36.000000 5.656854 332500000000.000000
36.200000 5.656854 332500000000.000000
36.400000 4.000000 332500000000.000000
36.600000 4.000000 332500000000.000000
36.800000 4.000000 332500000000.000000
37.000000 0.000000 332500000000.000000
37.200000 0.000000 332500000000.000000
37.400000 0.000000 332500000000.000000
37.600000 0.000000 332500000000.000000
37.800000 4.000000 332500000000.000000
38.000000 4.000000 332500000000.000000
38.200000 4.000000 332500000000.000000
38.400000 5.656854 332500000000.000000
38.600000 5.656854 332500000000.000000
38.800000 5.656854 332500000000.000000
39.000000 5.656854 332500000000.000000
39.200000 4.000000 332500000000.000000
39.400000 4.000000 332500000000.000000
39.600000 4.000000 332500000000.000000
39.800000 0.000000 332500000000.000000
