0.000000 12.649111 335000000000.000000
0.200000 14.422205 335000000000.000000
0.400000 17.888544 335000000000.000000
0.600000 20.396078 0.000000
0.800000 20.396078 0.000000
1.000000 23.323808 0.000000
1.200000 20.000000 0.000000
1.400000 21.540659 0.000000
1.600000 20.000000 0.000000
1.800000 21.540659 0.000000
2.000000 20.000000 0.000000
2.200000 16.492423 0.000000
2.400000 16.492423 0.000000
2.600000 14.422205 0.000000
2.800000 17.888544 0.000000
3.000000 16.000000 0.000000
3.200000 17.888544 0.000000
3.400000 20.000000 0.000000
3.600000 20.396078 0.000000
3.800000 20.000000 0.000000
4.000000 21.540659 0.000000
4.200000 20.000000 0.000000
4.400000 21.540659 0.000000
4.600000 20.000000 335000000000.000000
4.800000 21.540659 335000000000.000000
5.000000 22.627417 335000000000.000000
5.200000 25.298221 335000000000.000000
5.400000 28.000000 335000000000.000000
5.600000 32.249031 335000000000.000000
5.800000 40.000000 335000000000.000000
6.000000 45.607017 335000000000.000000
6.200000 56.568542 335000000000.000000
6.400000 66.573268 335000000000.000000
6.600000 77.665951 335000000000.000000
6.800000 94.148818 335000000000.000000
7.000000 105.905618 335000000000.000000
7.200000 123.223374 335000000000.000000
7.400000 139.942845 335000000000.000000
