0.000000 11.313708 0.000000
0.200000 8.944272 0.000000
0.400000 8.944272 0.000000
0.600000 8.000000 0.000000
0.800000 8.944272 0.000000
1.000000 5.656854 0.000000
1.200000 4.000000 0.000000
1.400000 4.000000 0.000000
1.600000 5.656854 0.000000
1.800000 4.000000 0.000000
2.000000 5.656854 0.000000
2.200000 5.656854 0.000000
2.400000 8.944272 0.000000
2.600000 8.000000 0.000000
2.800000 8.944272 0.000000
3.000000 8.944272 0.000000
3.200000 8.944272 0.000000
3.400000 8.944272 0.000000
3.600000 8.000000 0.000000
3.800000 8.944272 337500000000.000000
4.000000 8.944272 337500000000.000000
4.200000 8.944272 337500000000.000000
4.400000 8.000000 337500000000.000000
4.600000 11.313708 337500000000.000000
4.800000 12.649111 337500000000.000000
5.000000 16.000000 337500000000.000000
5.200000 17.888544 337500000000.000000
5.400000 22.627417 337500000000.000000
5.600000 30.463092 337500000000.000000
5.800000 32.000000 337500000000.000000
6.000000 37.947332 337500000000.000000
6.200000 45.607017 337500000000.000000
6.400000 53.665631 337500000000.000000
6.600000 60.133186 337500000000.000000
6.800000 70.880181 337500000000.000000
7.000000 79.397733 337500000000.000000
7.200000 89.442719 337500000000.000000
7.400000 104.076895 337500000000.000000
7.600000 121.852370 337500000000.000000
7.800000 138.852440 0.000000
8.000000 137.927517 0.000000
8.200000 134.164079 0.000000
8.400000 137.637204 0.000000
8.600000 136.000000 0.000000
8.800000 136.235091 0.000000
9.000000 134.461891 0.000000
9.200000 135.882302 0.000000
9.400000 134.104437 0.000000
9.600000 128.996124 0.000000
9.800000 127.624449 0.000000
10.000000 125.538839 0.000000
10.200000 124.579292 0.000000
10.400000 124.064499 0.000000
10.600000 121.655251 0.000000
10.800000 117.643529 0.000000
11.000000 117.098249 0.000000
11.200000 120.929732 0.000000
11.400000 120.066648 0.000000
11.600000 120.598507 0.000000
11.800000 118.928550 337500000000.000000
12.000000 135.882302 337500000000.000000
