0.000000 12.649111 339999980000.000000
0.200000 14.422205 339999980000.000000
0.400000 17.888544 0.000000
0.600000 20.396078 0.000000
0.800000 20.396078 0.000000
1.000000 20.000000 0.000000
1.200000 20.000000 0.000000
1.400000 20.396078 0.000000
1.600000 20.396078 0.000000
1.800000 17.888544 0.000000
2.000000 14.422205 0.000000
2.200000 16.492423 0.000000
2.400000 12.649111 0.000000
2.600000 14.422205 0.000000
2.800000 12.649111 0.000000
3.000000 16.492423 0.000000
3.200000 14.422205 0.000000
3.400000 17.888544 0.000000
3.600000 16.492423 0.000000
3.800000 20.396078 0.000000
4.000000 17.888544 0.000000
4.200000 20.000000 0.000000
4.400000 16.492423 339999980000.000000
4.600000 20.000000 339999980000.000000
4.800000 21.540659 339999980000.000000
5.000000 25.612497 339999980000.000000
5.200000 29.120440 339999980000.000000
5.400000 32.249031 339999980000.000000
5.600000 37.735925 339999980000.000000
5.800000 43.266615 339999980000.000000
6.000000 52.611786 339999980000.000000
6.200000 62.096699 339999980000.000000
6.400000 74.404301 339999980000.000000
6.600000 87.817994 339999980000.000000
6.800000 100.717426 339999980000.000000
7.000000 117.643529 339999980000.000000
7.200000 136.235091 339999980000.000000
