0.000000 14.422205 345000000000.000000
0.200000 16.492423 0.000000
0.400000 16.000000 0.000000
0.600000 17.888544 0.000000
0.800000 16.970563 0.000000
1.000000 17.888544 0.000000
1.200000 20.000000 0.000000
1.400000 16.492423 0.000000
1.600000 14.422205 0.000000
1.800000 14.422205 0.000000
2.000000 12.000000 0.000000
2.200000 12.649111 0.000000
2.400000 14.422205 0.000000
2.600000 12.000000 0.000000
2.800000 12.649111 0.000000
3.000000 16.970563 0.000000
3.200000 17.888544 0.000000
3.400000 16.000000 0.000000
3.600000 16.492423 0.000000
3.800000 16.970563 0.000000
4.000000 17.888544 0.000000
4.200000 16.492423 345000000000.000000
4.400000 20.396078 345000000000.000000
4.600000 20.000000 345000000000.000000
4.800000 23.323808 345000000000.000000
5.000000 24.331050 345000000000.000000
5.200000 29.120440 345000000000.000000
5.400000 33.941125 345000000000.000000
5.600000 39.395431 345000000000.000000
5.800000 48.000000 345000000000.000000
6.000000 57.271284 345000000000.000000
6.200000 67.882251 345000000000.000000
6.400000 82.462113 345000000000.000000
6.600000 96.000000 345000000000.000000
6.800000 109.252002 345000000000.000000
7.000000 127.310644 345000000000.000000
7.200000 148.000000 345000000000.000000
