0.000000 11.313708 347499950000.000000
0.200000 12.649111 347499950000.000000
0.400000 16.000000 347499950000.000000
0.600000 17.888544 347499950000.000000
0.800000 25.612497 347499950000.000000
1.000000 29.120440 0.000000
1.200000 28.284271 0.000000
1.400000 26.832816 0.000000
1.600000 28.284271 0.000000
1.800000 29.120440 0.000000
2.000000 28.000000 0.000000
2.200000 26.832816 0.000000
2.400000 25.612497 0.000000
2.600000 25.298221 0.000000
2.800000 24.331050 0.000000
3.000000 23.323808 0.000000
3.200000 23.323808 0.000000
3.400000 24.000000 0.000000
3.600000 21.540659 0.000000
3.800000 22.627417 0.000000
4.000000 25.298221 0.000000
4.200000 24.000000 0.000000
4.400000 26.832816 0.000000
4.600000 28.284271 0.000000
4.800000 26.832816 0.000000
5.000000 24.000000 347499950000.000000
5.200000 29.120440 347499950000.000000
5.400000 31.240999 347499950000.000000
5.600000 35.777088 347499950000.000000
5.800000 40.000000 347499950000.000000
6.000000 48.332184 347499950000.000000
6.200000 56.850682 347499950000.000000
6.400000 67.052218 347499950000.000000
6.600000 80.399005 347499950000.000000
6.800000 93.295230 347499950000.000000
7.000000 111.211510 347499950000.000000
7.200000 127.121989 347499950000.000000
