0.000000 11.313708 350000000000.000000
0.200000 12.649111 349999960000.000000
0.400000 12.649111 350000000000.000000
0.600000 16.970563 350000000000.000000
0.800000 17.888544 350000000000.000000
1.000000 24.000000 350000000000.000000
1.200000 26.832816 350000000000.000000
1.400000 33.941125 0.000000
1.600000 34.176015 0.000000
1.800000 36.221541 0.000000
2.000000 35.777088 0.000000
2.200000 36.878178 0.000000
2.400000 34.176015 0.000000
2.600000 36.221541 0.000000
2.800000 32.249031 0.000000
3.000000 31.240999 0.000000
3.200000 29.120440 0.000000
3.400000 28.284271 0.000000
3.600000 28.844410 0.000000
3.800000 26.832816 0.000000
4.000000 28.000000 0.000000
4.200000 30.463092 0.000000
4.400000 28.284271 0.000000
4.600000 30.463092 0.000000
4.800000 32.000000 0.000000
5.000000 30.463092 0.000000
5.200000 33.941125 0.000000
5.400000 30.463092 349999960000.000000
5.600000 36.000000 350000000000.000000
5.800000 43.081318 350000000000.000000
6.000000 45.254834 350000000000.000000
6.200000 52.000000 350000000000.000000
6.400000 60.133186 350000000000.000000
6.600000 71.554175 350000000000.000000
6.800000 85.041167 350000000000.000000
7.000000 100.000000 350000000000.000000
7.200000 117.098249 350000000000.000000
7.400000 138.679487 350000000000.000000
