0.000000 11.313708 299999950000.000000
0.100000 11.313708 299999950000.000000
0.200000 14.422205 299999950000.000000
0.300000 12.649111 299999950000.000000
0.400000 12.649111 299999950000.000000
0.500000 12.000000 299999950000.000000
0.600000 12.000000 299999950000.000000
0.700000 12.649111 299999950000.000000
0.800000 14.422205 299999950000.000000
0.900000 14.422205 299999950000.000000
1.000000 14.422205 299999950000.000000
1.100000 17.888544 299999950000.000000
1.200000 16.492423 299999950000.000000
1.300000 16.000000 299999950000.000000
1.400000 16.492423 299999950000.000000
1.500000 17.888544 299999950000.000000
1.600000 20.000000 299999950000.000000
1.700000 20.000000 299999950000.000000
1.800000 26.832816 299999950000.000000
1.900000 24.331050 299999950000.000000
2.000000 28.000000 0.000000
2.100000 28.284271 0.000000
2.200000 30.463092 0.000000
2.300000 28.844410 0.000000
2.400000 31.240999 0.000000
2.500000 32.249031 0.000000
2.600000 32.984845 0.000000
2.700000 32.249031 0.000000
2.800000 32.249031 0.000000
2.900000 32.984845 0.000000
3.000000 32.249031 0.000000
3.100000 34.409301 0.000000
3.200000 31.240999 0.000000
3.300000 32.249031 0.000000
3.400000 34.176015 0.000000
3.500000 32.249031 0.000000
3.600000 32.000000 0.000000
3.700000 29.120440 0.000000
3.800000 30.463092 0.000000
3.900000 28.844410 0.000000
4.000000 28.284271 0.000000
4.100000 28.844410 0.000000
4.200000 25.298221 0.000000
4.300000 28.284271 0.000000
4.400000 24.331050 0.000000
4.500000 25.298221 0.000000
4.600000 23.323808 0.000000
4.700000 25.612497 0.000000
4.800000 23.323808 0.000000
4.900000 25.298221 0.000000
5.000000 24.331050 0.000000
5.100000 24.331050 0.000000
5.200000 25.298221 0.000000
5.300000 28.844410 0.000000
5.400000 28.284271 0.000000
5.500000 28.844410 0.000000
5.600000 30.463092 0.000000
5.700000 28.284271 0.000000
5.800000 28.000000 0.000000
5.900000 28.284271 0.000000
6.000000 30.463092 299999950000.000000
6.100000 32.249031 299999950000.000000
6.200000 33.941125 299999950000.000000
6.300000 34.409301 299999950000.000000
6.400000 39.395431 299999950000.000000
6.500000 41.761226 299999950000.000000
6.600000 40.199502 299999950000.000000
6.700000 44.721360 299999950000.000000
6.800000 46.818800 299999950000.000000
6.900000 50.119856 299999950000.000000
7.000000 53.814496 299999950000.000000
7.100000 54.405882 299999950000.000000
7.200000 57.271284 299999950000.000000
7.300000 61.188234 299999950000.000000
7.400000 68.000000 299999950000.000000
7.500000 69.856997 299999950000.000000
7.600000 75.153177 299999950000.000000
7.700000 80.000000 299999950000.000000
7.800000 85.041167 299999950000.000000
7.900000 91.301698 299999950000.000000
8.000000 100.000000 299999950000.000000
8.100000 108.295891 299999950000.000000
8.200000 113.137085 299999950000.000000
8.300000 124.064499 299999950000.000000
8.400000 133.146536 299999950000.000000
8.500000 141.421356 299999950000.000000
8.600000 147.566934 299999950000.000000
