0.000000 158.240324 299999950000.000000
0.100000 149.345238 299999950000.000000
0.200000 136.821051 299999950000.000000
0.300000 109.836242 299999950000.000000
0.400000 120.066648 299999950000.000000
0.500000 128.062485 299999950000.000000
0.600000 134.164079 299999950000.000000
0.700000 145.602198 299999950000.000000
0.800000 150.572242 299999950000.000000
0.900000 162.825059 299999950000.000000
1.000000 153.310143 299999950000.000000
1.100000 138.159328 299999950000.000000
1.200000 129.799846 299999950000.000000
1.300000 121.655251 0.000000
1.400000 122.114700 0.000000
1.500000 118.928550 0.000000
1.600000 121.061968 0.000000
1.700000 116.275535 0.000000
1.800000 116.481758 0.000000
1.900000 114.612390 0.000000
2.000000 116.275535 0.000000
2.100000 114.402797 0.000000
2.200000 112.924754 0.000000
2.300000 109.836242 0.000000
2.400000 112.071406 0.000000
2.500000 111.570605 0.000000
2.600000 109.178753 0.000000
2.700000 110.634533 0.000000
2.800000 108.811764 0.000000
2.900000 109.252002 0.000000
3.000000 105.905618 0.000000
3.100000 108.074049 0.000000
3.200000 107.703296 0.000000
3.300000 107.331263 0.000000
3.400000 108.074049 0.000000
3.500000 105.603030 0.000000
3.600000 107.331263 0.000000
3.700000 106.733313 0.000000
3.800000 108.000000 0.000000
3.900000 105.905618 0.000000
4.000000 109.252002 0.000000
4.100000 108.811764 0.000000
4.200000 107.628992 0.000000
4.300000 105.678759 0.000000
4.400000 104.995238 0.000000
4.500000 104.690019 0.000000
4.600000 104.690019 0.000000
4.700000 101.192885 0.000000
4.800000 102.215459 0.000000
4.900000 99.035347 0.000000
5.000000 97.652445 0.000000
5.100000 98.792712 0.000000
5.200000 97.324200 0.000000
5.300000 96.083297 0.000000
5.400000 95.078915 0.000000
5.500000 94.826157 0.000000
5.600000 96.332757 0.000000
5.700000 94.403390 0.000000
5.800000 95.078915 0.000000
5.900000 93.380940 0.000000
6.000000 92.086915 0.000000
6.100000 95.078915 0.000000
6.200000 94.826157 0.000000
6.300000 93.722996 0.000000
6.400000 96.829747 0.000000
6.500000 93.037627 0.000000
6.600000 95.078915 0.000000
6.700000 96.083297 0.000000
6.800000 93.380940 0.000000
6.900000 95.078915 0.000000
7.000000 95.414884 0.000000
7.100000 93.380940 0.000000
7.200000 93.295230 0.000000
7.300000 93.637599 0.000000
7.400000 92.779308 0.000000
7.500000 92.086915 0.000000
7.600000 91.214034 0.000000
7.700000 89.442719 0.000000
7.800000 88.090862 0.000000
7.900000 85.603738 0.000000
8.000000 87.726849 0.000000
8.100000 86.348133 0.000000
8.200000 84.000000 0.000000
8.300000 85.510233 0.000000
8.400000 84.095184 0.000000
8.500000 85.603738 0.000000
8.600000 82.462113 0.000000
8.700000 82.365041 0.000000
8.800000 82.462113 0.000000
8.900000 84.095184 0.000000
9.000000 81.584312 0.000000
9.100000 82.462113 0.000000
9.200000 83.234608 0.000000
9.300000 82.073138 0.000000
9.400000 84.380092 0.000000
9.500000 84.758480 0.000000
9.600000 84.380092 0.000000
9.700000 84.380092 0.000000
9.800000 83.522452 0.000000
9.900000 82.365041 0.000000
10.000000 85.041167 0.000000
10.100000 85.603738 0.000000
10.200000 84.095184 0.000000
10.300000 82.462113 0.000000
10.400000 80.099938 0.000000
10.500000 80.894994 0.000000
10.600000 80.993827 0.000000
10.700000 77.665951 0.000000
10.800000 79.195959 0.000000
10.900000 75.471849 0.000000
11.000000 75.894664 0.000000
11.100000 76.419893 0.000000
11.200000 76.419893 0.000000
11.300000 75.894664 0.000000
11.400000 73.430239 0.000000
11.500000 70.767224 0.000000
11.600000 72.111026 0.000000
11.700000 73.539105 0.000000
11.800000 72.993150 0.000000
11.900000 72.111026 0.000000
12.000000 74.726167 0.000000
12.100000 71.554175 0.000000
12.200000 73.756356 0.000000
12.300000 74.404301 0.000000
12.400000 75.153177 0.000000
12.500000 74.726167 0.000000
12.600000 76.105190 0.000000
12.700000 72.993150 0.000000
12.800000 73.539105 0.000000
12.900000 75.471849 0.000000
13.000000 73.539105 0.000000
13.100000 72.111026 0.000000
13.200000 73.539105 0.000000
13.300000 72.993150 0.000000
13.400000 72.000000 0.000000
13.500000 69.856997 0.000000
13.600000 69.856997 0.000000
13.700000 68.818602 0.000000
13.800000 68.117545 0.000000
13.900000 68.000000 0.000000
14.000000 67.052218 0.000000
14.100000 68.117545 0.000000
14.200000 64.498062 0.000000
14.300000 64.621978 0.000000
14.400000 66.573268 0.000000
14.500000 62.225397 0.000000
14.600000 64.498062 0.000000
14.700000 63.245553 0.000000
14.800000 64.498062 0.000000
14.900000 64.498062 0.000000
15.000000 63.245553 0.000000
15.100000 64.498062 0.000000
15.200000 65.115282 0.000000
15.300000 65.604878 0.000000
15.400000 66.211781 0.000000
15.500000 65.115282 0.000000
15.600000 68.000000 0.000000
15.700000 65.115282 0.000000
15.800000 64.621978 0.000000
15.900000 66.573268 0.000000
16.000000 65.115282 0.000000
16.100000 66.573268 0.000000
16.200000 64.621978 0.000000
16.300000 65.115282 0.000000
16.400000 64.124878 0.000000
16.500000 62.096699 0.000000
16.600000 62.609903 0.000000
16.700000 60.000000 0.000000
16.800000 62.481997 0.000000
16.900000 59.059292 0.000000
17.000000 58.240879 0.000000
17.100000 60.133186 0.000000
17.200000 56.568542 0.000000
17.300000 55.713553 0.000000
17.400000 57.688820 0.000000
17.500000 56.568542 0.000000
17.600000 55.569776 0.000000
17.700000 54.405882 0.000000
17.800000 56.142675 0.000000
17.900000 56.568542 0.000000
18.000000 59.464275 0.000000
18.100000 55.569776 0.000000
18.200000 59.464275 0.000000
18.300000 57.688820 0.000000
18.400000 57.271284 0.000000
18.500000 57.271284 0.000000
18.600000 60.000000 0.000000
18.700000 61.188234 0.000000
18.800000 60.926185 0.000000
18.900000 57.688820 0.000000
19.000000 59.464275 0.000000
19.100000 57.688820 0.000000
19.200000 59.464275 0.000000
19.300000 56.568542 0.000000
19.400000 56.000000 0.000000
19.500000 57.271284 0.000000
19.600000 57.271284 0.000000
19.700000 54.405882 0.000000
19.800000 53.814496 0.000000
19.900000 55.569776 0.000000
20.000000 54.405882 0.000000
20.100000 52.153619 0.000000
20.200000 52.611786 0.000000
20.300000 50.596443 0.000000
20.400000 52.153619 0.000000
20.500000 50.911688 0.000000
20.600000 52.153619 0.000000
20.700000 50.596443 0.000000
20.800000 48.166378 0.000000
20.900000 52.153619 0.000000
21.000000 50.596443 0.000000
21.100000 50.119856 0.000000
21.200000 53.814496 0.000000
21.300000 54.405882 0.000000
21.400000 52.000000 0.000000
21.500000 53.366656 0.000000
21.600000 52.000000 0.000000
21.700000 52.611786 0.000000
21.800000 52.000000 0.000000
21.900000 52.153619 0.000000
22.000000 50.911688 0.000000
22.100000 52.153619 0.000000
22.200000 52.000000 0.000000
22.300000 53.366656 0.000000
22.400000 52.000000 0.000000
22.500000 49.477268 0.000000
22.600000 48.332184 0.000000
22.700000 48.826222 0.000000
22.800000 48.166378 0.000000
22.900000 46.647615 0.000000
23.000000 46.818800 0.000000
23.100000 44.181444 0.000000
23.200000 44.181444 0.000000
23.300000 46.818800 0.000000
23.400000 46.647615 0.000000
23.500000 45.254834 0.000000
23.600000 43.266615 0.000000
23.700000 43.081318 0.000000
23.800000 44.721360 0.000000
23.900000 44.181444 0.000000
24.000000 45.607017 0.000000
24.100000 44.721360 0.000000
24.200000 45.607017 0.000000
24.300000 45.607017 0.000000
24.400000 44.721360 0.000000
24.500000 45.607017 0.000000
24.600000 48.166378 0.000000
24.700000 48.662100 0.000000
24.800000 46.818800 0.000000
24.900000 46.647615 0.000000
25.000000 48.166378 0.000000
25.100000 48.826222 0.000000
25.200000 48.332184 0.000000
25.300000 45.607017 0.000000
25.400000 44.000000 0.000000
25.500000 44.721360 0.000000
25.600000 43.081318 0.000000
25.700000 43.266615 0.000000
25.800000 45.254834 0.000000
25.900000 43.266615 0.000000
26.000000 43.081318 0.000000
26.100000 40.792156 0.000000
26.200000 40.000000 0.000000
26.300000 41.761226 0.000000
26.400000 41.182521 0.000000
26.500000 36.878178 0.000000
26.600000 40.000000 0.000000
26.700000 39.395431 0.000000
26.800000 40.792156 0.000000
26.900000 40.000000 0.000000
27.000000 40.792156 0.000000
27.100000 39.395431 0.000000
27.200000 40.000000 0.000000
27.300000 42.520583 0.000000
27.400000 41.182521 0.000000
27.500000 41.761226 0.000000
27.600000 40.199502 0.000000
27.700000 44.181444 0.000000
27.800000 41.761226 0.000000
27.900000 41.182521 0.000000
28.000000 42.520583 0.000000
28.100000 42.520583 0.000000
28.200000 41.182521 0.000000
28.300000 41.761226 0.000000
28.400000 40.199502 0.000000
28.500000 40.199502 0.000000
28.600000 41.761226 0.000000
28.700000 41.182521 0.000000
28.800000 36.878178 0.000000
28.900000 36.878178 0.000000
29.000000 35.777088 0.000000
29.100000 36.878178 0.000000
29.200000 36.000000 0.000000
29.300000 36.878178 0.000000
29.400000 35.777088 0.000000
29.500000 34.409301 0.000000
29.600000 36.878178 0.000000
29.700000 35.777088 0.000000
29.800000 32.984845 0.000000
29.900000 36.000000 0.000000
30.000000 36.878178 0.000000
30.100000 34.176015 0.000000
30.200000 34.409301 0.000000
30.300000 36.878178 0.000000
30.400000 37.735925 0.000000
30.500000 37.947332 0.000000
30.600000 36.221541 0.000000
30.700000 36.221541 0.000000
30.800000 36.878178 0.000000
30.900000 39.395431 0.000000
31.000000 40.000000 0.000000
31.100000 36.878178 0.000000
31.200000 37.735925 0.000000
31.300000 37.947332 0.000000
31.400000 36.878178 0.000000
31.500000 36.000000 0.000000
31.600000 36.878178 0.000000
31.700000 35.777088 0.000000
31.800000 34.409301 0.000000
31.900000 33.941125 0.000000
32.000000 32.249031 0.000000
32.100000 34.176015 0.000000
32.200000 32.249031 0.000000
32.300000 32.249031 0.000000
32.400000 30.463092 0.000000
32.500000 28.844410 0.000000
32.600000 28.284271 0.000000
32.700000 32.249031 0.000000
32.800000 29.120440 0.000000
32.900000 32.249031 0.000000
33.000000 32.249031 0.000000
33.100000 30.463092 0.000000
33.200000 32.249031 0.000000
33.300000 33.941125 0.000000
33.400000 34.409301 0.000000
33.500000 34.176015 0.000000
33.600000 32.984845 0.000000
33.700000 32.000000 0.000000
33.800000 32.984845 0.000000
33.900000 34.176015 0.000000
34.000000 34.409301 0.000000
34.100000 33.941125 0.000000
34.200000 34.409301 0.000000
34.300000 35.777088 0.000000
34.400000 32.984845 0.000000
34.500000 32.000000 0.000000
34.600000 32.249031 0.000000
34.700000 34.176015 0.000000
34.800000 32.249031 0.000000
34.900000 31.240999 0.000000
35.000000 28.844410 0.000000
35.100000 30.463092 0.000000
35.200000 28.284271 0.000000
35.300000 28.000000 0.000000
35.400000 29.120440 0.000000
35.500000 26.832816 0.000000
35.600000 25.612497 0.000000
35.700000 25.612497 0.000000
35.800000 26.832816 0.000000
35.900000 28.284271 0.000000
36.000000 28.000000 0.000000
36.100000 29.120440 0.000000
36.200000 26.832816 0.000000
36.300000 31.240999 0.000000
36.400000 31.240999 0.000000
36.500000 30.463092 0.000000
36.600000 29.120440 0.000000
36.700000 32.249031 0.000000
36.800000 32.249031 0.000000
36.900000 29.120440 0.000000
37.000000 32.249031 0.000000
37.100000 31.240999 0.000000
37.200000 31.240999 0.000000
37.300000 32.249031 0.000000
37.400000 29.120440 0.000000
37.500000 28.284271 0.000000
37.600000 28.000000 0.000000
37.700000 29.120440 0.000000
37.800000 26.832816 0.000000
37.900000 25.612497 0.000000
38.000000 25.612497 0.000000
38.100000 26.832816 0.000000
38.200000 25.298221 0.000000
38.300000 24.000000 0.000000
38.400000 24.331050 0.000000
38.500000 25.298221 0.000000
38.600000 23.323808 0.000000
38.700000 22.627417 0.000000
38.800000 23.323808 0.000000
38.900000 25.298221 0.000000
39.000000 24.000000 0.000000
39.100000 24.331050 0.000000
39.200000 25.298221 0.000000
39.300000 25.612497 0.000000
39.400000 25.612497 0.000000
39.500000 26.832816 0.000000
39.600000 25.298221 0.000000
39.700000 28.284271 0.000000
39.800000 28.000000 0.000000
39.900000 29.120440 0.000000
40.000000 26.832816 0.000000
40.100000 28.844410 0.000000
40.200000 28.284271 0.000000
40.300000 28.844410 0.000000
40.400000 26.832816 0.000000
40.500000 28.284271 0.000000
40.600000 28.000000 0.000000
40.700000 24.331050 0.000000
40.800000 25.298221 0.000000
40.900000 23.323808 0.000000
41.000000 22.627417 0.000000
41.100000 23.323808 0.000000
41.200000 21.540659 0.000000
41.300000 20.396078 0.000000
41.400000 20.000000 0.000000
41.500000 20.396078 0.000000
41.600000 23.323808 0.000000
41.700000 22.627417 0.000000
41.800000 20.000000 0.000000
41.900000 21.540659 0.000000
42.000000 20.396078 0.000000
42.100000 20.396078 0.000000
42.200000 21.540659 0.000000
42.300000 23.323808 0.000000
42.400000 22.627417 0.000000
42.500000 23.323808 0.000000
42.600000 21.540659 0.000000
42.700000 24.331050 0.000000
42.800000 24.000000 0.000000
42.900000 24.331050 0.000000
43.000000 25.298221 0.000000
43.100000 23.323808 0.000000
43.200000 25.612497 0.000000
43.300000 25.612497 0.000000
43.400000 26.832816 0.000000
43.500000 25.298221 0.000000
43.600000 24.331050 0.000000
43.700000 24.000000 0.000000
43.800000 25.298221 0.000000
43.900000 21.540659 0.000000
44.000000 20.000000 0.000000
44.100000 20.000000 0.000000
44.200000 21.540659 0.000000
44.300000 20.396078 0.000000
44.400000 20.000000 0.000000
44.500000 20.396078 0.000000
44.600000 17.888544 0.000000
44.700000 20.000000 0.000000
44.800000 20.000000 0.000000
44.900000 17.888544 0.000000
45.000000 20.396078 0.000000
45.100000 20.000000 0.000000
45.200000 20.396078 0.000000
45.300000 17.888544 0.000000
45.400000 20.000000 0.000000
45.500000 20.000000 0.000000
45.600000 21.540659 0.000000
45.700000 21.540659 0.000000
45.800000 20.396078 0.000000
45.900000 24.000000 0.000000
46.000000 21.540659 0.000000
46.100000 23.323808 0.000000
46.200000 23.323808 0.000000
46.300000 22.627417 0.000000
46.400000 23.323808 0.000000
46.500000 21.540659 0.000000
46.600000 20.396078 0.000000
46.700000 20.000000 0.000000
46.800000 20.396078 0.000000
46.900000 21.540659 0.000000
47.000000 20.000000 0.000000
47.100000 20.000000 0.000000
47.200000 20.000000 0.000000
47.300000 17.888544 0.000000
47.400000 16.492423 0.000000
47.500000 16.000000 0.000000
47.600000 16.492423 0.000000
47.700000 14.422205 0.000000
47.800000 16.970563 0.000000
47.900000 14.422205 0.000000
48.000000 16.492423 0.000000
48.100000 16.000000 0.000000
48.200000 16.492423 0.000000
48.300000 17.888544 0.000000
48.400000 17.888544 0.000000
48.500000 16.970563 0.000000
48.600000 20.000000 0.000000
48.700000 17.888544 0.000000
48.800000 20.396078 0.000000
48.900000 20.000000 0.000000
49.000000 20.396078 0.000000
49.100000 21.540659 0.000000
49.200000 20.000000 0.000000
49.300000 20.000000 0.000000
49.400000 20.000000 0.000000
49.500000 21.540659 0.000000
49.600000 20.396078 0.000000
49.700000 20.396078 0.000000
49.800000 20.000000 0.000000
49.900000 20.396078 0.000000
50.000000 17.888544 0.000000
50.100000 16.970563 0.000000
50.200000 16.970563 0.000000
50.300000 17.888544 0.000000
50.400000 16.492423 0.000000
50.500000 16.000000 0.000000
50.600000 16.492423 0.000000
50.700000 12.649111 0.000000
50.800000 14.422205 0.000000
50.900000 14.422205 0.000000
51.000000 12.649111 0.000000
51.100000 16.492423 0.000000
51.200000 16.000000 0.000000
51.300000 16.492423 0.000000
51.400000 14.422205 0.000000
51.500000 16.970563 0.000000
51.600000 14.422205 0.000000
51.700000 17.888544 0.000000
51.800000 16.492423 0.000000
51.900000 16.000000 0.000000
52.000000 20.396078 0.000000
52.100000 16.492423 0.000000
52.200000 17.888544 0.000000
52.300000 20.000000 0.000000
52.400000 16.970563 0.000000
52.500000 17.888544 0.000000
52.600000 17.888544 0.000000
52.700000 16.492423 0.000000
52.800000 16.000000 0.000000
52.900000 16.492423 0.000000
53.000000 16.492423 0.000000
53.100000 14.422205 0.000000
53.200000 16.970563 0.000000
53.300000 14.422205 0.000000
53.400000 12.649111 0.000000
53.500000 12.649111 0.000000
53.600000 12.000000 0.000000
53.700000 12.649111 0.000000
53.800000 14.422205 0.000000
53.900000 11.313708 0.000000
54.000000 14.422205 0.000000
54.100000 12.649111 0.000000
54.200000 12.000000 0.000000
54.300000 12.649111 0.000000
54.400000 12.649111 0.000000
54.500000 14.422205 0.000000
54.600000 14.422205 0.000000
54.700000 14.422205 0.000000
54.800000 16.492423 0.000000
54.900000 16.492423 0.000000
55.000000 16.000000 0.000000
55.100000 16.492423 0.000000
55.200000 17.888544 0.000000
55.300000 17.888544 0.000000
55.400000 16.970563 0.000000
55.500000 16.970563 0.000000
55.600000 17.888544 0.000000
55.700000 16.492423 0.000000
55.800000 16.492423 0.000000
55.900000 16.000000 0.000000
56.000000 16.492423 0.000000
56.100000 12.649111 0.000000
56.200000 14.422205 0.000000
56.300000 11.313708 0.000000
56.400000 14.422205 0.000000
56.500000 12.649111 0.000000
56.600000 12.000000 0.000000
56.700000 12.000000 0.000000
