0.000000000000000000e+00 5.656854249492380582e+00 0.000000000000000000e+00
2.000000000000000111e-01 4.000000000000000000e+00 0.000000000000000000e+00
4.000000000000000222e-01 4.000000000000000000e+00 0.000000000000000000e+00
6.000000000000000888e-01 5.656854249492380582e+00 0.000000000000000000e+00
8.000000000000000444e-01 5.656854249492380582e+00 0.000000000000000000e+00
1.000000000000000000e+00 5.656854249492380582e+00 0.000000000000000000e+00
1.200000000000000178e+00 5.656854249492380582e+00 0.000000000000000000e+00
1.400000000000000133e+00 5.656854249492380582e+00 0.000000000000000000e+00
1.600000000000000089e+00 5.656854249492380582e+00 0.000000000000000000e+00
1.800000000000000044e+00 4.000000000000000000e+00 0.000000000000000000e+00
2.000000000000000000e+00 4.000000000000000000e+00 0.000000000000000000e+00
2.200000000000000178e+00 5.656854249492380582e+00 0.000000000000000000e+00
2.400000000000000355e+00 4.000000000000000000e+00 0.000000000000000000e+00
2.600000000000000089e+00 4.000000000000000000e+00 0.000000000000000000e+00
2.800000000000000266e+00 4.000000000000000000e+00 0.000000000000000000e+00
3.000000000000000000e+00 5.656854249492380582e+00 0.000000000000000000e+00
3.200000000000000178e+00 5.656854249492380582e+00 0.000000000000000000e+00
3.400000000000000355e+00 5.656854249492380582e+00 0.000000000000000000e+00
3.600000000000000089e+00 5.656854249492380582e+00 0.000000000000000000e+00
3.800000000000000266e+00 5.656854249492380582e+00 0.000000000000000000e+00
4.000000000000000000e+00 5.656854249492380582e+00 1.225000060000000000e+11
4.200000000000000178e+00 5.656854249492380582e+00 1.225000060000000000e+11
4.400000000000000355e+00 5.656854249492380582e+00 1.225000060000000000e+11
4.600000000000000533e+00 5.656854249492380582e+00 1.225000060000000000e+11
4.800000000000000711e+00 4.000000000000000000e+00 1.225000060000000000e+11
5.000000000000000000e+00 4.000000000000000000e+00 1.225000060000000000e+11
5.200000000000000178e+00 4.000000000000000000e+00 1.225000060000000000e+11
5.400000000000000355e+00 4.000000000000000000e+00 1.225000060000000000e+11
5.600000000000000533e+00 0.000000000000000000e+00 1.225000060000000000e+11
5.800000000000000711e+00 0.000000000000000000e+00 1.225000060000000000e+11
6.000000000000000000e+00 5.656854249492380582e+00 1.225000060000000000e+11
6.200000000000000178e+00 5.656854249492380582e+00 1.225000060000000000e+11
6.400000000000000355e+00 5.656854249492380582e+00 1.225000060000000000e+11
6.600000000000000533e+00 5.656854249492380582e+00 1.225000060000000000e+11
6.800000000000000711e+00 5.656854249492380582e+00 1.225000060000000000e+11
7.000000000000000000e+00 5.656854249492380582e+00 1.225000060000000000e+11
7.200000000000000178e+00 5.656854249492380582e+00 1.225000060000000000e+11
7.400000000000000355e+00 4.000000000000000000e+00 1.225000060000000000e+11
7.600000000000000533e+00 5.656854249492380582e+00 1.225000060000000000e+11
7.800000000000000711e+00 5.656854249492380582e+00 1.225000060000000000e+11
8.000000000000000000e+00 0.000000000000000000e+00 0.000000000000000000e+00
8.200000000000001066e+00 0.000000000000000000e+00 0.000000000000000000e+00
8.400000000000000355e+00 0.000000000000000000e+00 0.000000000000000000e+00
8.599999999999999645e+00 4.000000000000000000e+00 0.000000000000000000e+00
8.800000000000000711e+00 5.656854249492380582e+00 0.000000000000000000e+00
9.000000000000000000e+00 5.656854249492380582e+00 0.000000000000000000e+00
9.200000000000001066e+00 5.656854249492380582e+00 0.000000000000000000e+00
9.400000000000000355e+00 5.656854249492380582e+00 0.000000000000000000e+00
9.600000000000001421e+00 5.656854249492380582e+00 0.000000000000000000e+00
9.800000000000000711e+00 5.656854249492380582e+00 0.000000000000000000e+00
1.000000000000000000e+01 5.656854249492380582e+00 0.000000000000000000e+00
1.020000000000000107e+01 5.656854249492380582e+00 0.000000000000000000e+00
1.040000000000000036e+01 5.656854249492380582e+00 0.000000000000000000e+00
1.060000000000000142e+01 4.000000000000000000e+00 0.000000000000000000e+00
1.080000000000000071e+01 5.656854249492380582e+00 0.000000000000000000e+00
1.100000000000000000e+01 4.000000000000000000e+00 0.000000000000000000e+00
1.120000000000000107e+01 0.000000000000000000e+00 0.000000000000000000e+00
1.140000000000000036e+01 0.000000000000000000e+00 0.000000000000000000e+00
1.160000000000000142e+01 5.656854249492380582e+00 0.000000000000000000e+00
1.180000000000000071e+01 5.656854249492380582e+00 0.000000000000000000e+00
1.200000000000000000e+01 4.000000000000000000e+00 1.225000060000000000e+11
1.220000000000000107e+01 5.656854249492380582e+00 1.225000060000000000e+11
1.240000000000000036e+01 5.656854249492380582e+00 1.225000060000000000e+11
1.260000000000000142e+01 5.656854249492380582e+00 1.225000060000000000e+11
1.280000000000000071e+01 5.656854249492380582e+00 1.225000060000000000e+11
1.300000000000000000e+01 5.656854249492380582e+00 1.225000060000000000e+11
1.320000000000000107e+01 4.000000000000000000e+00 1.225000060000000000e+11
1.340000000000000036e+01 4.000000000000000000e+00 1.225000060000000000e+11
1.360000000000000142e+01 4.000000000000000000e+00 1.225000060000000000e+11
1.380000000000000071e+01 0.000000000000000000e+00 1.225000060000000000e+11
1.400000000000000000e+01 0.000000000000000000e+00 1.225000060000000000e+11
1.420000000000000107e+01 0.000000000000000000e+00 1.225000060000000000e+11
1.440000000000000036e+01 4.000000000000000000e+00 1.225000060000000000e+11
1.460000000000000142e+01 4.000000000000000000e+00 1.225000060000000000e+11
1.480000000000000071e+01 5.656854249492380582e+00 1.225000060000000000e+11
1.500000000000000000e+01 5.656854249492380582e+00 1.225000060000000000e+11
1.520000000000000107e+01 5.656854249492380582e+00 1.225000060000000000e+11
1.540000000000000036e+01 5.656854249492380582e+00 1.225000060000000000e+11
1.560000000000000142e+01 5.656854249492380582e+00 1.225000060000000000e+11
1.580000000000000071e+01 4.000000000000000000e+00 1.225000060000000000e+11
1.600000000000000000e+01 4.000000000000000000e+00 0.000000000000000000e+00
1.619999999999999929e+01 4.000000000000000000e+00 0.000000000000000000e+00
1.640000000000000213e+01 0.000000000000000000e+00 0.000000000000000000e+00
1.660000000000000142e+01 0.000000000000000000e+00 0.000000000000000000e+00
1.680000000000000071e+01 0.000000000000000000e+00 0.000000000000000000e+00
1.700000000000000000e+01 4.000000000000000000e+00 0.000000000000000000e+00
1.719999999999999929e+01 4.000000000000000000e+00 0.000000000000000000e+00
1.740000000000000213e+01 4.000000000000000000e+00 0.000000000000000000e+00
1.760000000000000142e+01 5.656854249492380582e+00 0.000000000000000000e+00
1.780000000000000071e+01 5.656854249492380582e+00 0.000000000000000000e+00
1.800000000000000000e+01 5.656854249492380582e+00 0.000000000000000000e+00
1.819999999999999929e+01 5.656854249492380582e+00 0.000000000000000000e+00
1.840000000000000213e+01 5.656854249492380582e+00 0.000000000000000000e+00
1.860000000000000142e+01 5.656854249492380582e+00 0.000000000000000000e+00
1.880000000000000071e+01 4.000000000000000000e+00 0.000000000000000000e+00
1.900000000000000000e+01 4.000000000000000000e+00 0.000000000000000000e+00
1.920000000000000284e+01 0.000000000000000000e+00 0.000000000000000000e+00
1.940000000000000213e+01 0.000000000000000000e+00 0.000000000000000000e+00
1.960000000000000142e+01 0.000000000000000000e+00 0.000000000000000000e+00
1.980000000000000071e+01 0.000000000000000000e+00 0.000000000000000000e+00
2.000000000000000000e+01 4.000000000000000000e+00 1.225000060000000000e+11
2.020000000000000284e+01 5.656854249492380582e+00 1.225000060000000000e+11
2.040000000000000213e+01 5.656854249492380582e+00 1.225000060000000000e+11
2.060000000000000142e+01 5.656854249492380582e+00 1.225000060000000000e+11
2.080000000000000071e+01 5.656854249492380582e+00 1.225000060000000000e+11
2.100000000000000000e+01 5.656854249492380582e+00 1.225000060000000000e+11
2.120000000000000284e+01 4.000000000000000000e+00 1.225000060000000000e+11
2.140000000000000213e+01 4.000000000000000000e+00 1.225000060000000000e+11
2.160000000000000142e+01 4.000000000000000000e+00 1.225000060000000000e+11
2.180000000000000071e+01 4.000000000000000000e+00 1.225000060000000000e+11
2.200000000000000000e+01 0.000000000000000000e+00 1.225000060000000000e+11
2.220000000000000284e+01 0.000000000000000000e+00 1.225000060000000000e+11
2.240000000000000213e+01 0.000000000000000000e+00 1.225000060000000000e+11
2.260000000000000142e+01 4.000000000000000000e+00 1.225000060000000000e+11
2.280000000000000071e+01 4.000000000000000000e+00 1.225000060000000000e+11
2.300000000000000000e+01 4.000000000000000000e+00 1.225000060000000000e+11
2.320000000000000284e+01 5.656854249492380582e+00 1.225000060000000000e+11
2.340000000000000213e+01 5.656854249492380582e+00 1.225000060000000000e+11
2.360000000000000142e+01 5.656854249492380582e+00 1.225000060000000000e+11
2.380000000000000071e+01 5.656854249492380582e+00 1.225000060000000000e+11
2.400000000000000000e+01 4.000000000000000000e+00 0.000000000000000000e+00
2.420000000000000284e+01 4.000000000000000000e+00 0.000000000000000000e+00
2.440000000000000213e+01 4.000000000000000000e+00 0.000000000000000000e+00
2.460000000000000142e+01 0.000000000000000000e+00 0.000000000000000000e+00
2.480000000000000071e+01 0.000000000000000000e+00 0.000000000000000000e+00
2.500000000000000000e+01 0.000000000000000000e+00 0.000000000000000000e+00
2.520000000000000284e+01 4.000000000000000000e+00 0.000000000000000000e+00
2.540000000000000213e+01 4.000000000000000000e+00 0.000000000000000000e+00
2.560000000000000142e+01 4.000000000000000000e+00 0.000000000000000000e+00
2.580000000000000071e+01 5.656854249492380582e+00 0.000000000000000000e+00
2.600000000000000000e+01 5.656854249492380582e+00 0.000000000000000000e+00
2.620000000000000284e+01 5.656854249492380582e+00 0.000000000000000000e+00
2.640000000000000213e+01 5.656854249492380582e+00 0.000000000000000000e+00
2.660000000000000142e+01 4.000000000000000000e+00 0.000000000000000000e+00
2.680000000000000071e+01 4.000000000000000000e+00 0.000000000000000000e+00
2.700000000000000000e+01 4.000000000000000000e+00 0.000000000000000000e+00
2.720000000000000284e+01 0.000000000000000000e+00 0.000000000000000000e+00
2.740000000000000213e+01 0.000000000000000000e+00 0.000000000000000000e+00
2.760000000000000142e+01 0.000000000000000000e+00 0.000000000000000000e+00
2.780000000000000071e+01 0.000000000000000000e+00 0.000000000000000000e+00
2.800000000000000000e+01 4.000000000000000000e+00 1.225000060000000000e+11
2.820000000000000284e+01 4.000000000000000000e+00 1.225000060000000000e+11
2.840000000000000213e+01 5.656854249492380582e+00 1.225000060000000000e+11
2.860000000000000142e+01 5.656854249492380582e+00 1.225000060000000000e+11
2.880000000000000071e+01 5.656854249492380582e+00 1.225000060000000000e+11
2.900000000000000000e+01 5.656854249492380582e+00 1.225000060000000000e+11
2.920000000000000284e+01 4.000000000000000000e+00 1.225000060000000000e+11
2.940000000000000213e+01 4.000000000000000000e+00 1.225000060000000000e+11
2.960000000000000142e+01 4.000000000000000000e+00 1.225000060000000000e+11
2.980000000000000071e+01 4.000000000000000000e+00 1.225000060000000000e+11
3.000000000000000000e+01 0.000000000000000000e+00 1.225000060000000000e+11
3.020000000000000284e+01 0.000000000000000000e+00 1.225000060000000000e+11
3.040000000000000213e+01 0.000000000000000000e+00 1.225000060000000000e+11
3.060000000000000142e+01 4.000000000000000000e+00 1.225000060000000000e+11
3.080000000000000071e+01 4.000000000000000000e+00 1.225000060000000000e+11
3.100000000000000000e+01 4.000000000000000000e+00 1.225000060000000000e+11
3.120000000000000284e+01 5.656854249492380582e+00 1.225000060000000000e+11
3.140000000000000213e+01 5.656854249492380582e+00 1.225000060000000000e+11
3.160000000000000142e+01 5.656854249492380582e+00 1.225000060000000000e+11
3.180000000000000071e+01 5.656854249492380582e+00 1.225000060000000000e+11
3.200000000000000000e+01 4.000000000000000000e+00 0.000000000000000000e+00
3.220000000000000284e+01 4.000000000000000000e+00 0.000000000000000000e+00
3.239999999999999858e+01 4.000000000000000000e+00 0.000000000000000000e+00
3.260000000000000142e+01 4.000000000000000000e+00 0.000000000000000000e+00
3.280000000000000426e+01 0.000000000000000000e+00 0.000000000000000000e+00
3.300000000000000000e+01 0.000000000000000000e+00 0.000000000000000000e+00
3.320000000000000284e+01 0.000000000000000000e+00 0.000000000000000000e+00
3.339999999999999858e+01 4.000000000000000000e+00 0.000000000000000000e+00
3.360000000000000142e+01 4.000000000000000000e+00 0.000000000000000000e+00
3.380000000000000426e+01 4.000000000000000000e+00 0.000000000000000000e+00
3.400000000000000000e+01 5.656854249492380582e+00 0.000000000000000000e+00
3.420000000000000284e+01 5.656854249492380582e+00 0.000000000000000000e+00
3.439999999999999858e+01 5.656854249492380582e+00 0.000000000000000000e+00
3.460000000000000142e+01 5.656854249492380582e+00 0.000000000000000000e+00
3.480000000000000426e+01 4.000000000000000000e+00 0.000000000000000000e+00
3.500000000000000000e+01 4.000000000000000000e+00 0.000000000000000000e+00
3.520000000000000284e+01 4.000000000000000000e+00 0.000000000000000000e+00
3.539999999999999858e+01 0.000000000000000000e+00 0.000000000000000000e+00
3.560000000000000142e+01 0.000000000000000000e+00 0.000000000000000000e+00
3.580000000000000426e+01 0.000000000000000000e+00 0.000000000000000000e+00
3.600000000000000000e+01 0.000000000000000000e+00 1.225000060000000000e+11
3.620000000000000284e+01 4.000000000000000000e+00 1.225000060000000000e+11
3.639999999999999858e+01 4.000000000000000000e+00 1.225000060000000000e+11
3.660000000000000142e+01 4.000000000000000000e+00 1.225000060000000000e+11
3.680000000000000426e+01 5.656854249492380582e+00 1.225000060000000000e+11
3.700000000000000000e+01 5.656854249492380582e+00 1.225000060000000000e+11
3.720000000000000284e+01 5.656854249492380582e+00 1.225000060000000000e+11
3.739999999999999858e+01 4.000000000000000000e+00 1.225000060000000000e+11
3.760000000000000142e+01 4.000000000000000000e+00 1.225000060000000000e+11
3.780000000000000426e+01 4.000000000000000000e+00 1.225000060000000000e+11
3.800000000000000000e+01 4.000000000000000000e+00 1.225000060000000000e+11
3.820000000000000284e+01 0.000000000000000000e+00 1.225000060000000000e+11
3.840000000000000568e+01 0.000000000000000000e+00 1.225000060000000000e+11
3.860000000000000142e+01 0.000000000000000000e+00 1.225000060000000000e+11
3.880000000000000426e+01 4.000000000000000000e+00 1.225000060000000000e+11
3.900000000000000000e+01 4.000000000000000000e+00 1.225000060000000000e+11
3.920000000000000284e+01 4.000000000000000000e+00 1.225000060000000000e+11
3.940000000000000568e+01 5.656854249492380582e+00 1.225000060000000000e+11
3.960000000000000142e+01 5.656854249492380582e+00 1.225000060000000000e+11
3.980000000000000426e+01 5.656854249492380582e+00 1.225000060000000000e+11
4.000000000000000000e+01 5.656854249492380582e+00 0.000000000000000000e+00
4.020000000000000284e+01 4.000000000000000000e+00 0.000000000000000000e+00
4.040000000000000568e+01 4.000000000000000000e+00 0.000000000000000000e+00
4.060000000000000142e+01 4.000000000000000000e+00 0.000000000000000000e+00
4.080000000000000426e+01 0.000000000000000000e+00 0.000000000000000000e+00
4.100000000000000000e+01 0.000000000000000000e+00 0.000000000000000000e+00
4.120000000000000284e+01 0.000000000000000000e+00 0.000000000000000000e+00
4.140000000000000568e+01 0.000000000000000000e+00 0.000000000000000000e+00
4.160000000000000142e+01 4.000000000000000000e+00 0.000000000000000000e+00
4.180000000000000426e+01 4.000000000000000000e+00 0.000000000000000000e+00
4.200000000000000000e+01 4.000000000000000000e+00 0.000000000000000000e+00
4.220000000000000284e+01 5.656854249492380582e+00 0.000000000000000000e+00
4.240000000000000568e+01 5.656854249492380582e+00 0.000000000000000000e+00
4.260000000000000142e+01 5.656854249492380582e+00 0.000000000000000000e+00
4.280000000000000426e+01 4.000000000000000000e+00 0.000000000000000000e+00
4.300000000000000000e+01 4.000000000000000000e+00 0.000000000000000000e+00
4.320000000000000284e+01 4.000000000000000000e+00 0.000000000000000000e+00
4.340000000000000568e+01 4.000000000000000000e+00 0.000000000000000000e+00
4.360000000000000142e+01 0.000000000000000000e+00 0.000000000000000000e+00
4.380000000000000426e+01 0.000000000000000000e+00 0.000000000000000000e+00
4.400000000000000000e+01 0.000000000000000000e+00 1.225000060000000000e+11
4.420000000000000284e+01 4.000000000000000000e+00 1.225000060000000000e+11
4.440000000000000568e+01 4.000000000000000000e+00 1.225000060000000000e+11
4.460000000000000142e+01 4.000000000000000000e+00 1.225000060000000000e+11
4.480000000000000426e+01 5.656854249492380582e+00 1.225000060000000000e+11
4.500000000000000000e+01 5.656854249492380582e+00 1.225000060000000000e+11
4.520000000000000284e+01 5.656854249492380582e+00 1.225000060000000000e+11
4.540000000000000568e+01 5.656854249492380582e+00 1.225000060000000000e+11
4.560000000000000142e+01 4.000000000000000000e+00 1.225000060000000000e+11
4.580000000000000426e+01 4.000000000000000000e+00 1.225000060000000000e+11
4.600000000000000000e+01 4.000000000000000000e+00 1.225000060000000000e+11
4.620000000000000284e+01 0.000000000000000000e+00 1.225000060000000000e+11
4.640000000000000568e+01 0.000000000000000000e+00 1.225000060000000000e+11
4.660000000000000142e+01 0.000000000000000000e+00 1.225000060000000000e+11
4.680000000000000426e+01 0.000000000000000000e+00 1.225000060000000000e+11
4.700000000000000000e+01 4.000000000000000000e+00 1.225000060000000000e+11
4.720000000000000284e+01 4.000000000000000000e+00 1.225000060000000000e+11
4.740000000000000568e+01 4.000000000000000000e+00 1.225000060000000000e+11
4.760000000000000142e+01 5.656854249492380582e+00 1.225000060000000000e+11
4.780000000000000426e+01 5.656854249492380582e+00 1.225000060000000000e+11
4.800000000000000000e+01 5.656854249492380582e+00 0.000000000000000000e+00
4.820000000000000284e+01 5.656854249492380582e+00 0.000000000000000000e+00
4.840000000000000568e+01 4.000000000000000000e+00 0.000000000000000000e+00
4.860000000000000142e+01 4.000000000000000000e+00 0.000000000000000000e+00
4.880000000000000426e+01 4.000000000000000000e+00 0.000000000000000000e+00
4.900000000000000000e+01 0.000000000000000000e+00 0.000000000000000000e+00
4.920000000000000284e+01 0.000000000000000000e+00 0.000000000000000000e+00
4.940000000000000568e+01 0.000000000000000000e+00 0.000000000000000000e+00
4.960000000000000142e+01 4.000000000000000000e+00 0.000000000000000000e+00
4.980000000000000426e+01 4.000000000000000000e+00 0.000000000000000000e+00
5.000000000000000000e+01 4.000000000000000000e+00 0.000000000000000000e+00
5.020000000000000284e+01 4.000000000000000000e+00 0.000000000000000000e+00
5.040000000000000568e+01 5.656854249492380582e+00 0.000000000000000000e+00
5.060000000000000142e+01 5.656854249492380582e+00 0.000000000000000000e+00
5.080000000000000426e+01 5.656854249492380582e+00 0.000000000000000000e+00
5.100000000000000000e+01 4.000000000000000000e+00 0.000000000000000000e+00
5.120000000000000284e+01 4.000000000000000000e+00 0.000000000000000000e+00
5.140000000000000568e+01 4.000000000000000000e+00 0.000000000000000000e+00
5.160000000000000142e+01 0.000000000000000000e+00 0.000000000000000000e+00
5.180000000000000426e+01 0.000000000000000000e+00 0.000000000000000000e+00
5.200000000000000000e+01 0.000000000000000000e+00 1.225000060000000000e+11
5.220000000000000284e+01 0.000000000000000000e+00 1.225000060000000000e+11
5.240000000000000568e+01 4.000000000000000000e+00 1.225000060000000000e+11
5.260000000000000142e+01 4.000000000000000000e+00 1.225000060000000000e+11
5.280000000000000426e+01 4.000000000000000000e+00 1.225000060000000000e+11
5.300000000000000000e+01 5.656854249492380582e+00 1.225000060000000000e+11
5.320000000000000284e+01 5.656854249492380582e+00 1.225000060000000000e+11
5.340000000000000568e+01 5.656854249492380582e+00 1.225000060000000000e+11
5.360000000000000142e+01 5.656854249492380582e+00 1.225000060000000000e+11
5.380000000000000426e+01 4.000000000000000000e+00 1.225000060000000000e+11
5.400000000000000000e+01 4.000000000000000000e+00 1.225000060000000000e+11
5.420000000000000284e+01 4.000000000000000000e+00 1.225000060000000000e+11
5.440000000000000568e+01 0.000000000000000000e+00 1.225000060000000000e+11
5.460000000000000142e+01 0.000000000000000000e+00 1.225000060000000000e+11
5.480000000000000426e+01 0.000000000000000000e+00 1.225000060000000000e+11
5.500000000000000000e+01 4.000000000000000000e+00 1.225000060000000000e+11
5.520000000000000284e+01 4.000000000000000000e+00 1.225000060000000000e+11
5.540000000000000568e+01 4.000000000000000000e+00 1.225000060000000000e+11
5.560000000000000142e+01 4.000000000000000000e+00 1.225000060000000000e+11
5.580000000000000426e+01 5.656854249492380582e+00 1.225000060000000000e+11
5.600000000000000000e+01 5.656854249492380582e+00 0.000000000000000000e+00
5.620000000000000284e+01 5.656854249492380582e+00 0.000000000000000000e+00
5.640000000000000568e+01 4.000000000000000000e+00 0.000000000000000000e+00
5.660000000000000142e+01 4.000000000000000000e+00 0.000000000000000000e+00
5.680000000000000426e+01 4.000000000000000000e+00 0.000000000000000000e+00
5.700000000000000000e+01 4.000000000000000000e+00 0.000000000000000000e+00
5.720000000000000284e+01 0.000000000000000000e+00 0.000000000000000000e+00
5.740000000000000568e+01 0.000000000000000000e+00 0.000000000000000000e+00
5.760000000000000142e+01 0.000000000000000000e+00 0.000000000000000000e+00
5.780000000000000426e+01 4.000000000000000000e+00 0.000000000000000000e+00
5.800000000000000000e+01 4.000000000000000000e+00 0.000000000000000000e+00
5.820000000000000284e+01 4.000000000000000000e+00 0.000000000000000000e+00
5.840000000000000568e+01 5.656854249492380582e+00 0.000000000000000000e+00
5.860000000000000142e+01 5.656854249492380582e+00 0.000000000000000000e+00
5.880000000000000426e+01 5.656854249492380582e+00 0.000000000000000000e+00
5.900000000000000000e+01 5.656854249492380582e+00 0.000000000000000000e+00
5.920000000000000284e+01 4.000000000000000000e+00 0.000000000000000000e+00
5.940000000000000568e+01 4.000000000000000000e+00 0.000000000000000000e+00
5.960000000000000142e+01 4.000000000000000000e+00 0.000000000000000000e+00
5.980000000000000426e+01 0.000000000000000000e+00 0.000000000000000000e+00
6.000000000000000000e+01 0.000000000000000000e+00 1.225000060000000000e+11
6.020000000000000284e+01 0.000000000000000000e+00 1.225000060000000000e+11
6.040000000000000568e+01 0.000000000000000000e+00 1.225000060000000000e+11
6.060000000000000142e+01 4.000000000000000000e+00 1.225000060000000000e+11
6.080000000000000426e+01 4.000000000000000000e+00 1.225000060000000000e+11
6.100000000000000000e+01 4.000000000000000000e+00 1.225000060000000000e+11
6.120000000000000284e+01 5.656854249492380582e+00 1.225000060000000000e+11
6.140000000000000568e+01 5.656854249492380582e+00 1.225000060000000000e+11
6.160000000000000142e+01 5.656854249492380582e+00 1.225000060000000000e+11
6.180000000000000426e+01 4.000000000000000000e+00 1.225000060000000000e+11
6.200000000000000000e+01 4.000000000000000000e+00 1.225000060000000000e+11
6.220000000000000284e+01 4.000000000000000000e+00 1.225000060000000000e+11
6.240000000000000568e+01 4.000000000000000000e+00 1.225000060000000000e+11
6.260000000000000142e+01 0.000000000000000000e+00 1.225000060000000000e+11
6.280000000000000426e+01 0.000000000000000000e+00 1.225000060000000000e+11
6.300000000000000000e+01 0.000000000000000000e+00 1.225000060000000000e+11
6.320000000000000284e+01 4.000000000000000000e+00 1.225000060000000000e+11
6.340000000000000568e+01 4.000000000000000000e+00 1.225000060000000000e+11
6.360000000000000142e+01 4.000000000000000000e+00 1.225000060000000000e+11
6.380000000000000426e+01 5.656854249492380582e+00 1.225000060000000000e+11
6.400000000000000000e+01 5.656854249492380582e+00 0.000000000000000000e+00
6.420000000000000284e+01 5.656854249492380582e+00 0.000000000000000000e+00
6.440000000000000568e+01 5.656854249492380582e+00 0.000000000000000000e+00
6.460000000000000853e+01 4.000000000000000000e+00 0.000000000000000000e+00
6.479999999999999716e+01 4.000000000000000000e+00 0.000000000000000000e+00
6.500000000000000000e+01 4.000000000000000000e+00 0.000000000000000000e+00
6.520000000000000284e+01 0.000000000000000000e+00 0.000000000000000000e+00
6.540000000000000568e+01 0.000000000000000000e+00 0.000000000000000000e+00
6.560000000000000853e+01 0.000000000000000000e+00 0.000000000000000000e+00
6.579999999999999716e+01 0.000000000000000000e+00 0.000000000000000000e+00
6.600000000000000000e+01 4.000000000000000000e+00 0.000000000000000000e+00
6.620000000000000284e+01 4.000000000000000000e+00 0.000000000000000000e+00
6.640000000000000568e+01 4.000000000000000000e+00 0.000000000000000000e+00
6.660000000000000853e+01 5.656854249492380582e+00 0.000000000000000000e+00
6.679999999999999716e+01 5.656854249492380582e+00 0.000000000000000000e+00
6.700000000000000000e+01 5.656854249492380582e+00 0.000000000000000000e+00
6.720000000000000284e+01 4.000000000000000000e+00 0.000000000000000000e+00
6.740000000000000568e+01 4.000000000000000000e+00 0.000000000000000000e+00
6.760000000000000853e+01 4.000000000000000000e+00 0.000000000000000000e+00
6.779999999999999716e+01 4.000000000000000000e+00 0.000000000000000000e+00
6.800000000000000000e+01 0.000000000000000000e+00 1.225000060000000000e+11
6.820000000000000284e+01 0.000000000000000000e+00 1.225000060000000000e+11
6.840000000000000568e+01 0.000000000000000000e+00 1.225000060000000000e+11
6.860000000000000853e+01 4.000000000000000000e+00 1.225000060000000000e+11
6.879999999999999716e+01 4.000000000000000000e+00 1.225000060000000000e+11
6.900000000000000000e+01 4.000000000000000000e+00 1.225000060000000000e+11
6.920000000000000284e+01 4.000000000000000000e+00 1.225000060000000000e+11
6.940000000000000568e+01 5.656854249492380582e+00 1.225000060000000000e+11
6.960000000000000853e+01 5.656854249492380582e+00 1.225000060000000000e+11
6.979999999999999716e+01 5.656854249492380582e+00 1.225000060000000000e+11
7.000000000000000000e+01 4.000000000000000000e+00 1.225000060000000000e+11
7.020000000000000284e+01 4.000000000000000000e+00 1.225000060000000000e+11
7.040000000000000568e+01 4.000000000000000000e+00 1.225000060000000000e+11
7.060000000000000853e+01 0.000000000000000000e+00 1.225000060000000000e+11
7.079999999999999716e+01 0.000000000000000000e+00 1.225000060000000000e+11
7.100000000000000000e+01 0.000000000000000000e+00 1.225000060000000000e+11
7.120000000000000284e+01 0.000000000000000000e+00 1.225000060000000000e+11
7.140000000000000568e+01 4.000000000000000000e+00 1.225000060000000000e+11
7.160000000000000853e+01 4.000000000000000000e+00 1.225000060000000000e+11
7.179999999999999716e+01 4.000000000000000000e+00 1.225000060000000000e+11
7.200000000000000000e+01 5.656854249492380582e+00 0.000000000000000000e+00
7.220000000000000284e+01 5.656854249492380582e+00 0.000000000000000000e+00
7.240000000000000568e+01 5.656854249492380582e+00 0.000000000000000000e+00
7.260000000000000853e+01 5.656854249492380582e+00 0.000000000000000000e+00
7.279999999999999716e+01 4.000000000000000000e+00 0.000000000000000000e+00
7.300000000000000000e+01 4.000000000000000000e+00 0.000000000000000000e+00
7.320000000000000284e+01 4.000000000000000000e+00 0.000000000000000000e+00
7.340000000000000568e+01 0.000000000000000000e+00 0.000000000000000000e+00
7.360000000000000853e+01 0.000000000000000000e+00 0.000000000000000000e+00
7.379999999999999716e+01 0.000000000000000000e+00 0.000000000000000000e+00
7.400000000000000000e+01 4.000000000000000000e+00 0.000000000000000000e+00
7.420000000000000284e+01 4.000000000000000000e+00 0.000000000000000000e+00
7.440000000000000568e+01 4.000000000000000000e+00 0.000000000000000000e+00
7.460000000000000853e+01 4.000000000000000000e+00 0.000000000000000000e+00
7.479999999999999716e+01 5.656854249492380582e+00 0.000000000000000000e+00
7.500000000000000000e+01 5.656854249492380582e+00 0.000000000000000000e+00
7.520000000000000284e+01 5.656854249492380582e+00 0.000000000000000000e+00
7.540000000000000568e+01 4.000000000000000000e+00 0.000000000000000000e+00
7.560000000000000853e+01 4.000000000000000000e+00 0.000000000000000000e+00
7.579999999999999716e+01 4.000000000000000000e+00 0.000000000000000000e+00
7.600000000000000000e+01 4.000000000000000000e+00 1.225000060000000000e+11
7.620000000000000284e+01 0.000000000000000000e+00 1.225000060000000000e+11
7.640000000000000568e+01 0.000000000000000000e+00 1.225000060000000000e+11
7.660000000000000853e+01 0.000000000000000000e+00 1.225000060000000000e+11
7.680000000000001137e+01 4.000000000000000000e+00 1.225000060000000000e+11
7.700000000000000000e+01 4.000000000000000000e+00 1.225000060000000000e+11
7.720000000000000284e+01 4.000000000000000000e+00 1.225000060000000000e+11
7.740000000000000568e+01 5.656854249492380582e+00 1.225000060000000000e+11
7.760000000000000853e+01 5.656854249492380582e+00 1.225000060000000000e+11
7.780000000000001137e+01 5.656854249492380582e+00 1.225000060000000000e+11
7.800000000000000000e+01 5.656854249492380582e+00 1.225000060000000000e+11
7.820000000000000284e+01 4.000000000000000000e+00 1.225000060000000000e+11
7.840000000000000568e+01 4.000000000000000000e+00 1.225000060000000000e+11
7.860000000000000853e+01 4.000000000000000000e+00 1.225000060000000000e+11
7.880000000000001137e+01 0.000000000000000000e+00 1.225000060000000000e+11
7.900000000000000000e+01 0.000000000000000000e+00 1.225000060000000000e+11
7.920000000000000284e+01 0.000000000000000000e+00 1.225000060000000000e+11
7.940000000000000568e+01 0.000000000000000000e+00 1.225000060000000000e+11
7.960000000000000853e+01 4.000000000000000000e+00 1.225000060000000000e+11
7.980000000000001137e+01 4.000000000000000000e+00 1.225000060000000000e+11
8.000000000000000000e+01 4.000000000000000000e+00 0.000000000000000000e+00
8.020000000000000284e+01 5.656854249492380582e+00 0.000000000000000000e+00
8.040000000000000568e+01 5.656854249492380582e+00 0.000000000000000000e+00
8.060000000000000853e+01 5.656854249492380582e+00 0.000000000000000000e+00
8.080000000000001137e+01 4.000000000000000000e+00 0.000000000000000000e+00
8.100000000000000000e+01 4.000000000000000000e+00 0.000000000000000000e+00
8.120000000000000284e+01 4.000000000000000000e+00 0.000000000000000000e+00
8.140000000000000568e+01 4.000000000000000000e+00 0.000000000000000000e+00
8.160000000000000853e+01 0.000000000000000000e+00 0.000000000000000000e+00
8.180000000000001137e+01 0.000000000000000000e+00 0.000000000000000000e+00
8.200000000000000000e+01 0.000000000000000000e+00 0.000000000000000000e+00
8.220000000000000284e+01 4.000000000000000000e+00 0.000000000000000000e+00
8.240000000000000568e+01 4.000000000000000000e+00 0.000000000000000000e+00
8.260000000000000853e+01 4.000000000000000000e+00 0.000000000000000000e+00
8.280000000000001137e+01 5.656854249492380582e+00 0.000000000000000000e+00
8.300000000000000000e+01 5.656854249492380582e+00 0.000000000000000000e+00
8.320000000000000284e+01 5.656854249492380582e+00 0.000000000000000000e+00
8.340000000000000568e+01 5.656854249492380582e+00 0.000000000000000000e+00
8.360000000000000853e+01 4.000000000000000000e+00 0.000000000000000000e+00
8.380000000000001137e+01 4.000000000000000000e+00 0.000000000000000000e+00
8.400000000000000000e+01 4.000000000000000000e+00 1.225000060000000000e+11
8.420000000000000284e+01 0.000000000000000000e+00 1.225000060000000000e+11
8.440000000000000568e+01 0.000000000000000000e+00 1.225000060000000000e+11
8.460000000000000853e+01 0.000000000000000000e+00 1.225000060000000000e+11
8.480000000000001137e+01 0.000000000000000000e+00 1.225000060000000000e+11
8.500000000000000000e+01 4.000000000000000000e+00 1.225000060000000000e+11
8.520000000000000284e+01 4.000000000000000000e+00 1.225000060000000000e+11
8.540000000000000568e+01 4.000000000000000000e+00 1.225000060000000000e+11
8.560000000000000853e+01 5.656854249492380582e+00 1.225000060000000000e+11
8.580000000000001137e+01 5.656854249492380582e+00 1.225000060000000000e+11
8.600000000000000000e+01 5.656854249492380582e+00 1.225000060000000000e+11
8.620000000000000284e+01 4.000000000000000000e+00 1.225000060000000000e+11
8.640000000000000568e+01 4.000000000000000000e+00 1.225000060000000000e+11
8.660000000000000853e+01 4.000000000000000000e+00 1.225000060000000000e+11
8.680000000000001137e+01 4.000000000000000000e+00 1.225000060000000000e+11
8.700000000000000000e+01 0.000000000000000000e+00 1.225000060000000000e+11
8.720000000000000284e+01 0.000000000000000000e+00 1.225000060000000000e+11
8.740000000000000568e+01 0.000000000000000000e+00 1.225000060000000000e+11
8.760000000000000853e+01 4.000000000000000000e+00 1.225000060000000000e+11
8.780000000000001137e+01 4.000000000000000000e+00 1.225000060000000000e+11
8.800000000000000000e+01 4.000000000000000000e+00 0.000000000000000000e+00
8.820000000000000284e+01 4.000000000000000000e+00 0.000000000000000000e+00
8.840000000000000568e+01 5.656854249492380582e+00 0.000000000000000000e+00
8.860000000000000853e+01 5.656854249492380582e+00 0.000000000000000000e+00
8.880000000000001137e+01 5.656854249492380582e+00 0.000000000000000000e+00
8.900000000000000000e+01 4.000000000000000000e+00 0.000000000000000000e+00
8.920000000000000284e+01 4.000000000000000000e+00 0.000000000000000000e+00
8.940000000000000568e+01 4.000000000000000000e+00 0.000000000000000000e+00
8.960000000000000853e+01 0.000000000000000000e+00 0.000000000000000000e+00
8.980000000000001137e+01 0.000000000000000000e+00 0.000000000000000000e+00
9.000000000000000000e+01 0.000000000000000000e+00 0.000000000000000000e+00
9.020000000000000284e+01 0.000000000000000000e+00 0.000000000000000000e+00
9.040000000000000568e+01 4.000000000000000000e+00 0.000000000000000000e+00
9.060000000000000853e+01 4.000000000000000000e+00 0.000000000000000000e+00
9.080000000000001137e+01 4.000000000000000000e+00 0.000000000000000000e+00
9.100000000000000000e+01 5.656854249492380582e+00 0.000000000000000000e+00
9.120000000000000284e+01 5.656854249492380582e+00 0.000000000000000000e+00
9.140000000000000568e+01 5.656854249492380582e+00 0.000000000000000000e+00
9.160000000000000853e+01 5.656854249492380582e+00 0.000000000000000000e+00
9.180000000000001137e+01 4.000000000000000000e+00 0.000000000000000000e+00
9.200000000000000000e+01 4.000000000000000000e+00 1.225000060000000000e+11
9.220000000000000284e+01 4.000000000000000000e+00 1.225000060000000000e+11
9.240000000000000568e+01 0.000000000000000000e+00 1.225000060000000000e+11
9.260000000000000853e+01 0.000000000000000000e+00 1.225000060000000000e+11
9.280000000000001137e+01 0.000000000000000000e+00 1.225000060000000000e+11
9.300000000000000000e+01 4.000000000000000000e+00 1.225000060000000000e+11
9.320000000000000284e+01 4.000000000000000000e+00 1.225000060000000000e+11
9.340000000000000568e+01 4.000000000000000000e+00 1.225000060000000000e+11
9.360000000000000853e+01 4.000000000000000000e+00 1.225000060000000000e+11
9.380000000000001137e+01 5.656854249492380582e+00 1.225000060000000000e+11
9.400000000000000000e+01 5.656854249492380582e+00 1.225000060000000000e+11
9.420000000000000284e+01 5.656854249492380582e+00 1.225000060000000000e+11
9.440000000000000568e+01 4.000000000000000000e+00 1.225000060000000000e+11
9.460000000000000853e+01 4.000000000000000000e+00 1.225000060000000000e+11
9.480000000000001137e+01 4.000000000000000000e+00 1.225000060000000000e+11
9.500000000000000000e+01 4.000000000000000000e+00 1.225000060000000000e+11
9.520000000000000284e+01 0.000000000000000000e+00 1.225000060000000000e+11
9.540000000000000568e+01 0.000000000000000000e+00 1.225000060000000000e+11
9.560000000000000853e+01 0.000000000000000000e+00 1.225000060000000000e+11
9.580000000000001137e+01 4.000000000000000000e+00 1.225000060000000000e+11
9.600000000000000000e+01 4.000000000000000000e+00 0.000000000000000000e+00
9.620000000000000284e+01 4.000000000000000000e+00 0.000000000000000000e+00
9.640000000000000568e+01 5.656854249492380582e+00 0.000000000000000000e+00
9.660000000000000853e+01 5.656854249492380582e+00 0.000000000000000000e+00
9.680000000000001137e+01 5.656854249492380582e+00 0.000000000000000000e+00
9.700000000000000000e+01 5.656854249492380582e+00 0.000000000000000000e+00
9.720000000000000284e+01 4.000000000000000000e+00 0.000000000000000000e+00
9.740000000000000568e+01 4.000000000000000000e+00 0.000000000000000000e+00
9.760000000000000853e+01 4.000000000000000000e+00 0.000000000000000000e+00
9.780000000000001137e+01 0.000000000000000000e+00 0.000000000000000000e+00
9.800000000000000000e+01 0.000000000000000000e+00 0.000000000000000000e+00
9.820000000000000284e+01 0.000000000000000000e+00 0.000000000000000000e+00
9.840000000000000568e+01 4.000000000000000000e+00 0.000000000000000000e+00
9.860000000000000853e+01 4.000000000000000000e+00 0.000000000000000000e+00
9.880000000000001137e+01 4.000000000000000000e+00 0.000000000000000000e+00
9.900000000000000000e+01 4.000000000000000000e+00 0.000000000000000000e+00
9.920000000000000284e+01 5.656854249492380582e+00 0.000000000000000000e+00
9.940000000000000568e+01 5.656854249492380582e+00 0.000000000000000000e+00
9.960000000000000853e+01 5.656854249492380582e+00 0.000000000000000000e+00
9.980000000000001137e+01 4.000000000000000000e+00 0.000000000000000000e+00
1.000000000000000000e+02 4.000000000000000000e+00 1.225000060000000000e+11
1.002000000000000028e+02 4.000000000000000000e+00 1.225000060000000000e+11
1.004000000000000057e+02 4.000000000000000000e+00 1.225000060000000000e+11
1.006000000000000085e+02 0.000000000000000000e+00 1.225000060000000000e+11
1.008000000000000114e+02 0.000000000000000000e+00 1.225000060000000000e+11
1.010000000000000000e+02 0.000000000000000000e+00 1.225000060000000000e+11
1.012000000000000028e+02 4.000000000000000000e+00 1.225000060000000000e+11
1.014000000000000057e+02 4.000000000000000000e+00 1.225000060000000000e+11
1.016000000000000085e+02 4.000000000000000000e+00 1.225000060000000000e+11
1.018000000000000114e+02 5.656854249492380582e+00 1.225000060000000000e+11
1.020000000000000000e+02 5.656854249492380582e+00 1.225000060000000000e+11
1.022000000000000028e+02 5.656854249492380582e+00 1.225000060000000000e+11
1.024000000000000057e+02 5.656854249492380582e+00 1.225000060000000000e+11
1.026000000000000085e+02 4.000000000000000000e+00 1.225000060000000000e+11
1.028000000000000114e+02 4.000000000000000000e+00 1.225000060000000000e+11
1.030000000000000000e+02 4.000000000000000000e+00 1.225000060000000000e+11
1.032000000000000028e+02 0.000000000000000000e+00 1.225000060000000000e+11
1.034000000000000057e+02 0.000000000000000000e+00 1.225000060000000000e+11
1.036000000000000085e+02 0.000000000000000000e+00 1.225000060000000000e+11
1.038000000000000114e+02 0.000000000000000000e+00 1.225000060000000000e+11
1.040000000000000000e+02 4.000000000000000000e+00 0.000000000000000000e+00
1.042000000000000028e+02 4.000000000000000000e+00 0.000000000000000000e+00
1.044000000000000057e+02 4.000000000000000000e+00 0.000000000000000000e+00
1.046000000000000085e+02 5.656854249492380582e+00 0.000000000000000000e+00
1.048000000000000114e+02 5.656854249492380582e+00 0.000000000000000000e+00
1.050000000000000000e+02 5.656854249492380582e+00 0.000000000000000000e+00
1.052000000000000028e+02 4.000000000000000000e+00 0.000000000000000000e+00
1.054000000000000057e+02 4.000000000000000000e+00 0.000000000000000000e+00
1.056000000000000085e+02 4.000000000000000000e+00 0.000000000000000000e+00
1.058000000000000114e+02 4.000000000000000000e+00 0.000000000000000000e+00
1.060000000000000000e+02 0.000000000000000000e+00 0.000000000000000000e+00
1.062000000000000028e+02 0.000000000000000000e+00 0.000000000000000000e+00
1.064000000000000057e+02 0.000000000000000000e+00 0.000000000000000000e+00
1.066000000000000085e+02 4.000000000000000000e+00 0.000000000000000000e+00
1.068000000000000114e+02 4.000000000000000000e+00 0.000000000000000000e+00
1.070000000000000000e+02 4.000000000000000000e+00 0.000000000000000000e+00
1.072000000000000028e+02 4.000000000000000000e+00 0.000000000000000000e+00
1.074000000000000057e+02 5.656854249492380582e+00 0.000000000000000000e+00
1.076000000000000085e+02 5.656854249492380582e+00 0.000000000000000000e+00
1.078000000000000114e+02 5.656854249492380582e+00 0.000000000000000000e+00
1.080000000000000000e+02 4.000000000000000000e+00 1.225000060000000000e+11
1.082000000000000028e+02 4.000000000000000000e+00 1.225000060000000000e+11
1.084000000000000057e+02 4.000000000000000000e+00 1.225000060000000000e+11
1.086000000000000085e+02 0.000000000000000000e+00 1.225000060000000000e+11
1.088000000000000114e+02 0.000000000000000000e+00 1.225000060000000000e+11
1.090000000000000000e+02 0.000000000000000000e+00 1.225000060000000000e+11
1.092000000000000028e+02 0.000000000000000000e+00 1.225000060000000000e+11
1.094000000000000057e+02 4.000000000000000000e+00 1.225000060000000000e+11
1.096000000000000085e+02 4.000000000000000000e+00 1.225000060000000000e+11
1.098000000000000114e+02 4.000000000000000000e+00 1.225000060000000000e+11
1.100000000000000000e+02 5.656854249492380582e+00 1.225000060000000000e+11
1.102000000000000028e+02 5.656854249492380582e+00 1.225000060000000000e+11
1.104000000000000057e+02 5.656854249492380582e+00 1.225000060000000000e+11
1.106000000000000085e+02 5.656854249492380582e+00 1.225000060000000000e+11
1.108000000000000114e+02 4.000000000000000000e+00 1.225000060000000000e+11
1.110000000000000000e+02 4.000000000000000000e+00 1.225000060000000000e+11
1.112000000000000028e+02 4.000000000000000000e+00 1.225000060000000000e+11
1.114000000000000057e+02 0.000000000000000000e+00 1.225000060000000000e+11
1.116000000000000085e+02 0.000000000000000000e+00 1.225000060000000000e+11
1.118000000000000114e+02 0.000000000000000000e+00 1.225000060000000000e+11
1.120000000000000000e+02 4.000000000000000000e+00 0.000000000000000000e+00
1.122000000000000028e+02 4.000000000000000000e+00 0.000000000000000000e+00
1.124000000000000057e+02 4.000000000000000000e+00 0.000000000000000000e+00
1.126000000000000085e+02 4.000000000000000000e+00 0.000000000000000000e+00
1.128000000000000114e+02 5.656854249492380582e+00 0.000000000000000000e+00
1.130000000000000000e+02 5.656854249492380582e+00 0.000000000000000000e+00
1.132000000000000028e+02 5.656854249492380582e+00 0.000000000000000000e+00
1.134000000000000057e+02 4.000000000000000000e+00 0.000000000000000000e+00
1.136000000000000085e+02 4.000000000000000000e+00 0.000000000000000000e+00
1.138000000000000114e+02 4.000000000000000000e+00 0.000000000000000000e+00
1.140000000000000000e+02 4.000000000000000000e+00 0.000000000000000000e+00
1.142000000000000028e+02 0.000000000000000000e+00 0.000000000000000000e+00
1.144000000000000057e+02 0.000000000000000000e+00 0.000000000000000000e+00
1.146000000000000085e+02 0.000000000000000000e+00 0.000000000000000000e+00
1.148000000000000114e+02 4.000000000000000000e+00 0.000000000000000000e+00
1.150000000000000000e+02 4.000000000000000000e+00 0.000000000000000000e+00
1.152000000000000028e+02 4.000000000000000000e+00 0.000000000000000000e+00
1.154000000000000057e+02 5.656854249492380582e+00 0.000000000000000000e+00
1.156000000000000085e+02 5.656854249492380582e+00 0.000000000000000000e+00
1.158000000000000114e+02 5.656854249492380582e+00 0.000000000000000000e+00
1.160000000000000000e+02 5.656854249492380582e+00 1.225000060000000000e+11
1.162000000000000028e+02 4.000000000000000000e+00 1.225000060000000000e+11
1.164000000000000057e+02 4.000000000000000000e+00 1.225000060000000000e+11
1.166000000000000085e+02 4.000000000000000000e+00 1.225000060000000000e+11
1.168000000000000114e+02 0.000000000000000000e+00 1.225000060000000000e+11
1.170000000000000000e+02 0.000000000000000000e+00 1.225000060000000000e+11
1.172000000000000028e+02 0.000000000000000000e+00 1.225000060000000000e+11
1.174000000000000057e+02 0.000000000000000000e+00 1.225000060000000000e+11
1.176000000000000085e+02 4.000000000000000000e+00 1.225000060000000000e+11
1.178000000000000114e+02 4.000000000000000000e+00 1.225000060000000000e+11
1.180000000000000000e+02 4.000000000000000000e+00 1.225000060000000000e+11
1.182000000000000028e+02 5.656854249492380582e+00 1.225000060000000000e+11
1.184000000000000057e+02 5.656854249492380582e+00 1.225000060000000000e+11
1.186000000000000085e+02 5.656854249492380582e+00 1.225000060000000000e+11
1.188000000000000114e+02 5.656854249492380582e+00 1.225000060000000000e+11
1.190000000000000000e+02 4.000000000000000000e+00 1.225000060000000000e+11
1.192000000000000028e+02 4.000000000000000000e+00 1.225000060000000000e+11
1.194000000000000057e+02 4.000000000000000000e+00 1.225000060000000000e+11
1.196000000000000085e+02 0.000000000000000000e+00 1.225000060000000000e+11
1.198000000000000114e+02 0.000000000000000000e+00 1.225000060000000000e+11
1.200000000000000000e+02 0.000000000000000000e+00 0.000000000000000000e+00
1.202000000000000028e+02 0.000000000000000000e+00 0.000000000000000000e+00
1.204000000000000057e+02 4.000000000000000000e+00 0.000000000000000000e+00
1.206000000000000085e+02 4.000000000000000000e+00 0.000000000000000000e+00
1.208000000000000114e+02 4.000000000000000000e+00 0.000000000000000000e+00
1.210000000000000000e+02 5.656854249492380582e+00 0.000000000000000000e+00
1.212000000000000028e+02 5.656854249492380582e+00 0.000000000000000000e+00
1.214000000000000057e+02 5.656854249492380582e+00 0.000000000000000000e+00
1.216000000000000085e+02 5.656854249492380582e+00 0.000000000000000000e+00
1.218000000000000114e+02 4.000000000000000000e+00 0.000000000000000000e+00
1.220000000000000000e+02 4.000000000000000000e+00 0.000000000000000000e+00
1.222000000000000028e+02 4.000000000000000000e+00 0.000000000000000000e+00
1.224000000000000057e+02 0.000000000000000000e+00 0.000000000000000000e+00
1.226000000000000085e+02 0.000000000000000000e+00 0.000000000000000000e+00
1.228000000000000114e+02 0.000000000000000000e+00 0.000000000000000000e+00
1.230000000000000000e+02 0.000000000000000000e+00 0.000000000000000000e+00
1.232000000000000028e+02 4.000000000000000000e+00 0.000000000000000000e+00
1.234000000000000057e+02 4.000000000000000000e+00 0.000000000000000000e+00
1.236000000000000085e+02 4.000000000000000000e+00 0.000000000000000000e+00
1.238000000000000114e+02 5.656854249492380582e+00 0.000000000000000000e+00
1.240000000000000000e+02 5.656854249492380582e+00 1.225000060000000000e+11
1.242000000000000028e+02 5.656854249492380582e+00 1.225000060000000000e+11
1.244000000000000057e+02 5.656854249492380582e+00 1.225000060000000000e+11
1.246000000000000085e+02 4.000000000000000000e+00 1.225000060000000000e+11
1.248000000000000114e+02 4.000000000000000000e+00 1.225000060000000000e+11
1.250000000000000000e+02 4.000000000000000000e+00 1.225000060000000000e+11
1.252000000000000028e+02 0.000000000000000000e+00 1.225000060000000000e+11
1.254000000000000057e+02 0.000000000000000000e+00 1.225000060000000000e+11
1.256000000000000085e+02 0.000000000000000000e+00 1.225000060000000000e+11
1.258000000000000114e+02 0.000000000000000000e+00 1.225000060000000000e+11
1.260000000000000000e+02 4.000000000000000000e+00 1.225000060000000000e+11
1.262000000000000028e+02 4.000000000000000000e+00 1.225000060000000000e+11
1.264000000000000057e+02 4.000000000000000000e+00 1.225000060000000000e+11
1.266000000000000085e+02 5.656854249492380582e+00 1.225000060000000000e+11
1.268000000000000114e+02 5.656854249492380582e+00 1.225000060000000000e+11
1.270000000000000000e+02 5.656854249492380582e+00 1.225000060000000000e+11
1.272000000000000028e+02 5.656854249492380582e+00 1.225000060000000000e+11
1.274000000000000057e+02 4.000000000000000000e+00 1.225000060000000000e+11
1.276000000000000085e+02 4.000000000000000000e+00 1.225000060000000000e+11
1.278000000000000114e+02 4.000000000000000000e+00 1.225000060000000000e+11
1.280000000000000000e+02 4.000000000000000000e+00 0.000000000000000000e+00
1.282000000000000171e+02 0.000000000000000000e+00 0.000000000000000000e+00
1.284000000000000057e+02 0.000000000000000000e+00 0.000000000000000000e+00
1.285999999999999943e+02 0.000000000000000000e+00 0.000000000000000000e+00
1.288000000000000114e+02 0.000000000000000000e+00 0.000000000000000000e+00
1.290000000000000000e+02 4.000000000000000000e+00 0.000000000000000000e+00
1.292000000000000171e+02 4.000000000000000000e+00 0.000000000000000000e+00
1.294000000000000057e+02 4.000000000000000000e+00 0.000000000000000000e+00
1.295999999999999943e+02 4.000000000000000000e+00 0.000000000000000000e+00
1.298000000000000114e+02 5.656854249492380582e+00 0.000000000000000000e+00
1.300000000000000000e+02 5.656854249492380582e+00 0.000000000000000000e+00
1.302000000000000171e+02 5.656854249492380582e+00 0.000000000000000000e+00
1.304000000000000057e+02 4.000000000000000000e+00 0.000000000000000000e+00
1.305999999999999943e+02 4.000000000000000000e+00 0.000000000000000000e+00
1.308000000000000114e+02 4.000000000000000000e+00 0.000000000000000000e+00
1.310000000000000000e+02 4.000000000000000000e+00 0.000000000000000000e+00
1.312000000000000171e+02 0.000000000000000000e+00 0.000000000000000000e+00
1.314000000000000057e+02 0.000000000000000000e+00 0.000000000000000000e+00
1.315999999999999943e+02 0.000000000000000000e+00 0.000000000000000000e+00
1.318000000000000114e+02 0.000000000000000000e+00 0.000000000000000000e+00
1.320000000000000000e+02 4.000000000000000000e+00 1.225000060000000000e+11
1.322000000000000171e+02 4.000000000000000000e+00 1.225000060000000000e+11
1.324000000000000057e+02 4.000000000000000000e+00 1.225000060000000000e+11
1.325999999999999943e+02 4.000000000000000000e+00 1.225000060000000000e+11
1.328000000000000114e+02 5.656854249492380582e+00 1.225000060000000000e+11
1.330000000000000000e+02 5.656854249492380582e+00 1.225000060000000000e+11
1.332000000000000171e+02 5.656854249492380582e+00 1.225000060000000000e+11
1.334000000000000057e+02 5.656854249492380582e+00 1.225000060000000000e+11
1.335999999999999943e+02 4.000000000000000000e+00 1.225000060000000000e+11
1.338000000000000114e+02 4.000000000000000000e+00 1.225000060000000000e+11
1.340000000000000000e+02 4.000000000000000000e+00 1.225000060000000000e+11
1.342000000000000171e+02 4.000000000000000000e+00 1.225000060000000000e+11
1.344000000000000057e+02 0.000000000000000000e+00 1.225000060000000000e+11
1.345999999999999943e+02 0.000000000000000000e+00 1.225000060000000000e+11
1.348000000000000114e+02 4.000000000000000000e+00 1.225000060000000000e+11
1.350000000000000000e+02 5.656854249492380582e+00 1.225000060000000000e+11
1.352000000000000171e+02 5.656854249492380582e+00 1.225000060000000000e+11
1.354000000000000057e+02 8.000000000000000000e+00 1.225000060000000000e+11
1.355999999999999943e+02 8.000000000000000000e+00 1.225000060000000000e+11
1.358000000000000114e+02 8.944271909999159220e+00 1.225000060000000000e+11
1.360000000000000000e+02 8.944271909999159220e+00 0.000000000000000000e+00
1.362000000000000171e+02 8.944271909999159220e+00 0.000000000000000000e+00
1.364000000000000057e+02 8.944271909999159220e+00 0.000000000000000000e+00
1.365999999999999943e+02 8.000000000000000000e+00 0.000000000000000000e+00
1.368000000000000114e+02 8.000000000000000000e+00 0.000000000000000000e+00
1.370000000000000000e+02 5.656854249492380582e+00 0.000000000000000000e+00
1.372000000000000171e+02 5.656854249492380582e+00 0.000000000000000000e+00
1.374000000000000057e+02 4.000000000000000000e+00 0.000000000000000000e+00
1.375999999999999943e+02 4.000000000000000000e+00 0.000000000000000000e+00
1.378000000000000114e+02 4.000000000000000000e+00 0.000000000000000000e+00
1.380000000000000000e+02 4.000000000000000000e+00 0.000000000000000000e+00
1.382000000000000171e+02 5.656854249492380582e+00 0.000000000000000000e+00
1.384000000000000057e+02 8.000000000000000000e+00 0.000000000000000000e+00
1.385999999999999943e+02 8.000000000000000000e+00 0.000000000000000000e+00
1.388000000000000114e+02 8.944271909999159220e+00 0.000000000000000000e+00
1.390000000000000000e+02 8.944271909999159220e+00 0.000000000000000000e+00
1.392000000000000171e+02 8.944271909999159220e+00 0.000000000000000000e+00
1.394000000000000057e+02 8.944271909999159220e+00 0.000000000000000000e+00
1.395999999999999943e+02 8.000000000000000000e+00 0.000000000000000000e+00
1.398000000000000114e+02 8.000000000000000000e+00 0.000000000000000000e+00
1.400000000000000000e+02 5.656854249492380582e+00 1.225000060000000000e+11
1.402000000000000171e+02 5.656854249492380582e+00 1.225000060000000000e+11
1.404000000000000057e+02 4.000000000000000000e+00 1.225000060000000000e+11
1.405999999999999943e+02 4.000000000000000000e+00 1.225000060000000000e+11
1.408000000000000114e+02 4.000000000000000000e+00 1.225000060000000000e+11
1.410000000000000000e+02 4.000000000000000000e+00 1.225000060000000000e+11
1.412000000000000171e+02 5.656854249492380582e+00 1.225000060000000000e+11
1.414000000000000057e+02 8.944271909999159220e+00 1.225000060000000000e+11
1.415999999999999943e+02 8.000000000000000000e+00 1.225000060000000000e+11
1.418000000000000114e+02 1.200000000000000000e+01 1.225000060000000000e+11
1.420000000000000000e+02 1.264911064067351809e+01 1.225000060000000000e+11
1.422000000000000171e+02 1.131370849898476116e+01 1.225000060000000000e+11
1.424000000000000057e+02 1.264911064067351809e+01 1.225000060000000000e+11
1.425999999999999943e+02 1.200000000000000000e+01 1.225000060000000000e+11
1.428000000000000114e+02 1.264911064067351809e+01 1.225000060000000000e+11
1.430000000000000000e+02 1.131370849898476116e+01 1.225000060000000000e+11
1.432000000000000171e+02 8.944271909999159220e+00 1.225000060000000000e+11
1.434000000000000057e+02 1.200000000000000000e+01 1.225000060000000000e+11
1.435999999999999943e+02 8.944271909999159220e+00 1.225000060000000000e+11
1.438000000000000114e+02 1.131370849898476116e+01 1.225000060000000000e+11
1.440000000000000000e+02 1.200000000000000000e+01 0.000000000000000000e+00
1.442000000000000171e+02 1.264911064067351809e+01 0.000000000000000000e+00
1.444000000000000057e+02 1.442220510185595650e+01 0.000000000000000000e+00
1.445999999999999943e+02 1.649242250247064234e+01 0.000000000000000000e+00
1.448000000000000114e+02 1.600000000000000000e+01 0.000000000000000000e+00
1.450000000000000000e+02 1.649242250247064234e+01 0.000000000000000000e+00
1.452000000000000171e+02 1.697056274847713908e+01 0.000000000000000000e+00
1.454000000000000057e+02 1.788854381999831844e+01 0.000000000000000000e+00
1.455999999999999943e+02 1.649242250247064234e+01 0.000000000000000000e+00
1.458000000000000114e+02 1.649242250247064234e+01 0.000000000000000000e+00
1.460000000000000000e+02 1.442220510185595650e+01 0.000000000000000000e+00
1.462000000000000171e+02 1.442220510185595650e+01 0.000000000000000000e+00
1.464000000000000057e+02 1.200000000000000000e+01 0.000000000000000000e+00
1.465999999999999943e+02 8.944271909999159220e+00 0.000000000000000000e+00
1.468000000000000114e+02 1.131370849898476116e+01 0.000000000000000000e+00
1.470000000000000000e+02 1.200000000000000000e+01 0.000000000000000000e+00
1.472000000000000171e+02 1.264911064067351809e+01 0.000000000000000000e+00
1.474000000000000057e+02 1.131370849898476116e+01 0.000000000000000000e+00
1.475999999999999943e+02 1.264911064067351809e+01 0.000000000000000000e+00
1.478000000000000114e+02 1.600000000000000000e+01 0.000000000000000000e+00
1.480000000000000000e+02 1.649242250247064234e+01 1.225000060000000000e+11
1.482000000000000171e+02 1.442220510185595650e+01 1.225000060000000000e+11
1.484000000000000057e+02 1.442220510185595650e+01 1.225000060000000000e+11
1.485999999999999943e+02 1.649242250247064234e+01 1.225000060000000000e+11
1.488000000000000114e+02 1.600000000000000000e+01 1.225000060000000000e+11
1.490000000000000000e+02 1.788854381999831844e+01 1.225000060000000000e+11
1.492000000000000171e+02 1.442220510185595650e+01 1.225000060000000000e+11
1.494000000000000057e+02 1.649242250247064234e+01 1.225000060000000000e+11
1.495999999999999943e+02 1.649242250247064234e+01 1.225000060000000000e+11
1.498000000000000114e+02 1.697056274847713908e+01 1.225000060000000000e+11
1.500000000000000000e+02 1.788854381999831844e+01 1.225000060000000000e+11
1.502000000000000171e+02 2.000000000000000000e+01 1.225000060000000000e+11
1.504000000000000057e+02 2.332380757938120297e+01 1.225000060000000000e+11
1.505999999999999943e+02 2.561249694973139412e+01 1.225000060000000000e+11
1.508000000000000114e+02 2.529822128134703618e+01 1.225000060000000000e+11
1.510000000000000000e+02 2.828427124746190202e+01 1.225000060000000000e+11
1.512000000000000171e+02 3.224903099319419653e+01 1.225000060000000000e+11
1.514000000000000057e+02 3.124099870362661591e+01 1.225000060000000000e+11
1.515999999999999943e+02 3.417601498127012150e+01 1.225000060000000000e+11
1.518000000000000114e+02 3.622154055254966920e+01 1.225000060000000000e+11
1.520000000000000000e+02 3.577708763999663688e+01 0.000000000000000000e+00
1.522000000000000171e+02 3.124099870362661591e+01 0.000000000000000000e+00
1.524000000000000057e+02 3.298484500494128469e+01 0.000000000000000000e+00
1.525999999999999943e+02 3.224903099319419653e+01 0.000000000000000000e+00
1.528000000000000114e+02 2.884441020371191300e+01 0.000000000000000000e+00
1.530000000000000000e+02 3.224903099319419653e+01 0.000000000000000000e+00
1.532000000000000171e+02 3.200000000000000000e+01 0.000000000000000000e+00
1.534000000000000057e+02 3.046309242345563462e+01 0.000000000000000000e+00
1.536000000000000227e+02 3.124099870362661591e+01 0.000000000000000000e+00
1.538000000000000114e+02 3.417601498127012150e+01 0.000000000000000000e+00
1.540000000000000000e+02 3.200000000000000000e+01 0.000000000000000000e+00
1.542000000000000171e+02 3.577708763999663688e+01 0.000000000000000000e+00
1.544000000000000057e+02 3.394112549695427816e+01 0.000000000000000000e+00
1.546000000000000227e+02 3.417601498127012150e+01 0.000000000000000000e+00
1.548000000000000114e+02 3.200000000000000000e+01 0.000000000000000000e+00
1.550000000000000000e+02 3.046309242345563462e+01 0.000000000000000000e+00
1.552000000000000171e+02 2.828427124746190202e+01 0.000000000000000000e+00
1.554000000000000057e+02 2.912043955712207222e+01 0.000000000000000000e+00
1.556000000000000227e+02 2.828427124746190202e+01 0.000000000000000000e+00
1.558000000000000114e+02 2.683281572999747766e+01 0.000000000000000000e+00
1.560000000000000000e+02 2.884441020371191300e+01 1.225000060000000000e+11
1.562000000000000171e+02 2.828427124746190202e+01 1.225000060000000000e+11
1.564000000000000057e+02 2.912043955712207222e+01 1.225000060000000000e+11
1.566000000000000227e+02 3.394112549695427816e+01 1.225000060000000000e+11
1.568000000000000114e+02 3.577708763999663688e+01 1.225000060000000000e+11
1.570000000000000000e+02 4.000000000000000000e+01 1.225000060000000000e+11
1.572000000000000171e+02 4.308131845707602992e+01 1.225000060000000000e+11
1.574000000000000057e+02 4.252058325093859992e+01 1.225000060000000000e+11
1.576000000000000227e+02 4.833218389437828932e+01 1.225000060000000000e+11
1.578000000000000114e+02 4.816637831516918311e+01 1.225000060000000000e+11
1.580000000000000000e+02 5.059644256269407236e+01 1.225000060000000000e+11
1.582000000000000171e+02 5.091168824543142080e+01 1.225000060000000000e+11
1.584000000000000057e+02 5.200000000000000000e+01 1.225000060000000000e+11
1.586000000000000227e+02 5.614267539047279598e+01 1.225000060000000000e+11
1.588000000000000114e+02 5.905929224093360119e+01 1.225000060000000000e+11
1.590000000000000000e+02 6.000000000000000000e+01 1.225000060000000000e+11
1.592000000000000171e+02 6.118823416311342100e+01 1.225000060000000000e+11
1.594000000000000057e+02 6.596969000988256937e+01 1.225000060000000000e+11
1.596000000000000227e+02 7.121797525905942905e+01 1.225000060000000000e+11
1.598000000000000114e+02 7.889233169326408301e+01 1.225000060000000000e+11
1.600000000000000000e+02 8.039900496896711957e+01 0.000000000000000000e+00
1.602000000000000171e+02 7.969943538068510236e+01 0.000000000000000000e+00
1.604000000000000057e+02 7.939773296511683043e+01 0.000000000000000000e+00
1.606000000000000227e+02 8.049844718999243298e+01 0.000000000000000000e+00
1.608000000000000114e+02 8.009993757800314995e+01 0.000000000000000000e+00
1.610000000000000000e+02 7.725283166331186635e+01 0.000000000000000000e+00
1.612000000000000171e+02 7.641989269817119634e+01 0.000000000000000000e+00
1.614000000000000057e+02 7.589466384404110499e+01 0.000000000000000000e+00
1.616000000000000227e+02 7.244308110509933840e+01 0.000000000000000000e+00
1.618000000000000114e+02 6.997142273814360180e+01 0.000000000000000000e+00
1.620000000000000000e+02 7.211102550927978427e+01 0.000000000000000000e+00
1.622000000000000171e+02 6.905070600652827295e+01 0.000000000000000000e+00
1.624000000000000057e+02 7.088018058667739751e+01 0.000000000000000000e+00
1.626000000000000227e+02 7.375635565834309659e+01 0.000000000000000000e+00
1.628000000000000114e+02 7.155417527999327376e+01 0.000000000000000000e+00
1.630000000000000000e+02 7.211102550927978427e+01 0.000000000000000000e+00
1.632000000000000171e+02 7.353910524340093957e+01 0.000000000000000000e+00
1.634000000000000057e+02 7.353910524340093957e+01 0.000000000000000000e+00
1.636000000000000227e+02 7.353910524340093957e+01 0.000000000000000000e+00
1.638000000000000114e+02 7.200000000000000000e+01 0.000000000000000000e+00
1.640000000000000000e+02 6.985699678629191567e+01 1.225000060000000000e+11
1.642000000000000171e+02 7.076722405181652675e+01 1.225000060000000000e+11
1.644000000000000057e+02 7.472616676907762212e+01 1.225000060000000000e+11
1.646000000000000227e+02 7.694153624668537361e+01 1.225000060000000000e+11
1.648000000000000114e+02 8.099382692526634742e+01 1.225000060000000000e+11
1.650000000000000000e+02 8.438009243891595190e+01 1.225000060000000000e+11
1.652000000000000171e+02 8.881441324469807341e+01 1.225000060000000000e+11
1.654000000000000057e+02 9.234717104492156636e+01 1.225000060000000000e+11
1.656000000000000227e+02 9.903534722511957966e+01 1.225000060000000000e+11
1.658000000000000114e+02 1.077032961426900783e+02 1.225000060000000000e+11
1.660000000000000000e+02 1.120714058089752001e+02 1.225000060000000000e+11
1.662000000000000171e+02 1.198665925101735752e+02 1.225000060000000000e+11
1.664000000000000057e+02 1.249639948145064636e+02 1.225000060000000000e+11
1.666000000000000227e+02 1.280624847486569706e+02 1.225000060000000000e+11
1.668000000000000114e+02 1.341640786499873741e+02 1.225000060000000000e+11
1.670000000000000000e+02 1.400000000000000000e+02 1.225000060000000000e+11
1.672000000000000171e+02 1.449413674559474998e+02 1.225000060000000000e+11
1.674000000000000057e+02 1.480540441865739751e+02 1.225000060000000000e+11
1.676000000000000227e+02 1.556406116667497486e+02 1.225000060000000000e+11
1.678000000000000114e+02 1.568183662713012723e+02 1.225000060000000000e+11
1.680000000000000000e+02 1.103449137930697788e+02 0.000000000000000000e+00
1.682000000000000171e+02 1.100545319375808333e+02 0.000000000000000000e+00
1.684000000000000057e+02 1.086646216576489934e+02 0.000000000000000000e+00
1.686000000000000227e+02 1.111395519155984317e+02 0.000000000000000000e+00
1.688000000000000114e+02 1.120714058089752001e+02 0.000000000000000000e+00
1.690000000000000000e+02 1.091787525116494493e+02 0.000000000000000000e+00
1.692000000000000171e+02 1.115706054478508236e+02 0.000000000000000000e+00
1.694000000000000057e+02 1.080740486888503682e+02 0.000000000000000000e+00
1.696000000000000227e+02 1.073312629199899106e+02 0.000000000000000000e+00
1.698000000000000114e+02 1.080740486888503682e+02 0.000000000000000000e+00
1.700000000000000000e+02 1.040000000000000000e+02 0.000000000000000000e+00
1.702000000000000171e+02 1.019803902718556969e+02 0.000000000000000000e+00
1.704000000000000057e+02 1.011928851253881447e+02 0.000000000000000000e+00
1.706000000000000227e+02 1.007174264961133758e+02 0.000000000000000000e+00
1.708000000000000114e+02 9.541488353501250685e+01 0.000000000000000000e+00
1.710000000000000000e+02 9.879271228182774678e+01 0.000000000000000000e+00
1.712000000000000171e+02 9.674709297958258958e+01 0.000000000000000000e+00
1.714000000000000057e+02 9.740636529508736885e+01 0.000000000000000000e+00
1.716000000000000227e+02 9.616652224137045835e+01 0.000000000000000000e+00
1.718000000000000114e+02 9.879271228182774678e+01 0.000000000000000000e+00
1.720000000000000000e+02 9.608329719571450767e+01 1.225000060000000000e+11
1.722000000000000171e+02 1.037689741685827727e+02 1.225000060000000000e+11
1.724000000000000057e+02 1.080740486888503682e+02 1.225000060000000000e+11
1.726000000000000227e+02 1.115706054478508236e+02 1.225000060000000000e+11
1.728000000000000114e+02 1.177115117564972877e+02 1.225000060000000000e+11
1.730000000000000000e+02 1.209297316626477965e+02 1.225000060000000000e+11
1.732000000000000171e+02 1.255388386118017223e+02 1.225000060000000000e+11
1.734000000000000057e+02 1.322422020385323265e+02 1.225000060000000000e+11
1.736000000000000227e+02 1.344618905117728787e+02 1.225000060000000000e+11
1.738000000000000114e+02 1.418731828077455930e+02 1.225000060000000000e+11
1.740000000000000000e+02 1.484318025222357846e+02 1.225000060000000000e+11
1.742000000000000171e+02 1.553319027115807955e+02 1.225000060000000000e+11
1.744000000000000057e+02 1.464786673888044390e+02 1.225000060000000000e+11
1.746000000000000227e+02 1.077032961426900783e+02 1.225000060000000000e+11
1.748000000000000114e+02 1.153776408148476520e+02 1.225000060000000000e+11
1.750000000000000000e+02 1.216552506059643974e+02 1.225000060000000000e+11
1.752000000000000171e+02 1.280624847486569706e+02 1.225000060000000000e+11
1.754000000000000057e+02 1.362350909274112212e+02 1.225000060000000000e+11
1.756000000000000227e+02 1.413647763765783338e+02 1.225000060000000000e+11
1.758000000000000114e+02 1.480000000000000000e+02 1.225000060000000000e+11
1.760000000000000000e+02 1.520526224699856925e+02 0.000000000000000000e+00
1.762000000000000171e+02 1.480540441865739751e+02 0.000000000000000000e+00
1.764000000000000057e+02 1.466969665671379914e+02 0.000000000000000000e+00
1.766000000000000227e+02 1.417603611733547950e+02 0.000000000000000000e+00
1.768000000000000114e+02 1.415344481036330535e+02 0.000000000000000000e+00
1.770000000000000000e+02 1.418731828077455930e+02 0.000000000000000000e+00
1.772000000000000171e+02 1.405133445620023736e+02 0.000000000000000000e+00
1.774000000000000057e+02 1.399428454762872036e+02 0.000000000000000000e+00
1.776000000000000227e+02 1.386794865868777151e+02 0.000000000000000000e+00
1.778000000000000114e+02 1.369379421489895208e+02 0.000000000000000000e+00
1.780000000000000000e+02 1.391402170474086972e+02 0.000000000000000000e+00
1.782000000000000171e+02 1.386217876093076597e+02 0.000000000000000000e+00
1.784000000000000057e+02 1.367040599250804860e+02 0.000000000000000000e+00
1.786000000000000227e+02 1.325443322062471339e+02 0.000000000000000000e+00
1.788000000000000114e+02 1.289961239727767861e+02 0.000000000000000000e+00
1.790000000000000000e+02 1.264911064067351703e+02 0.000000000000000000e+00
1.792000000000000171e+02 1.256025477448606580e+02 0.000000000000000000e+00
1.794000000000000057e+02 1.252836781069266010e+02 0.000000000000000000e+00
1.796000000000000227e+02 1.216552506059643974e+02 0.000000000000000000e+00
1.798000000000000114e+02 1.203328716519305885e+02 0.000000000000000000e+00
1.800000000000000000e+02 1.205985074534506793e+02 1.225000060000000000e+11
1.802000000000000171e+02 1.255388386118017223e+02 1.225000060000000000e+11
1.804000000000000057e+02 1.353513945255090505e+02 1.225000060000000000e+11
1.806000000000000227e+02 1.414213562373095101e+02 1.225000060000000000e+11
1.808000000000000114e+02 1.505722417977496832e+02 1.225000060000000000e+11
1.810000000000000000e+02 1.584929020492716063e+02 1.225000060000000000e+11
1.812000000000000171e+02 1.634135857265239622e+02 1.225000060000000000e+11
1.814000000000000057e+02 1.414213562373095101e+02 1.225000060000000000e+11
1.816000000000000227e+02 1.137717012266231364e+02 1.225000060000000000e+11
1.818000000000000114e+02 1.164817582284882889e+02 1.225000060000000000e+11
1.820000000000000000e+02 1.219180052330253687e+02 1.225000060000000000e+11
1.822000000000000171e+02 1.271219886565656338e+02 1.225000060000000000e+11
1.824000000000000057e+02 1.320605921537534186e+02 1.225000060000000000e+11
1.826000000000000227e+02 1.360000000000000000e+02 1.225000060000000000e+11
1.828000000000000114e+02 1.432201103197452596e+02 1.225000060000000000e+11
1.830000000000000000e+02 1.499333185119305085e+02 1.225000060000000000e+11
1.832000000000000171e+02 1.555892027102137831e+02 1.225000060000000000e+11
1.834000000000000057e+02 1.329661611087572908e+02 1.225000060000000000e+11
1.836000000000000227e+02 1.098362417419678536e+02 1.225000060000000000e+11
1.838000000000000114e+02 1.166190378969060077e+02 1.225000060000000000e+11
1.840000000000000000e+02 1.250279968647022741e+02 0.000000000000000000e+00
1.842000000000000171e+02 1.264911064067351703e+02 0.000000000000000000e+00
1.844000000000000057e+02 1.245792920191794906e+02 0.000000000000000000e+00
1.846000000000000227e+02 1.218523696938225385e+02 0.000000000000000000e+00
1.848000000000000114e+02 1.200666481584290750e+02 0.000000000000000000e+00
1.850000000000000000e+02 1.162755348299890699e+02 0.000000000000000000e+00
1.852000000000000171e+02 1.168246549320818701e+02 0.000000000000000000e+00
1.854000000000000057e+02 1.145425685062108272e+02 0.000000000000000000e+00
1.856000000000000227e+02 1.106345334875146449e+02 0.000000000000000000e+00
1.858000000000000114e+02 1.080740486888503682e+02 0.000000000000000000e+00
1.860000000000000000e+02 1.109233969908963786e+02 0.000000000000000000e+00
1.862000000000000171e+02 1.080000000000000000e+02 0.000000000000000000e+00
1.864000000000000057e+02 1.109233969908963786e+02 0.000000000000000000e+00
1.866000000000000227e+02 1.080740486888503682e+02 0.000000000000000000e+00
1.868000000000000114e+02 1.077032961426900783e+02 0.000000000000000000e+00
1.870000000000000000e+02 1.098362417419678536e+02 0.000000000000000000e+00
1.872000000000000171e+02 1.065082156455547846e+02 0.000000000000000000e+00
1.874000000000000057e+02 1.077032961426900783e+02 0.000000000000000000e+00
1.876000000000000227e+02 1.046900186264192030e+02 0.000000000000000000e+00
1.878000000000000114e+02 1.049952379872535033e+02 0.000000000000000000e+00
1.880000000000000000e+02 1.019803902718556969e+02 1.225000060000000000e+11
1.882000000000000171e+02 1.040000000000000000e+02 1.225000060000000000e+11
1.884000000000000057e+02 1.080740486888503682e+02 1.225000060000000000e+11
1.886000000000000227e+02 1.127120224288429711e+02 1.225000060000000000e+11
1.888000000000000114e+02 1.200000000000000000e+02 1.225000060000000000e+11
1.890000000000000000e+02 1.263012272307755524e+02 1.225000060000000000e+11
1.892000000000000171e+02 1.329661611087572908e+02 1.225000060000000000e+11
1.894000000000000057e+02 1.388524396616782610e+02 1.225000060000000000e+11
1.896000000000000227e+02 1.470782104868018791e+02 1.225000060000000000e+11
1.898000000000000114e+02 1.562049935181330795e+02 1.225000060000000000e+11
1.900000000000000000e+02 1.612451549659709826e+02 1.225000060000000000e+11
1.902000000000000171e+02 1.424359505181188581e+02 1.225000060000000000e+11
1.904000000000000057e+02 1.358234147707971715e+02 1.225000060000000000e+11
1.906000000000000227e+02 1.263012272307755524e+02 1.225000060000000000e+11
1.908000000000000114e+02 1.176435293588219366e+02 1.225000060000000000e+11
1.910000000000000000e+02 1.091787525116494493e+02 1.225000060000000000e+11
1.912000000000000171e+02 1.003194896318756264e+02 1.225000060000000000e+11
1.914000000000000057e+02 9.363759928575700542e+01 1.225000060000000000e+11
1.916000000000000227e+02 8.772684879784523559e+01 1.225000060000000000e+11
1.918000000000000114e+02 8.099382692526634742e+01 1.225000060000000000e+11
1.920000000000000000e+02 7.641989269817119634e+01 0.000000000000000000e+00
1.922000000000000171e+02 7.547184905645282527e+01 0.000000000000000000e+00
1.924000000000000057e+02 7.766595135579039777e+01 0.000000000000000000e+00
1.926000000000000227e+02 7.766595135579039777e+01 0.000000000000000000e+00
1.928000000000000114e+02 7.766595135579039777e+01 0.000000000000000000e+00
1.930000000000000000e+02 7.766595135579039777e+01 0.000000000000000000e+00
1.932000000000000171e+02 7.889233169326408301e+01 0.000000000000000000e+00
1.934000000000000057e+02 7.694153624668537361e+01 0.000000000000000000e+00
1.936000000000000227e+02 7.472616676907762212e+01 0.000000000000000000e+00
1.938000000000000114e+02 7.375635565834309659e+01 0.000000000000000000e+00
1.940000000000000000e+02 7.155417527999327376e+01 0.000000000000000000e+00
1.942000000000000171e+02 6.800000000000000000e+01 0.000000000000000000e+00
1.944000000000000057e+02 6.985699678629191567e+01 0.000000000000000000e+00
1.946000000000000227e+02 6.811754546370561059e+01 0.000000000000000000e+00
1.948000000000000114e+02 6.705221845696084415e+01 0.000000000000000000e+00
1.950000000000000000e+02 6.905070600652827295e+01 0.000000000000000000e+00
1.952000000000000171e+02 6.657326790837295505e+01 0.000000000000000000e+00
1.954000000000000057e+02 6.997142273814360180e+01 0.000000000000000000e+00
1.956000000000000227e+02 6.905070600652827295e+01 0.000000000000000000e+00
1.958000000000000114e+02 6.985699678629191567e+01 0.000000000000000000e+00
1.960000000000000000e+02 7.121797525905942905e+01 1.225000060000000000e+11
1.962000000000000171e+02 6.449806198638839305e+01 1.225000060000000000e+11
1.964000000000000057e+02 6.053098380168622583e+01 1.225000060000000000e+11
1.966000000000000227e+02 5.440588203494177577e+01 1.225000060000000000e+11
1.968000000000000114e+02 5.122499389946278825e+01 1.225000060000000000e+11
1.970000000000000000e+02 4.472135954999579610e+01 1.225000060000000000e+11
1.972000000000000171e+02 4.400000000000000000e+01 1.225000060000000000e+11
1.974000000000000057e+02 3.939543120718441571e+01 1.225000060000000000e+11
1.976000000000000227e+02 3.687817782917154830e+01 1.225000060000000000e+11
1.978000000000000114e+02 3.417601498127012150e+01 1.225000060000000000e+11
1.980000000000000000e+02 3.224903099319419653e+01 1.225000060000000000e+11
1.982000000000000171e+02 3.224903099319419653e+01 1.225000060000000000e+11
1.984000000000000057e+02 2.884441020371191300e+01 1.225000060000000000e+11
1.986000000000000227e+02 2.828427124746190202e+01 1.225000060000000000e+11
1.988000000000000114e+02 2.828427124746190202e+01 1.225000060000000000e+11
1.990000000000000000e+02 2.884441020371191300e+01 1.225000060000000000e+11
1.992000000000000171e+02 2.561249694973139412e+01 1.225000060000000000e+11
1.994000000000000057e+02 2.529822128134703618e+01 1.225000060000000000e+11
1.996000000000000227e+02 2.039607805437113797e+01 1.225000060000000000e+11
1.998000000000000114e+02 1.788854381999831844e+01 1.225000060000000000e+11
