4.000000000000000000e+02 4.000000000000000000e+00 0.000000000000000000e+00
4.002000000000000455e+02 4.000000000000000000e+00 0.000000000000000000e+00
4.004000000000000341e+02 5.656854249492380582e+00 0.000000000000000000e+00
4.006000000000000227e+02 5.656854249492380582e+00 0.000000000000000000e+00
4.008000000000000114e+02 5.656854249492380582e+00 0.000000000000000000e+00
4.010000000000000000e+02 5.656854249492380582e+00 0.000000000000000000e+00
4.012000000000000455e+02 5.656854249492380582e+00 0.000000000000000000e+00
4.014000000000000341e+02 5.656854249492380582e+00 0.000000000000000000e+00
4.016000000000000227e+02 5.656854249492380582e+00 0.000000000000000000e+00
4.018000000000000114e+02 4.000000000000000000e+00 0.000000000000000000e+00
4.020000000000000000e+02 4.000000000000000000e+00 0.000000000000000000e+00
4.022000000000000455e+02 0.000000000000000000e+00 0.000000000000000000e+00
4.024000000000000341e+02 4.000000000000000000e+00 0.000000000000000000e+00
4.026000000000000227e+02 0.000000000000000000e+00 0.000000000000000000e+00
4.028000000000000114e+02 4.000000000000000000e+00 0.000000000000000000e+00
4.030000000000000000e+02 5.656854249492380582e+00 0.000000000000000000e+00
4.032000000000000455e+02 5.656854249492380582e+00 0.000000000000000000e+00
4.034000000000000341e+02 5.656854249492380582e+00 0.000000000000000000e+00
4.036000000000000227e+02 5.656854249492380582e+00 0.000000000000000000e+00
4.038000000000000114e+02 5.656854249492380582e+00 0.000000000000000000e+00
4.040000000000000000e+02 5.656854249492380582e+00 1.275000100000000000e+11
4.042000000000000455e+02 5.656854249492380582e+00 1.275000100000000000e+11
4.044000000000000341e+02 4.000000000000000000e+00 1.275000100000000000e+11
4.046000000000000227e+02 4.000000000000000000e+00 1.275000100000000000e+11
4.048000000000000114e+02 4.000000000000000000e+00 1.275000100000000000e+11
4.050000000000000000e+02 0.000000000000000000e+00 1.275000100000000000e+11
4.052000000000000455e+02 0.000000000000000000e+00 1.275000100000000000e+11
4.054000000000000341e+02 0.000000000000000000e+00 1.275000100000000000e+11
4.056000000000000227e+02 4.000000000000000000e+00 1.275000100000000000e+11
4.058000000000000114e+02 5.656854249492380582e+00 1.275000100000000000e+11
4.060000000000000000e+02 5.656854249492380582e+00 1.275000100000000000e+11
4.062000000000000455e+02 5.656854249492380582e+00 1.275000100000000000e+11
4.064000000000000341e+02 5.656854249492380582e+00 1.275000100000000000e+11
4.066000000000000227e+02 5.656854249492380582e+00 1.275000100000000000e+11
4.068000000000000114e+02 5.656854249492380582e+00 1.275000100000000000e+11
4.070000000000000000e+02 4.000000000000000000e+00 1.275000100000000000e+11
4.072000000000000455e+02 4.000000000000000000e+00 1.275000100000000000e+11
4.074000000000000341e+02 4.000000000000000000e+00 1.275000100000000000e+11
4.076000000000000227e+02 0.000000000000000000e+00 1.275000100000000000e+11
4.078000000000000114e+02 0.000000000000000000e+00 1.275000100000000000e+11
4.080000000000000000e+02 0.000000000000000000e+00 0.000000000000000000e+00
4.082000000000000455e+02 0.000000000000000000e+00 0.000000000000000000e+00
4.084000000000000341e+02 4.000000000000000000e+00 0.000000000000000000e+00
4.086000000000000227e+02 4.000000000000000000e+00 0.000000000000000000e+00
4.088000000000000114e+02 5.656854249492380582e+00 0.000000000000000000e+00
4.090000000000000000e+02 5.656854249492380582e+00 0.000000000000000000e+00
4.092000000000000455e+02 5.656854249492380582e+00 0.000000000000000000e+00
4.094000000000000341e+02 5.656854249492380582e+00 0.000000000000000000e+00
4.096000000000000227e+02 5.656854249492380582e+00 0.000000000000000000e+00
4.098000000000000114e+02 4.000000000000000000e+00 0.000000000000000000e+00
4.100000000000000000e+02 4.000000000000000000e+00 0.000000000000000000e+00
4.102000000000000455e+02 4.000000000000000000e+00 0.000000000000000000e+00
4.104000000000000341e+02 0.000000000000000000e+00 0.000000000000000000e+00
4.106000000000000227e+02 0.000000000000000000e+00 0.000000000000000000e+00
4.108000000000000114e+02 0.000000000000000000e+00 0.000000000000000000e+00
4.110000000000000000e+02 4.000000000000000000e+00 0.000000000000000000e+00
4.112000000000000455e+02 4.000000000000000000e+00 0.000000000000000000e+00
4.114000000000000341e+02 4.000000000000000000e+00 0.000000000000000000e+00
4.116000000000000227e+02 5.656854249492380582e+00 0.000000000000000000e+00
4.118000000000000114e+02 5.656854249492380582e+00 0.000000000000000000e+00
4.120000000000000000e+02 5.656854249492380582e+00 1.275000100000000000e+11
4.122000000000000455e+02 5.656854249492380582e+00 1.275000100000000000e+11
4.124000000000000341e+02 4.000000000000000000e+00 1.275000100000000000e+11
4.126000000000000227e+02 4.000000000000000000e+00 1.275000100000000000e+11
4.128000000000000114e+02 4.000000000000000000e+00 1.275000100000000000e+11
4.130000000000000000e+02 0.000000000000000000e+00 1.275000100000000000e+11
4.132000000000000455e+02 0.000000000000000000e+00 1.275000100000000000e+11
4.134000000000000341e+02 0.000000000000000000e+00 1.275000100000000000e+11
4.136000000000000227e+02 0.000000000000000000e+00 1.275000100000000000e+11
4.138000000000000114e+02 4.000000000000000000e+00 1.275000100000000000e+11
4.140000000000000000e+02 4.000000000000000000e+00 1.275000100000000000e+11
4.142000000000000455e+02 4.000000000000000000e+00 1.275000100000000000e+11
4.144000000000000341e+02 5.656854249492380582e+00 1.275000100000000000e+11
4.146000000000000227e+02 5.656854249492380582e+00 1.275000100000000000e+11
4.148000000000000114e+02 5.656854249492380582e+00 1.275000100000000000e+11
4.150000000000000000e+02 5.656854249492380582e+00 1.275000100000000000e+11
4.152000000000000455e+02 4.000000000000000000e+00 1.275000100000000000e+11
4.154000000000000341e+02 4.000000000000000000e+00 1.275000100000000000e+11
4.156000000000000227e+02 4.000000000000000000e+00 1.275000100000000000e+11
4.158000000000000114e+02 0.000000000000000000e+00 1.275000100000000000e+11
4.160000000000000000e+02 0.000000000000000000e+00 0.000000000000000000e+00
4.162000000000000455e+02 0.000000000000000000e+00 0.000000000000000000e+00
4.164000000000000341e+02 4.000000000000000000e+00 0.000000000000000000e+00
4.166000000000000227e+02 4.000000000000000000e+00 0.000000000000000000e+00
4.168000000000000114e+02 4.000000000000000000e+00 0.000000000000000000e+00
4.170000000000000000e+02 5.656854249492380582e+00 0.000000000000000000e+00
4.172000000000000455e+02 5.656854249492380582e+00 0.000000000000000000e+00
4.174000000000000341e+02 5.656854249492380582e+00 0.000000000000000000e+00
4.176000000000000227e+02 5.656854249492380582e+00 0.000000000000000000e+00
4.178000000000000114e+02 4.000000000000000000e+00 0.000000000000000000e+00
4.180000000000000000e+02 4.000000000000000000e+00 0.000000000000000000e+00
4.182000000000000455e+02 4.000000000000000000e+00 0.000000000000000000e+00
4.184000000000000341e+02 4.000000000000000000e+00 0.000000000000000000e+00
4.186000000000000227e+02 0.000000000000000000e+00 0.000000000000000000e+00
4.188000000000000114e+02 0.000000000000000000e+00 0.000000000000000000e+00
4.190000000000000000e+02 0.000000000000000000e+00 0.000000000000000000e+00
4.192000000000000455e+02 4.000000000000000000e+00 0.000000000000000000e+00
4.194000000000000341e+02 4.000000000000000000e+00 0.000000000000000000e+00
4.196000000000000227e+02 4.000000000000000000e+00 0.000000000000000000e+00
4.198000000000000114e+02 5.656854249492380582e+00 0.000000000000000000e+00
4.200000000000000000e+02 5.656854249492380582e+00 1.275000100000000000e+11
4.202000000000000455e+02 5.656854249492380582e+00 1.275000100000000000e+11
4.204000000000000341e+02 5.656854249492380582e+00 1.275000100000000000e+11
4.206000000000000227e+02 4.000000000000000000e+00 1.275000100000000000e+11
4.208000000000000114e+02 4.000000000000000000e+00 1.275000100000000000e+11
4.210000000000000000e+02 4.000000000000000000e+00 1.275000100000000000e+11
4.212000000000000455e+02 0.000000000000000000e+00 1.275000100000000000e+11
4.214000000000000341e+02 0.000000000000000000e+00 1.275000100000000000e+11
4.216000000000000227e+02 0.000000000000000000e+00 1.275000100000000000e+11
4.218000000000000114e+02 0.000000000000000000e+00 1.275000100000000000e+11
4.220000000000000000e+02 4.000000000000000000e+00 1.275000100000000000e+11
4.222000000000000455e+02 4.000000000000000000e+00 1.275000100000000000e+11
4.224000000000000341e+02 4.000000000000000000e+00 1.275000100000000000e+11
4.226000000000000227e+02 5.656854249492380582e+00 1.275000100000000000e+11
4.228000000000000114e+02 5.656854249492380582e+00 1.275000100000000000e+11
4.230000000000000000e+02 5.656854249492380582e+00 1.275000100000000000e+11
4.232000000000000455e+02 4.000000000000000000e+00 1.275000100000000000e+11
4.234000000000000341e+02 4.000000000000000000e+00 1.275000100000000000e+11
4.236000000000000227e+02 4.000000000000000000e+00 1.275000100000000000e+11
4.238000000000000114e+02 4.000000000000000000e+00 1.275000100000000000e+11
4.240000000000000000e+02 0.000000000000000000e+00 0.000000000000000000e+00
4.242000000000000455e+02 0.000000000000000000e+00 0.000000000000000000e+00
4.244000000000000341e+02 0.000000000000000000e+00 0.000000000000000000e+00
4.246000000000000227e+02 4.000000000000000000e+00 0.000000000000000000e+00
4.248000000000000114e+02 4.000000000000000000e+00 0.000000000000000000e+00
4.250000000000000000e+02 4.000000000000000000e+00 0.000000000000000000e+00
4.252000000000000455e+02 5.656854249492380582e+00 0.000000000000000000e+00
4.254000000000000341e+02 5.656854249492380582e+00 0.000000000000000000e+00
4.256000000000000227e+02 5.656854249492380582e+00 0.000000000000000000e+00
4.258000000000000114e+02 5.656854249492380582e+00 0.000000000000000000e+00
4.260000000000000000e+02 4.000000000000000000e+00 0.000000000000000000e+00
4.262000000000000455e+02 4.000000000000000000e+00 0.000000000000000000e+00
4.264000000000000341e+02 4.000000000000000000e+00 0.000000000000000000e+00
4.266000000000000227e+02 0.000000000000000000e+00 0.000000000000000000e+00
4.268000000000000114e+02 0.000000000000000000e+00 0.000000000000000000e+00
4.270000000000000000e+02 0.000000000000000000e+00 0.000000000000000000e+00
4.272000000000000455e+02 0.000000000000000000e+00 0.000000000000000000e+00
4.274000000000000341e+02 4.000000000000000000e+00 0.000000000000000000e+00
4.276000000000000227e+02 4.000000000000000000e+00 0.000000000000000000e+00
4.278000000000000114e+02 4.000000000000000000e+00 0.000000000000000000e+00
4.280000000000000000e+02 5.656854249492380582e+00 1.275000100000000000e+11
4.282000000000000455e+02 5.656854249492380582e+00 1.275000100000000000e+11
4.284000000000000341e+02 5.656854249492380582e+00 1.275000100000000000e+11
4.286000000000000227e+02 4.000000000000000000e+00 1.275000100000000000e+11
4.288000000000000114e+02 4.000000000000000000e+00 1.275000100000000000e+11
4.290000000000000000e+02 4.000000000000000000e+00 1.275000100000000000e+11
4.292000000000000455e+02 4.000000000000000000e+00 1.275000100000000000e+11
4.294000000000000341e+02 0.000000000000000000e+00 1.275000100000000000e+11
4.296000000000000227e+02 0.000000000000000000e+00 1.275000100000000000e+11
4.298000000000000114e+02 0.000000000000000000e+00 1.275000100000000000e+11
4.300000000000000000e+02 4.000000000000000000e+00 1.275000100000000000e+11
4.302000000000000455e+02 4.000000000000000000e+00 1.275000100000000000e+11
4.304000000000000341e+02 4.000000000000000000e+00 1.275000100000000000e+11
4.306000000000000227e+02 4.000000000000000000e+00 1.275000100000000000e+11
4.308000000000000114e+02 5.656854249492380582e+00 1.275000100000000000e+11
4.310000000000000000e+02 5.656854249492380582e+00 1.275000100000000000e+11
4.312000000000000455e+02 5.656854249492380582e+00 1.275000100000000000e+11
4.314000000000000341e+02 4.000000000000000000e+00 1.275000100000000000e+11
4.316000000000000227e+02 4.000000000000000000e+00 1.275000100000000000e+11
4.318000000000000114e+02 4.000000000000000000e+00 1.275000100000000000e+11
4.320000000000000000e+02 4.000000000000000000e+00 0.000000000000000000e+00
4.322000000000000455e+02 0.000000000000000000e+00 0.000000000000000000e+00
4.324000000000000341e+02 0.000000000000000000e+00 0.000000000000000000e+00
4.326000000000000227e+02 0.000000000000000000e+00 0.000000000000000000e+00
4.328000000000000114e+02 4.000000000000000000e+00 0.000000000000000000e+00
4.330000000000000000e+02 4.000000000000000000e+00 0.000000000000000000e+00
4.332000000000000455e+02 4.000000000000000000e+00 0.000000000000000000e+00
4.334000000000000341e+02 5.656854249492380582e+00 0.000000000000000000e+00
4.336000000000000227e+02 5.656854249492380582e+00 0.000000000000000000e+00
4.338000000000000114e+02 5.656854249492380582e+00 0.000000000000000000e+00
4.340000000000000000e+02 5.656854249492380582e+00 0.000000000000000000e+00
4.342000000000000455e+02 4.000000000000000000e+00 0.000000000000000000e+00
4.344000000000000341e+02 4.000000000000000000e+00 0.000000000000000000e+00
4.346000000000000227e+02 4.000000000000000000e+00 0.000000000000000000e+00
4.348000000000000114e+02 0.000000000000000000e+00 0.000000000000000000e+00
4.350000000000000000e+02 0.000000000000000000e+00 0.000000000000000000e+00
4.352000000000000455e+02 0.000000000000000000e+00 0.000000000000000000e+00
4.354000000000000341e+02 4.000000000000000000e+00 0.000000000000000000e+00
4.356000000000000227e+02 4.000000000000000000e+00 0.000000000000000000e+00
4.358000000000000114e+02 4.000000000000000000e+00 0.000000000000000000e+00
4.360000000000000000e+02 4.000000000000000000e+00 1.275000100000000000e+11
4.362000000000000455e+02 5.656854249492380582e+00 1.275000100000000000e+11
4.364000000000000341e+02 5.656854249492380582e+00 1.275000100000000000e+11
4.366000000000000227e+02 5.656854249492380582e+00 1.275000100000000000e+11
4.368000000000000114e+02 4.000000000000000000e+00 1.275000100000000000e+11
4.370000000000000000e+02 4.000000000000000000e+00 1.275000100000000000e+11
4.372000000000000455e+02 4.000000000000000000e+00 1.275000100000000000e+11
4.374000000000000341e+02 4.000000000000000000e+00 1.275000100000000000e+11
4.376000000000000227e+02 0.000000000000000000e+00 1.275000100000000000e+11
4.378000000000000114e+02 0.000000000000000000e+00 1.275000100000000000e+11
4.380000000000000000e+02 0.000000000000000000e+00 1.275000100000000000e+11
4.382000000000000455e+02 4.000000000000000000e+00 1.275000100000000000e+11
4.384000000000000341e+02 4.000000000000000000e+00 1.275000100000000000e+11
4.386000000000000227e+02 4.000000000000000000e+00 1.275000100000000000e+11
4.388000000000000114e+02 5.656854249492380582e+00 1.275000100000000000e+11
4.390000000000000000e+02 5.656854249492380582e+00 1.275000100000000000e+11
4.392000000000000455e+02 5.656854249492380582e+00 1.275000100000000000e+11
4.394000000000000341e+02 5.656854249492380582e+00 1.275000100000000000e+11
4.396000000000000227e+02 4.000000000000000000e+00 1.275000100000000000e+11
4.398000000000000114e+02 4.000000000000000000e+00 1.275000100000000000e+11
4.400000000000000000e+02 4.000000000000000000e+00 0.000000000000000000e+00
4.402000000000000455e+02 0.000000000000000000e+00 0.000000000000000000e+00
4.404000000000000341e+02 0.000000000000000000e+00 0.000000000000000000e+00
4.406000000000000227e+02 0.000000000000000000e+00 0.000000000000000000e+00
4.408000000000000114e+02 0.000000000000000000e+00 0.000000000000000000e+00
4.410000000000000000e+02 4.000000000000000000e+00 0.000000000000000000e+00
4.412000000000000455e+02 4.000000000000000000e+00 0.000000000000000000e+00
4.414000000000000341e+02 4.000000000000000000e+00 0.000000000000000000e+00
4.416000000000000227e+02 5.656854249492380582e+00 0.000000000000000000e+00
4.418000000000000114e+02 5.656854249492380582e+00 0.000000000000000000e+00
4.420000000000000000e+02 5.656854249492380582e+00 0.000000000000000000e+00
4.422000000000000455e+02 4.000000000000000000e+00 0.000000000000000000e+00
4.424000000000000341e+02 4.000000000000000000e+00 0.000000000000000000e+00
4.426000000000000227e+02 4.000000000000000000e+00 0.000000000000000000e+00
4.428000000000000114e+02 4.000000000000000000e+00 0.000000000000000000e+00
4.430000000000000000e+02 0.000000000000000000e+00 0.000000000000000000e+00
4.432000000000000455e+02 0.000000000000000000e+00 0.000000000000000000e+00
4.434000000000000341e+02 0.000000000000000000e+00 0.000000000000000000e+00
4.436000000000000227e+02 4.000000000000000000e+00 0.000000000000000000e+00
4.438000000000000114e+02 4.000000000000000000e+00 0.000000000000000000e+00
4.440000000000000000e+02 4.000000000000000000e+00 1.275000100000000000e+11
4.442000000000000455e+02 4.000000000000000000e+00 1.275000100000000000e+11
4.444000000000000341e+02 5.656854249492380582e+00 1.275000100000000000e+11
4.446000000000000227e+02 5.656854249492380582e+00 1.275000100000000000e+11
4.448000000000000114e+02 5.656854249492380582e+00 1.275000100000000000e+11
4.450000000000000000e+02 4.000000000000000000e+00 1.275000100000000000e+11
4.452000000000000455e+02 4.000000000000000000e+00 1.275000100000000000e+11
4.454000000000000341e+02 4.000000000000000000e+00 1.275000100000000000e+11
4.456000000000000227e+02 0.000000000000000000e+00 1.275000100000000000e+11
4.458000000000000114e+02 0.000000000000000000e+00 1.275000100000000000e+11
4.460000000000000000e+02 0.000000000000000000e+00 1.275000100000000000e+11
4.462000000000000455e+02 0.000000000000000000e+00 1.275000100000000000e+11
4.464000000000000341e+02 4.000000000000000000e+00 1.275000100000000000e+11
4.466000000000000227e+02 4.000000000000000000e+00 1.275000100000000000e+11
4.468000000000000114e+02 4.000000000000000000e+00 1.275000100000000000e+11
4.470000000000000000e+02 5.656854249492380582e+00 1.275000100000000000e+11
4.472000000000000455e+02 5.656854249492380582e+00 1.275000100000000000e+11
4.474000000000000341e+02 5.656854249492380582e+00 1.275000100000000000e+11
4.476000000000000227e+02 5.656854249492380582e+00 1.275000100000000000e+11
4.478000000000000114e+02 4.000000000000000000e+00 1.275000100000000000e+11
4.480000000000000000e+02 4.000000000000000000e+00 0.000000000000000000e+00
4.482000000000000455e+02 4.000000000000000000e+00 0.000000000000000000e+00
4.484000000000000341e+02 0.000000000000000000e+00 0.000000000000000000e+00
4.486000000000000227e+02 0.000000000000000000e+00 0.000000000000000000e+00
4.488000000000000114e+02 0.000000000000000000e+00 0.000000000000000000e+00
4.490000000000000000e+02 4.000000000000000000e+00 0.000000000000000000e+00
4.492000000000000455e+02 4.000000000000000000e+00 0.000000000000000000e+00
4.494000000000000341e+02 4.000000000000000000e+00 0.000000000000000000e+00
4.496000000000000227e+02 4.000000000000000000e+00 0.000000000000000000e+00
4.498000000000000114e+02 5.656854249492380582e+00 0.000000000000000000e+00
4.500000000000000000e+02 5.656854249492380582e+00 0.000000000000000000e+00
4.502000000000000455e+02 5.656854249492380582e+00 0.000000000000000000e+00
4.504000000000000341e+02 4.000000000000000000e+00 0.000000000000000000e+00
4.506000000000000227e+02 4.000000000000000000e+00 0.000000000000000000e+00
4.508000000000000114e+02 4.000000000000000000e+00 0.000000000000000000e+00
4.510000000000000000e+02 0.000000000000000000e+00 0.000000000000000000e+00
4.512000000000000455e+02 0.000000000000000000e+00 0.000000000000000000e+00
4.514000000000000341e+02 0.000000000000000000e+00 0.000000000000000000e+00
4.516000000000000227e+02 0.000000000000000000e+00 0.000000000000000000e+00
4.518000000000000114e+02 4.000000000000000000e+00 0.000000000000000000e+00
4.520000000000000000e+02 4.000000000000000000e+00 1.275000100000000000e+11
4.522000000000000455e+02 4.000000000000000000e+00 1.275000100000000000e+11
4.524000000000000341e+02 5.656854249492380582e+00 1.275000100000000000e+11
4.526000000000000227e+02 5.656854249492380582e+00 1.275000100000000000e+11
4.528000000000000114e+02 5.656854249492380582e+00 1.275000100000000000e+11
4.530000000000000000e+02 5.656854249492380582e+00 1.275000100000000000e+11
4.532000000000000455e+02 4.000000000000000000e+00 1.275000100000000000e+11
4.534000000000000341e+02 4.000000000000000000e+00 1.275000100000000000e+11
4.536000000000000227e+02 4.000000000000000000e+00 1.275000100000000000e+11
4.538000000000000114e+02 0.000000000000000000e+00 1.275000100000000000e+11
4.540000000000000000e+02 0.000000000000000000e+00 1.275000100000000000e+11
4.542000000000000455e+02 0.000000000000000000e+00 1.275000100000000000e+11
4.544000000000000341e+02 4.000000000000000000e+00 1.275000100000000000e+11
4.546000000000000227e+02 4.000000000000000000e+00 1.275000100000000000e+11
4.548000000000000114e+02 4.000000000000000000e+00 1.275000100000000000e+11
4.550000000000000000e+02 4.000000000000000000e+00 1.275000100000000000e+11
4.552000000000000455e+02 5.656854249492380582e+00 1.275000100000000000e+11
4.554000000000000341e+02 5.656854249492380582e+00 1.275000100000000000e+11
4.556000000000000227e+02 5.656854249492380582e+00 1.275000100000000000e+11
4.558000000000000114e+02 4.000000000000000000e+00 1.275000100000000000e+11
4.560000000000000000e+02 4.000000000000000000e+00 0.000000000000000000e+00
4.562000000000000455e+02 4.000000000000000000e+00 0.000000000000000000e+00
4.564000000000000341e+02 4.000000000000000000e+00 0.000000000000000000e+00
4.566000000000000227e+02 0.000000000000000000e+00 0.000000000000000000e+00
4.568000000000000114e+02 0.000000000000000000e+00 0.000000000000000000e+00
4.570000000000000000e+02 0.000000000000000000e+00 0.000000000000000000e+00
4.572000000000000455e+02 4.000000000000000000e+00 0.000000000000000000e+00
4.574000000000000341e+02 4.000000000000000000e+00 0.000000000000000000e+00
4.576000000000000227e+02 4.000000000000000000e+00 0.000000000000000000e+00
4.578000000000000114e+02 5.656854249492380582e+00 0.000000000000000000e+00
4.580000000000000000e+02 5.656854249492380582e+00 0.000000000000000000e+00
4.582000000000000455e+02 5.656854249492380582e+00 0.000000000000000000e+00
4.584000000000000341e+02 5.656854249492380582e+00 0.000000000000000000e+00
4.586000000000000227e+02 4.000000000000000000e+00 0.000000000000000000e+00
4.588000000000000114e+02 4.000000000000000000e+00 0.000000000000000000e+00
4.590000000000000000e+02 4.000000000000000000e+00 0.000000000000000000e+00
4.592000000000000455e+02 0.000000000000000000e+00 0.000000000000000000e+00
4.594000000000000341e+02 0.000000000000000000e+00 0.000000000000000000e+00
4.596000000000000227e+02 0.000000000000000000e+00 0.000000000000000000e+00
4.598000000000000114e+02 0.000000000000000000e+00 0.000000000000000000e+00
4.600000000000000000e+02 4.000000000000000000e+00 1.275000100000000000e+11
4.602000000000000455e+02 4.000000000000000000e+00 1.275000100000000000e+11
4.604000000000000341e+02 4.000000000000000000e+00 1.275000100000000000e+11
4.606000000000000227e+02 5.656854249492380582e+00 1.275000100000000000e+11
4.608000000000000114e+02 5.656854249492380582e+00 1.275000100000000000e+11
4.610000000000000000e+02 5.656854249492380582e+00 1.275000100000000000e+11
4.612000000000000455e+02 4.000000000000000000e+00 1.275000100000000000e+11
4.614000000000000341e+02 4.000000000000000000e+00 1.275000100000000000e+11
4.616000000000000227e+02 4.000000000000000000e+00 1.275000100000000000e+11
4.618000000000000114e+02 4.000000000000000000e+00 1.275000100000000000e+11
4.620000000000000000e+02 0.000000000000000000e+00 1.275000100000000000e+11
4.622000000000000455e+02 0.000000000000000000e+00 1.275000100000000000e+11
4.624000000000000341e+02 0.000000000000000000e+00 1.275000100000000000e+11
4.626000000000000227e+02 4.000000000000000000e+00 1.275000100000000000e+11
4.628000000000000114e+02 4.000000000000000000e+00 1.275000100000000000e+11
4.630000000000000000e+02 4.000000000000000000e+00 1.275000100000000000e+11
4.632000000000000455e+02 4.000000000000000000e+00 1.275000100000000000e+11
4.634000000000000341e+02 5.656854249492380582e+00 1.275000100000000000e+11
4.636000000000000227e+02 5.656854249492380582e+00 1.275000100000000000e+11
4.638000000000000114e+02 5.656854249492380582e+00 1.275000100000000000e+11
4.640000000000000000e+02 4.000000000000000000e+00 0.000000000000000000e+00
4.642000000000000455e+02 4.000000000000000000e+00 0.000000000000000000e+00
4.644000000000000341e+02 4.000000000000000000e+00 0.000000000000000000e+00
4.646000000000000227e+02 0.000000000000000000e+00 0.000000000000000000e+00
4.648000000000000114e+02 0.000000000000000000e+00 0.000000000000000000e+00
4.650000000000000000e+02 0.000000000000000000e+00 0.000000000000000000e+00
4.652000000000000455e+02 0.000000000000000000e+00 0.000000000000000000e+00
4.654000000000000341e+02 4.000000000000000000e+00 0.000000000000000000e+00
4.656000000000000227e+02 4.000000000000000000e+00 0.000000000000000000e+00
4.658000000000000114e+02 4.000000000000000000e+00 0.000000000000000000e+00
4.660000000000000000e+02 5.656854249492380582e+00 0.000000000000000000e+00
4.662000000000000455e+02 5.656854249492380582e+00 0.000000000000000000e+00
4.664000000000000341e+02 5.656854249492380582e+00 0.000000000000000000e+00
4.666000000000000227e+02 4.000000000000000000e+00 0.000000000000000000e+00
4.668000000000000114e+02 4.000000000000000000e+00 0.000000000000000000e+00
4.670000000000000000e+02 4.000000000000000000e+00 0.000000000000000000e+00
4.672000000000000455e+02 4.000000000000000000e+00 0.000000000000000000e+00
4.674000000000000341e+02 0.000000000000000000e+00 0.000000000000000000e+00
4.676000000000000227e+02 0.000000000000000000e+00 0.000000000000000000e+00
4.678000000000000114e+02 0.000000000000000000e+00 0.000000000000000000e+00
4.680000000000000000e+02 4.000000000000000000e+00 1.275000100000000000e+11
4.682000000000000455e+02 4.000000000000000000e+00 1.275000100000000000e+11
4.684000000000000341e+02 4.000000000000000000e+00 1.275000100000000000e+11
4.686000000000000227e+02 4.000000000000000000e+00 1.275000100000000000e+11
4.688000000000000114e+02 5.656854249492380582e+00 1.275000100000000000e+11
4.690000000000000000e+02 5.656854249492380582e+00 1.275000100000000000e+11
4.692000000000000455e+02 5.656854249492380582e+00 1.275000100000000000e+11
4.694000000000000341e+02 4.000000000000000000e+00 1.275000100000000000e+11
4.696000000000000227e+02 4.000000000000000000e+00 1.275000100000000000e+11
4.698000000000000114e+02 4.000000000000000000e+00 1.275000100000000000e+11
4.700000000000000000e+02 0.000000000000000000e+00 1.275000100000000000e+11
4.702000000000000455e+02 0.000000000000000000e+00 1.275000100000000000e+11
4.704000000000000341e+02 0.000000000000000000e+00 1.275000100000000000e+11
4.706000000000000227e+02 0.000000000000000000e+00 1.275000100000000000e+11
4.708000000000000114e+02 4.000000000000000000e+00 1.275000100000000000e+11
4.710000000000000000e+02 4.000000000000000000e+00 1.275000100000000000e+11
4.712000000000000455e+02 4.000000000000000000e+00 1.275000100000000000e+11
4.714000000000000341e+02 5.656854249492380582e+00 1.275000100000000000e+11
4.716000000000000227e+02 5.656854249492380582e+00 1.275000100000000000e+11
4.718000000000000114e+02 5.656854249492380582e+00 1.275000100000000000e+11
4.720000000000000000e+02 5.656854249492380582e+00 0.000000000000000000e+00
4.722000000000000455e+02 4.000000000000000000e+00 0.000000000000000000e+00
4.724000000000000341e+02 4.000000000000000000e+00 0.000000000000000000e+00
4.726000000000000227e+02 4.000000000000000000e+00 0.000000000000000000e+00
4.728000000000000114e+02 0.000000000000000000e+00 0.000000000000000000e+00
4.730000000000000000e+02 0.000000000000000000e+00 0.000000000000000000e+00
4.732000000000000455e+02 0.000000000000000000e+00 0.000000000000000000e+00
4.734000000000000341e+02 4.000000000000000000e+00 0.000000000000000000e+00
4.736000000000000227e+02 4.000000000000000000e+00 0.000000000000000000e+00
4.738000000000000114e+02 4.000000000000000000e+00 0.000000000000000000e+00
4.740000000000000000e+02 4.000000000000000000e+00 0.000000000000000000e+00
4.742000000000000455e+02 5.656854249492380582e+00 0.000000000000000000e+00
4.744000000000000341e+02 5.656854249492380582e+00 0.000000000000000000e+00
4.746000000000000227e+02 5.656854249492380582e+00 0.000000000000000000e+00
4.748000000000000114e+02 4.000000000000000000e+00 0.000000000000000000e+00
4.750000000000000000e+02 4.000000000000000000e+00 0.000000000000000000e+00
4.752000000000000455e+02 4.000000000000000000e+00 0.000000000000000000e+00
4.754000000000000341e+02 4.000000000000000000e+00 0.000000000000000000e+00
4.756000000000000227e+02 0.000000000000000000e+00 0.000000000000000000e+00
4.758000000000000114e+02 0.000000000000000000e+00 0.000000000000000000e+00
4.760000000000000000e+02 0.000000000000000000e+00 1.275000100000000000e+11
4.762000000000000455e+02 4.000000000000000000e+00 1.275000100000000000e+11
4.764000000000000341e+02 4.000000000000000000e+00 1.275000100000000000e+11
4.766000000000000227e+02 4.000000000000000000e+00 1.275000100000000000e+11
4.768000000000000114e+02 5.656854249492380582e+00 1.275000100000000000e+11
4.770000000000000000e+02 5.656854249492380582e+00 1.275000100000000000e+11
4.772000000000000455e+02 5.656854249492380582e+00 1.275000100000000000e+11
4.774000000000000341e+02 5.656854249492380582e+00 1.275000100000000000e+11
4.776000000000000227e+02 4.000000000000000000e+00 1.275000100000000000e+11
4.778000000000000114e+02 4.000000000000000000e+00 1.275000100000000000e+11
4.780000000000000000e+02 4.000000000000000000e+00 1.275000100000000000e+11
4.782000000000000455e+02 0.000000000000000000e+00 1.275000100000000000e+11
4.784000000000000341e+02 0.000000000000000000e+00 1.275000100000000000e+11
4.786000000000000227e+02 0.000000000000000000e+00 1.275000100000000000e+11
4.788000000000000114e+02 0.000000000000000000e+00 1.275000100000000000e+11
4.790000000000000000e+02 4.000000000000000000e+00 1.275000100000000000e+11
4.792000000000000455e+02 4.000000000000000000e+00 1.275000100000000000e+11
4.794000000000000341e+02 4.000000000000000000e+00 1.275000100000000000e+11
4.796000000000000227e+02 5.656854249492380582e+00 1.275000100000000000e+11
4.798000000000000114e+02 5.656854249492380582e+00 1.275000100000000000e+11
4.800000000000000000e+02 5.656854249492380582e+00 0.000000000000000000e+00
4.802000000000000455e+02 4.000000000000000000e+00 0.000000000000000000e+00
4.804000000000000341e+02 4.000000000000000000e+00 0.000000000000000000e+00
4.806000000000000227e+02 4.000000000000000000e+00 0.000000000000000000e+00
4.808000000000000114e+02 4.000000000000000000e+00 0.000000000000000000e+00
4.810000000000000000e+02 0.000000000000000000e+00 0.000000000000000000e+00
4.812000000000000455e+02 0.000000000000000000e+00 0.000000000000000000e+00
4.814000000000000341e+02 0.000000000000000000e+00 0.000000000000000000e+00
4.816000000000000227e+02 4.000000000000000000e+00 0.000000000000000000e+00
4.818000000000000114e+02 4.000000000000000000e+00 0.000000000000000000e+00
4.820000000000000000e+02 4.000000000000000000e+00 0.000000000000000000e+00
4.822000000000000455e+02 4.000000000000000000e+00 0.000000000000000000e+00
4.824000000000000341e+02 5.656854249492380582e+00 0.000000000000000000e+00
4.826000000000000227e+02 5.656854249492380582e+00 0.000000000000000000e+00
4.828000000000000114e+02 5.656854249492380582e+00 0.000000000000000000e+00
4.830000000000000000e+02 4.000000000000000000e+00 0.000000000000000000e+00
4.832000000000000455e+02 4.000000000000000000e+00 0.000000000000000000e+00
4.834000000000000341e+02 4.000000000000000000e+00 0.000000000000000000e+00
4.836000000000000227e+02 0.000000000000000000e+00 0.000000000000000000e+00
4.838000000000000114e+02 0.000000000000000000e+00 0.000000000000000000e+00
4.840000000000000000e+02 0.000000000000000000e+00 1.275000100000000000e+11
4.842000000000000455e+02 0.000000000000000000e+00 1.275000100000000000e+11
4.844000000000000341e+02 4.000000000000000000e+00 1.275000100000000000e+11
4.846000000000000227e+02 4.000000000000000000e+00 1.275000100000000000e+11
4.848000000000000114e+02 4.000000000000000000e+00 1.275000100000000000e+11
4.850000000000000000e+02 5.656854249492380582e+00 1.275000100000000000e+11
4.852000000000000455e+02 5.656854249492380582e+00 1.275000100000000000e+11
4.854000000000000341e+02 5.656854249492380582e+00 1.275000100000000000e+11
4.856000000000000227e+02 4.000000000000000000e+00 1.275000100000000000e+11
4.858000000000000114e+02 4.000000000000000000e+00 1.275000100000000000e+11
4.860000000000000000e+02 4.000000000000000000e+00 1.275000100000000000e+11
4.862000000000000455e+02 4.000000000000000000e+00 1.275000100000000000e+11
4.864000000000000341e+02 0.000000000000000000e+00 1.275000100000000000e+11
4.866000000000000227e+02 0.000000000000000000e+00 1.275000100000000000e+11
4.868000000000000114e+02 0.000000000000000000e+00 1.275000100000000000e+11
4.870000000000000000e+02 4.000000000000000000e+00 1.275000100000000000e+11
4.872000000000000455e+02 4.000000000000000000e+00 1.275000100000000000e+11
4.874000000000000341e+02 4.000000000000000000e+00 1.275000100000000000e+11
4.876000000000000227e+02 4.000000000000000000e+00 1.275000100000000000e+11
4.878000000000000114e+02 5.656854249492380582e+00 1.275000100000000000e+11
4.880000000000000000e+02 5.656854249492380582e+00 0.000000000000000000e+00
4.882000000000000455e+02 5.656854249492380582e+00 0.000000000000000000e+00
4.884000000000000341e+02 4.000000000000000000e+00 0.000000000000000000e+00
4.886000000000000227e+02 4.000000000000000000e+00 0.000000000000000000e+00
4.888000000000000114e+02 4.000000000000000000e+00 0.000000000000000000e+00
4.890000000000000000e+02 0.000000000000000000e+00 0.000000000000000000e+00
4.892000000000000455e+02 0.000000000000000000e+00 0.000000000000000000e+00
4.894000000000000341e+02 0.000000000000000000e+00 0.000000000000000000e+00
4.896000000000000227e+02 0.000000000000000000e+00 0.000000000000000000e+00
4.898000000000000114e+02 4.000000000000000000e+00 0.000000000000000000e+00
4.900000000000000000e+02 4.000000000000000000e+00 0.000000000000000000e+00
4.902000000000000455e+02 4.000000000000000000e+00 0.000000000000000000e+00
4.904000000000000341e+02 5.656854249492380582e+00 0.000000000000000000e+00
4.906000000000000227e+02 5.656854249492380582e+00 0.000000000000000000e+00
4.908000000000000114e+02 5.656854249492380582e+00 0.000000000000000000e+00
4.910000000000000000e+02 5.656854249492380582e+00 0.000000000000000000e+00
4.912000000000000455e+02 4.000000000000000000e+00 0.000000000000000000e+00
4.914000000000000341e+02 4.000000000000000000e+00 0.000000000000000000e+00
4.916000000000000227e+02 4.000000000000000000e+00 0.000000000000000000e+00
4.918000000000000114e+02 0.000000000000000000e+00 0.000000000000000000e+00
4.920000000000000000e+02 0.000000000000000000e+00 1.275000100000000000e+11
4.922000000000000455e+02 0.000000000000000000e+00 1.275000100000000000e+11
4.924000000000000341e+02 4.000000000000000000e+00 1.275000100000000000e+11
4.926000000000000227e+02 4.000000000000000000e+00 1.275000100000000000e+11
4.928000000000000114e+02 4.000000000000000000e+00 1.275000100000000000e+11
4.930000000000000000e+02 4.000000000000000000e+00 1.275000100000000000e+11
4.932000000000000455e+02 5.656854249492380582e+00 1.275000100000000000e+11
4.934000000000000341e+02 5.656854249492380582e+00 1.275000100000000000e+11
4.936000000000000227e+02 5.656854249492380582e+00 1.275000100000000000e+11
4.938000000000000114e+02 4.000000000000000000e+00 1.275000100000000000e+11
4.940000000000000000e+02 4.000000000000000000e+00 1.275000100000000000e+11
4.942000000000000455e+02 4.000000000000000000e+00 1.275000100000000000e+11
4.944000000000000341e+02 4.000000000000000000e+00 1.275000100000000000e+11
4.946000000000000227e+02 0.000000000000000000e+00 1.275000100000000000e+11
4.948000000000000114e+02 0.000000000000000000e+00 1.275000100000000000e+11
4.950000000000000000e+02 0.000000000000000000e+00 1.275000100000000000e+11
4.952000000000000455e+02 4.000000000000000000e+00 1.275000100000000000e+11
4.954000000000000341e+02 4.000000000000000000e+00 1.275000100000000000e+11
4.956000000000000227e+02 4.000000000000000000e+00 1.275000100000000000e+11
4.958000000000000114e+02 5.656854249492380582e+00 1.275000100000000000e+11
4.960000000000000000e+02 5.656854249492380582e+00 0.000000000000000000e+00
4.962000000000000455e+02 5.656854249492380582e+00 0.000000000000000000e+00
4.964000000000000341e+02 5.656854249492380582e+00 0.000000000000000000e+00
4.966000000000000227e+02 4.000000000000000000e+00 0.000000000000000000e+00
4.968000000000000114e+02 4.000000000000000000e+00 0.000000000000000000e+00
4.970000000000000000e+02 4.000000000000000000e+00 0.000000000000000000e+00
4.972000000000000455e+02 0.000000000000000000e+00 0.000000000000000000e+00
4.974000000000000341e+02 0.000000000000000000e+00 0.000000000000000000e+00
4.976000000000000227e+02 0.000000000000000000e+00 0.000000000000000000e+00
4.978000000000000114e+02 0.000000000000000000e+00 0.000000000000000000e+00
4.980000000000000000e+02 4.000000000000000000e+00 0.000000000000000000e+00
4.982000000000000455e+02 4.000000000000000000e+00 0.000000000000000000e+00
4.984000000000000341e+02 4.000000000000000000e+00 0.000000000000000000e+00
4.986000000000000227e+02 5.656854249492380582e+00 0.000000000000000000e+00
4.988000000000000114e+02 5.656854249492380582e+00 0.000000000000000000e+00
4.990000000000000000e+02 5.656854249492380582e+00 0.000000000000000000e+00
4.992000000000000455e+02 4.000000000000000000e+00 0.000000000000000000e+00
4.994000000000000341e+02 4.000000000000000000e+00 0.000000000000000000e+00
4.996000000000000227e+02 4.000000000000000000e+00 0.000000000000000000e+00
4.998000000000000114e+02 4.000000000000000000e+00 0.000000000000000000e+00
5.000000000000000000e+02 0.000000000000000000e+00 1.275000100000000000e+11
5.002000000000000455e+02 0.000000000000000000e+00 1.275000100000000000e+11
5.004000000000000341e+02 0.000000000000000000e+00 1.275000100000000000e+11
5.006000000000000227e+02 4.000000000000000000e+00 1.275000100000000000e+11
5.008000000000000114e+02 4.000000000000000000e+00 1.275000100000000000e+11
5.010000000000000000e+02 4.000000000000000000e+00 1.275000100000000000e+11
5.012000000000000455e+02 4.000000000000000000e+00 1.275000100000000000e+11
5.014000000000000341e+02 5.656854249492380582e+00 1.275000100000000000e+11
5.016000000000000227e+02 5.656854249492380582e+00 1.275000100000000000e+11
5.018000000000000114e+02 5.656854249492380582e+00 1.275000100000000000e+11
5.020000000000000000e+02 4.000000000000000000e+00 1.275000100000000000e+11
5.022000000000000455e+02 4.000000000000000000e+00 1.275000100000000000e+11
5.024000000000000341e+02 4.000000000000000000e+00 1.275000100000000000e+11
5.026000000000000227e+02 4.000000000000000000e+00 1.275000100000000000e+11
5.028000000000000114e+02 0.000000000000000000e+00 1.275000100000000000e+11
5.030000000000000000e+02 0.000000000000000000e+00 1.275000100000000000e+11
5.032000000000000455e+02 0.000000000000000000e+00 1.275000100000000000e+11
5.034000000000000341e+02 4.000000000000000000e+00 1.275000100000000000e+11
5.036000000000000227e+02 4.000000000000000000e+00 1.275000100000000000e+11
5.038000000000000114e+02 4.000000000000000000e+00 1.275000100000000000e+11
5.040000000000000000e+02 4.000000000000000000e+00 0.000000000000000000e+00
5.042000000000000455e+02 5.656854249492380582e+00 0.000000000000000000e+00
5.044000000000000341e+02 5.656854249492380582e+00 0.000000000000000000e+00
5.046000000000000227e+02 5.656854249492380582e+00 0.000000000000000000e+00
5.048000000000000114e+02 4.000000000000000000e+00 0.000000000000000000e+00
5.050000000000000000e+02 4.000000000000000000e+00 0.000000000000000000e+00
5.052000000000000455e+02 4.000000000000000000e+00 0.000000000000000000e+00
5.054000000000000341e+02 0.000000000000000000e+00 0.000000000000000000e+00
5.056000000000000227e+02 0.000000000000000000e+00 0.000000000000000000e+00
5.058000000000000114e+02 0.000000000000000000e+00 0.000000000000000000e+00
5.060000000000000000e+02 0.000000000000000000e+00 0.000000000000000000e+00
5.062000000000000455e+02 4.000000000000000000e+00 0.000000000000000000e+00
5.064000000000000341e+02 4.000000000000000000e+00 0.000000000000000000e+00
5.066000000000000227e+02 4.000000000000000000e+00 0.000000000000000000e+00
5.068000000000000114e+02 5.656854249492380582e+00 0.000000000000000000e+00
5.070000000000000000e+02 5.656854249492380582e+00 0.000000000000000000e+00
5.072000000000000455e+02 5.656854249492380582e+00 0.000000000000000000e+00
5.074000000000000341e+02 5.656854249492380582e+00 0.000000000000000000e+00
5.076000000000000227e+02 4.000000000000000000e+00 0.000000000000000000e+00
5.078000000000000114e+02 4.000000000000000000e+00 0.000000000000000000e+00
5.080000000000000000e+02 4.000000000000000000e+00 1.275000100000000000e+11
5.082000000000000455e+02 0.000000000000000000e+00 1.275000100000000000e+11
5.084000000000000341e+02 0.000000000000000000e+00 1.275000100000000000e+11
5.086000000000000227e+02 0.000000000000000000e+00 1.275000100000000000e+11
5.088000000000000114e+02 0.000000000000000000e+00 1.275000100000000000e+11
5.090000000000000000e+02 4.000000000000000000e+00 1.275000100000000000e+11
5.092000000000000455e+02 4.000000000000000000e+00 1.275000100000000000e+11
5.094000000000000341e+02 4.000000000000000000e+00 1.275000100000000000e+11
5.096000000000000227e+02 5.656854249492380582e+00 1.275000100000000000e+11
5.098000000000000114e+02 5.656854249492380582e+00 1.275000100000000000e+11
5.100000000000000000e+02 5.656854249492380582e+00 1.275000100000000000e+11
5.102000000000000455e+02 5.656854249492380582e+00 1.275000100000000000e+11
5.104000000000000341e+02 4.000000000000000000e+00 1.275000100000000000e+11
5.106000000000000227e+02 4.000000000000000000e+00 1.275000100000000000e+11
5.108000000000000114e+02 4.000000000000000000e+00 1.275000100000000000e+11
5.110000000000000000e+02 4.000000000000000000e+00 1.275000100000000000e+11
5.112000000000000455e+02 0.000000000000000000e+00 1.275000100000000000e+11
5.114000000000000341e+02 0.000000000000000000e+00 1.275000100000000000e+11
5.116000000000000227e+02 0.000000000000000000e+00 1.275000100000000000e+11
5.118000000000000114e+02 4.000000000000000000e+00 1.275000100000000000e+11
5.120000000000000000e+02 4.000000000000000000e+00 0.000000000000000000e+00
5.122000000000000455e+02 4.000000000000000000e+00 0.000000000000000000e+00
5.123999999999999773e+02 4.000000000000000000e+00 0.000000000000000000e+00
5.126000000000000227e+02 5.656854249492380582e+00 0.000000000000000000e+00
5.128000000000000682e+02 5.656854249492380582e+00 0.000000000000000000e+00
5.130000000000000000e+02 5.656854249492380582e+00 0.000000000000000000e+00
5.132000000000000455e+02 5.656854249492380582e+00 0.000000000000000000e+00
5.133999999999999773e+02 4.000000000000000000e+00 0.000000000000000000e+00
5.136000000000000227e+02 4.000000000000000000e+00 0.000000000000000000e+00
5.138000000000000682e+02 4.000000000000000000e+00 0.000000000000000000e+00
5.140000000000000000e+02 4.000000000000000000e+00 0.000000000000000000e+00
5.142000000000000455e+02 0.000000000000000000e+00 0.000000000000000000e+00
5.143999999999999773e+02 0.000000000000000000e+00 0.000000000000000000e+00
5.146000000000000227e+02 0.000000000000000000e+00 0.000000000000000000e+00
5.148000000000000682e+02 0.000000000000000000e+00 0.000000000000000000e+00
5.150000000000000000e+02 4.000000000000000000e+00 0.000000000000000000e+00
5.152000000000000455e+02 4.000000000000000000e+00 0.000000000000000000e+00
5.153999999999999773e+02 4.000000000000000000e+00 0.000000000000000000e+00
5.156000000000000227e+02 5.656854249492380582e+00 0.000000000000000000e+00
5.158000000000000682e+02 5.656854249492380582e+00 0.000000000000000000e+00
5.160000000000000000e+02 5.656854249492380582e+00 1.275000100000000000e+11
5.162000000000000455e+02 5.656854249492380582e+00 1.275000100000000000e+11
5.163999999999999773e+02 4.000000000000000000e+00 1.275000100000000000e+11
5.166000000000000227e+02 4.000000000000000000e+00 1.275000100000000000e+11
5.168000000000000682e+02 4.000000000000000000e+00 1.275000100000000000e+11
5.170000000000000000e+02 4.000000000000000000e+00 1.275000100000000000e+11
5.172000000000000455e+02 0.000000000000000000e+00 1.275000100000000000e+11
5.173999999999999773e+02 0.000000000000000000e+00 1.275000100000000000e+11
5.176000000000000227e+02 0.000000000000000000e+00 1.275000100000000000e+11
5.178000000000000682e+02 0.000000000000000000e+00 1.275000100000000000e+11
5.180000000000000000e+02 4.000000000000000000e+00 1.275000100000000000e+11
5.182000000000000455e+02 4.000000000000000000e+00 1.275000100000000000e+11
5.183999999999999773e+02 4.000000000000000000e+00 1.275000100000000000e+11
5.186000000000000227e+02 8.000000000000000000e+00 1.275000100000000000e+11
5.188000000000000682e+02 8.944271909999159220e+00 1.275000100000000000e+11
5.190000000000000000e+02 5.656854249492380582e+00 1.275000100000000000e+11
5.192000000000000455e+02 8.944271909999159220e+00 1.275000100000000000e+11
5.193999999999999773e+02 8.944271909999159220e+00 1.275000100000000000e+11
5.196000000000000227e+02 8.000000000000000000e+00 1.275000100000000000e+11
5.198000000000000682e+02 5.656854249492380582e+00 1.275000100000000000e+11
5.200000000000000000e+02 5.656854249492380582e+00 0.000000000000000000e+00
5.202000000000000455e+02 4.000000000000000000e+00 0.000000000000000000e+00
5.203999999999999773e+02 4.000000000000000000e+00 0.000000000000000000e+00
5.206000000000000227e+02 4.000000000000000000e+00 0.000000000000000000e+00
5.208000000000000682e+02 4.000000000000000000e+00 0.000000000000000000e+00
5.210000000000000000e+02 5.656854249492380582e+00 0.000000000000000000e+00
5.212000000000000455e+02 5.656854249492380582e+00 0.000000000000000000e+00
5.213999999999999773e+02 8.000000000000000000e+00 0.000000000000000000e+00
5.216000000000000227e+02 8.000000000000000000e+00 0.000000000000000000e+00
5.218000000000000682e+02 8.944271909999159220e+00 0.000000000000000000e+00
5.220000000000000000e+02 8.944271909999159220e+00 0.000000000000000000e+00
5.222000000000000455e+02 8.944271909999159220e+00 0.000000000000000000e+00
5.223999999999999773e+02 8.944271909999159220e+00 0.000000000000000000e+00
5.226000000000000227e+02 8.000000000000000000e+00 0.000000000000000000e+00
5.228000000000000682e+02 4.000000000000000000e+00 0.000000000000000000e+00
5.230000000000000000e+02 5.656854249492380582e+00 0.000000000000000000e+00
5.232000000000000455e+02 4.000000000000000000e+00 0.000000000000000000e+00
5.233999999999999773e+02 4.000000000000000000e+00 0.000000000000000000e+00
5.236000000000000227e+02 0.000000000000000000e+00 0.000000000000000000e+00
5.238000000000000682e+02 4.000000000000000000e+00 0.000000000000000000e+00
5.240000000000000000e+02 5.656854249492380582e+00 1.275000100000000000e+11
5.242000000000000455e+02 5.656854249492380582e+00 1.275000100000000000e+11
5.243999999999999773e+02 8.000000000000000000e+00 1.275000100000000000e+11
5.246000000000000227e+02 8.000000000000000000e+00 1.275000100000000000e+11
5.248000000000000682e+02 8.944271909999159220e+00 1.275000100000000000e+11
5.250000000000000000e+02 8.944271909999159220e+00 1.275000100000000000e+11
5.252000000000000455e+02 8.944271909999159220e+00 1.275000100000000000e+11
5.253999999999999773e+02 8.944271909999159220e+00 1.275000100000000000e+11
5.256000000000000227e+02 8.000000000000000000e+00 1.275000100000000000e+11
5.258000000000000682e+02 8.944271909999159220e+00 1.275000100000000000e+11
5.260000000000000000e+02 8.944271909999159220e+00 1.275000100000000000e+11
5.262000000000000455e+02 8.944271909999159220e+00 1.275000100000000000e+11
5.263999999999999773e+02 8.000000000000000000e+00 1.275000100000000000e+11
5.266000000000000227e+02 5.656854249492380582e+00 1.275000100000000000e+11
5.268000000000000682e+02 8.944271909999159220e+00 1.275000100000000000e+11
5.270000000000000000e+02 8.000000000000000000e+00 1.275000100000000000e+11
5.272000000000000455e+02 1.131370849898476116e+01 1.275000100000000000e+11
5.273999999999999773e+02 1.442220510185595650e+01 1.275000100000000000e+11
5.276000000000000227e+02 1.649242250247064234e+01 1.275000100000000000e+11
5.278000000000000682e+02 1.649242250247064234e+01 1.275000100000000000e+11
5.280000000000000000e+02 1.788854381999831844e+01 0.000000000000000000e+00
5.282000000000000455e+02 1.697056274847713908e+01 0.000000000000000000e+00
5.283999999999999773e+02 1.649242250247064234e+01 0.000000000000000000e+00
5.286000000000000227e+02 1.600000000000000000e+01 0.000000000000000000e+00
5.288000000000000682e+02 1.649242250247064234e+01 0.000000000000000000e+00
5.290000000000000000e+02 1.442220510185595650e+01 0.000000000000000000e+00
5.292000000000000455e+02 1.264911064067351809e+01 0.000000000000000000e+00
5.293999999999999773e+02 1.200000000000000000e+01 0.000000000000000000e+00
5.296000000000000227e+02 1.131370849898476116e+01 0.000000000000000000e+00
5.298000000000000682e+02 1.264911064067351809e+01 0.000000000000000000e+00
5.300000000000000000e+02 1.200000000000000000e+01 0.000000000000000000e+00
5.302000000000000455e+02 1.442220510185595650e+01 0.000000000000000000e+00
5.303999999999999773e+02 1.442220510185595650e+01 0.000000000000000000e+00
5.306000000000000227e+02 1.649242250247064234e+01 0.000000000000000000e+00
5.308000000000000682e+02 1.600000000000000000e+01 0.000000000000000000e+00
5.310000000000000000e+02 1.788854381999831844e+01 0.000000000000000000e+00
5.312000000000000455e+02 1.697056274847713908e+01 0.000000000000000000e+00
5.313999999999999773e+02 1.788854381999831844e+01 0.000000000000000000e+00
5.316000000000000227e+02 1.600000000000000000e+01 0.000000000000000000e+00
5.318000000000000682e+02 1.264911064067351809e+01 0.000000000000000000e+00
5.320000000000000000e+02 1.442220510185595650e+01 1.275000100000000000e+11
5.322000000000000455e+02 1.264911064067351809e+01 1.275000100000000000e+11
5.323999999999999773e+02 1.200000000000000000e+01 1.275000100000000000e+11
5.326000000000000227e+02 1.264911064067351809e+01 1.275000100000000000e+11
5.328000000000000682e+02 1.442220510185595650e+01 1.275000100000000000e+11
5.330000000000000000e+02 1.600000000000000000e+01 1.275000100000000000e+11
5.332000000000000455e+02 1.649242250247064234e+01 1.275000100000000000e+11
5.333999999999999773e+02 1.697056274847713908e+01 1.275000100000000000e+11
5.336000000000000227e+02 2.154065922853801496e+01 1.275000100000000000e+11
5.338000000000000682e+02 2.400000000000000000e+01 1.275000100000000000e+11
5.340000000000000000e+02 2.529822128134703618e+01 1.275000100000000000e+11
5.342000000000000455e+02 2.561249694973139412e+01 1.275000100000000000e+11
5.343999999999999773e+02 2.683281572999747766e+01 1.275000100000000000e+11
5.346000000000000227e+02 2.828427124746190202e+01 1.275000100000000000e+11
5.348000000000000682e+02 2.912043955712207222e+01 1.275000100000000000e+11
5.350000000000000000e+02 2.884441020371191300e+01 1.275000100000000000e+11
5.352000000000000455e+02 2.683281572999747766e+01 1.275000100000000000e+11
5.353999999999999773e+02 2.800000000000000000e+01 1.275000100000000000e+11
5.356000000000000227e+02 3.046309242345563462e+01 1.275000100000000000e+11
5.358000000000000682e+02 3.124099870362661591e+01 1.275000100000000000e+11
5.360000000000000000e+02 3.298484500494128469e+01 0.000000000000000000e+00
5.362000000000000455e+02 3.224903099319419653e+01 0.000000000000000000e+00
5.363999999999999773e+02 3.440930106817050671e+01 0.000000000000000000e+00
5.366000000000000227e+02 3.773592452822641263e+01 0.000000000000000000e+00
5.368000000000000682e+02 3.687817782917154830e+01 0.000000000000000000e+00
5.370000000000000000e+02 3.687817782917154830e+01 0.000000000000000000e+00
5.372000000000000455e+02 3.773592452822641263e+01 0.000000000000000000e+00
5.373999999999999773e+02 3.773592452822641263e+01 0.000000000000000000e+00
5.376000000000000227e+02 3.687817782917154830e+01 0.000000000000000000e+00
5.378000000000000682e+02 3.687817782917154830e+01 0.000000000000000000e+00
5.380000000000000000e+02 3.440930106817050671e+01 0.000000000000000000e+00
5.382000000000000455e+02 3.224903099319419653e+01 0.000000000000000000e+00
5.383999999999999773e+02 3.224903099319419653e+01 0.000000000000000000e+00
5.386000000000000227e+02 2.912043955712207222e+01 0.000000000000000000e+00
5.388000000000000682e+02 2.828427124746190202e+01 0.000000000000000000e+00
5.390000000000000000e+02 3.046309242345563462e+01 0.000000000000000000e+00
5.392000000000000455e+02 3.224903099319419653e+01 0.000000000000000000e+00
5.393999999999999773e+02 3.224903099319419653e+01 0.000000000000000000e+00
5.396000000000000227e+02 3.440930106817050671e+01 0.000000000000000000e+00
5.398000000000000682e+02 3.298484500494128469e+01 0.000000000000000000e+00
5.400000000000000000e+02 3.224903099319419653e+01 1.275000100000000000e+11
5.402000000000000455e+02 3.773592452822641263e+01 1.275000100000000000e+11
5.403999999999999773e+02 4.000000000000000000e+01 1.275000100000000000e+11
5.406000000000000227e+02 4.176122603564220270e+01 1.275000100000000000e+11
5.408000000000000682e+02 4.019950248448355978e+01 1.275000100000000000e+11
5.410000000000000000e+02 4.118252056394800320e+01 1.275000100000000000e+11
5.412000000000000455e+02 4.326661530556787483e+01 1.275000100000000000e+11
5.413999999999999773e+02 4.472135954999579610e+01 1.275000100000000000e+11
5.416000000000000227e+02 4.560701700396551672e+01 1.275000100000000000e+11
5.418000000000000682e+02 4.816637831516918311e+01 1.275000100000000000e+11
5.420000000000000000e+02 4.833218389437828932e+01 1.275000100000000000e+11
5.422000000000000455e+02 5.600000000000000000e+01 1.275000100000000000e+11
5.423999999999999773e+02 5.727128425310541360e+01 1.275000100000000000e+11
5.426000000000000227e+02 6.511528238439882443e+01 1.275000100000000000e+11
5.428000000000000682e+02 6.705221845696084415e+01 1.275000100000000000e+11
5.430000000000000000e+02 7.211102550927978427e+01 1.275000100000000000e+11
5.432000000000000455e+02 7.694153624668537361e+01 1.275000100000000000e+11
5.433999999999999773e+02 8.246211251235321527e+01 1.275000100000000000e+11
5.436000000000000227e+02 8.352245207128440541e+01 1.275000100000000000e+11
5.438000000000000682e+02 8.881441324469807341e+01 1.275000100000000000e+11
5.440000000000000000e+02 8.988882021697692437e+01 0.000000000000000000e+00
5.442000000000000455e+02 8.988882021697692437e+01 0.000000000000000000e+00
5.443999999999999773e+02 8.485281374238570606e+01 0.000000000000000000e+00
5.446000000000000227e+02 8.352245207128440541e+01 0.000000000000000000e+00
5.448000000000000682e+02 8.504116650187719983e+01 0.000000000000000000e+00
5.450000000000000000e+02 8.246211251235321527e+01 0.000000000000000000e+00
5.452000000000000455e+02 8.409518416651455652e+01 0.000000000000000000e+00
5.453999999999999773e+02 8.588364221433555201e+01 0.000000000000000000e+00
5.456000000000000227e+02 8.560373823613078059e+01 0.000000000000000000e+00
5.458000000000000682e+02 8.634813257969160816e+01 0.000000000000000000e+00
5.460000000000000000e+02 8.551023330572779457e+01 0.000000000000000000e+00
5.462000000000000455e+02 8.653323061113574965e+01 0.000000000000000000e+00
5.463999999999999773e+02 8.438009243891595190e+01 0.000000000000000000e+00
5.466000000000000227e+02 8.089499366462673891e+01 0.000000000000000000e+00
5.468000000000000682e+02 8.246211251235321527e+01 0.000000000000000000e+00
5.470000000000000000e+02 8.000000000000000000e+01 0.000000000000000000e+00
5.472000000000000455e+02 7.694153624668537361e+01 0.000000000000000000e+00
5.473999999999999773e+02 7.610519036176178531e+01 0.000000000000000000e+00
5.476000000000000227e+02 7.353910524340093957e+01 0.000000000000000000e+00
5.478000000000000682e+02 7.375635565834309659e+01 0.000000000000000000e+00
5.480000000000000000e+02 7.472616676907762212e+01 1.275000100000000000e+11
5.482000000000000455e+02 7.694153624668537361e+01 1.275000100000000000e+11
5.483999999999999773e+02 8.438009243891595190e+01 1.275000100000000000e+11
5.486000000000000227e+02 8.988882021697692437e+01 1.275000100000000000e+11
5.488000000000000682e+02 9.338094023943001787e+01 1.275000100000000000e+11
5.490000000000000000e+02 9.895453501482384695e+01 1.275000100000000000e+11
5.492000000000000455e+02 1.056030302595526820e+02 1.275000100000000000e+11
5.493999999999999773e+02 1.127120224288429711e+02 1.275000100000000000e+11
5.496000000000000227e+02 1.162755348299890699e+02 1.275000100000000000e+11
5.498000000000000682e+02 1.203328716519305885e+02 1.275000100000000000e+11
5.500000000000000000e+02 1.245792920191794906e+02 1.275000100000000000e+11
5.502000000000000455e+02 1.302919797992186375e+02 1.275000100000000000e+11
5.503999999999999773e+02 1.374627222195166496e+02 1.275000100000000000e+11
5.506000000000000227e+02 1.432201103197452596e+02 1.275000100000000000e+11
5.508000000000000682e+02 1.503595690337000121e+02 1.275000100000000000e+11
5.510000000000000000e+02 1.560512736250492765e+02 1.275000100000000000e+11
5.512000000000000455e+02 1.329661611087572908e+02 1.275000100000000000e+11
5.513999999999999773e+02 1.302919797992186375e+02 1.275000100000000000e+11
5.516000000000000227e+02 1.216552506059643974e+02 1.275000100000000000e+11
5.518000000000000682e+02 1.114271062174729536e+02 1.275000100000000000e+11
5.520000000000000000e+02 1.043072384832423865e+02 0.000000000000000000e+00
5.522000000000000455e+02 1.056787585089832504e+02 0.000000000000000000e+00
5.523999999999999773e+02 1.032279032045115201e+02 0.000000000000000000e+00
5.526000000000000227e+02 1.059056183589898126e+02 0.000000000000000000e+00
5.528000000000000682e+02 1.067333125130106737e+02 0.000000000000000000e+00
5.530000000000000000e+02 1.056030302595526820e+02 0.000000000000000000e+00
5.532000000000000455e+02 1.037689741685827727e+02 0.000000000000000000e+00
5.533999999999999773e+02 1.003194896318756264e+02 0.000000000000000000e+00
5.536000000000000227e+02 9.879271228182774678e+01 0.000000000000000000e+00
5.538000000000000682e+02 9.616652224137045835e+01 0.000000000000000000e+00
5.540000000000000000e+02 9.363759928575700542e+01 0.000000000000000000e+00
5.542000000000000455e+02 9.234717104492156636e+01 0.000000000000000000e+00
5.543999999999999773e+02 9.329523031752481188e+01 0.000000000000000000e+00
5.546000000000000227e+02 9.208691546577070142e+01 0.000000000000000000e+00
5.548000000000000682e+02 9.338094023943001787e+01 0.000000000000000000e+00
5.550000000000000000e+02 9.121403400793103344e+01 0.000000000000000000e+00
5.552000000000000455e+02 9.068627239003707530e+01 0.000000000000000000e+00
5.553999999999999773e+02 9.303762679690406401e+01 0.000000000000000000e+00
5.556000000000000227e+02 9.200000000000000000e+01 0.000000000000000000e+00
5.558000000000000682e+02 9.138927727036690385e+01 0.000000000000000000e+00
5.560000000000000000e+02 9.338094023943001787e+01 1.275000100000000000e+11
5.562000000000000455e+02 8.475848040166836483e+01 1.275000100000000000e+11
5.563999999999999773e+02 8.009993757800314995e+01 1.275000100000000000e+11
5.566000000000000227e+02 7.155417527999327376e+01 1.275000100000000000e+11
5.568000000000000682e+02 6.811754546370561059e+01 1.275000100000000000e+11
5.570000000000000000e+02 6.209669878504009688e+01 1.275000100000000000e+11
5.572000000000000455e+02 5.656854249492380404e+01 1.275000100000000000e+11
5.573999999999999773e+02 5.215361924162119323e+01 1.275000100000000000e+11
5.576000000000000227e+02 4.664761515876240594e+01 1.275000100000000000e+11
5.578000000000000682e+02 4.418144406874904462e+01 1.275000100000000000e+11
5.580000000000000000e+02 4.308131845707602992e+01 1.275000100000000000e+11
5.582000000000000455e+02 4.252058325093859992e+01 1.275000100000000000e+11
5.583999999999999773e+02 3.939543120718441571e+01 1.275000100000000000e+11
5.586000000000000227e+02 4.000000000000000000e+01 1.275000100000000000e+11
5.588000000000000682e+02 3.794733192202055250e+01 1.275000100000000000e+11
5.590000000000000000e+02 3.394112549695427816e+01 1.275000100000000000e+11
5.592000000000000455e+02 3.046309242345563462e+01 1.275000100000000000e+11
5.593999999999999773e+02 3.200000000000000000e+01 1.275000100000000000e+11
5.596000000000000227e+02 2.529822128134703618e+01 1.275000100000000000e+11
5.598000000000000682e+02 2.561249694973139412e+01 1.275000100000000000e+11
5.600000000000000000e+02 2.154065922853801496e+01 0.000000000000000000e+00
5.602000000000000455e+02 2.000000000000000000e+01 0.000000000000000000e+00
5.603999999999999773e+02 1.788854381999831844e+01 0.000000000000000000e+00
5.606000000000000227e+02 2.000000000000000000e+01 0.000000000000000000e+00
5.608000000000000682e+02 2.039607805437113797e+01 0.000000000000000000e+00
5.610000000000000000e+02 2.039607805437113797e+01 0.000000000000000000e+00
5.612000000000000455e+02 2.000000000000000000e+01 0.000000000000000000e+00
5.613999999999999773e+02 2.154065922853801496e+01 0.000000000000000000e+00
5.616000000000000227e+02 2.400000000000000000e+01 0.000000000000000000e+00
5.618000000000000682e+02 2.529822128134703618e+01 0.000000000000000000e+00
5.620000000000000000e+02 2.561249694973139412e+01 0.000000000000000000e+00
5.622000000000000455e+02 2.332380757938120297e+01 0.000000000000000000e+00
5.623999999999999773e+02 2.433105012119287736e+01 0.000000000000000000e+00
5.626000000000000227e+02 2.039607805437113797e+01 0.000000000000000000e+00
5.628000000000000682e+02 2.000000000000000000e+01 0.000000000000000000e+00
5.630000000000000000e+02 2.000000000000000000e+01 0.000000000000000000e+00
5.632000000000000455e+02 2.039607805437113797e+01 0.000000000000000000e+00
5.633999999999999773e+02 1.649242250247064234e+01 0.000000000000000000e+00
5.636000000000000227e+02 1.697056274847713908e+01 0.000000000000000000e+00
5.638000000000000682e+02 1.649242250247064234e+01 0.000000000000000000e+00
5.640000000000000000e+02 1.649242250247064234e+01 1.275000100000000000e+11
5.642000000000000455e+02 2.000000000000000000e+01 1.275000100000000000e+11
5.643999999999999773e+02 1.788854381999831844e+01 1.275000100000000000e+11
5.646000000000000227e+02 1.649242250247064234e+01 1.275000100000000000e+11
5.648000000000000682e+02 1.649242250247064234e+01 1.275000100000000000e+11
5.650000000000000000e+02 1.788854381999831844e+01 1.275000100000000000e+11
5.652000000000000455e+02 1.442220510185595650e+01 1.275000100000000000e+11
5.653999999999999773e+02 1.264911064067351809e+01 1.275000100000000000e+11
5.656000000000000227e+02 1.200000000000000000e+01 1.275000100000000000e+11
5.658000000000000682e+02 1.264911064067351809e+01 1.275000100000000000e+11
5.660000000000000000e+02 1.131370849898476116e+01 1.275000100000000000e+11
5.662000000000000455e+02 8.944271909999159220e+00 1.275000100000000000e+11
5.663999999999999773e+02 8.000000000000000000e+00 1.275000100000000000e+11
5.666000000000000227e+02 5.656854249492380582e+00 1.275000100000000000e+11
5.668000000000000682e+02 4.000000000000000000e+00 1.275000100000000000e+11
5.670000000000000000e+02 4.000000000000000000e+00 1.275000100000000000e+11
5.672000000000000455e+02 5.656854249492380582e+00 1.275000100000000000e+11
5.673999999999999773e+02 8.944271909999159220e+00 1.275000100000000000e+11
5.676000000000000227e+02 8.000000000000000000e+00 1.275000100000000000e+11
5.678000000000000682e+02 8.000000000000000000e+00 1.275000100000000000e+11
5.680000000000000000e+02 8.944271909999159220e+00 0.000000000000000000e+00
5.682000000000000455e+02 5.656854249492380582e+00 0.000000000000000000e+00
5.683999999999999773e+02 8.944271909999159220e+00 0.000000000000000000e+00
5.686000000000000227e+02 8.000000000000000000e+00 0.000000000000000000e+00
5.688000000000000682e+02 8.000000000000000000e+00 0.000000000000000000e+00
5.690000000000000000e+02 4.000000000000000000e+00 0.000000000000000000e+00
5.692000000000000455e+02 5.656854249492380582e+00 0.000000000000000000e+00
5.693999999999999773e+02 4.000000000000000000e+00 0.000000000000000000e+00
5.696000000000000227e+02 4.000000000000000000e+00 0.000000000000000000e+00
5.698000000000000682e+02 0.000000000000000000e+00 0.000000000000000000e+00
5.700000000000000000e+02 4.000000000000000000e+00 0.000000000000000000e+00
5.702000000000000455e+02 5.656854249492380582e+00 0.000000000000000000e+00
5.703999999999999773e+02 4.000000000000000000e+00 0.000000000000000000e+00
5.706000000000000227e+02 4.000000000000000000e+00 0.000000000000000000e+00
5.708000000000000682e+02 8.000000000000000000e+00 0.000000000000000000e+00
5.710000000000000000e+02 8.944271909999159220e+00 0.000000000000000000e+00
5.712000000000000455e+02 5.656854249492380582e+00 0.000000000000000000e+00
5.713999999999999773e+02 8.944271909999159220e+00 0.000000000000000000e+00
5.716000000000000227e+02 8.944271909999159220e+00 0.000000000000000000e+00
5.718000000000000682e+02 8.000000000000000000e+00 0.000000000000000000e+00
5.720000000000000000e+02 4.000000000000000000e+00 1.275000100000000000e+11
5.722000000000000455e+02 4.000000000000000000e+00 1.275000100000000000e+11
5.723999999999999773e+02 0.000000000000000000e+00 1.275000100000000000e+11
5.726000000000000227e+02 0.000000000000000000e+00 1.275000100000000000e+11
5.728000000000000682e+02 0.000000000000000000e+00 1.275000100000000000e+11
5.730000000000000000e+02 0.000000000000000000e+00 1.275000100000000000e+11
5.732000000000000455e+02 4.000000000000000000e+00 1.275000100000000000e+11
5.733999999999999773e+02 4.000000000000000000e+00 1.275000100000000000e+11
5.736000000000000227e+02 4.000000000000000000e+00 1.275000100000000000e+11
5.738000000000000682e+02 4.000000000000000000e+00 1.275000100000000000e+11
5.740000000000000000e+02 5.656854249492380582e+00 1.275000100000000000e+11
5.742000000000000455e+02 5.656854249492380582e+00 1.275000100000000000e+11
5.743999999999999773e+02 5.656854249492380582e+00 1.275000100000000000e+11
5.746000000000000227e+02 5.656854249492380582e+00 1.275000100000000000e+11
5.748000000000000682e+02 4.000000000000000000e+00 1.275000100000000000e+11
5.750000000000000000e+02 4.000000000000000000e+00 1.275000100000000000e+11
5.752000000000000455e+02 4.000000000000000000e+00 1.275000100000000000e+11
5.753999999999999773e+02 4.000000000000000000e+00 1.275000100000000000e+11
5.756000000000000227e+02 0.000000000000000000e+00 1.275000100000000000e+11
5.758000000000000682e+02 0.000000000000000000e+00 1.275000100000000000e+11
5.760000000000000000e+02 0.000000000000000000e+00 0.000000000000000000e+00
5.762000000000000455e+02 4.000000000000000000e+00 0.000000000000000000e+00
5.763999999999999773e+02 4.000000000000000000e+00 0.000000000000000000e+00
5.766000000000000227e+02 4.000000000000000000e+00 0.000000000000000000e+00
5.768000000000000682e+02 4.000000000000000000e+00 0.000000000000000000e+00
5.770000000000000000e+02 5.656854249492380582e+00 0.000000000000000000e+00
5.772000000000000455e+02 5.656854249492380582e+00 0.000000000000000000e+00
5.773999999999999773e+02 5.656854249492380582e+00 0.000000000000000000e+00
5.776000000000000227e+02 4.000000000000000000e+00 0.000000000000000000e+00
5.778000000000000682e+02 4.000000000000000000e+00 0.000000000000000000e+00
5.780000000000000000e+02 4.000000000000000000e+00 0.000000000000000000e+00
5.782000000000000455e+02 4.000000000000000000e+00 0.000000000000000000e+00
5.783999999999999773e+02 0.000000000000000000e+00 0.000000000000000000e+00
5.786000000000000227e+02 0.000000000000000000e+00 0.000000000000000000e+00
5.788000000000000682e+02 0.000000000000000000e+00 0.000000000000000000e+00
5.790000000000000000e+02 4.000000000000000000e+00 0.000000000000000000e+00
5.792000000000000455e+02 4.000000000000000000e+00 0.000000000000000000e+00
5.793999999999999773e+02 4.000000000000000000e+00 0.000000000000000000e+00
5.796000000000000227e+02 4.000000000000000000e+00 0.000000000000000000e+00
5.798000000000000682e+02 5.656854249492380582e+00 0.000000000000000000e+00
5.800000000000000000e+02 5.656854249492380582e+00 1.275000100000000000e+11
5.802000000000000455e+02 5.656854249492380582e+00 1.275000100000000000e+11
5.803999999999999773e+02 4.000000000000000000e+00 1.275000100000000000e+11
5.806000000000000227e+02 4.000000000000000000e+00 1.275000100000000000e+11
5.808000000000000682e+02 4.000000000000000000e+00 1.275000100000000000e+11
5.810000000000000000e+02 4.000000000000000000e+00 1.275000100000000000e+11
5.812000000000000455e+02 0.000000000000000000e+00 1.275000100000000000e+11
5.813999999999999773e+02 0.000000000000000000e+00 1.275000100000000000e+11
5.816000000000000227e+02 0.000000000000000000e+00 1.275000100000000000e+11
5.818000000000000682e+02 4.000000000000000000e+00 1.275000100000000000e+11
5.820000000000000000e+02 4.000000000000000000e+00 1.275000100000000000e+11
5.822000000000000455e+02 4.000000000000000000e+00 1.275000100000000000e+11
5.823999999999999773e+02 4.000000000000000000e+00 1.275000100000000000e+11
5.826000000000000227e+02 5.656854249492380582e+00 1.275000100000000000e+11
5.828000000000000682e+02 5.656854249492380582e+00 1.275000100000000000e+11
5.830000000000000000e+02 5.656854249492380582e+00 1.275000100000000000e+11
5.832000000000000455e+02 4.000000000000000000e+00 1.275000100000000000e+11
5.833999999999999773e+02 4.000000000000000000e+00 1.275000100000000000e+11
5.836000000000000227e+02 4.000000000000000000e+00 1.275000100000000000e+11
5.838000000000000682e+02 0.000000000000000000e+00 1.275000100000000000e+11
5.840000000000000000e+02 0.000000000000000000e+00 0.000000000000000000e+00
5.842000000000000455e+02 0.000000000000000000e+00 0.000000000000000000e+00
5.843999999999999773e+02 0.000000000000000000e+00 0.000000000000000000e+00
5.846000000000000227e+02 4.000000000000000000e+00 0.000000000000000000e+00
5.848000000000000682e+02 4.000000000000000000e+00 0.000000000000000000e+00
5.850000000000000000e+02 4.000000000000000000e+00 0.000000000000000000e+00
5.852000000000000455e+02 5.656854249492380582e+00 0.000000000000000000e+00
5.853999999999999773e+02 5.656854249492380582e+00 0.000000000000000000e+00
5.856000000000000227e+02 5.656854249492380582e+00 0.000000000000000000e+00
5.858000000000000682e+02 5.656854249492380582e+00 0.000000000000000000e+00
5.860000000000000000e+02 4.000000000000000000e+00 0.000000000000000000e+00
5.862000000000000455e+02 4.000000000000000000e+00 0.000000000000000000e+00
5.863999999999999773e+02 4.000000000000000000e+00 0.000000000000000000e+00
5.866000000000000227e+02 0.000000000000000000e+00 0.000000000000000000e+00
5.868000000000000682e+02 0.000000000000000000e+00 0.000000000000000000e+00
5.870000000000000000e+02 0.000000000000000000e+00 0.000000000000000000e+00
5.872000000000000455e+02 4.000000000000000000e+00 0.000000000000000000e+00
5.873999999999999773e+02 4.000000000000000000e+00 0.000000000000000000e+00
5.876000000000000227e+02 4.000000000000000000e+00 0.000000000000000000e+00
5.878000000000000682e+02 4.000000000000000000e+00 0.000000000000000000e+00
5.880000000000000000e+02 5.656854249492380582e+00 1.275000100000000000e+11
5.882000000000000455e+02 5.656854249492380582e+00 1.275000100000000000e+11
5.883999999999999773e+02 5.656854249492380582e+00 1.275000100000000000e+11
5.886000000000000227e+02 4.000000000000000000e+00 1.275000100000000000e+11
5.888000000000000682e+02 4.000000000000000000e+00 1.275000100000000000e+11
5.890000000000000000e+02 4.000000000000000000e+00 1.275000100000000000e+11
5.892000000000000455e+02 4.000000000000000000e+00 1.275000100000000000e+11
5.893999999999999773e+02 0.000000000000000000e+00 1.275000100000000000e+11
5.896000000000000227e+02 0.000000000000000000e+00 1.275000100000000000e+11
5.898000000000000682e+02 0.000000000000000000e+00 1.275000100000000000e+11
5.900000000000000000e+02 4.000000000000000000e+00 1.275000100000000000e+11
5.902000000000000455e+02 4.000000000000000000e+00 1.275000100000000000e+11
5.903999999999999773e+02 4.000000000000000000e+00 1.275000100000000000e+11
5.906000000000000227e+02 5.656854249492380582e+00 1.275000100000000000e+11
5.908000000000000682e+02 5.656854249492380582e+00 1.275000100000000000e+11
5.910000000000000000e+02 5.656854249492380582e+00 1.275000100000000000e+11
5.912000000000000455e+02 5.656854249492380582e+00 1.275000100000000000e+11
5.913999999999999773e+02 4.000000000000000000e+00 1.275000100000000000e+11
5.916000000000000227e+02 4.000000000000000000e+00 1.275000100000000000e+11
5.918000000000000682e+02 4.000000000000000000e+00 1.275000100000000000e+11
5.920000000000000000e+02 0.000000000000000000e+00 0.000000000000000000e+00
5.922000000000000455e+02 0.000000000000000000e+00 0.000000000000000000e+00
5.923999999999999773e+02 0.000000000000000000e+00 0.000000000000000000e+00
5.926000000000000227e+02 0.000000000000000000e+00 0.000000000000000000e+00
5.928000000000000682e+02 4.000000000000000000e+00 0.000000000000000000e+00
5.930000000000000000e+02 4.000000000000000000e+00 0.000000000000000000e+00
5.932000000000000455e+02 4.000000000000000000e+00 0.000000000000000000e+00
5.933999999999999773e+02 5.656854249492380582e+00 0.000000000000000000e+00
5.936000000000000227e+02 5.656854249492380582e+00 0.000000000000000000e+00
5.938000000000000682e+02 5.656854249492380582e+00 0.000000000000000000e+00
5.940000000000000000e+02 4.000000000000000000e+00 0.000000000000000000e+00
5.942000000000000455e+02 4.000000000000000000e+00 0.000000000000000000e+00
5.943999999999999773e+02 4.000000000000000000e+00 0.000000000000000000e+00
5.946000000000000227e+02 4.000000000000000000e+00 0.000000000000000000e+00
5.948000000000000682e+02 0.000000000000000000e+00 0.000000000000000000e+00
5.950000000000000000e+02 0.000000000000000000e+00 0.000000000000000000e+00
5.952000000000000455e+02 0.000000000000000000e+00 0.000000000000000000e+00
5.953999999999999773e+02 4.000000000000000000e+00 0.000000000000000000e+00
5.956000000000000227e+02 4.000000000000000000e+00 0.000000000000000000e+00
5.958000000000000682e+02 4.000000000000000000e+00 0.000000000000000000e+00
5.960000000000000000e+02 4.000000000000000000e+00 1.275000100000000000e+11
5.962000000000000455e+02 5.656854249492380582e+00 1.275000100000000000e+11
5.963999999999999773e+02 5.656854249492380582e+00 1.275000100000000000e+11
5.966000000000000227e+02 5.656854249492380582e+00 1.275000100000000000e+11
5.968000000000000682e+02 4.000000000000000000e+00 1.275000100000000000e+11
5.970000000000000000e+02 4.000000000000000000e+00 1.275000100000000000e+11
5.972000000000000455e+02 4.000000000000000000e+00 1.275000100000000000e+11
5.973999999999999773e+02 0.000000000000000000e+00 1.275000100000000000e+11
5.976000000000000227e+02 0.000000000000000000e+00 1.275000100000000000e+11
5.978000000000000682e+02 0.000000000000000000e+00 1.275000100000000000e+11
5.980000000000000000e+02 0.000000000000000000e+00 1.275000100000000000e+11
5.982000000000000455e+02 4.000000000000000000e+00 1.275000100000000000e+11
5.983999999999999773e+02 4.000000000000000000e+00 1.275000100000000000e+11
5.986000000000000227e+02 4.000000000000000000e+00 1.275000100000000000e+11
5.988000000000000682e+02 5.656854249492380582e+00 1.275000100000000000e+11
5.990000000000000000e+02 5.656854249492380582e+00 1.275000100000000000e+11
5.992000000000000455e+02 5.656854249492380582e+00 1.275000100000000000e+11
5.993999999999999773e+02 5.656854249492380582e+00 1.275000100000000000e+11
5.996000000000000227e+02 4.000000000000000000e+00 1.275000100000000000e+11
5.998000000000000682e+02 4.000000000000000000e+00 1.275000100000000000e+11
