6.000000000000000000e+02 4.000000000000000000e+00 0.000000000000000000e+00
6.002000000000000455e+02 4.000000000000000000e+00 0.000000000000000000e+00
6.003999999999999773e+02 5.656854249492380582e+00 0.000000000000000000e+00
6.006000000000000227e+02 5.656854249492380582e+00 0.000000000000000000e+00
6.008000000000000682e+02 5.656854249492380582e+00 0.000000000000000000e+00
6.010000000000000000e+02 5.656854249492380582e+00 0.000000000000000000e+00
6.012000000000000455e+02 5.656854249492380582e+00 0.000000000000000000e+00
6.013999999999999773e+02 5.656854249492380582e+00 0.000000000000000000e+00
6.016000000000000227e+02 5.656854249492380582e+00 0.000000000000000000e+00
6.018000000000000682e+02 5.656854249492380582e+00 0.000000000000000000e+00
6.020000000000000000e+02 5.656854249492380582e+00 0.000000000000000000e+00
6.022000000000000455e+02 5.656854249492380582e+00 0.000000000000000000e+00
6.023999999999999773e+02 4.000000000000000000e+00 0.000000000000000000e+00
6.026000000000000227e+02 5.656854249492380582e+00 0.000000000000000000e+00
6.028000000000000682e+02 5.656854249492380582e+00 0.000000000000000000e+00
6.030000000000000000e+02 5.656854249492380582e+00 0.000000000000000000e+00
6.032000000000000455e+02 5.656854249492380582e+00 0.000000000000000000e+00
6.033999999999999773e+02 5.656854249492380582e+00 0.000000000000000000e+00
6.036000000000000227e+02 5.656854249492380582e+00 0.000000000000000000e+00
6.038000000000000682e+02 5.656854249492380582e+00 0.000000000000000000e+00
6.040000000000000000e+02 5.656854249492380582e+00 1.300000100000000000e+11
6.042000000000000455e+02 5.656854249492380582e+00 1.300000100000000000e+11
6.043999999999999773e+02 4.000000000000000000e+00 1.300000100000000000e+11
6.046000000000000227e+02 5.656854249492380582e+00 1.300000100000000000e+11
6.048000000000000682e+02 4.000000000000000000e+00 1.300000100000000000e+11
6.050000000000000000e+02 5.656854249492380582e+00 1.300000100000000000e+11
6.052000000000000455e+02 5.656854249492380582e+00 1.300000100000000000e+11
6.053999999999999773e+02 5.656854249492380582e+00 1.300000100000000000e+11
6.056000000000000227e+02 5.656854249492380582e+00 1.300000100000000000e+11
6.058000000000000682e+02 5.656854249492380582e+00 1.300000100000000000e+11
6.060000000000000000e+02 5.656854249492380582e+00 1.300000100000000000e+11
6.062000000000000455e+02 5.656854249492380582e+00 1.300000100000000000e+11
6.063999999999999773e+02 5.656854249492380582e+00 1.300000100000000000e+11
6.066000000000000227e+02 5.656854249492380582e+00 1.300000100000000000e+11
6.068000000000000682e+02 5.656854249492380582e+00 1.300000100000000000e+11
6.070000000000000000e+02 4.000000000000000000e+00 1.300000100000000000e+11
6.072000000000000455e+02 4.000000000000000000e+00 1.300000100000000000e+11
6.073999999999999773e+02 4.000000000000000000e+00 1.300000100000000000e+11
6.076000000000000227e+02 0.000000000000000000e+00 1.300000100000000000e+11
6.078000000000000682e+02 0.000000000000000000e+00 1.300000100000000000e+11
6.080000000000000000e+02 0.000000000000000000e+00 0.000000000000000000e+00
6.082000000000000455e+02 0.000000000000000000e+00 0.000000000000000000e+00
6.083999999999999773e+02 5.656854249492380582e+00 0.000000000000000000e+00
6.086000000000000227e+02 5.656854249492380582e+00 0.000000000000000000e+00
6.088000000000000682e+02 5.656854249492380582e+00 0.000000000000000000e+00
6.090000000000000000e+02 5.656854249492380582e+00 0.000000000000000000e+00
6.092000000000000455e+02 5.656854249492380582e+00 0.000000000000000000e+00
6.093999999999999773e+02 5.656854249492380582e+00 0.000000000000000000e+00
6.096000000000000227e+02 5.656854249492380582e+00 0.000000000000000000e+00
6.098000000000000682e+02 4.000000000000000000e+00 0.000000000000000000e+00
6.100000000000000000e+02 4.000000000000000000e+00 0.000000000000000000e+00
6.102000000000000455e+02 4.000000000000000000e+00 0.000000000000000000e+00
6.103999999999999773e+02 0.000000000000000000e+00 0.000000000000000000e+00
6.106000000000000227e+02 0.000000000000000000e+00 0.000000000000000000e+00
6.108000000000000682e+02 0.000000000000000000e+00 0.000000000000000000e+00
6.110000000000000000e+02 4.000000000000000000e+00 0.000000000000000000e+00
6.112000000000000455e+02 4.000000000000000000e+00 0.000000000000000000e+00
6.113999999999999773e+02 5.656854249492380582e+00 0.000000000000000000e+00
6.116000000000000227e+02 5.656854249492380582e+00 0.000000000000000000e+00
6.118000000000000682e+02 5.656854249492380582e+00 0.000000000000000000e+00
6.120000000000000000e+02 5.656854249492380582e+00 1.300000100000000000e+11
6.122000000000000455e+02 5.656854249492380582e+00 1.300000100000000000e+11
6.123999999999999773e+02 4.000000000000000000e+00 1.300000100000000000e+11
6.126000000000000227e+02 4.000000000000000000e+00 1.300000100000000000e+11
6.128000000000000682e+02 4.000000000000000000e+00 1.300000100000000000e+11
6.130000000000000000e+02 0.000000000000000000e+00 1.300000100000000000e+11
6.132000000000000455e+02 0.000000000000000000e+00 1.300000100000000000e+11
6.133999999999999773e+02 0.000000000000000000e+00 1.300000100000000000e+11
6.136000000000000227e+02 4.000000000000000000e+00 1.300000100000000000e+11
6.138000000000000682e+02 4.000000000000000000e+00 1.300000100000000000e+11
6.140000000000000000e+02 4.000000000000000000e+00 1.300000100000000000e+11
6.142000000000000455e+02 5.656854249492380582e+00 1.300000100000000000e+11
6.144000000000000909e+02 5.656854249492380582e+00 1.300000100000000000e+11
6.146000000000000227e+02 5.656854249492380582e+00 1.300000100000000000e+11
6.148000000000000682e+02 5.656854249492380582e+00 1.300000100000000000e+11
6.150000000000000000e+02 5.656854249492380582e+00 1.300000100000000000e+11
6.152000000000000455e+02 4.000000000000000000e+00 1.300000100000000000e+11
6.154000000000000909e+02 4.000000000000000000e+00 1.300000100000000000e+11
6.156000000000000227e+02 4.000000000000000000e+00 1.300000100000000000e+11
6.158000000000000682e+02 0.000000000000000000e+00 1.300000100000000000e+11
6.160000000000000000e+02 0.000000000000000000e+00 0.000000000000000000e+00
6.162000000000000455e+02 0.000000000000000000e+00 0.000000000000000000e+00
6.164000000000000909e+02 0.000000000000000000e+00 0.000000000000000000e+00
6.166000000000000227e+02 4.000000000000000000e+00 0.000000000000000000e+00
6.168000000000000682e+02 4.000000000000000000e+00 0.000000000000000000e+00
6.170000000000000000e+02 4.000000000000000000e+00 0.000000000000000000e+00
6.172000000000000455e+02 5.656854249492380582e+00 0.000000000000000000e+00
6.174000000000000909e+02 5.656854249492380582e+00 0.000000000000000000e+00
6.176000000000000227e+02 5.656854249492380582e+00 0.000000000000000000e+00
6.178000000000000682e+02 4.000000000000000000e+00 0.000000000000000000e+00
6.180000000000000000e+02 4.000000000000000000e+00 0.000000000000000000e+00
6.182000000000000455e+02 4.000000000000000000e+00 0.000000000000000000e+00
6.184000000000000909e+02 4.000000000000000000e+00 0.000000000000000000e+00
6.186000000000000227e+02 0.000000000000000000e+00 0.000000000000000000e+00
6.188000000000000682e+02 0.000000000000000000e+00 0.000000000000000000e+00
6.190000000000000000e+02 0.000000000000000000e+00 0.000000000000000000e+00
6.192000000000000455e+02 4.000000000000000000e+00 0.000000000000000000e+00
6.194000000000000909e+02 4.000000000000000000e+00 0.000000000000000000e+00
6.196000000000000227e+02 4.000000000000000000e+00 0.000000000000000000e+00
6.198000000000000682e+02 5.656854249492380582e+00 0.000000000000000000e+00
6.200000000000000000e+02 5.656854249492380582e+00 1.300000100000000000e+11
6.202000000000000455e+02 5.656854249492380582e+00 1.300000100000000000e+11
6.204000000000000909e+02 5.656854249492380582e+00 1.300000100000000000e+11
6.206000000000000227e+02 4.000000000000000000e+00 1.300000100000000000e+11
6.208000000000000682e+02 4.000000000000000000e+00 1.300000100000000000e+11
6.210000000000000000e+02 4.000000000000000000e+00 1.300000100000000000e+11
6.212000000000000455e+02 0.000000000000000000e+00 1.300000100000000000e+11
6.214000000000000909e+02 0.000000000000000000e+00 1.300000100000000000e+11
6.216000000000000227e+02 0.000000000000000000e+00 1.300000100000000000e+11
6.218000000000000682e+02 4.000000000000000000e+00 1.300000100000000000e+11
6.220000000000000000e+02 4.000000000000000000e+00 1.300000100000000000e+11
6.222000000000000455e+02 4.000000000000000000e+00 1.300000100000000000e+11
6.224000000000000909e+02 5.656854249492380582e+00 1.300000100000000000e+11
6.226000000000000227e+02 5.656854249492380582e+00 1.300000100000000000e+11
6.228000000000000682e+02 5.656854249492380582e+00 1.300000100000000000e+11
6.230000000000000000e+02 5.656854249492380582e+00 1.300000100000000000e+11
6.232000000000000455e+02 4.000000000000000000e+00 1.300000100000000000e+11
6.234000000000000909e+02 4.000000000000000000e+00 1.300000100000000000e+11
6.236000000000000227e+02 4.000000000000000000e+00 1.300000100000000000e+11
6.238000000000000682e+02 4.000000000000000000e+00 1.300000100000000000e+11
6.240000000000000000e+02 0.000000000000000000e+00 0.000000000000000000e+00
6.242000000000000455e+02 0.000000000000000000e+00 0.000000000000000000e+00
6.244000000000000909e+02 0.000000000000000000e+00 0.000000000000000000e+00
6.246000000000000227e+02 4.000000000000000000e+00 0.000000000000000000e+00
6.248000000000000682e+02 4.000000000000000000e+00 0.000000000000000000e+00
6.250000000000000000e+02 4.000000000000000000e+00 0.000000000000000000e+00
6.252000000000000455e+02 5.656854249492380582e+00 0.000000000000000000e+00
6.254000000000000909e+02 5.656854249492380582e+00 0.000000000000000000e+00
6.256000000000000227e+02 5.656854249492380582e+00 0.000000000000000000e+00
6.258000000000000682e+02 5.656854249492380582e+00 0.000000000000000000e+00
6.260000000000000000e+02 4.000000000000000000e+00 0.000000000000000000e+00
6.262000000000000455e+02 4.000000000000000000e+00 0.000000000000000000e+00
6.264000000000000909e+02 4.000000000000000000e+00 0.000000000000000000e+00
6.266000000000000227e+02 0.000000000000000000e+00 0.000000000000000000e+00
6.268000000000000682e+02 0.000000000000000000e+00 0.000000000000000000e+00
6.270000000000000000e+02 0.000000000000000000e+00 0.000000000000000000e+00
6.272000000000000455e+02 0.000000000000000000e+00 0.000000000000000000e+00
6.274000000000000909e+02 4.000000000000000000e+00 0.000000000000000000e+00
6.276000000000000227e+02 4.000000000000000000e+00 0.000000000000000000e+00
6.278000000000000682e+02 4.000000000000000000e+00 0.000000000000000000e+00
6.280000000000000000e+02 5.656854249492380582e+00 1.300000100000000000e+11
6.282000000000000455e+02 5.656854249492380582e+00 1.300000100000000000e+11
6.284000000000000909e+02 5.656854249492380582e+00 1.300000100000000000e+11
6.286000000000000227e+02 5.656854249492380582e+00 1.300000100000000000e+11
6.288000000000000682e+02 4.000000000000000000e+00 1.300000100000000000e+11
6.290000000000000000e+02 4.000000000000000000e+00 1.300000100000000000e+11
6.292000000000000455e+02 4.000000000000000000e+00 1.300000100000000000e+11
6.294000000000000909e+02 0.000000000000000000e+00 1.300000100000000000e+11
6.296000000000000227e+02 0.000000000000000000e+00 1.300000100000000000e+11
6.298000000000000682e+02 0.000000000000000000e+00 1.300000100000000000e+11
6.300000000000000000e+02 4.000000000000000000e+00 1.300000100000000000e+11
6.302000000000000455e+02 4.000000000000000000e+00 1.300000100000000000e+11
6.304000000000000909e+02 4.000000000000000000e+00 1.300000100000000000e+11
6.306000000000000227e+02 5.656854249492380582e+00 1.300000100000000000e+11
6.308000000000000682e+02 5.656854249492380582e+00 1.300000100000000000e+11
6.310000000000000000e+02 5.656854249492380582e+00 1.300000100000000000e+11
6.312000000000000455e+02 5.656854249492380582e+00 1.300000100000000000e+11
6.314000000000000909e+02 4.000000000000000000e+00 1.300000100000000000e+11
6.316000000000000227e+02 4.000000000000000000e+00 1.300000100000000000e+11
6.318000000000000682e+02 4.000000000000000000e+00 1.300000100000000000e+11
6.320000000000000000e+02 0.000000000000000000e+00 0.000000000000000000e+00
6.322000000000000455e+02 0.000000000000000000e+00 0.000000000000000000e+00
6.324000000000000909e+02 0.000000000000000000e+00 0.000000000000000000e+00
6.326000000000000227e+02 0.000000000000000000e+00 0.000000000000000000e+00
6.328000000000000682e+02 4.000000000000000000e+00 0.000000000000000000e+00
6.330000000000000000e+02 4.000000000000000000e+00 0.000000000000000000e+00
6.332000000000000455e+02 4.000000000000000000e+00 0.000000000000000000e+00
6.334000000000000909e+02 5.656854249492380582e+00 0.000000000000000000e+00
6.336000000000000227e+02 5.656854249492380582e+00 0.000000000000000000e+00
6.338000000000000682e+02 5.656854249492380582e+00 0.000000000000000000e+00
6.340000000000000000e+02 4.000000000000000000e+00 0.000000000000000000e+00
6.342000000000000455e+02 4.000000000000000000e+00 0.000000000000000000e+00
6.344000000000000909e+02 4.000000000000000000e+00 0.000000000000000000e+00
6.346000000000000227e+02 4.000000000000000000e+00 0.000000000000000000e+00
6.348000000000000682e+02 0.000000000000000000e+00 0.000000000000000000e+00
6.350000000000000000e+02 0.000000000000000000e+00 0.000000000000000000e+00
6.352000000000000455e+02 0.000000000000000000e+00 0.000000000000000000e+00
6.354000000000000909e+02 4.000000000000000000e+00 0.000000000000000000e+00
6.356000000000000227e+02 4.000000000000000000e+00 0.000000000000000000e+00
6.358000000000000682e+02 4.000000000000000000e+00 0.000000000000000000e+00
6.360000000000000000e+02 5.656854249492380582e+00 1.300000100000000000e+11
6.362000000000000455e+02 5.656854249492380582e+00 1.300000100000000000e+11
6.364000000000000909e+02 5.656854249492380582e+00 1.300000100000000000e+11
6.366000000000000227e+02 5.656854249492380582e+00 1.300000100000000000e+11
6.368000000000000682e+02 4.000000000000000000e+00 1.300000100000000000e+11
6.370000000000000000e+02 4.000000000000000000e+00 1.300000100000000000e+11
6.372000000000000455e+02 4.000000000000000000e+00 1.300000100000000000e+11
6.374000000000000909e+02 0.000000000000000000e+00 1.300000100000000000e+11
6.376000000000000227e+02 0.000000000000000000e+00 1.300000100000000000e+11
6.378000000000000682e+02 0.000000000000000000e+00 1.300000100000000000e+11
6.380000000000000000e+02 0.000000000000000000e+00 1.300000100000000000e+11
6.382000000000000455e+02 4.000000000000000000e+00 1.300000100000000000e+11
6.384000000000000909e+02 4.000000000000000000e+00 1.300000100000000000e+11
6.386000000000000227e+02 4.000000000000000000e+00 1.300000100000000000e+11
6.388000000000000682e+02 5.656854249492380582e+00 1.300000100000000000e+11
6.390000000000000000e+02 5.656854249492380582e+00 1.300000100000000000e+11
6.392000000000000455e+02 5.656854249492380582e+00 1.300000100000000000e+11
6.394000000000000909e+02 5.656854249492380582e+00 1.300000100000000000e+11
6.396000000000000227e+02 4.000000000000000000e+00 1.300000100000000000e+11
6.398000000000000682e+02 4.000000000000000000e+00 1.300000100000000000e+11
6.400000000000000000e+02 4.000000000000000000e+00 0.000000000000000000e+00
6.402000000000000455e+02 0.000000000000000000e+00 0.000000000000000000e+00
6.404000000000000909e+02 0.000000000000000000e+00 0.000000000000000000e+00
6.406000000000000227e+02 0.000000000000000000e+00 0.000000000000000000e+00
6.408000000000000682e+02 4.000000000000000000e+00 0.000000000000000000e+00
6.410000000000000000e+02 4.000000000000000000e+00 0.000000000000000000e+00
6.412000000000000455e+02 4.000000000000000000e+00 0.000000000000000000e+00
6.414000000000000909e+02 4.000000000000000000e+00 0.000000000000000000e+00
6.416000000000000227e+02 5.656854249492380582e+00 0.000000000000000000e+00
6.418000000000000682e+02 5.656854249492380582e+00 0.000000000000000000e+00
6.420000000000000000e+02 5.656854249492380582e+00 0.000000000000000000e+00
6.422000000000000455e+02 4.000000000000000000e+00 0.000000000000000000e+00
6.424000000000000909e+02 4.000000000000000000e+00 0.000000000000000000e+00
6.426000000000000227e+02 4.000000000000000000e+00 0.000000000000000000e+00
6.428000000000000682e+02 4.000000000000000000e+00 0.000000000000000000e+00
6.430000000000000000e+02 0.000000000000000000e+00 0.000000000000000000e+00
6.432000000000000455e+02 0.000000000000000000e+00 0.000000000000000000e+00
6.434000000000000909e+02 0.000000000000000000e+00 0.000000000000000000e+00
6.436000000000000227e+02 4.000000000000000000e+00 0.000000000000000000e+00
6.438000000000000682e+02 4.000000000000000000e+00 0.000000000000000000e+00
6.440000000000000000e+02 4.000000000000000000e+00 1.300000100000000000e+11
6.442000000000000455e+02 5.656854249492380582e+00 1.300000100000000000e+11
6.444000000000000909e+02 5.656854249492380582e+00 1.300000100000000000e+11
6.446000000000000227e+02 5.656854249492380582e+00 1.300000100000000000e+11
6.448000000000000682e+02 5.656854249492380582e+00 1.300000100000000000e+11
6.450000000000000000e+02 4.000000000000000000e+00 1.300000100000000000e+11
6.452000000000000455e+02 4.000000000000000000e+00 1.300000100000000000e+11
6.454000000000000909e+02 4.000000000000000000e+00 1.300000100000000000e+11
6.456000000000000227e+02 0.000000000000000000e+00 1.300000100000000000e+11
6.458000000000000682e+02 0.000000000000000000e+00 1.300000100000000000e+11
6.460000000000000000e+02 0.000000000000000000e+00 1.300000100000000000e+11
6.462000000000000455e+02 0.000000000000000000e+00 1.300000100000000000e+11
6.464000000000000909e+02 4.000000000000000000e+00 1.300000100000000000e+11
6.466000000000000227e+02 4.000000000000000000e+00 1.300000100000000000e+11
6.468000000000000682e+02 4.000000000000000000e+00 1.300000100000000000e+11
6.470000000000000000e+02 5.656854249492380582e+00 1.300000100000000000e+11
6.472000000000000455e+02 5.656854249492380582e+00 1.300000100000000000e+11
6.474000000000000909e+02 5.656854249492380582e+00 1.300000100000000000e+11
6.476000000000000227e+02 4.000000000000000000e+00 1.300000100000000000e+11
6.478000000000000682e+02 4.000000000000000000e+00 1.300000100000000000e+11
6.480000000000000000e+02 4.000000000000000000e+00 0.000000000000000000e+00
6.482000000000000455e+02 4.000000000000000000e+00 0.000000000000000000e+00
6.484000000000000909e+02 0.000000000000000000e+00 0.000000000000000000e+00
6.486000000000000227e+02 0.000000000000000000e+00 0.000000000000000000e+00
6.488000000000000682e+02 0.000000000000000000e+00 0.000000000000000000e+00
6.490000000000000000e+02 4.000000000000000000e+00 0.000000000000000000e+00
6.492000000000000455e+02 4.000000000000000000e+00 0.000000000000000000e+00
6.494000000000000909e+02 4.000000000000000000e+00 0.000000000000000000e+00
6.496000000000000227e+02 5.656854249492380582e+00 0.000000000000000000e+00
6.498000000000000682e+02 5.656854249492380582e+00 0.000000000000000000e+00
6.500000000000000000e+02 5.656854249492380582e+00 0.000000000000000000e+00
6.502000000000000455e+02 5.656854249492380582e+00 0.000000000000000000e+00
6.504000000000000909e+02 4.000000000000000000e+00 0.000000000000000000e+00
6.506000000000000227e+02 4.000000000000000000e+00 0.000000000000000000e+00
6.508000000000000682e+02 4.000000000000000000e+00 0.000000000000000000e+00
6.510000000000000000e+02 0.000000000000000000e+00 0.000000000000000000e+00
6.512000000000000455e+02 0.000000000000000000e+00 0.000000000000000000e+00
6.514000000000000909e+02 0.000000000000000000e+00 0.000000000000000000e+00
6.516000000000000227e+02 0.000000000000000000e+00 0.000000000000000000e+00
6.518000000000000682e+02 4.000000000000000000e+00 0.000000000000000000e+00
6.520000000000000000e+02 4.000000000000000000e+00 1.300000100000000000e+11
6.522000000000000455e+02 4.000000000000000000e+00 1.300000100000000000e+11
6.524000000000000909e+02 5.656854249492380582e+00 1.300000100000000000e+11
6.526000000000000227e+02 5.656854249492380582e+00 1.300000100000000000e+11
6.528000000000000682e+02 5.656854249492380582e+00 1.300000100000000000e+11
6.530000000000000000e+02 4.000000000000000000e+00 1.300000100000000000e+11
6.532000000000000455e+02 4.000000000000000000e+00 1.300000100000000000e+11
6.534000000000000909e+02 4.000000000000000000e+00 1.300000100000000000e+11
6.536000000000000227e+02 4.000000000000000000e+00 1.300000100000000000e+11
6.538000000000000682e+02 0.000000000000000000e+00 1.300000100000000000e+11
6.540000000000000000e+02 0.000000000000000000e+00 1.300000100000000000e+11
6.542000000000000455e+02 0.000000000000000000e+00 1.300000100000000000e+11
6.544000000000000909e+02 4.000000000000000000e+00 1.300000100000000000e+11
6.546000000000000227e+02 4.000000000000000000e+00 1.300000100000000000e+11
6.548000000000000682e+02 4.000000000000000000e+00 1.300000100000000000e+11
6.550000000000000000e+02 4.000000000000000000e+00 1.300000100000000000e+11
6.552000000000000455e+02 5.656854249492380582e+00 1.300000100000000000e+11
6.554000000000000909e+02 5.656854249492380582e+00 1.300000100000000000e+11
6.556000000000000227e+02 5.656854249492380582e+00 1.300000100000000000e+11
6.558000000000000682e+02 4.000000000000000000e+00 1.300000100000000000e+11
6.560000000000000000e+02 4.000000000000000000e+00 0.000000000000000000e+00
6.562000000000000455e+02 4.000000000000000000e+00 0.000000000000000000e+00
6.564000000000000909e+02 0.000000000000000000e+00 0.000000000000000000e+00
6.566000000000000227e+02 0.000000000000000000e+00 0.000000000000000000e+00
6.568000000000000682e+02 0.000000000000000000e+00 0.000000000000000000e+00
6.570000000000000000e+02 0.000000000000000000e+00 0.000000000000000000e+00
6.572000000000000455e+02 4.000000000000000000e+00 0.000000000000000000e+00
6.574000000000000909e+02 4.000000000000000000e+00 0.000000000000000000e+00
6.576000000000000227e+02 4.000000000000000000e+00 0.000000000000000000e+00
6.578000000000000682e+02 5.656854249492380582e+00 0.000000000000000000e+00
6.580000000000000000e+02 5.656854249492380582e+00 0.000000000000000000e+00
6.582000000000000455e+02 5.656854249492380582e+00 0.000000000000000000e+00
6.584000000000000909e+02 5.656854249492380582e+00 0.000000000000000000e+00
6.586000000000000227e+02 4.000000000000000000e+00 0.000000000000000000e+00
6.588000000000000682e+02 4.000000000000000000e+00 0.000000000000000000e+00
6.590000000000000000e+02 4.000000000000000000e+00 0.000000000000000000e+00
6.592000000000000455e+02 0.000000000000000000e+00 0.000000000000000000e+00
6.594000000000000909e+02 0.000000000000000000e+00 0.000000000000000000e+00
6.596000000000000227e+02 0.000000000000000000e+00 0.000000000000000000e+00
6.598000000000000682e+02 4.000000000000000000e+00 0.000000000000000000e+00
6.600000000000000000e+02 4.000000000000000000e+00 1.300000100000000000e+11
6.602000000000000455e+02 4.000000000000000000e+00 1.300000100000000000e+11
6.604000000000000909e+02 4.000000000000000000e+00 1.300000100000000000e+11
6.606000000000000227e+02 5.656854249492380582e+00 1.300000100000000000e+11
6.608000000000000682e+02 5.656854249492380582e+00 1.300000100000000000e+11
6.610000000000000000e+02 5.656854249492380582e+00 1.300000100000000000e+11
6.612000000000000455e+02 4.000000000000000000e+00 1.300000100000000000e+11
6.614000000000000909e+02 4.000000000000000000e+00 1.300000100000000000e+11
6.616000000000000227e+02 4.000000000000000000e+00 1.300000100000000000e+11
6.618000000000000682e+02 4.000000000000000000e+00 1.300000100000000000e+11
6.620000000000000000e+02 0.000000000000000000e+00 1.300000100000000000e+11
6.622000000000000455e+02 0.000000000000000000e+00 1.300000100000000000e+11
6.624000000000000909e+02 0.000000000000000000e+00 1.300000100000000000e+11
6.626000000000000227e+02 4.000000000000000000e+00 1.300000100000000000e+11
6.628000000000000682e+02 4.000000000000000000e+00 1.300000100000000000e+11
6.630000000000000000e+02 4.000000000000000000e+00 1.300000100000000000e+11
6.632000000000000455e+02 5.656854249492380582e+00 1.300000100000000000e+11
6.634000000000000909e+02 5.656854249492380582e+00 1.300000100000000000e+11
6.636000000000000227e+02 5.656854249492380582e+00 1.300000100000000000e+11
6.638000000000000682e+02 5.656854249492380582e+00 1.300000100000000000e+11
6.640000000000000000e+02 4.000000000000000000e+00 0.000000000000000000e+00
6.642000000000000455e+02 4.000000000000000000e+00 0.000000000000000000e+00
6.644000000000000909e+02 4.000000000000000000e+00 0.000000000000000000e+00
6.646000000000000227e+02 0.000000000000000000e+00 0.000000000000000000e+00
6.648000000000000682e+02 0.000000000000000000e+00 0.000000000000000000e+00
6.650000000000000000e+02 0.000000000000000000e+00 0.000000000000000000e+00
6.652000000000000455e+02 0.000000000000000000e+00 0.000000000000000000e+00
6.654000000000000909e+02 4.000000000000000000e+00 0.000000000000000000e+00
6.656000000000000227e+02 4.000000000000000000e+00 0.000000000000000000e+00
6.658000000000000682e+02 4.000000000000000000e+00 0.000000000000000000e+00
6.660000000000000000e+02 5.656854249492380582e+00 0.000000000000000000e+00
6.662000000000000455e+02 5.656854249492380582e+00 0.000000000000000000e+00
6.664000000000000909e+02 5.656854249492380582e+00 0.000000000000000000e+00
6.666000000000000227e+02 4.000000000000000000e+00 0.000000000000000000e+00
6.668000000000000682e+02 4.000000000000000000e+00 0.000000000000000000e+00
6.670000000000000000e+02 4.000000000000000000e+00 0.000000000000000000e+00
6.672000000000000455e+02 4.000000000000000000e+00 0.000000000000000000e+00
6.674000000000000909e+02 0.000000000000000000e+00 0.000000000000000000e+00
6.676000000000000227e+02 0.000000000000000000e+00 0.000000000000000000e+00
6.678000000000000682e+02 0.000000000000000000e+00 0.000000000000000000e+00
6.680000000000000000e+02 4.000000000000000000e+00 1.300000100000000000e+11
6.682000000000000455e+02 4.000000000000000000e+00 1.300000100000000000e+11
6.684000000000000909e+02 4.000000000000000000e+00 1.300000100000000000e+11
6.686000000000000227e+02 5.656854249492380582e+00 1.300000100000000000e+11
6.688000000000000682e+02 5.656854249492380582e+00 1.300000100000000000e+11
6.690000000000000000e+02 5.656854249492380582e+00 1.300000100000000000e+11
6.692000000000000455e+02 5.656854249492380582e+00 1.300000100000000000e+11
6.694000000000000909e+02 4.000000000000000000e+00 1.300000100000000000e+11
6.696000000000000227e+02 4.000000000000000000e+00 1.300000100000000000e+11
6.698000000000000682e+02 4.000000000000000000e+00 1.300000100000000000e+11
6.700000000000000000e+02 0.000000000000000000e+00 1.300000100000000000e+11
6.702000000000000455e+02 0.000000000000000000e+00 1.300000100000000000e+11
6.704000000000000909e+02 0.000000000000000000e+00 1.300000100000000000e+11
6.706000000000000227e+02 0.000000000000000000e+00 1.300000100000000000e+11
6.708000000000000682e+02 4.000000000000000000e+00 1.300000100000000000e+11
6.710000000000000000e+02 4.000000000000000000e+00 1.300000100000000000e+11
6.712000000000000455e+02 4.000000000000000000e+00 1.300000100000000000e+11
6.714000000000000909e+02 5.656854249492380582e+00 1.300000100000000000e+11
6.716000000000000227e+02 5.656854249492380582e+00 1.300000100000000000e+11
6.718000000000000682e+02 5.656854249492380582e+00 1.300000100000000000e+11
6.720000000000000000e+02 4.000000000000000000e+00 0.000000000000000000e+00
6.722000000000000455e+02 4.000000000000000000e+00 0.000000000000000000e+00
6.724000000000000909e+02 4.000000000000000000e+00 0.000000000000000000e+00
6.726000000000000227e+02 4.000000000000000000e+00 0.000000000000000000e+00
6.728000000000000682e+02 0.000000000000000000e+00 0.000000000000000000e+00
6.730000000000000000e+02 0.000000000000000000e+00 0.000000000000000000e+00
6.732000000000000455e+02 0.000000000000000000e+00 0.000000000000000000e+00
6.734000000000000909e+02 4.000000000000000000e+00 0.000000000000000000e+00
6.736000000000000227e+02 4.000000000000000000e+00 0.000000000000000000e+00
6.738000000000000682e+02 4.000000000000000000e+00 0.000000000000000000e+00
6.740000000000000000e+02 4.000000000000000000e+00 0.000000000000000000e+00
6.742000000000000455e+02 5.656854249492380582e+00 0.000000000000000000e+00
6.744000000000000909e+02 5.656854249492380582e+00 0.000000000000000000e+00
6.746000000000000227e+02 5.656854249492380582e+00 0.000000000000000000e+00
6.748000000000000682e+02 4.000000000000000000e+00 0.000000000000000000e+00
6.750000000000000000e+02 4.000000000000000000e+00 0.000000000000000000e+00
6.752000000000000455e+02 4.000000000000000000e+00 0.000000000000000000e+00
6.754000000000000909e+02 0.000000000000000000e+00 0.000000000000000000e+00
6.756000000000000227e+02 0.000000000000000000e+00 0.000000000000000000e+00
6.758000000000000682e+02 0.000000000000000000e+00 0.000000000000000000e+00
6.760000000000000000e+02 0.000000000000000000e+00 1.300000100000000000e+11
6.762000000000000455e+02 4.000000000000000000e+00 1.300000100000000000e+11
6.764000000000000909e+02 4.000000000000000000e+00 1.300000100000000000e+11
6.766000000000000227e+02 4.000000000000000000e+00 1.300000100000000000e+11
6.768000000000000682e+02 5.656854249492380582e+00 1.300000100000000000e+11
6.770000000000000000e+02 5.656854249492380582e+00 1.300000100000000000e+11
6.772000000000000455e+02 5.656854249492380582e+00 1.300000100000000000e+11
6.774000000000000909e+02 5.656854249492380582e+00 1.300000100000000000e+11
6.776000000000000227e+02 4.000000000000000000e+00 1.300000100000000000e+11
6.778000000000000682e+02 4.000000000000000000e+00 1.300000100000000000e+11
6.780000000000000000e+02 4.000000000000000000e+00 1.300000100000000000e+11
6.782000000000000455e+02 0.000000000000000000e+00 1.300000100000000000e+11
6.784000000000000909e+02 0.000000000000000000e+00 1.300000100000000000e+11
6.786000000000000227e+02 0.000000000000000000e+00 1.300000100000000000e+11
6.788000000000000682e+02 4.000000000000000000e+00 1.300000100000000000e+11
6.790000000000000000e+02 4.000000000000000000e+00 1.300000100000000000e+11
6.792000000000000455e+02 4.000000000000000000e+00 1.300000100000000000e+11
6.794000000000000909e+02 4.000000000000000000e+00 1.300000100000000000e+11
6.796000000000000227e+02 5.656854249492380582e+00 1.300000100000000000e+11
6.798000000000000682e+02 5.656854249492380582e+00 1.300000100000000000e+11
6.800000000000000000e+02 5.656854249492380582e+00 0.000000000000000000e+00
6.802000000000000455e+02 4.000000000000000000e+00 0.000000000000000000e+00
6.804000000000000909e+02 4.000000000000000000e+00 0.000000000000000000e+00
6.806000000000000227e+02 4.000000000000000000e+00 0.000000000000000000e+00
6.808000000000000682e+02 4.000000000000000000e+00 0.000000000000000000e+00
6.810000000000000000e+02 0.000000000000000000e+00 0.000000000000000000e+00
6.812000000000000455e+02 0.000000000000000000e+00 0.000000000000000000e+00
6.814000000000000909e+02 0.000000000000000000e+00 0.000000000000000000e+00
6.816000000000000227e+02 4.000000000000000000e+00 0.000000000000000000e+00
6.818000000000000682e+02 4.000000000000000000e+00 0.000000000000000000e+00
6.820000000000000000e+02 4.000000000000000000e+00 0.000000000000000000e+00
6.822000000000000455e+02 5.656854249492380582e+00 0.000000000000000000e+00
6.824000000000000909e+02 5.656854249492380582e+00 0.000000000000000000e+00
6.826000000000000227e+02 5.656854249492380582e+00 0.000000000000000000e+00
6.828000000000000682e+02 5.656854249492380582e+00 0.000000000000000000e+00
6.830000000000000000e+02 4.000000000000000000e+00 0.000000000000000000e+00
6.832000000000000455e+02 4.000000000000000000e+00 0.000000000000000000e+00
6.834000000000000909e+02 4.000000000000000000e+00 0.000000000000000000e+00
6.836000000000000227e+02 0.000000000000000000e+00 0.000000000000000000e+00
6.838000000000000682e+02 0.000000000000000000e+00 0.000000000000000000e+00
6.840000000000000000e+02 0.000000000000000000e+00 1.300000100000000000e+11
6.842000000000000455e+02 4.000000000000000000e+00 1.300000100000000000e+11
6.844000000000000909e+02 4.000000000000000000e+00 1.300000100000000000e+11
6.846000000000000227e+02 4.000000000000000000e+00 1.300000100000000000e+11
6.848000000000000682e+02 4.000000000000000000e+00 1.300000100000000000e+11
6.850000000000000000e+02 5.656854249492380582e+00 1.300000100000000000e+11
6.852000000000000455e+02 5.656854249492380582e+00 1.300000100000000000e+11
6.854000000000000909e+02 5.656854249492380582e+00 1.300000100000000000e+11
6.856000000000000227e+02 4.000000000000000000e+00 1.300000100000000000e+11
6.858000000000000682e+02 4.000000000000000000e+00 1.300000100000000000e+11
6.860000000000000000e+02 4.000000000000000000e+00 1.300000100000000000e+11
6.862000000000000455e+02 4.000000000000000000e+00 1.300000100000000000e+11
6.864000000000000909e+02 0.000000000000000000e+00 1.300000100000000000e+11
6.866000000000000227e+02 0.000000000000000000e+00 1.300000100000000000e+11
6.868000000000000682e+02 0.000000000000000000e+00 1.300000100000000000e+11
6.870000000000000000e+02 4.000000000000000000e+00 1.300000100000000000e+11
6.872000000000000455e+02 4.000000000000000000e+00 1.300000100000000000e+11
6.874000000000000909e+02 4.000000000000000000e+00 1.300000100000000000e+11
6.876000000000000227e+02 4.000000000000000000e+00 1.300000100000000000e+11
6.878000000000000682e+02 5.656854249492380582e+00 1.300000100000000000e+11
6.880000000000000000e+02 5.656854249492380582e+00 0.000000000000000000e+00
6.882000000000000455e+02 5.656854249492380582e+00 0.000000000000000000e+00
6.884000000000000909e+02 4.000000000000000000e+00 0.000000000000000000e+00
6.886000000000000227e+02 4.000000000000000000e+00 0.000000000000000000e+00
6.888000000000000682e+02 4.000000000000000000e+00 0.000000000000000000e+00
6.890000000000000000e+02 0.000000000000000000e+00 0.000000000000000000e+00
6.892000000000000455e+02 0.000000000000000000e+00 0.000000000000000000e+00
6.894000000000000909e+02 0.000000000000000000e+00 0.000000000000000000e+00
6.896000000000000227e+02 0.000000000000000000e+00 0.000000000000000000e+00
6.898000000000000682e+02 4.000000000000000000e+00 0.000000000000000000e+00
6.900000000000000000e+02 4.000000000000000000e+00 0.000000000000000000e+00
6.902000000000000455e+02 4.000000000000000000e+00 0.000000000000000000e+00
6.904000000000000909e+02 5.656854249492380582e+00 0.000000000000000000e+00
6.906000000000000227e+02 5.656854249492380582e+00 0.000000000000000000e+00
6.908000000000000682e+02 5.656854249492380582e+00 0.000000000000000000e+00
6.910000000000000000e+02 4.000000000000000000e+00 0.000000000000000000e+00
6.912000000000000455e+02 4.000000000000000000e+00 0.000000000000000000e+00
6.914000000000000909e+02 4.000000000000000000e+00 0.000000000000000000e+00
6.916000000000000227e+02 4.000000000000000000e+00 0.000000000000000000e+00
6.918000000000000682e+02 0.000000000000000000e+00 0.000000000000000000e+00
6.920000000000000000e+02 0.000000000000000000e+00 1.300000100000000000e+11
6.922000000000000455e+02 0.000000000000000000e+00 1.300000100000000000e+11
6.924000000000000909e+02 4.000000000000000000e+00 1.300000100000000000e+11
6.926000000000000227e+02 4.000000000000000000e+00 1.300000100000000000e+11
6.928000000000000682e+02 4.000000000000000000e+00 1.300000100000000000e+11
6.930000000000000000e+02 4.000000000000000000e+00 1.300000100000000000e+11
6.932000000000000455e+02 5.656854249492380582e+00 1.300000100000000000e+11
6.934000000000000909e+02 5.656854249492380582e+00 1.300000100000000000e+11
6.936000000000000227e+02 5.656854249492380582e+00 1.300000100000000000e+11
6.938000000000000682e+02 4.000000000000000000e+00 1.300000100000000000e+11
6.940000000000000000e+02 4.000000000000000000e+00 1.300000100000000000e+11
6.942000000000000455e+02 4.000000000000000000e+00 1.300000100000000000e+11
6.944000000000000909e+02 0.000000000000000000e+00 1.300000100000000000e+11
6.946000000000000227e+02 0.000000000000000000e+00 1.300000100000000000e+11
6.948000000000000682e+02 0.000000000000000000e+00 1.300000100000000000e+11
6.950000000000000000e+02 0.000000000000000000e+00 1.300000100000000000e+11
6.952000000000000455e+02 4.000000000000000000e+00 1.300000100000000000e+11
6.954000000000000909e+02 4.000000000000000000e+00 1.300000100000000000e+11
6.956000000000000227e+02 4.000000000000000000e+00 1.300000100000000000e+11
6.958000000000000682e+02 5.656854249492380582e+00 1.300000100000000000e+11
6.960000000000000000e+02 5.656854249492380582e+00 0.000000000000000000e+00
6.962000000000000455e+02 5.656854249492380582e+00 0.000000000000000000e+00
6.964000000000000909e+02 5.656854249492380582e+00 0.000000000000000000e+00
6.966000000000000227e+02 4.000000000000000000e+00 0.000000000000000000e+00
6.968000000000000682e+02 4.000000000000000000e+00 0.000000000000000000e+00
6.970000000000000000e+02 4.000000000000000000e+00 0.000000000000000000e+00
6.972000000000000455e+02 0.000000000000000000e+00 0.000000000000000000e+00
6.974000000000000909e+02 0.000000000000000000e+00 0.000000000000000000e+00
6.976000000000000227e+02 0.000000000000000000e+00 0.000000000000000000e+00
6.978000000000000682e+02 4.000000000000000000e+00 0.000000000000000000e+00
6.980000000000000000e+02 4.000000000000000000e+00 0.000000000000000000e+00
6.982000000000000455e+02 4.000000000000000000e+00 0.000000000000000000e+00
6.984000000000000909e+02 4.000000000000000000e+00 0.000000000000000000e+00
6.986000000000000227e+02 5.656854249492380582e+00 0.000000000000000000e+00
6.988000000000000682e+02 5.656854249492380582e+00 0.000000000000000000e+00
6.990000000000000000e+02 5.656854249492380582e+00 0.000000000000000000e+00
6.992000000000000455e+02 4.000000000000000000e+00 0.000000000000000000e+00
6.994000000000000909e+02 4.000000000000000000e+00 0.000000000000000000e+00
6.996000000000000227e+02 4.000000000000000000e+00 0.000000000000000000e+00
6.998000000000000682e+02 4.000000000000000000e+00 0.000000000000000000e+00
7.000000000000000000e+02 0.000000000000000000e+00 1.300000100000000000e+11
7.002000000000000455e+02 0.000000000000000000e+00 1.300000100000000000e+11
7.004000000000000909e+02 0.000000000000000000e+00 1.300000100000000000e+11
7.006000000000000227e+02 4.000000000000000000e+00 1.300000100000000000e+11
7.008000000000000682e+02 4.000000000000000000e+00 1.300000100000000000e+11
7.010000000000000000e+02 4.000000000000000000e+00 1.300000100000000000e+11
7.012000000000000455e+02 4.000000000000000000e+00 1.300000100000000000e+11
7.014000000000000909e+02 5.656854249492380582e+00 1.300000100000000000e+11
7.016000000000000227e+02 5.656854249492380582e+00 1.300000100000000000e+11
7.018000000000000682e+02 5.656854249492380582e+00 1.300000100000000000e+11
7.020000000000000000e+02 4.000000000000000000e+00 1.300000100000000000e+11
7.022000000000000455e+02 4.000000000000000000e+00 1.300000100000000000e+11
7.024000000000000909e+02 4.000000000000000000e+00 1.300000100000000000e+11
7.026000000000000227e+02 0.000000000000000000e+00 1.300000100000000000e+11
7.028000000000000682e+02 0.000000000000000000e+00 1.300000100000000000e+11
7.030000000000000000e+02 0.000000000000000000e+00 1.300000100000000000e+11
7.032000000000000455e+02 0.000000000000000000e+00 1.300000100000000000e+11
7.034000000000000909e+02 4.000000000000000000e+00 1.300000100000000000e+11
7.036000000000000227e+02 4.000000000000000000e+00 1.300000100000000000e+11
7.038000000000000682e+02 4.000000000000000000e+00 1.300000100000000000e+11
7.040000000000000000e+02 5.656854249492380582e+00 0.000000000000000000e+00
7.042000000000000455e+02 5.656854249492380582e+00 0.000000000000000000e+00
7.044000000000000909e+02 5.656854249492380582e+00 0.000000000000000000e+00
7.046000000000000227e+02 5.656854249492380582e+00 0.000000000000000000e+00
7.048000000000000682e+02 4.000000000000000000e+00 0.000000000000000000e+00
7.050000000000000000e+02 4.000000000000000000e+00 0.000000000000000000e+00
7.052000000000000455e+02 4.000000000000000000e+00 0.000000000000000000e+00
7.054000000000000909e+02 0.000000000000000000e+00 0.000000000000000000e+00
7.056000000000000227e+02 0.000000000000000000e+00 0.000000000000000000e+00
7.058000000000000682e+02 0.000000000000000000e+00 0.000000000000000000e+00
7.060000000000000000e+02 0.000000000000000000e+00 0.000000000000000000e+00
7.062000000000000455e+02 4.000000000000000000e+00 0.000000000000000000e+00
7.064000000000000909e+02 4.000000000000000000e+00 0.000000000000000000e+00
7.066000000000000227e+02 4.000000000000000000e+00 0.000000000000000000e+00
7.068000000000000682e+02 5.656854249492380582e+00 0.000000000000000000e+00
7.070000000000000000e+02 5.656854249492380582e+00 0.000000000000000000e+00
7.072000000000000455e+02 5.656854249492380582e+00 0.000000000000000000e+00
7.074000000000000909e+02 5.656854249492380582e+00 0.000000000000000000e+00
7.076000000000000227e+02 4.000000000000000000e+00 0.000000000000000000e+00
7.078000000000000682e+02 4.000000000000000000e+00 0.000000000000000000e+00
7.080000000000000000e+02 4.000000000000000000e+00 1.300000100000000000e+11
7.082000000000000455e+02 0.000000000000000000e+00 1.300000100000000000e+11
7.084000000000000909e+02 0.000000000000000000e+00 1.300000100000000000e+11
7.086000000000000227e+02 0.000000000000000000e+00 1.300000100000000000e+11
7.088000000000000682e+02 0.000000000000000000e+00 1.300000100000000000e+11
7.090000000000000000e+02 4.000000000000000000e+00 1.300000100000000000e+11
7.092000000000000455e+02 4.000000000000000000e+00 1.300000100000000000e+11
7.094000000000000909e+02 4.000000000000000000e+00 1.300000100000000000e+11
7.096000000000000227e+02 5.656854249492380582e+00 1.300000100000000000e+11
7.098000000000000682e+02 5.656854249492380582e+00 1.300000100000000000e+11
7.100000000000000000e+02 5.656854249492380582e+00 1.300000100000000000e+11
7.102000000000000455e+02 5.656854249492380582e+00 1.300000100000000000e+11
7.104000000000000909e+02 4.000000000000000000e+00 1.300000100000000000e+11
7.106000000000000227e+02 4.000000000000000000e+00 1.300000100000000000e+11
7.108000000000000682e+02 4.000000000000000000e+00 1.300000100000000000e+11
7.110000000000000000e+02 0.000000000000000000e+00 1.300000100000000000e+11
7.112000000000000455e+02 0.000000000000000000e+00 1.300000100000000000e+11
7.114000000000000909e+02 0.000000000000000000e+00 1.300000100000000000e+11
7.116000000000000227e+02 0.000000000000000000e+00 1.300000100000000000e+11
7.118000000000000682e+02 4.000000000000000000e+00 1.300000100000000000e+11
7.120000000000000000e+02 4.000000000000000000e+00 0.000000000000000000e+00
7.122000000000000455e+02 4.000000000000000000e+00 0.000000000000000000e+00
7.124000000000000909e+02 4.000000000000000000e+00 0.000000000000000000e+00
7.126000000000000227e+02 5.656854249492380582e+00 0.000000000000000000e+00
7.128000000000000682e+02 5.656854249492380582e+00 0.000000000000000000e+00
7.130000000000000000e+02 5.656854249492380582e+00 0.000000000000000000e+00
7.132000000000000455e+02 5.656854249492380582e+00 0.000000000000000000e+00
7.134000000000000909e+02 4.000000000000000000e+00 0.000000000000000000e+00
7.136000000000000227e+02 4.000000000000000000e+00 0.000000000000000000e+00
7.138000000000000682e+02 4.000000000000000000e+00 0.000000000000000000e+00
7.140000000000000000e+02 4.000000000000000000e+00 0.000000000000000000e+00
7.142000000000000455e+02 0.000000000000000000e+00 0.000000000000000000e+00
7.144000000000000909e+02 0.000000000000000000e+00 0.000000000000000000e+00
7.146000000000000227e+02 0.000000000000000000e+00 0.000000000000000000e+00
7.148000000000000682e+02 4.000000000000000000e+00 0.000000000000000000e+00
7.150000000000000000e+02 4.000000000000000000e+00 0.000000000000000000e+00
7.152000000000000455e+02 4.000000000000000000e+00 0.000000000000000000e+00
7.154000000000000909e+02 4.000000000000000000e+00 0.000000000000000000e+00
7.156000000000000227e+02 5.656854249492380582e+00 0.000000000000000000e+00
7.158000000000000682e+02 5.656854249492380582e+00 0.000000000000000000e+00
7.160000000000000000e+02 5.656854249492380582e+00 1.300000100000000000e+11
7.162000000000000455e+02 5.656854249492380582e+00 1.300000100000000000e+11
7.164000000000000909e+02 4.000000000000000000e+00 1.300000100000000000e+11
7.166000000000000227e+02 4.000000000000000000e+00 1.300000100000000000e+11
7.168000000000000682e+02 4.000000000000000000e+00 1.300000100000000000e+11
7.170000000000000000e+02 4.000000000000000000e+00 1.300000100000000000e+11
7.172000000000000455e+02 0.000000000000000000e+00 1.300000100000000000e+11
7.174000000000000909e+02 0.000000000000000000e+00 1.300000100000000000e+11
7.176000000000000227e+02 0.000000000000000000e+00 1.300000100000000000e+11
7.178000000000000682e+02 0.000000000000000000e+00 1.300000100000000000e+11
7.180000000000000000e+02 4.000000000000000000e+00 1.300000100000000000e+11
7.182000000000000455e+02 4.000000000000000000e+00 1.300000100000000000e+11
7.184000000000000909e+02 4.000000000000000000e+00 1.300000100000000000e+11
7.186000000000000227e+02 8.944271909999159220e+00 1.300000100000000000e+11
7.188000000000000682e+02 8.944271909999159220e+00 1.300000100000000000e+11
7.190000000000000000e+02 5.656854249492380582e+00 1.300000100000000000e+11
7.192000000000000455e+02 8.944271909999159220e+00 1.300000100000000000e+11
7.194000000000000909e+02 8.000000000000000000e+00 1.300000100000000000e+11
7.196000000000000227e+02 8.000000000000000000e+00 1.300000100000000000e+11
7.198000000000000682e+02 5.656854249492380582e+00 1.300000100000000000e+11
7.200000000000000000e+02 5.656854249492380582e+00 0.000000000000000000e+00
7.202000000000000455e+02 4.000000000000000000e+00 0.000000000000000000e+00
7.204000000000000909e+02 4.000000000000000000e+00 0.000000000000000000e+00
7.206000000000000227e+02 4.000000000000000000e+00 0.000000000000000000e+00
7.208000000000000682e+02 4.000000000000000000e+00 0.000000000000000000e+00
7.210000000000000000e+02 5.656854249492380582e+00 0.000000000000000000e+00
7.212000000000000455e+02 5.656854249492380582e+00 0.000000000000000000e+00
7.214000000000000909e+02 8.000000000000000000e+00 0.000000000000000000e+00
7.216000000000000227e+02 8.000000000000000000e+00 0.000000000000000000e+00
7.218000000000000682e+02 8.944271909999159220e+00 0.000000000000000000e+00
7.220000000000000000e+02 8.944271909999159220e+00 0.000000000000000000e+00
7.222000000000000455e+02 8.944271909999159220e+00 0.000000000000000000e+00
7.224000000000000909e+02 8.000000000000000000e+00 0.000000000000000000e+00
7.226000000000000227e+02 8.000000000000000000e+00 0.000000000000000000e+00
7.228000000000000682e+02 5.656854249492380582e+00 0.000000000000000000e+00
7.230000000000000000e+02 5.656854249492380582e+00 0.000000000000000000e+00
7.232000000000000455e+02 4.000000000000000000e+00 0.000000000000000000e+00
7.234000000000000909e+02 4.000000000000000000e+00 0.000000000000000000e+00
7.236000000000000227e+02 4.000000000000000000e+00 0.000000000000000000e+00
7.238000000000000682e+02 4.000000000000000000e+00 0.000000000000000000e+00
7.240000000000000000e+02 5.656854249492380582e+00 1.300000100000000000e+11
7.242000000000000455e+02 5.656854249492380582e+00 1.300000100000000000e+11
7.244000000000000909e+02 8.000000000000000000e+00 1.300000100000000000e+11
7.246000000000000227e+02 8.000000000000000000e+00 1.300000100000000000e+11
7.248000000000000682e+02 8.944271909999159220e+00 1.300000100000000000e+11
7.250000000000000000e+02 1.131370849898476116e+01 1.300000100000000000e+11
7.252000000000000455e+02 8.944271909999159220e+00 1.300000100000000000e+11
7.254000000000000909e+02 8.944271909999159220e+00 1.300000100000000000e+11
7.256000000000000227e+02 8.000000000000000000e+00 1.300000100000000000e+11
7.258000000000000682e+02 8.944271909999159220e+00 1.300000100000000000e+11
7.260000000000000000e+02 8.944271909999159220e+00 1.300000100000000000e+11
7.262000000000000455e+02 8.000000000000000000e+00 1.300000100000000000e+11
7.264000000000000909e+02 8.944271909999159220e+00 1.300000100000000000e+11
7.266000000000000227e+02 5.656854249492380582e+00 1.300000100000000000e+11
7.268000000000000682e+02 8.000000000000000000e+00 1.300000100000000000e+11
7.270000000000000000e+02 8.944271909999159220e+00 1.300000100000000000e+11
7.272000000000000455e+02 1.131370849898476116e+01 1.300000100000000000e+11
7.274000000000000909e+02 1.442220510185595650e+01 1.300000100000000000e+11
7.276000000000000227e+02 1.600000000000000000e+01 1.300000100000000000e+11
7.278000000000000682e+02 1.649242250247064234e+01 1.300000100000000000e+11
7.280000000000000000e+02 2.000000000000000000e+01 0.000000000000000000e+00
7.282000000000000455e+02 2.000000000000000000e+01 0.000000000000000000e+00
7.284000000000000909e+02 1.649242250247064234e+01 0.000000000000000000e+00
7.286000000000000227e+02 1.600000000000000000e+01 0.000000000000000000e+00
7.288000000000000682e+02 1.788854381999831844e+01 0.000000000000000000e+00
7.290000000000000000e+02 1.442220510185595650e+01 0.000000000000000000e+00
7.292000000000000455e+02 1.264911064067351809e+01 0.000000000000000000e+00
7.294000000000000909e+02 1.264911064067351809e+01 0.000000000000000000e+00
7.296000000000000227e+02 1.131370849898476116e+01 0.000000000000000000e+00
7.298000000000000682e+02 1.264911064067351809e+01 0.000000000000000000e+00
7.300000000000000000e+02 1.200000000000000000e+01 0.000000000000000000e+00
7.302000000000000455e+02 1.442220510185595650e+01 0.000000000000000000e+00
7.304000000000000909e+02 1.442220510185595650e+01 0.000000000000000000e+00
7.306000000000000227e+02 1.649242250247064234e+01 0.000000000000000000e+00
7.308000000000000682e+02 1.649242250247064234e+01 0.000000000000000000e+00
7.310000000000000000e+02 1.788854381999831844e+01 0.000000000000000000e+00
7.312000000000000455e+02 1.697056274847713908e+01 0.000000000000000000e+00
7.314000000000000909e+02 1.649242250247064234e+01 0.000000000000000000e+00
7.316000000000000227e+02 1.600000000000000000e+01 0.000000000000000000e+00
7.318000000000000682e+02 1.264911064067351809e+01 0.000000000000000000e+00
7.320000000000000000e+02 1.131370849898476116e+01 1.300000100000000000e+11
7.322000000000000455e+02 1.264911064067351809e+01 1.300000100000000000e+11
7.324000000000000909e+02 1.200000000000000000e+01 1.300000100000000000e+11
7.326000000000000227e+02 1.442220510185595650e+01 1.300000100000000000e+11
7.328000000000000682e+02 1.442220510185595650e+01 1.300000100000000000e+11
7.330000000000000000e+02 1.600000000000000000e+01 1.300000100000000000e+11
7.332000000000000455e+02 1.788854381999831844e+01 1.300000100000000000e+11
7.334000000000000909e+02 2.000000000000000000e+01 1.300000100000000000e+11
7.336000000000000227e+02 2.154065922853801496e+01 1.300000100000000000e+11
7.338000000000000682e+02 2.400000000000000000e+01 1.300000100000000000e+11
7.340000000000000000e+02 2.529822128134703618e+01 1.300000100000000000e+11
7.342000000000000455e+02 2.828427124746190202e+01 1.300000100000000000e+11
7.344000000000000909e+02 2.683281572999747766e+01 1.300000100000000000e+11
7.346000000000000227e+02 2.800000000000000000e+01 1.300000100000000000e+11
7.348000000000000682e+02 2.912043955712207222e+01 1.300000100000000000e+11
7.350000000000000000e+02 3.124099870362661591e+01 1.300000100000000000e+11
7.352000000000000455e+02 3.046309242345563462e+01 1.300000100000000000e+11
7.354000000000000909e+02 3.200000000000000000e+01 1.300000100000000000e+11
7.356000000000000227e+02 3.224903099319419653e+01 1.300000100000000000e+11
7.358000000000000682e+02 3.440930106817050671e+01 1.300000100000000000e+11
7.360000000000000000e+02 3.687817782917154830e+01 0.000000000000000000e+00
7.362000000000000455e+02 3.687817782917154830e+01 0.000000000000000000e+00
7.364000000000000909e+02 4.000000000000000000e+01 0.000000000000000000e+00
7.366000000000000227e+02 4.118252056394800320e+01 0.000000000000000000e+00
7.368000000000000682e+02 4.019950248448355978e+01 0.000000000000000000e+00
7.370000000000000000e+02 4.176122603564220270e+01 0.000000000000000000e+00
7.372000000000000455e+02 4.000000000000000000e+01 0.000000000000000000e+00
7.374000000000000909e+02 4.118252056394800320e+01 0.000000000000000000e+00
7.376000000000000227e+02 4.019950248448355978e+01 0.000000000000000000e+00
7.378000000000000682e+02 3.794733192202055250e+01 0.000000000000000000e+00
7.380000000000000000e+02 3.687817782917154830e+01 0.000000000000000000e+00
7.382000000000000455e+02 3.577708763999663688e+01 0.000000000000000000e+00
7.384000000000000909e+02 3.600000000000000000e+01 0.000000000000000000e+00
7.386000000000000227e+02 3.417601498127012150e+01 0.000000000000000000e+00
7.388000000000000682e+02 3.124099870362661591e+01 0.000000000000000000e+00
7.390000000000000000e+02 3.298484500494128469e+01 0.000000000000000000e+00
7.392000000000000455e+02 3.224903099319419653e+01 0.000000000000000000e+00
7.394000000000000909e+02 3.440930106817050671e+01 0.000000000000000000e+00
7.396000000000000227e+02 3.440930106817050671e+01 0.000000000000000000e+00
7.398000000000000682e+02 3.622154055254966920e+01 0.000000000000000000e+00
7.400000000000000000e+02 3.687817782917154830e+01 1.300000100000000000e+11
7.402000000000000455e+02 4.000000000000000000e+01 1.300000100000000000e+11
7.404000000000000909e+02 4.326661530556787483e+01 1.300000100000000000e+11
7.406000000000000227e+02 4.079215610874227593e+01 1.300000100000000000e+11
7.408000000000000682e+02 4.472135954999579610e+01 1.300000100000000000e+11
7.410000000000000000e+02 4.560701700396551672e+01 1.300000100000000000e+11
7.412000000000000455e+02 4.664761515876240594e+01 1.300000100000000000e+11
7.414000000000000909e+02 4.816637831516918311e+01 1.300000100000000000e+11
7.416000000000000227e+02 5.059644256269407236e+01 1.300000100000000000e+11
7.418000000000000682e+02 5.091168824543142080e+01 1.300000100000000000e+11
7.420000000000000000e+02 5.571355310873647682e+01 1.300000100000000000e+11
7.422000000000000455e+02 6.013318551349163243e+01 1.300000100000000000e+11
7.424000000000000909e+02 6.449806198638839305e+01 1.300000100000000000e+11
7.426000000000000227e+02 6.881860213634101342e+01 1.300000100000000000e+11
7.428000000000000682e+02 7.375635565834309659e+01 1.300000100000000000e+11
7.430000000000000000e+02 7.694153624668537361e+01 1.300000100000000000e+11
7.432000000000000455e+02 8.099382692526634742e+01 1.300000100000000000e+11
7.434000000000000909e+02 8.653323061113574965e+01 1.300000100000000000e+11
7.436000000000000227e+02 9.338094023943001787e+01 1.300000100000000000e+11
7.438000000000000682e+02 9.507891459203770523e+01 1.300000100000000000e+11
7.440000000000000000e+02 9.682974749528163727e+01 0.000000000000000000e+00
7.442000000000000455e+02 9.838699100999075142e+01 0.000000000000000000e+00
7.444000000000000909e+02 9.608329719571450767e+01 0.000000000000000000e+00
7.446000000000000227e+02 9.138927727036690385e+01 0.000000000000000000e+00
7.448000000000000682e+02 9.068627239003707530e+01 0.000000000000000000e+00
7.450000000000000000e+02 9.121403400793103344e+01 0.000000000000000000e+00
7.452000000000000455e+02 9.338094023943001787e+01 0.000000000000000000e+00
7.454000000000000909e+02 9.208691546577070142e+01 0.000000000000000000e+00
7.456000000000000227e+02 9.329523031752481188e+01 0.000000000000000000e+00
7.458000000000000682e+02 9.277930803794561143e+01 0.000000000000000000e+00
7.460000000000000000e+02 9.234717104492156636e+01 0.000000000000000000e+00
7.462000000000000455e+02 9.068627239003707530e+01 0.000000000000000000e+00
7.464000000000000909e+02 9.303762679690406401e+01 0.000000000000000000e+00
7.466000000000000227e+02 9.200000000000000000e+01 0.000000000000000000e+00
7.468000000000000682e+02 8.772684879784523559e+01 0.000000000000000000e+00
7.470000000000000000e+02 8.772684879784523559e+01 0.000000000000000000e+00
7.472000000000000455e+02 8.475848040166836483e+01 0.000000000000000000e+00
7.474000000000000909e+02 8.438009243891595190e+01 0.000000000000000000e+00
7.476000000000000227e+02 8.099382692526634742e+01 0.000000000000000000e+00
7.478000000000000682e+02 8.099382692526634742e+01 0.000000000000000000e+00
7.480000000000000000e+02 8.089499366462673891e+01 1.300000100000000000e+11
7.482000000000000455e+02 8.736131867136622020e+01 1.300000100000000000e+11
7.484000000000000909e+02 9.068627239003707530e+01 1.300000100000000000e+11
7.486000000000000227e+02 1.003194896318756264e+02 1.300000100000000000e+11
7.488000000000000682e+02 1.040000000000000000e+02 1.300000100000000000e+11
7.490000000000000000e+02 1.092520022699813040e+02 1.300000100000000000e+11
7.492000000000000455e+02 1.162755348299890699e+02 1.300000100000000000e+11
7.494000000000000909e+02 1.214578116055118073e+02 1.300000100000000000e+11
7.496000000000000227e+02 1.295530779256131666e+02 1.300000100000000000e+11
7.498000000000000682e+02 1.331465358167459101e+02 1.300000100000000000e+11
7.500000000000000000e+02 1.399428454762872036e+02 1.300000100000000000e+11
7.502000000000000455e+02 1.444991349455075351e+02 1.300000100000000000e+11
7.504000000000000909e+02 1.507846145997661154e+02 1.300000100000000000e+11
7.506000000000000227e+02 1.557947367532035798e+02 1.300000100000000000e+11
7.508000000000000682e+02 1.433875866314793655e+02 1.300000100000000000e+11
7.510000000000000000e+02 1.091787525116494493e+02 1.300000100000000000e+11
7.512000000000000455e+02 1.162755348299890699e+02 1.300000100000000000e+11
7.514000000000000909e+02 1.255388386118017223e+02 1.300000100000000000e+11
7.516000000000000227e+02 1.329661611087572908e+02 1.300000100000000000e+11
7.518000000000000682e+02 1.429405470816450929e+02 1.300000100000000000e+11
7.520000000000000000e+02 1.493452376207557677e+02 0.000000000000000000e+00
7.522000000000000455e+02 1.442220510185595685e+02 0.000000000000000000e+00
7.524000000000000909e+02 1.454372717015827448e+02 0.000000000000000000e+00
7.526000000000000227e+02 1.444991349455075351e+02 0.000000000000000000e+00
7.528000000000000682e+02 1.404563989286355081e+02 0.000000000000000000e+00
7.530000000000000000e+02 1.386217876093076597e+02 0.000000000000000000e+00
7.532000000000000455e+02 1.341044369139216883e+02 0.000000000000000000e+00
7.534000000000000909e+02 1.335065541462290923e+02 0.000000000000000000e+00
7.536000000000000227e+02 1.320605921537534186e+02 0.000000000000000000e+00
7.538000000000000682e+02 1.324839612934335662e+02 0.000000000000000000e+00
7.540000000000000000e+02 1.280624847486569706e+02 0.000000000000000000e+00
7.542000000000000455e+02 1.307822617941745307e+02 0.000000000000000000e+00
7.544000000000000909e+02 1.275617497528157998e+02 0.000000000000000000e+00
7.546000000000000227e+02 1.291200991325517862e+02 0.000000000000000000e+00
7.548000000000000682e+02 1.295530779256131666e+02 0.000000000000000000e+00
7.550000000000000000e+02 1.264911064067351703e+02 0.000000000000000000e+00
7.552000000000000455e+02 1.255388386118017223e+02 0.000000000000000000e+00
7.554000000000000909e+02 1.245792920191794906e+02 0.000000000000000000e+00
7.556000000000000227e+02 1.227028932014237341e+02 0.000000000000000000e+00
7.558000000000000682e+02 1.187939392393399771e+02 0.000000000000000000e+00
7.560000000000000000e+02 1.189285499785480482e+02 1.300000100000000000e+11
7.562000000000000455e+02 1.245792920191794906e+02 1.300000100000000000e+11
7.564000000000000909e+02 1.276244490683505290e+02 1.300000100000000000e+11
7.566000000000000227e+02 1.365283853270080954e+02 1.300000100000000000e+11
7.568000000000000682e+02 1.405133445620023736e+02 1.300000100000000000e+11
7.570000000000000000e+02 1.493452376207557677e+02 1.300000100000000000e+11
7.572000000000000455e+02 1.584929020492716063e+02 1.300000100000000000e+11
7.574000000000000909e+02 1.431083505599865475e+02 1.300000100000000000e+11
7.576000000000000227e+02 1.132077735846792450e+02 1.300000100000000000e+11
7.578000000000000682e+02 1.205985074534506793e+02 1.300000100000000000e+11
7.580000000000000000e+02 1.264911064067351703e+02 1.300000100000000000e+11
7.582000000000000455e+02 1.358823020117042404e+02 1.300000100000000000e+11
7.584000000000000909e+02 1.418731828077455930e+02 1.300000100000000000e+11
7.586000000000000227e+02 1.482160585091912424e+02 1.300000100000000000e+11
7.588000000000000682e+02 1.523154621172781731e+02 1.300000100000000000e+11
7.590000000000000000e+02 1.586442561204155197e+02 1.300000100000000000e+11
7.592000000000000455e+02 1.381593283133643411e+02 1.300000100000000000e+11
7.594000000000000909e+02 1.329661611087572908e+02 1.300000100000000000e+11
7.596000000000000227e+02 1.264911064067351703e+02 1.300000100000000000e+11
7.598000000000000682e+02 1.166190378969060077e+02 1.300000100000000000e+11
7.600000000000000000e+02 1.111395519155984317e+02 0.000000000000000000e+00
7.602000000000000455e+02 1.088117640698835515e+02 0.000000000000000000e+00
7.604000000000000909e+02 1.059056183589898126e+02 0.000000000000000000e+00
7.606000000000000227e+02 1.067333125130106737e+02 0.000000000000000000e+00
7.608000000000000682e+02 1.024499877989255765e+02 0.000000000000000000e+00
7.610000000000000000e+02 1.037689741685827727e+02 0.000000000000000000e+00
7.612000000000000455e+02 1.000799680255744306e+02 0.000000000000000000e+00
7.614000000000000909e+02 9.666436778875657865e+01 0.000000000000000000e+00
7.616000000000000227e+02 9.633275663033836622e+01 0.000000000000000000e+00
7.618000000000000682e+02 9.616652224137045835e+01 0.000000000000000000e+00
7.620000000000000000e+02 9.732420048477150942e+01 0.000000000000000000e+00
7.622000000000000455e+02 9.765244492586961655e+01 0.000000000000000000e+00
7.624000000000000909e+02 9.674709297958258958e+01 0.000000000000000000e+00
7.626000000000000227e+02 9.674709297958258958e+01 0.000000000000000000e+00
7.628000000000000682e+02 9.616652224137045835e+01 0.000000000000000000e+00
7.630000000000000000e+02 9.633275663033836622e+01 0.000000000000000000e+00
7.632000000000000455e+02 9.666436778875657865e+01 0.000000000000000000e+00
7.634000000000000909e+02 9.200000000000000000e+01 0.000000000000000000e+00
7.636000000000000227e+02 9.138927727036690385e+01 0.000000000000000000e+00
7.638000000000000682e+02 9.068627239003707530e+01 0.000000000000000000e+00
7.640000000000000000e+02 8.854377448471461776e+01 1.300000100000000000e+11
7.642000000000000455e+02 8.039900496896711957e+01 1.300000100000000000e+11
7.644000000000000909e+02 7.547184905645282527e+01 1.300000100000000000e+11
7.646000000000000227e+02 7.211102550927978427e+01 1.300000100000000000e+11
7.648000000000000682e+02 6.449806198638839305e+01 1.300000100000000000e+11
7.650000000000000000e+02 6.209669878504009688e+01 1.300000100000000000e+11
7.652000000000000455e+02 5.946427498927402411e+01 1.300000100000000000e+11
7.654000000000000909e+02 5.727128425310541360e+01 1.300000100000000000e+11
7.656000000000000227e+02 5.215361924162119323e+01 1.300000100000000000e+11
7.658000000000000682e+02 5.059644256269407236e+01 1.300000100000000000e+11
7.660000000000000000e+02 4.816637831516918311e+01 1.300000100000000000e+11
7.662000000000000455e+02 4.472135954999579610e+01 1.300000100000000000e+11
7.664000000000000909e+02 4.019950248448355978e+01 1.300000100000000000e+11
7.666000000000000227e+02 3.794733192202055250e+01 1.300000100000000000e+11
7.668000000000000682e+02 3.394112549695427816e+01 1.300000100000000000e+11
7.670000000000000000e+02 3.046309242345563462e+01 1.300000100000000000e+11
7.672000000000000455e+02 2.800000000000000000e+01 1.300000100000000000e+11
7.674000000000000909e+02 2.683281572999747766e+01 1.300000100000000000e+11
7.676000000000000227e+02 2.262741699796952233e+01 1.300000100000000000e+11
7.678000000000000682e+02 2.039607805437113797e+01 1.300000100000000000e+11
7.680000000000000000e+02 2.039607805437113797e+01 0.000000000000000000e+00
7.682000000000000455e+02 2.000000000000000000e+01 0.000000000000000000e+00
7.684000000000000909e+02 2.332380757938120297e+01 0.000000000000000000e+00
7.686000000000000227e+02 2.433105012119287736e+01 0.000000000000000000e+00
7.688000000000000682e+02 2.529822128134703618e+01 0.000000000000000000e+00
7.690000000000000000e+02 2.561249694973139412e+01 0.000000000000000000e+00
7.692000000000000455e+02 2.332380757938120297e+01 0.000000000000000000e+00
7.694000000000000909e+02 2.433105012119287736e+01 0.000000000000000000e+00
7.696000000000000227e+02 2.433105012119287736e+01 0.000000000000000000e+00
7.698000000000000682e+02 2.332380757938120297e+01 0.000000000000000000e+00
7.700000000000000000e+02 2.000000000000000000e+01 0.000000000000000000e+00
7.702000000000000455e+02 2.039607805437113797e+01 0.000000000000000000e+00
7.704000000000000909e+02 1.649242250247064234e+01 0.000000000000000000e+00
7.706000000000000227e+02 1.697056274847713908e+01 0.000000000000000000e+00
7.708000000000000682e+02 1.649242250247064234e+01 0.000000000000000000e+00
7.710000000000000000e+02 2.039607805437113797e+01 0.000000000000000000e+00
7.712000000000000455e+02 2.000000000000000000e+01 0.000000000000000000e+00
7.714000000000000909e+02 2.000000000000000000e+01 0.000000000000000000e+00
7.716000000000000227e+02 2.039607805437113797e+01 0.000000000000000000e+00
7.718000000000000682e+02 2.039607805437113797e+01 0.000000000000000000e+00
7.720000000000000000e+02 2.332380757938120297e+01 1.300000100000000000e+11
7.722000000000000455e+02 2.000000000000000000e+01 1.300000100000000000e+11
7.724000000000000909e+02 2.039607805437113797e+01 1.300000100000000000e+11
7.726000000000000227e+02 1.600000000000000000e+01 1.300000100000000000e+11
7.728000000000000682e+02 1.788854381999831844e+01 1.300000100000000000e+11
7.730000000000000000e+02 1.131370849898476116e+01 1.300000100000000000e+11
7.732000000000000455e+02 1.264911064067351809e+01 1.300000100000000000e+11
7.734000000000000909e+02 8.000000000000000000e+00 1.300000100000000000e+11
7.736000000000000227e+02 8.944271909999159220e+00 1.300000100000000000e+11
7.738000000000000682e+02 8.944271909999159220e+00 1.300000100000000000e+11
7.740000000000000000e+02 8.000000000000000000e+00 1.300000100000000000e+11
7.742000000000000455e+02 8.944271909999159220e+00 1.300000100000000000e+11
7.744000000000000909e+02 8.944271909999159220e+00 1.300000100000000000e+11
7.746000000000000227e+02 8.000000000000000000e+00 1.300000100000000000e+11
7.748000000000000682e+02 8.000000000000000000e+00 1.300000100000000000e+11
7.750000000000000000e+02 8.944271909999159220e+00 1.300000100000000000e+11
7.752000000000000455e+02 1.131370849898476116e+01 1.300000100000000000e+11
7.754000000000000909e+02 8.944271909999159220e+00 1.300000100000000000e+11
7.756000000000000227e+02 8.000000000000000000e+00 1.300000100000000000e+11
7.758000000000000682e+02 8.000000000000000000e+00 1.300000100000000000e+11
7.760000000000000000e+02 4.000000000000000000e+00 0.000000000000000000e+00
7.762000000000000455e+02 5.656854249492380582e+00 0.000000000000000000e+00
7.764000000000000909e+02 4.000000000000000000e+00 0.000000000000000000e+00
7.766000000000000227e+02 4.000000000000000000e+00 0.000000000000000000e+00
7.768000000000000682e+02 0.000000000000000000e+00 0.000000000000000000e+00
7.770000000000000000e+02 4.000000000000000000e+00 0.000000000000000000e+00
7.772000000000000455e+02 5.656854249492380582e+00 0.000000000000000000e+00
7.774000000000000909e+02 4.000000000000000000e+00 0.000000000000000000e+00
7.776000000000000227e+02 4.000000000000000000e+00 0.000000000000000000e+00
7.778000000000000682e+02 8.000000000000000000e+00 0.000000000000000000e+00
7.780000000000000000e+02 8.944271909999159220e+00 0.000000000000000000e+00
7.782000000000000455e+02 5.656854249492380582e+00 0.000000000000000000e+00
7.784000000000000909e+02 5.656854249492380582e+00 0.000000000000000000e+00
7.786000000000000227e+02 8.944271909999159220e+00 0.000000000000000000e+00
7.788000000000000682e+02 8.000000000000000000e+00 0.000000000000000000e+00
7.790000000000000000e+02 4.000000000000000000e+00 0.000000000000000000e+00
7.792000000000000455e+02 4.000000000000000000e+00 0.000000000000000000e+00
7.794000000000000909e+02 4.000000000000000000e+00 0.000000000000000000e+00
7.796000000000000227e+02 0.000000000000000000e+00 0.000000000000000000e+00
7.798000000000000682e+02 0.000000000000000000e+00 0.000000000000000000e+00
7.800000000000000000e+02 0.000000000000000000e+00 1.300000100000000000e+11
7.802000000000000455e+02 4.000000000000000000e+00 1.300000100000000000e+11
7.804000000000000909e+02 4.000000000000000000e+00 1.300000100000000000e+11
7.806000000000000227e+02 4.000000000000000000e+00 1.300000100000000000e+11
7.808000000000000682e+02 4.000000000000000000e+00 1.300000100000000000e+11
7.810000000000000000e+02 5.656854249492380582e+00 1.300000100000000000e+11
7.812000000000000455e+02 5.656854249492380582e+00 1.300000100000000000e+11
7.814000000000000909e+02 5.656854249492380582e+00 1.300000100000000000e+11
7.816000000000000227e+02 5.656854249492380582e+00 1.300000100000000000e+11
7.818000000000000682e+02 4.000000000000000000e+00 1.300000100000000000e+11
7.820000000000000000e+02 4.000000000000000000e+00 1.300000100000000000e+11
7.822000000000000455e+02 4.000000000000000000e+00 1.300000100000000000e+11
7.824000000000000909e+02 4.000000000000000000e+00 1.300000100000000000e+11
7.826000000000000227e+02 0.000000000000000000e+00 1.300000100000000000e+11
7.828000000000000682e+02 0.000000000000000000e+00 1.300000100000000000e+11
7.830000000000000000e+02 0.000000000000000000e+00 1.300000100000000000e+11
7.832000000000000455e+02 0.000000000000000000e+00 1.300000100000000000e+11
7.834000000000000909e+02 4.000000000000000000e+00 1.300000100000000000e+11
7.836000000000000227e+02 4.000000000000000000e+00 1.300000100000000000e+11
7.838000000000000682e+02 4.000000000000000000e+00 1.300000100000000000e+11
7.840000000000000000e+02 5.656854249492380582e+00 0.000000000000000000e+00
7.842000000000000455e+02 5.656854249492380582e+00 0.000000000000000000e+00
7.844000000000000909e+02 5.656854249492380582e+00 0.000000000000000000e+00
7.846000000000000227e+02 5.656854249492380582e+00 0.000000000000000000e+00
7.848000000000000682e+02 4.000000000000000000e+00 0.000000000000000000e+00
7.850000000000000000e+02 4.000000000000000000e+00 0.000000000000000000e+00
7.852000000000000455e+02 4.000000000000000000e+00 0.000000000000000000e+00
7.854000000000000909e+02 0.000000000000000000e+00 0.000000000000000000e+00
7.856000000000000227e+02 0.000000000000000000e+00 0.000000000000000000e+00
7.858000000000000682e+02 0.000000000000000000e+00 0.000000000000000000e+00
7.860000000000000000e+02 0.000000000000000000e+00 0.000000000000000000e+00
7.862000000000000455e+02 4.000000000000000000e+00 0.000000000000000000e+00
7.864000000000000909e+02 4.000000000000000000e+00 0.000000000000000000e+00
7.866000000000000227e+02 4.000000000000000000e+00 0.000000000000000000e+00
7.868000000000000682e+02 5.656854249492380582e+00 0.000000000000000000e+00
7.870000000000000000e+02 5.656854249492380582e+00 0.000000000000000000e+00
7.872000000000000455e+02 5.656854249492380582e+00 0.000000000000000000e+00
7.874000000000000909e+02 5.656854249492380582e+00 0.000000000000000000e+00
7.876000000000000227e+02 4.000000000000000000e+00 0.000000000000000000e+00
7.878000000000000682e+02 4.000000000000000000e+00 0.000000000000000000e+00
7.880000000000000000e+02 4.000000000000000000e+00 1.300000100000000000e+11
7.882000000000000455e+02 0.000000000000000000e+00 1.300000100000000000e+11
7.884000000000000909e+02 0.000000000000000000e+00 1.300000100000000000e+11
7.886000000000000227e+02 0.000000000000000000e+00 1.300000100000000000e+11
7.888000000000000682e+02 0.000000000000000000e+00 1.300000100000000000e+11
7.890000000000000000e+02 4.000000000000000000e+00 1.300000100000000000e+11
7.892000000000000455e+02 4.000000000000000000e+00 1.300000100000000000e+11
7.894000000000000909e+02 4.000000000000000000e+00 1.300000100000000000e+11
7.896000000000000227e+02 5.656854249492380582e+00 1.300000100000000000e+11
7.898000000000000682e+02 5.656854249492380582e+00 1.300000100000000000e+11
7.900000000000000000e+02 5.656854249492380582e+00 1.300000100000000000e+11
7.902000000000000455e+02 4.000000000000000000e+00 1.300000100000000000e+11
7.904000000000000909e+02 4.000000000000000000e+00 1.300000100000000000e+11
7.906000000000000227e+02 4.000000000000000000e+00 1.300000100000000000e+11
7.908000000000000682e+02 4.000000000000000000e+00 1.300000100000000000e+11
7.910000000000000000e+02 0.000000000000000000e+00 1.300000100000000000e+11
7.912000000000000455e+02 0.000000000000000000e+00 1.300000100000000000e+11
7.914000000000000909e+02 0.000000000000000000e+00 1.300000100000000000e+11
7.916000000000000227e+02 4.000000000000000000e+00 1.300000100000000000e+11
7.918000000000000682e+02 4.000000000000000000e+00 1.300000100000000000e+11
7.920000000000000000e+02 4.000000000000000000e+00 0.000000000000000000e+00
7.922000000000000455e+02 4.000000000000000000e+00 0.000000000000000000e+00
7.924000000000000909e+02 5.656854249492380582e+00 0.000000000000000000e+00
7.926000000000000227e+02 5.656854249492380582e+00 0.000000000000000000e+00
7.928000000000000682e+02 5.656854249492380582e+00 0.000000000000000000e+00
7.930000000000000000e+02 4.000000000000000000e+00 0.000000000000000000e+00
7.932000000000000455e+02 4.000000000000000000e+00 0.000000000000000000e+00
7.934000000000000909e+02 4.000000000000000000e+00 0.000000000000000000e+00
7.936000000000000227e+02 0.000000000000000000e+00 0.000000000000000000e+00
7.938000000000000682e+02 0.000000000000000000e+00 0.000000000000000000e+00
7.940000000000000000e+02 0.000000000000000000e+00 0.000000000000000000e+00
7.942000000000000455e+02 0.000000000000000000e+00 0.000000000000000000e+00
7.944000000000000909e+02 4.000000000000000000e+00 0.000000000000000000e+00
7.946000000000000227e+02 4.000000000000000000e+00 0.000000000000000000e+00
7.948000000000000682e+02 4.000000000000000000e+00 0.000000000000000000e+00
7.950000000000000000e+02 5.656854249492380582e+00 0.000000000000000000e+00
7.952000000000000455e+02 5.656854249492380582e+00 0.000000000000000000e+00
7.954000000000000909e+02 5.656854249492380582e+00 0.000000000000000000e+00
7.956000000000000227e+02 5.656854249492380582e+00 0.000000000000000000e+00
7.958000000000000682e+02 4.000000000000000000e+00 0.000000000000000000e+00
7.960000000000000000e+02 4.000000000000000000e+00 1.300000100000000000e+11
7.962000000000000455e+02 4.000000000000000000e+00 1.300000100000000000e+11
7.964000000000000909e+02 0.000000000000000000e+00 1.300000100000000000e+11
7.966000000000000227e+02 0.000000000000000000e+00 1.300000100000000000e+11
7.968000000000000682e+02 0.000000000000000000e+00 1.300000100000000000e+11
7.970000000000000000e+02 4.000000000000000000e+00 1.300000100000000000e+11
7.972000000000000455e+02 4.000000000000000000e+00 1.300000100000000000e+11
7.974000000000000909e+02 4.000000000000000000e+00 1.300000100000000000e+11
7.976000000000000227e+02 4.000000000000000000e+00 1.300000100000000000e+11
7.978000000000000682e+02 5.656854249492380582e+00 1.300000100000000000e+11
7.980000000000000000e+02 5.656854249492380582e+00 1.300000100000000000e+11
7.982000000000000455e+02 5.656854249492380582e+00 1.300000100000000000e+11
7.984000000000000909e+02 4.000000000000000000e+00 1.300000100000000000e+11
7.986000000000000227e+02 4.000000000000000000e+00 1.300000100000000000e+11
7.988000000000000682e+02 4.000000000000000000e+00 1.300000100000000000e+11
7.990000000000000000e+02 4.000000000000000000e+00 1.300000100000000000e+11
7.992000000000000455e+02 0.000000000000000000e+00 1.300000100000000000e+11
7.994000000000000909e+02 0.000000000000000000e+00 1.300000100000000000e+11
7.996000000000000227e+02 0.000000000000000000e+00 1.300000100000000000e+11
7.998000000000000682e+02 4.000000000000000000e+00 1.300000100000000000e+11
