1.000000000000000000e+03 5.656854249492380582e+00 0.000000000000000000e+00
1.000200000000000045e+03 4.000000000000000000e+00 0.000000000000000000e+00
1.000400000000000091e+03 5.656854249492380582e+00 0.000000000000000000e+00
1.000600000000000023e+03 5.656854249492380582e+00 0.000000000000000000e+00
1.000800000000000068e+03 5.656854249492380582e+00 0.000000000000000000e+00
1.001000000000000000e+03 5.656854249492380582e+00 0.000000000000000000e+00
1.001200000000000045e+03 5.656854249492380582e+00 0.000000000000000000e+00
1.001400000000000091e+03 5.656854249492380582e+00 0.000000000000000000e+00
1.001600000000000023e+03 5.656854249492380582e+00 0.000000000000000000e+00
1.001800000000000068e+03 5.656854249492380582e+00 0.000000000000000000e+00
1.002000000000000000e+03 5.656854249492380582e+00 0.000000000000000000e+00
1.002200000000000045e+03 5.656854249492380582e+00 0.000000000000000000e+00
1.002400000000000091e+03 4.000000000000000000e+00 0.000000000000000000e+00
1.002600000000000023e+03 5.656854249492380582e+00 0.000000000000000000e+00
1.002800000000000068e+03 5.656854249492380582e+00 0.000000000000000000e+00
1.003000000000000000e+03 5.656854249492380582e+00 0.000000000000000000e+00
1.003200000000000045e+03 5.656854249492380582e+00 0.000000000000000000e+00
1.003400000000000091e+03 5.656854249492380582e+00 0.000000000000000000e+00
1.003600000000000023e+03 5.656854249492380582e+00 0.000000000000000000e+00
1.003800000000000068e+03 5.656854249492380582e+00 0.000000000000000000e+00
1.004000000000000000e+03 5.656854249492380582e+00 1.349999900000000000e+11
1.004200000000000045e+03 5.656854249492380582e+00 1.349999900000000000e+11
1.004400000000000091e+03 5.656854249492380582e+00 1.349999900000000000e+11
1.004600000000000023e+03 4.000000000000000000e+00 1.349999900000000000e+11
1.004800000000000068e+03 4.000000000000000000e+00 1.349999900000000000e+11
1.005000000000000000e+03 0.000000000000000000e+00 1.349999900000000000e+11
1.005200000000000045e+03 0.000000000000000000e+00 1.349999900000000000e+11
1.005400000000000091e+03 0.000000000000000000e+00 1.350000100000000000e+11
1.005600000000000023e+03 5.656854249492380582e+00 1.349999900000000000e+11
1.005800000000000068e+03 4.000000000000000000e+00 1.349999900000000000e+11
1.006000000000000000e+03 5.656854249492380582e+00 1.349999900000000000e+11
1.006200000000000045e+03 5.656854249492380582e+00 1.349999900000000000e+11
1.006400000000000091e+03 5.656854249492380582e+00 1.349999900000000000e+11
1.006600000000000023e+03 5.656854249492380582e+00 1.349999900000000000e+11
1.006800000000000068e+03 5.656854249492380582e+00 1.349999900000000000e+11
1.007000000000000000e+03 5.656854249492380582e+00 1.350000100000000000e+11
1.007200000000000045e+03 4.000000000000000000e+00 1.350000100000000000e+11
1.007400000000000091e+03 4.000000000000000000e+00 1.349999900000000000e+11
1.007600000000000023e+03 4.000000000000000000e+00 1.350000100000000000e+11
1.007800000000000068e+03 0.000000000000000000e+00 1.349999900000000000e+11
1.008000000000000000e+03 0.000000000000000000e+00 0.000000000000000000e+00
1.008200000000000045e+03 0.000000000000000000e+00 0.000000000000000000e+00
1.008400000000000091e+03 4.000000000000000000e+00 0.000000000000000000e+00
1.008600000000000023e+03 4.000000000000000000e+00 0.000000000000000000e+00
1.008800000000000068e+03 4.000000000000000000e+00 0.000000000000000000e+00
1.009000000000000000e+03 5.656854249492380582e+00 0.000000000000000000e+00
1.009200000000000045e+03 5.656854249492380582e+00 0.000000000000000000e+00
1.009400000000000091e+03 5.656854249492380582e+00 0.000000000000000000e+00
1.009600000000000023e+03 5.656854249492380582e+00 0.000000000000000000e+00
1.009800000000000068e+03 5.656854249492380582e+00 0.000000000000000000e+00
1.010000000000000000e+03 4.000000000000000000e+00 0.000000000000000000e+00
1.010200000000000045e+03 4.000000000000000000e+00 0.000000000000000000e+00
1.010400000000000091e+03 4.000000000000000000e+00 0.000000000000000000e+00
1.010600000000000023e+03 0.000000000000000000e+00 0.000000000000000000e+00
1.010800000000000068e+03 0.000000000000000000e+00 0.000000000000000000e+00
1.011000000000000000e+03 0.000000000000000000e+00 0.000000000000000000e+00
1.011200000000000045e+03 4.000000000000000000e+00 0.000000000000000000e+00
1.011400000000000091e+03 4.000000000000000000e+00 0.000000000000000000e+00
1.011600000000000023e+03 5.656854249492380582e+00 0.000000000000000000e+00
1.011800000000000068e+03 5.656854249492380582e+00 0.000000000000000000e+00
1.012000000000000000e+03 5.656854249492380582e+00 1.349999900000000000e+11
1.012200000000000045e+03 5.656854249492380582e+00 1.349999900000000000e+11
1.012400000000000091e+03 5.656854249492380582e+00 1.349999900000000000e+11
1.012600000000000023e+03 4.000000000000000000e+00 1.350000100000000000e+11
1.012800000000000068e+03 4.000000000000000000e+00 1.349999900000000000e+11
1.013000000000000000e+03 4.000000000000000000e+00 1.349999900000000000e+11
1.013200000000000045e+03 0.000000000000000000e+00 1.349999900000000000e+11
1.013400000000000091e+03 0.000000000000000000e+00 1.349999900000000000e+11
1.013600000000000023e+03 0.000000000000000000e+00 1.350000100000000000e+11
1.013800000000000068e+03 0.000000000000000000e+00 1.349999900000000000e+11
1.014000000000000000e+03 4.000000000000000000e+00 1.349999900000000000e+11
1.014200000000000045e+03 4.000000000000000000e+00 1.350000100000000000e+11
1.014400000000000091e+03 4.000000000000000000e+00 1.349999900000000000e+11
1.014600000000000023e+03 5.656854249492380582e+00 1.349999900000000000e+11
1.014800000000000068e+03 5.656854249492380582e+00 1.349999900000000000e+11
1.015000000000000000e+03 5.656854249492380582e+00 1.349999900000000000e+11
1.015200000000000045e+03 5.656854249492380582e+00 1.349999900000000000e+11
1.015400000000000091e+03 4.000000000000000000e+00 1.349999900000000000e+11
1.015600000000000023e+03 4.000000000000000000e+00 1.349999900000000000e+11
1.015800000000000068e+03 4.000000000000000000e+00 1.349999900000000000e+11
1.016000000000000000e+03 0.000000000000000000e+00 0.000000000000000000e+00
1.016200000000000045e+03 0.000000000000000000e+00 0.000000000000000000e+00
1.016400000000000091e+03 0.000000000000000000e+00 0.000000000000000000e+00
1.016600000000000023e+03 4.000000000000000000e+00 0.000000000000000000e+00
1.016800000000000068e+03 4.000000000000000000e+00 0.000000000000000000e+00
1.017000000000000000e+03 4.000000000000000000e+00 0.000000000000000000e+00
1.017200000000000045e+03 5.656854249492380582e+00 0.000000000000000000e+00
1.017400000000000091e+03 5.656854249492380582e+00 0.000000000000000000e+00
1.017600000000000023e+03 5.656854249492380582e+00 0.000000000000000000e+00
1.017800000000000068e+03 5.656854249492380582e+00 0.000000000000000000e+00
1.018000000000000000e+03 4.000000000000000000e+00 0.000000000000000000e+00
1.018200000000000045e+03 4.000000000000000000e+00 0.000000000000000000e+00
1.018400000000000091e+03 4.000000000000000000e+00 0.000000000000000000e+00
1.018600000000000023e+03 0.000000000000000000e+00 0.000000000000000000e+00
1.018800000000000068e+03 0.000000000000000000e+00 0.000000000000000000e+00
1.019000000000000000e+03 0.000000000000000000e+00 0.000000000000000000e+00
1.019200000000000045e+03 0.000000000000000000e+00 0.000000000000000000e+00
1.019400000000000091e+03 4.000000000000000000e+00 0.000000000000000000e+00
1.019600000000000023e+03 4.000000000000000000e+00 0.000000000000000000e+00
1.019800000000000068e+03 4.000000000000000000e+00 0.000000000000000000e+00
1.020000000000000000e+03 5.656854249492380582e+00 1.349999900000000000e+11
1.020200000000000045e+03 5.656854249492380582e+00 1.349999900000000000e+11
1.020400000000000091e+03 5.656854249492380582e+00 1.349999900000000000e+11
1.020600000000000023e+03 5.656854249492380582e+00 1.350000100000000000e+11
1.020800000000000068e+03 4.000000000000000000e+00 1.349999900000000000e+11
1.021000000000000000e+03 4.000000000000000000e+00 1.349999900000000000e+11
1.021200000000000045e+03 4.000000000000000000e+00 1.349999900000000000e+11
1.021400000000000091e+03 0.000000000000000000e+00 1.349999900000000000e+11
1.021600000000000023e+03 0.000000000000000000e+00 1.349999900000000000e+11
1.021800000000000068e+03 0.000000000000000000e+00 1.349999900000000000e+11
1.022000000000000000e+03 4.000000000000000000e+00 1.349999900000000000e+11
1.022200000000000045e+03 4.000000000000000000e+00 1.350000100000000000e+11
1.022400000000000091e+03 4.000000000000000000e+00 1.349999900000000000e+11
1.022600000000000023e+03 4.000000000000000000e+00 1.349999900000000000e+11
1.022800000000000068e+03 5.656854249492380582e+00 1.349999900000000000e+11
1.023000000000000000e+03 5.656854249492380582e+00 1.349999900000000000e+11
1.023200000000000045e+03 5.656854249492380582e+00 1.349999900000000000e+11
1.023400000000000091e+03 4.000000000000000000e+00 1.349999900000000000e+11
1.023600000000000023e+03 4.000000000000000000e+00 1.349999900000000000e+11
1.023800000000000068e+03 4.000000000000000000e+00 1.350000100000000000e+11
1.024000000000000000e+03 4.000000000000000000e+00 0.000000000000000000e+00
1.024200000000000045e+03 0.000000000000000000e+00 0.000000000000000000e+00
1.024400000000000091e+03 0.000000000000000000e+00 0.000000000000000000e+00
1.024600000000000136e+03 0.000000000000000000e+00 0.000000000000000000e+00
1.024799999999999955e+03 4.000000000000000000e+00 0.000000000000000000e+00
1.025000000000000000e+03 4.000000000000000000e+00 0.000000000000000000e+00
1.025200000000000045e+03 4.000000000000000000e+00 0.000000000000000000e+00
1.025400000000000091e+03 5.656854249492380582e+00 0.000000000000000000e+00
1.025600000000000136e+03 5.656854249492380582e+00 0.000000000000000000e+00
1.025799999999999955e+03 5.656854249492380582e+00 0.000000000000000000e+00
1.026000000000000000e+03 5.656854249492380582e+00 0.000000000000000000e+00
1.026200000000000045e+03 4.000000000000000000e+00 0.000000000000000000e+00
1.026400000000000091e+03 4.000000000000000000e+00 0.000000000000000000e+00
1.026600000000000136e+03 4.000000000000000000e+00 0.000000000000000000e+00
1.026799999999999955e+03 0.000000000000000000e+00 0.000000000000000000e+00
1.027000000000000000e+03 0.000000000000000000e+00 0.000000000000000000e+00
1.027200000000000045e+03 0.000000000000000000e+00 0.000000000000000000e+00
1.027400000000000091e+03 4.000000000000000000e+00 0.000000000000000000e+00
1.027600000000000136e+03 4.000000000000000000e+00 0.000000000000000000e+00
1.027799999999999955e+03 4.000000000000000000e+00 0.000000000000000000e+00
1.028000000000000000e+03 4.000000000000000000e+00 1.349999900000000000e+11
1.028200000000000045e+03 5.656854249492380582e+00 1.349999900000000000e+11
1.028400000000000091e+03 5.656854249492380582e+00 1.350000100000000000e+11
1.028600000000000136e+03 5.656854249492380582e+00 1.349999900000000000e+11
1.028799999999999955e+03 4.000000000000000000e+00 1.350000100000000000e+11
1.029000000000000000e+03 4.000000000000000000e+00 1.350000100000000000e+11
1.029200000000000045e+03 4.000000000000000000e+00 1.349999900000000000e+11
1.029400000000000091e+03 4.000000000000000000e+00 1.349999900000000000e+11
1.029600000000000136e+03 0.000000000000000000e+00 1.349999900000000000e+11
1.029799999999999955e+03 0.000000000000000000e+00 1.349999900000000000e+11
1.030000000000000000e+03 0.000000000000000000e+00 1.350000100000000000e+11
1.030200000000000045e+03 4.000000000000000000e+00 1.349999900000000000e+11
1.030400000000000091e+03 4.000000000000000000e+00 1.349999900000000000e+11
1.030600000000000136e+03 4.000000000000000000e+00 1.349999900000000000e+11
1.030799999999999955e+03 5.656854249492380582e+00 1.350000100000000000e+11
1.031000000000000000e+03 5.656854249492380582e+00 1.349999900000000000e+11
1.031200000000000045e+03 5.656854249492380582e+00 1.349999900000000000e+11
1.031400000000000091e+03 5.656854249492380582e+00 1.349999900000000000e+11
1.031600000000000136e+03 4.000000000000000000e+00 1.349999900000000000e+11
1.031799999999999955e+03 4.000000000000000000e+00 1.349999900000000000e+11
1.032000000000000000e+03 4.000000000000000000e+00 0.000000000000000000e+00
1.032200000000000045e+03 0.000000000000000000e+00 0.000000000000000000e+00
1.032400000000000091e+03 0.000000000000000000e+00 0.000000000000000000e+00
1.032600000000000136e+03 0.000000000000000000e+00 0.000000000000000000e+00
1.032799999999999955e+03 0.000000000000000000e+00 0.000000000000000000e+00
1.033000000000000000e+03 4.000000000000000000e+00 0.000000000000000000e+00
1.033200000000000045e+03 4.000000000000000000e+00 0.000000000000000000e+00
1.033400000000000091e+03 4.000000000000000000e+00 0.000000000000000000e+00
1.033600000000000136e+03 5.656854249492380582e+00 0.000000000000000000e+00
1.033799999999999955e+03 5.656854249492380582e+00 0.000000000000000000e+00
1.034000000000000000e+03 5.656854249492380582e+00 0.000000000000000000e+00
1.034200000000000045e+03 4.000000000000000000e+00 0.000000000000000000e+00
1.034400000000000091e+03 4.000000000000000000e+00 0.000000000000000000e+00
1.034600000000000136e+03 4.000000000000000000e+00 0.000000000000000000e+00
1.034799999999999955e+03 4.000000000000000000e+00 0.000000000000000000e+00
1.035000000000000000e+03 0.000000000000000000e+00 0.000000000000000000e+00
1.035200000000000045e+03 0.000000000000000000e+00 0.000000000000000000e+00
1.035400000000000091e+03 0.000000000000000000e+00 0.000000000000000000e+00
1.035600000000000136e+03 4.000000000000000000e+00 0.000000000000000000e+00
1.035799999999999955e+03 4.000000000000000000e+00 0.000000000000000000e+00
1.036000000000000000e+03 4.000000000000000000e+00 1.349999900000000000e+11
1.036200000000000045e+03 4.000000000000000000e+00 1.350000100000000000e+11
1.036400000000000091e+03 5.656854249492380582e+00 1.349999900000000000e+11
1.036600000000000136e+03 5.656854249492380582e+00 1.350000100000000000e+11
1.036799999999999955e+03 5.656854249492380582e+00 1.349999900000000000e+11
1.037000000000000000e+03 4.000000000000000000e+00 1.350000100000000000e+11
1.037200000000000045e+03 4.000000000000000000e+00 1.349999900000000000e+11
1.037400000000000091e+03 4.000000000000000000e+00 1.349999900000000000e+11
1.037600000000000136e+03 0.000000000000000000e+00 1.349999900000000000e+11
1.037799999999999955e+03 0.000000000000000000e+00 1.349999900000000000e+11
1.038000000000000000e+03 0.000000000000000000e+00 1.350000100000000000e+11
1.038200000000000045e+03 0.000000000000000000e+00 1.349999900000000000e+11
1.038400000000000091e+03 4.000000000000000000e+00 1.350000100000000000e+11
1.038600000000000136e+03 4.000000000000000000e+00 1.349999900000000000e+11
1.038799999999999955e+03 4.000000000000000000e+00 1.349999900000000000e+11
1.039000000000000000e+03 5.656854249492380582e+00 1.349999900000000000e+11
1.039200000000000045e+03 5.656854249492380582e+00 1.349999900000000000e+11
1.039400000000000091e+03 5.656854249492380582e+00 1.349999900000000000e+11
1.039600000000000136e+03 5.656854249492380582e+00 1.350000100000000000e+11
1.039799999999999955e+03 4.000000000000000000e+00 1.349999900000000000e+11
1.040000000000000000e+03 4.000000000000000000e+00 0.000000000000000000e+00
1.040200000000000045e+03 4.000000000000000000e+00 0.000000000000000000e+00
1.040400000000000091e+03 0.000000000000000000e+00 0.000000000000000000e+00
1.040600000000000136e+03 0.000000000000000000e+00 0.000000000000000000e+00
1.040799999999999955e+03 0.000000000000000000e+00 0.000000000000000000e+00
1.041000000000000000e+03 4.000000000000000000e+00 0.000000000000000000e+00
1.041200000000000045e+03 4.000000000000000000e+00 0.000000000000000000e+00
1.041400000000000091e+03 4.000000000000000000e+00 0.000000000000000000e+00
1.041600000000000136e+03 4.000000000000000000e+00 0.000000000000000000e+00
1.041799999999999955e+03 5.656854249492380582e+00 0.000000000000000000e+00
1.042000000000000000e+03 5.656854249492380582e+00 0.000000000000000000e+00
1.042200000000000045e+03 5.656854249492380582e+00 0.000000000000000000e+00
1.042400000000000091e+03 4.000000000000000000e+00 0.000000000000000000e+00
1.042600000000000136e+03 4.000000000000000000e+00 0.000000000000000000e+00
1.042799999999999955e+03 4.000000000000000000e+00 0.000000000000000000e+00
1.043000000000000000e+03 4.000000000000000000e+00 0.000000000000000000e+00
1.043200000000000045e+03 0.000000000000000000e+00 0.000000000000000000e+00
1.043400000000000091e+03 0.000000000000000000e+00 0.000000000000000000e+00
1.043600000000000136e+03 0.000000000000000000e+00 0.000000000000000000e+00
1.043799999999999955e+03 4.000000000000000000e+00 0.000000000000000000e+00
1.044000000000000000e+03 4.000000000000000000e+00 1.349999900000000000e+11
1.044200000000000045e+03 4.000000000000000000e+00 1.350000100000000000e+11
1.044400000000000091e+03 5.656854249492380582e+00 1.349999900000000000e+11
1.044600000000000136e+03 5.656854249492380582e+00 1.349999900000000000e+11
1.044799999999999955e+03 5.656854249492380582e+00 1.350000100000000000e+11
1.045000000000000000e+03 5.656854249492380582e+00 1.350000100000000000e+11
1.045200000000000045e+03 4.000000000000000000e+00 1.349999900000000000e+11
1.045400000000000091e+03 4.000000000000000000e+00 1.349999900000000000e+11
1.045600000000000136e+03 4.000000000000000000e+00 1.349999900000000000e+11
1.045799999999999955e+03 0.000000000000000000e+00 1.349999900000000000e+11
1.046000000000000000e+03 0.000000000000000000e+00 1.350000100000000000e+11
1.046200000000000045e+03 0.000000000000000000e+00 1.349999900000000000e+11
1.046400000000000091e+03 0.000000000000000000e+00 1.349999900000000000e+11
1.046600000000000136e+03 4.000000000000000000e+00 1.349999900000000000e+11
1.046799999999999955e+03 4.000000000000000000e+00 1.349999900000000000e+11
1.047000000000000000e+03 4.000000000000000000e+00 1.349999900000000000e+11
1.047200000000000045e+03 5.656854249492380582e+00 1.350000100000000000e+11
1.047400000000000091e+03 5.656854249492380582e+00 1.350000100000000000e+11
1.047600000000000136e+03 5.656854249492380582e+00 1.349999900000000000e+11
1.047799999999999955e+03 4.000000000000000000e+00 1.349999900000000000e+11
1.048000000000000000e+03 4.000000000000000000e+00 0.000000000000000000e+00
1.048200000000000045e+03 4.000000000000000000e+00 0.000000000000000000e+00
1.048400000000000091e+03 4.000000000000000000e+00 0.000000000000000000e+00
1.048600000000000136e+03 0.000000000000000000e+00 0.000000000000000000e+00
1.048799999999999955e+03 0.000000000000000000e+00 0.000000000000000000e+00
1.049000000000000000e+03 0.000000000000000000e+00 0.000000000000000000e+00
1.049200000000000045e+03 4.000000000000000000e+00 0.000000000000000000e+00
1.049400000000000091e+03 4.000000000000000000e+00 0.000000000000000000e+00
1.049600000000000136e+03 4.000000000000000000e+00 0.000000000000000000e+00
1.049799999999999955e+03 5.656854249492380582e+00 0.000000000000000000e+00
1.050000000000000000e+03 5.656854249492380582e+00 0.000000000000000000e+00
1.050200000000000045e+03 5.656854249492380582e+00 0.000000000000000000e+00
1.050400000000000091e+03 5.656854249492380582e+00 0.000000000000000000e+00
1.050600000000000136e+03 4.000000000000000000e+00 0.000000000000000000e+00
1.050799999999999955e+03 4.000000000000000000e+00 0.000000000000000000e+00
1.051000000000000000e+03 4.000000000000000000e+00 0.000000000000000000e+00
1.051200000000000045e+03 0.000000000000000000e+00 0.000000000000000000e+00
1.051400000000000091e+03 0.000000000000000000e+00 0.000000000000000000e+00
1.051600000000000136e+03 0.000000000000000000e+00 0.000000000000000000e+00
1.051799999999999955e+03 0.000000000000000000e+00 0.000000000000000000e+00
1.052000000000000000e+03 4.000000000000000000e+00 1.349999900000000000e+11
1.052200000000000045e+03 4.000000000000000000e+00 1.349999900000000000e+11
1.052400000000000091e+03 4.000000000000000000e+00 1.350000100000000000e+11
1.052600000000000136e+03 5.656854249492380582e+00 1.350000100000000000e+11
1.052799999999999955e+03 5.656854249492380582e+00 1.349999900000000000e+11
1.053000000000000000e+03 5.656854249492380582e+00 1.349999900000000000e+11
1.053200000000000045e+03 4.000000000000000000e+00 1.349999900000000000e+11
1.053400000000000091e+03 4.000000000000000000e+00 1.349999900000000000e+11
1.053600000000000136e+03 4.000000000000000000e+00 1.349999900000000000e+11
1.053799999999999955e+03 4.000000000000000000e+00 1.349999900000000000e+11
1.054000000000000000e+03 0.000000000000000000e+00 1.349999900000000000e+11
1.054200000000000045e+03 0.000000000000000000e+00 1.350000100000000000e+11
1.054400000000000091e+03 0.000000000000000000e+00 1.349999900000000000e+11
1.054600000000000136e+03 4.000000000000000000e+00 1.349999900000000000e+11
1.054799999999999955e+03 4.000000000000000000e+00 1.350000100000000000e+11
1.055000000000000000e+03 4.000000000000000000e+00 1.349999900000000000e+11
1.055200000000000045e+03 4.000000000000000000e+00 1.349999900000000000e+11
1.055400000000000091e+03 5.656854249492380582e+00 1.350000100000000000e+11
1.055600000000000136e+03 5.656854249492380582e+00 1.350000100000000000e+11
1.055799999999999955e+03 5.656854249492380582e+00 1.350000100000000000e+11
1.056000000000000000e+03 4.000000000000000000e+00 0.000000000000000000e+00
1.056200000000000045e+03 4.000000000000000000e+00 0.000000000000000000e+00
1.056400000000000091e+03 4.000000000000000000e+00 0.000000000000000000e+00
1.056600000000000136e+03 0.000000000000000000e+00 0.000000000000000000e+00
1.056799999999999955e+03 0.000000000000000000e+00 0.000000000000000000e+00
1.057000000000000000e+03 0.000000000000000000e+00 0.000000000000000000e+00
1.057200000000000045e+03 0.000000000000000000e+00 0.000000000000000000e+00
1.057400000000000091e+03 4.000000000000000000e+00 0.000000000000000000e+00
1.057600000000000136e+03 4.000000000000000000e+00 0.000000000000000000e+00
1.057799999999999955e+03 4.000000000000000000e+00 0.000000000000000000e+00
1.058000000000000000e+03 5.656854249492380582e+00 0.000000000000000000e+00
1.058200000000000045e+03 5.656854249492380582e+00 0.000000000000000000e+00
1.058400000000000091e+03 5.656854249492380582e+00 0.000000000000000000e+00
1.058600000000000136e+03 5.656854249492380582e+00 0.000000000000000000e+00
1.058799999999999955e+03 4.000000000000000000e+00 0.000000000000000000e+00
1.059000000000000000e+03 4.000000000000000000e+00 0.000000000000000000e+00
1.059200000000000045e+03 4.000000000000000000e+00 0.000000000000000000e+00
1.059400000000000091e+03 0.000000000000000000e+00 0.000000000000000000e+00
1.059600000000000136e+03 0.000000000000000000e+00 0.000000000000000000e+00
1.059799999999999955e+03 0.000000000000000000e+00 0.000000000000000000e+00
1.060000000000000000e+03 4.000000000000000000e+00 1.349999900000000000e+11
1.060200000000000045e+03 4.000000000000000000e+00 1.350000100000000000e+11
1.060400000000000091e+03 4.000000000000000000e+00 1.349999900000000000e+11
1.060600000000000136e+03 4.000000000000000000e+00 1.349999900000000000e+11
1.060799999999999955e+03 5.656854249492380582e+00 1.349999900000000000e+11
1.061000000000000000e+03 5.656854249492380582e+00 1.349999900000000000e+11
1.061200000000000045e+03 5.656854249492380582e+00 1.349999900000000000e+11
1.061400000000000091e+03 4.000000000000000000e+00 1.349999900000000000e+11
1.061600000000000136e+03 4.000000000000000000e+00 1.349999900000000000e+11
1.061799999999999955e+03 4.000000000000000000e+00 1.350000100000000000e+11
1.062000000000000000e+03 4.000000000000000000e+00 1.350000100000000000e+11
1.062200000000000045e+03 0.000000000000000000e+00 1.349999900000000000e+11
1.062400000000000091e+03 0.000000000000000000e+00 1.349999900000000000e+11
1.062600000000000136e+03 0.000000000000000000e+00 1.350000100000000000e+11
1.062799999999999955e+03 4.000000000000000000e+00 1.350000100000000000e+11
1.063000000000000000e+03 4.000000000000000000e+00 1.350000100000000000e+11
1.063200000000000045e+03 4.000000000000000000e+00 1.349999900000000000e+11
1.063400000000000091e+03 5.656854249492380582e+00 1.350000100000000000e+11
1.063600000000000136e+03 5.656854249492380582e+00 1.349999900000000000e+11
1.063799999999999955e+03 5.656854249492380582e+00 1.349999900000000000e+11
1.064000000000000000e+03 5.656854249492380582e+00 0.000000000000000000e+00
1.064200000000000045e+03 4.000000000000000000e+00 0.000000000000000000e+00
1.064400000000000091e+03 4.000000000000000000e+00 0.000000000000000000e+00
1.064600000000000136e+03 4.000000000000000000e+00 0.000000000000000000e+00
1.064799999999999955e+03 0.000000000000000000e+00 0.000000000000000000e+00
1.065000000000000000e+03 0.000000000000000000e+00 0.000000000000000000e+00
1.065200000000000045e+03 0.000000000000000000e+00 0.000000000000000000e+00
1.065400000000000091e+03 0.000000000000000000e+00 0.000000000000000000e+00
1.065600000000000136e+03 4.000000000000000000e+00 0.000000000000000000e+00
1.065799999999999955e+03 4.000000000000000000e+00 0.000000000000000000e+00
1.066000000000000000e+03 4.000000000000000000e+00 0.000000000000000000e+00
1.066200000000000045e+03 5.656854249492380582e+00 0.000000000000000000e+00
1.066400000000000091e+03 5.656854249492380582e+00 0.000000000000000000e+00
1.066600000000000136e+03 5.656854249492380582e+00 0.000000000000000000e+00
1.066799999999999955e+03 4.000000000000000000e+00 0.000000000000000000e+00
1.067000000000000000e+03 4.000000000000000000e+00 0.000000000000000000e+00
1.067200000000000045e+03 4.000000000000000000e+00 0.000000000000000000e+00
1.067400000000000091e+03 4.000000000000000000e+00 0.000000000000000000e+00
1.067600000000000136e+03 0.000000000000000000e+00 0.000000000000000000e+00
1.067799999999999955e+03 0.000000000000000000e+00 0.000000000000000000e+00
1.068000000000000000e+03 0.000000000000000000e+00 1.349999900000000000e+11
1.068200000000000045e+03 4.000000000000000000e+00 1.350000100000000000e+11
1.068400000000000091e+03 4.000000000000000000e+00 1.349999900000000000e+11
1.068600000000000136e+03 4.000000000000000000e+00 1.349999900000000000e+11
1.068799999999999955e+03 5.656854249492380582e+00 1.349999900000000000e+11
1.069000000000000000e+03 5.656854249492380582e+00 1.349999900000000000e+11
1.069200000000000045e+03 5.656854249492380582e+00 1.349999900000000000e+11
1.069400000000000091e+03 5.656854249492380582e+00 1.349999900000000000e+11
1.069600000000000136e+03 4.000000000000000000e+00 1.349999900000000000e+11
1.069799999999999955e+03 4.000000000000000000e+00 1.349999900000000000e+11
1.070000000000000000e+03 4.000000000000000000e+00 1.350000100000000000e+11
1.070200000000000045e+03 0.000000000000000000e+00 1.349999900000000000e+11
1.070400000000000091e+03 0.000000000000000000e+00 1.349999900000000000e+11
1.070600000000000136e+03 0.000000000000000000e+00 1.349999900000000000e+11
1.070799999999999955e+03 0.000000000000000000e+00 1.349999900000000000e+11
1.071000000000000000e+03 4.000000000000000000e+00 1.349999900000000000e+11
1.071200000000000045e+03 4.000000000000000000e+00 1.350000100000000000e+11
1.071400000000000091e+03 4.000000000000000000e+00 1.349999900000000000e+11
1.071600000000000136e+03 5.656854249492380582e+00 1.349999900000000000e+11
1.071799999999999955e+03 5.656854249492380582e+00 1.349999900000000000e+11
1.072000000000000000e+03 5.656854249492380582e+00 0.000000000000000000e+00
1.072200000000000045e+03 4.000000000000000000e+00 0.000000000000000000e+00
1.072400000000000091e+03 4.000000000000000000e+00 0.000000000000000000e+00
1.072600000000000136e+03 4.000000000000000000e+00 0.000000000000000000e+00
1.072799999999999955e+03 4.000000000000000000e+00 0.000000000000000000e+00
1.073000000000000000e+03 0.000000000000000000e+00 0.000000000000000000e+00
1.073200000000000045e+03 0.000000000000000000e+00 0.000000000000000000e+00
1.073400000000000091e+03 0.000000000000000000e+00 0.000000000000000000e+00
1.073600000000000136e+03 4.000000000000000000e+00 0.000000000000000000e+00
1.073799999999999955e+03 4.000000000000000000e+00 0.000000000000000000e+00
1.074000000000000000e+03 4.000000000000000000e+00 0.000000000000000000e+00
1.074200000000000045e+03 4.000000000000000000e+00 0.000000000000000000e+00
1.074400000000000091e+03 5.656854249492380582e+00 0.000000000000000000e+00
1.074600000000000136e+03 5.656854249492380582e+00 0.000000000000000000e+00
1.074799999999999955e+03 5.656854249492380582e+00 0.000000000000000000e+00
1.075000000000000000e+03 4.000000000000000000e+00 0.000000000000000000e+00
1.075200000000000045e+03 4.000000000000000000e+00 0.000000000000000000e+00
1.075400000000000091e+03 4.000000000000000000e+00 0.000000000000000000e+00
1.075600000000000136e+03 0.000000000000000000e+00 0.000000000000000000e+00
1.075799999999999955e+03 0.000000000000000000e+00 0.000000000000000000e+00
1.076000000000000000e+03 0.000000000000000000e+00 1.350000100000000000e+11
1.076200000000000045e+03 0.000000000000000000e+00 1.349999900000000000e+11
1.076400000000000091e+03 4.000000000000000000e+00 1.349999900000000000e+11
1.076600000000000136e+03 4.000000000000000000e+00 1.350000100000000000e+11
1.076799999999999955e+03 4.000000000000000000e+00 1.349999900000000000e+11
1.077000000000000000e+03 5.656854249492380582e+00 1.349999900000000000e+11
1.077200000000000045e+03 5.656854249492380582e+00 1.350000100000000000e+11
1.077400000000000091e+03 5.656854249492380582e+00 1.349999900000000000e+11
1.077600000000000136e+03 5.656854249492380582e+00 1.349999900000000000e+11
1.077799999999999955e+03 4.000000000000000000e+00 1.349999900000000000e+11
1.078000000000000000e+03 4.000000000000000000e+00 1.350000100000000000e+11
1.078200000000000045e+03 4.000000000000000000e+00 1.350000100000000000e+11
1.078400000000000091e+03 0.000000000000000000e+00 1.349999900000000000e+11
1.078600000000000136e+03 0.000000000000000000e+00 1.349999900000000000e+11
1.078799999999999955e+03 0.000000000000000000e+00 1.349999900000000000e+11
1.079000000000000000e+03 4.000000000000000000e+00 1.350000100000000000e+11
1.079200000000000045e+03 4.000000000000000000e+00 1.349999900000000000e+11
1.079400000000000091e+03 4.000000000000000000e+00 1.349999900000000000e+11
1.079600000000000136e+03 4.000000000000000000e+00 1.349999900000000000e+11
1.079799999999999955e+03 5.656854249492380582e+00 1.349999900000000000e+11
1.080000000000000000e+03 5.656854249492380582e+00 0.000000000000000000e+00
1.080200000000000045e+03 5.656854249492380582e+00 0.000000000000000000e+00
1.080400000000000091e+03 4.000000000000000000e+00 0.000000000000000000e+00
1.080600000000000136e+03 4.000000000000000000e+00 0.000000000000000000e+00
1.080799999999999955e+03 4.000000000000000000e+00 0.000000000000000000e+00
1.081000000000000000e+03 4.000000000000000000e+00 0.000000000000000000e+00
1.081200000000000045e+03 0.000000000000000000e+00 0.000000000000000000e+00
1.081400000000000091e+03 0.000000000000000000e+00 0.000000000000000000e+00
1.081600000000000136e+03 0.000000000000000000e+00 0.000000000000000000e+00
1.081799999999999955e+03 4.000000000000000000e+00 0.000000000000000000e+00
1.082000000000000000e+03 4.000000000000000000e+00 0.000000000000000000e+00
1.082200000000000045e+03 4.000000000000000000e+00 0.000000000000000000e+00
1.082400000000000091e+03 5.656854249492380582e+00 0.000000000000000000e+00
1.082600000000000136e+03 5.656854249492380582e+00 0.000000000000000000e+00
1.082799999999999955e+03 5.656854249492380582e+00 0.000000000000000000e+00
1.083000000000000000e+03 5.656854249492380582e+00 0.000000000000000000e+00
1.083200000000000045e+03 4.000000000000000000e+00 0.000000000000000000e+00
1.083400000000000091e+03 4.000000000000000000e+00 0.000000000000000000e+00
1.083600000000000136e+03 4.000000000000000000e+00 0.000000000000000000e+00
1.083799999999999955e+03 0.000000000000000000e+00 0.000000000000000000e+00
1.084000000000000000e+03 0.000000000000000000e+00 1.350000100000000000e+11
1.084200000000000045e+03 0.000000000000000000e+00 1.349999900000000000e+11
1.084400000000000091e+03 0.000000000000000000e+00 1.349999900000000000e+11
1.084600000000000136e+03 4.000000000000000000e+00 1.349999900000000000e+11
1.084799999999999955e+03 4.000000000000000000e+00 1.349999900000000000e+11
1.085000000000000000e+03 4.000000000000000000e+00 1.350000100000000000e+11
1.085200000000000045e+03 5.656854249492380582e+00 1.349999900000000000e+11
1.085400000000000091e+03 5.656854249492380582e+00 1.349999900000000000e+11
1.085600000000000136e+03 5.656854249492380582e+00 1.350000100000000000e+11
1.085799999999999955e+03 4.000000000000000000e+00 1.349999900000000000e+11
1.086000000000000000e+03 4.000000000000000000e+00 1.349999900000000000e+11
1.086200000000000045e+03 4.000000000000000000e+00 1.350000100000000000e+11
1.086400000000000091e+03 4.000000000000000000e+00 1.349999900000000000e+11
1.086600000000000136e+03 0.000000000000000000e+00 1.349999900000000000e+11
1.086799999999999955e+03 0.000000000000000000e+00 1.349999900000000000e+11
1.087000000000000000e+03 0.000000000000000000e+00 1.349999900000000000e+11
1.087200000000000045e+03 4.000000000000000000e+00 1.349999900000000000e+11
1.087400000000000091e+03 4.000000000000000000e+00 1.349999900000000000e+11
1.087600000000000136e+03 4.000000000000000000e+00 1.349999900000000000e+11
1.087799999999999955e+03 4.000000000000000000e+00 1.349999900000000000e+11
1.088000000000000000e+03 5.656854249492380582e+00 0.000000000000000000e+00
1.088200000000000045e+03 5.656854249492380582e+00 0.000000000000000000e+00
1.088400000000000091e+03 5.656854249492380582e+00 0.000000000000000000e+00
1.088600000000000136e+03 4.000000000000000000e+00 0.000000000000000000e+00
1.088799999999999955e+03 4.000000000000000000e+00 0.000000000000000000e+00
1.089000000000000000e+03 4.000000000000000000e+00 0.000000000000000000e+00
1.089200000000000045e+03 0.000000000000000000e+00 0.000000000000000000e+00
1.089400000000000091e+03 0.000000000000000000e+00 0.000000000000000000e+00
1.089600000000000136e+03 0.000000000000000000e+00 0.000000000000000000e+00
1.089799999999999955e+03 0.000000000000000000e+00 0.000000000000000000e+00
1.090000000000000000e+03 4.000000000000000000e+00 0.000000000000000000e+00
1.090200000000000045e+03 4.000000000000000000e+00 0.000000000000000000e+00
1.090400000000000091e+03 4.000000000000000000e+00 0.000000000000000000e+00
1.090600000000000136e+03 5.656854249492380582e+00 0.000000000000000000e+00
1.090799999999999955e+03 5.656854249492380582e+00 0.000000000000000000e+00
1.091000000000000000e+03 5.656854249492380582e+00 0.000000000000000000e+00
1.091200000000000045e+03 5.656854249492380582e+00 0.000000000000000000e+00
1.091400000000000091e+03 4.000000000000000000e+00 0.000000000000000000e+00
1.091600000000000136e+03 4.000000000000000000e+00 0.000000000000000000e+00
1.091799999999999955e+03 4.000000000000000000e+00 0.000000000000000000e+00
1.092000000000000000e+03 0.000000000000000000e+00 1.349999900000000000e+11
1.092200000000000045e+03 0.000000000000000000e+00 1.349999900000000000e+11
1.092400000000000091e+03 0.000000000000000000e+00 1.350000100000000000e+11
1.092600000000000136e+03 4.000000000000000000e+00 1.350000100000000000e+11
1.092799999999999955e+03 4.000000000000000000e+00 1.350000100000000000e+11
1.093000000000000000e+03 4.000000000000000000e+00 1.349999900000000000e+11
1.093200000000000045e+03 4.000000000000000000e+00 1.349999900000000000e+11
1.093400000000000091e+03 5.656854249492380582e+00 1.350000100000000000e+11
1.093600000000000136e+03 5.656854249492380582e+00 1.350000100000000000e+11
1.093799999999999955e+03 5.656854249492380582e+00 1.349999900000000000e+11
1.094000000000000000e+03 4.000000000000000000e+00 1.350000100000000000e+11
1.094200000000000045e+03 4.000000000000000000e+00 1.350000100000000000e+11
1.094400000000000091e+03 4.000000000000000000e+00 1.349999900000000000e+11
1.094600000000000136e+03 4.000000000000000000e+00 1.350000100000000000e+11
1.094799999999999955e+03 0.000000000000000000e+00 1.350000100000000000e+11
1.095000000000000000e+03 0.000000000000000000e+00 1.349999900000000000e+11
1.095200000000000045e+03 0.000000000000000000e+00 1.349999900000000000e+11
1.095400000000000091e+03 4.000000000000000000e+00 1.349999900000000000e+11
1.095600000000000136e+03 4.000000000000000000e+00 1.349999900000000000e+11
1.095799999999999955e+03 4.000000000000000000e+00 1.350000100000000000e+11
1.096000000000000000e+03 4.000000000000000000e+00 0.000000000000000000e+00
1.096200000000000045e+03 5.656854249492380582e+00 0.000000000000000000e+00
1.096400000000000091e+03 5.656854249492380582e+00 0.000000000000000000e+00
1.096600000000000136e+03 5.656854249492380582e+00 0.000000000000000000e+00
1.096799999999999955e+03 4.000000000000000000e+00 0.000000000000000000e+00
1.097000000000000000e+03 4.000000000000000000e+00 0.000000000000000000e+00
1.097200000000000045e+03 4.000000000000000000e+00 0.000000000000000000e+00
1.097400000000000091e+03 4.000000000000000000e+00 0.000000000000000000e+00
1.097600000000000136e+03 0.000000000000000000e+00 0.000000000000000000e+00
1.097799999999999955e+03 0.000000000000000000e+00 0.000000000000000000e+00
1.098000000000000000e+03 0.000000000000000000e+00 0.000000000000000000e+00
1.098200000000000045e+03 4.000000000000000000e+00 0.000000000000000000e+00
1.098400000000000091e+03 4.000000000000000000e+00 0.000000000000000000e+00
1.098600000000000136e+03 4.000000000000000000e+00 0.000000000000000000e+00
1.098799999999999955e+03 4.000000000000000000e+00 0.000000000000000000e+00
1.099000000000000000e+03 5.656854249492380582e+00 0.000000000000000000e+00
1.099200000000000045e+03 5.656854249492380582e+00 0.000000000000000000e+00
1.099400000000000091e+03 5.656854249492380582e+00 0.000000000000000000e+00
1.099600000000000136e+03 4.000000000000000000e+00 0.000000000000000000e+00
1.099799999999999955e+03 4.000000000000000000e+00 0.000000000000000000e+00
1.100000000000000000e+03 4.000000000000000000e+00 1.349999900000000000e+11
1.100200000000000045e+03 0.000000000000000000e+00 1.350000100000000000e+11
1.100400000000000091e+03 0.000000000000000000e+00 1.349999900000000000e+11
1.100600000000000136e+03 0.000000000000000000e+00 1.349999900000000000e+11
1.100799999999999955e+03 0.000000000000000000e+00 1.349999900000000000e+11
1.101000000000000000e+03 4.000000000000000000e+00 1.349999900000000000e+11
1.101200000000000045e+03 4.000000000000000000e+00 1.349999900000000000e+11
1.101400000000000091e+03 4.000000000000000000e+00 1.349999900000000000e+11
1.101600000000000136e+03 4.000000000000000000e+00 1.349999900000000000e+11
1.101799999999999955e+03 5.656854249492380582e+00 1.349999900000000000e+11
1.102000000000000000e+03 5.656854249492380582e+00 1.349999900000000000e+11
1.102200000000000045e+03 5.656854249492380582e+00 1.349999900000000000e+11
1.102400000000000091e+03 4.000000000000000000e+00 1.350000100000000000e+11
1.102600000000000136e+03 4.000000000000000000e+00 1.350000100000000000e+11
1.102799999999999955e+03 4.000000000000000000e+00 1.350000100000000000e+11
1.103000000000000000e+03 4.000000000000000000e+00 1.349999900000000000e+11
1.103200000000000045e+03 0.000000000000000000e+00 1.350000100000000000e+11
1.103400000000000091e+03 0.000000000000000000e+00 1.350000100000000000e+11
1.103600000000000136e+03 0.000000000000000000e+00 1.349999900000000000e+11
1.103799999999999955e+03 0.000000000000000000e+00 1.349999900000000000e+11
1.104000000000000000e+03 4.000000000000000000e+00 0.000000000000000000e+00
1.104200000000000045e+03 4.000000000000000000e+00 0.000000000000000000e+00
1.104400000000000091e+03 4.000000000000000000e+00 0.000000000000000000e+00
1.104600000000000136e+03 4.000000000000000000e+00 0.000000000000000000e+00
1.104799999999999955e+03 5.656854249492380582e+00 0.000000000000000000e+00
1.105000000000000000e+03 5.656854249492380582e+00 0.000000000000000000e+00
1.105200000000000045e+03 5.656854249492380582e+00 0.000000000000000000e+00
1.105400000000000091e+03 4.000000000000000000e+00 0.000000000000000000e+00
1.105600000000000136e+03 4.000000000000000000e+00 0.000000000000000000e+00
1.105799999999999955e+03 4.000000000000000000e+00 0.000000000000000000e+00
1.106000000000000000e+03 4.000000000000000000e+00 0.000000000000000000e+00
1.106200000000000045e+03 0.000000000000000000e+00 0.000000000000000000e+00
1.106400000000000091e+03 0.000000000000000000e+00 0.000000000000000000e+00
1.106600000000000136e+03 0.000000000000000000e+00 0.000000000000000000e+00
1.106799999999999955e+03 0.000000000000000000e+00 0.000000000000000000e+00
1.107000000000000000e+03 4.000000000000000000e+00 0.000000000000000000e+00
1.107200000000000045e+03 4.000000000000000000e+00 0.000000000000000000e+00
1.107400000000000091e+03 4.000000000000000000e+00 0.000000000000000000e+00
1.107600000000000136e+03 4.000000000000000000e+00 0.000000000000000000e+00
1.107799999999999955e+03 5.656854249492380582e+00 0.000000000000000000e+00
1.108000000000000000e+03 5.656854249492380582e+00 1.349999900000000000e+11
1.108200000000000045e+03 5.656854249492380582e+00 1.349999900000000000e+11
1.108400000000000091e+03 5.656854249492380582e+00 1.349999900000000000e+11
1.108600000000000136e+03 4.000000000000000000e+00 1.349999900000000000e+11
1.108799999999999955e+03 4.000000000000000000e+00 1.349999900000000000e+11
1.109000000000000000e+03 4.000000000000000000e+00 1.349999900000000000e+11
1.109200000000000045e+03 0.000000000000000000e+00 1.349999900000000000e+11
1.109400000000000091e+03 0.000000000000000000e+00 1.349999900000000000e+11
1.109600000000000136e+03 0.000000000000000000e+00 1.349999900000000000e+11
1.109799999999999955e+03 0.000000000000000000e+00 1.349999900000000000e+11
1.110000000000000000e+03 4.000000000000000000e+00 1.349999900000000000e+11
1.110200000000000045e+03 4.000000000000000000e+00 1.350000100000000000e+11
1.110400000000000091e+03 4.000000000000000000e+00 1.349999900000000000e+11
1.110600000000000136e+03 8.000000000000000000e+00 1.349999900000000000e+11
1.110799999999999955e+03 8.944271909999159220e+00 1.349999900000000000e+11
1.111000000000000000e+03 8.944271909999159220e+00 1.349999900000000000e+11
1.111200000000000045e+03 8.944271909999159220e+00 1.349999900000000000e+11
1.111400000000000091e+03 8.944271909999159220e+00 1.349999900000000000e+11
1.111600000000000136e+03 8.000000000000000000e+00 1.350000100000000000e+11
1.111799999999999955e+03 8.000000000000000000e+00 1.349999900000000000e+11
1.112000000000000000e+03 5.656854249492380582e+00 0.000000000000000000e+00
1.112200000000000045e+03 5.656854249492380582e+00 0.000000000000000000e+00
1.112400000000000091e+03 4.000000000000000000e+00 0.000000000000000000e+00
1.112600000000000136e+03 5.656854249492380582e+00 0.000000000000000000e+00
1.112799999999999955e+03 4.000000000000000000e+00 0.000000000000000000e+00
1.113000000000000000e+03 4.000000000000000000e+00 0.000000000000000000e+00
1.113200000000000045e+03 5.656854249492380582e+00 0.000000000000000000e+00
1.113400000000000091e+03 8.944271909999159220e+00 0.000000000000000000e+00
1.113600000000000136e+03 8.000000000000000000e+00 0.000000000000000000e+00
1.113799999999999955e+03 8.944271909999159220e+00 0.000000000000000000e+00
1.114000000000000000e+03 8.944271909999159220e+00 0.000000000000000000e+00
1.114200000000000045e+03 1.131370849898476116e+01 0.000000000000000000e+00
1.114400000000000091e+03 8.944271909999159220e+00 0.000000000000000000e+00
1.114600000000000136e+03 8.000000000000000000e+00 0.000000000000000000e+00
1.114799999999999955e+03 8.000000000000000000e+00 0.000000000000000000e+00
1.115000000000000000e+03 5.656854249492380582e+00 0.000000000000000000e+00
1.115200000000000045e+03 5.656854249492380582e+00 0.000000000000000000e+00
1.115400000000000091e+03 4.000000000000000000e+00 0.000000000000000000e+00
1.115600000000000136e+03 4.000000000000000000e+00 0.000000000000000000e+00
1.115799999999999955e+03 4.000000000000000000e+00 0.000000000000000000e+00
1.116000000000000000e+03 4.000000000000000000e+00 1.350000100000000000e+11
1.116200000000000045e+03 5.656854249492380582e+00 1.349999900000000000e+11
1.116400000000000091e+03 8.944271909999159220e+00 1.350000100000000000e+11
1.116600000000000136e+03 8.000000000000000000e+00 1.349999900000000000e+11
1.116799999999999955e+03 8.000000000000000000e+00 1.350000100000000000e+11
1.117000000000000000e+03 8.944271909999159220e+00 1.349999900000000000e+11
1.117200000000000045e+03 1.131370849898476116e+01 1.349999900000000000e+11
1.117400000000000091e+03 1.264911064067351809e+01 1.350000100000000000e+11
1.117600000000000136e+03 1.200000000000000000e+01 1.349999900000000000e+11
1.117799999999999955e+03 1.264911064067351809e+01 1.349999900000000000e+11
1.118000000000000000e+03 8.944271909999159220e+00 1.349999900000000000e+11
1.118200000000000045e+03 8.944271909999159220e+00 1.349999900000000000e+11
1.118400000000000091e+03 8.000000000000000000e+00 1.349999900000000000e+11
1.118600000000000136e+03 8.944271909999159220e+00 1.349999900000000000e+11
1.118799999999999955e+03 1.131370849898476116e+01 1.349999900000000000e+11
1.119000000000000000e+03 1.200000000000000000e+01 1.349999900000000000e+11
1.119200000000000045e+03 1.264911064067351809e+01 1.349999900000000000e+11
1.119400000000000091e+03 1.697056274847713908e+01 1.349999900000000000e+11
1.119600000000000136e+03 1.788854381999831844e+01 1.350000100000000000e+11
1.119799999999999955e+03 2.000000000000000000e+01 1.349999900000000000e+11
1.120000000000000000e+03 2.154065922853801496e+01 0.000000000000000000e+00
1.120200000000000045e+03 2.000000000000000000e+01 0.000000000000000000e+00
1.120400000000000091e+03 2.000000000000000000e+01 0.000000000000000000e+00
1.120600000000000136e+03 2.039607805437113797e+01 0.000000000000000000e+00
1.120799999999999955e+03 2.039607805437113797e+01 0.000000000000000000e+00
1.121000000000000000e+03 1.788854381999831844e+01 0.000000000000000000e+00
1.121200000000000045e+03 1.788854381999831844e+01 0.000000000000000000e+00
1.121400000000000091e+03 1.649242250247064234e+01 0.000000000000000000e+00
1.121600000000000136e+03 1.649242250247064234e+01 0.000000000000000000e+00
1.121799999999999955e+03 1.697056274847713908e+01 0.000000000000000000e+00
1.122000000000000000e+03 1.649242250247064234e+01 0.000000000000000000e+00
1.122200000000000045e+03 1.649242250247064234e+01 0.000000000000000000e+00
1.122400000000000091e+03 1.442220510185595650e+01 0.000000000000000000e+00
1.122600000000000136e+03 1.788854381999831844e+01 0.000000000000000000e+00
1.122799999999999955e+03 2.039607805437113797e+01 0.000000000000000000e+00
1.123000000000000000e+03 2.039607805437113797e+01 0.000000000000000000e+00
1.123200000000000045e+03 2.000000000000000000e+01 0.000000000000000000e+00
1.123400000000000091e+03 2.000000000000000000e+01 0.000000000000000000e+00
1.123600000000000136e+03 1.649242250247064234e+01 0.000000000000000000e+00
1.123799999999999955e+03 1.600000000000000000e+01 0.000000000000000000e+00
1.124000000000000000e+03 1.788854381999831844e+01 1.349999900000000000e+11
1.124200000000000045e+03 1.697056274847713908e+01 1.349999900000000000e+11
1.124400000000000091e+03 1.649242250247064234e+01 1.349999900000000000e+11
1.124600000000000136e+03 1.649242250247064234e+01 1.350000100000000000e+11
1.124799999999999955e+03 1.697056274847713908e+01 1.350000100000000000e+11
1.125000000000000000e+03 1.788854381999831844e+01 1.349999900000000000e+11
1.125200000000000045e+03 2.000000000000000000e+01 1.349999900000000000e+11
1.125400000000000091e+03 2.332380757938120297e+01 1.350000100000000000e+11
1.125600000000000136e+03 2.561249694973139412e+01 1.349999900000000000e+11
1.125799999999999955e+03 2.912043955712207222e+01 1.349999900000000000e+11
1.126000000000000000e+03 3.224903099319419653e+01 1.350000100000000000e+11
1.126200000000000045e+03 3.224903099319419653e+01 1.349999900000000000e+11
1.126400000000000091e+03 3.394112549695427816e+01 1.349999900000000000e+11
1.126600000000000136e+03 3.417601498127012150e+01 1.349999900000000000e+11
1.126799999999999955e+03 3.600000000000000000e+01 1.349999900000000000e+11
1.127000000000000000e+03 3.939543120718441571e+01 1.350000100000000000e+11
1.127200000000000045e+03 3.687817782917154830e+01 1.349999900000000000e+11
1.127400000000000091e+03 4.176122603564220270e+01 1.349999900000000000e+11
1.127600000000000136e+03 4.019950248448355978e+01 1.349999900000000000e+11
1.127799999999999955e+03 4.326661530556787483e+01 1.350000100000000000e+11
1.128000000000000000e+03 4.664761515876240594e+01 0.000000000000000000e+00
1.128200000000000045e+03 4.816637831516918311e+01 0.000000000000000000e+00
1.128400000000000091e+03 4.681879964287850271e+01 0.000000000000000000e+00
1.128600000000000136e+03 4.816637831516918311e+01 0.000000000000000000e+00
1.128799999999999955e+03 4.833218389437828932e+01 0.000000000000000000e+00
1.129000000000000000e+03 4.800000000000000000e+01 0.000000000000000000e+00
1.129200000000000045e+03 5.200000000000000000e+01 0.000000000000000000e+00
1.129400000000000091e+03 5.091168824543142080e+01 0.000000000000000000e+00
1.129600000000000136e+03 4.833218389437828932e+01 0.000000000000000000e+00
1.129799999999999955e+03 4.800000000000000000e+01 0.000000000000000000e+00
1.130000000000000000e+03 4.833218389437828932e+01 0.000000000000000000e+00
1.130200000000000045e+03 4.525483399593904466e+01 0.000000000000000000e+00
1.130400000000000091e+03 4.308131845707602992e+01 0.000000000000000000e+00
1.130600000000000136e+03 4.418144406874904462e+01 0.000000000000000000e+00
1.130799999999999955e+03 4.118252056394800320e+01 0.000000000000000000e+00
1.131000000000000000e+03 4.326661530556787483e+01 0.000000000000000000e+00
1.131200000000000045e+03 4.079215610874227593e+01 0.000000000000000000e+00
1.131400000000000091e+03 4.176122603564220270e+01 0.000000000000000000e+00
1.131600000000000136e+03 4.252058325093859992e+01 0.000000000000000000e+00
1.131799999999999955e+03 4.472135954999579610e+01 0.000000000000000000e+00
1.132000000000000000e+03 4.418144406874904462e+01 1.349999900000000000e+11
1.132200000000000045e+03 4.681879964287850271e+01 1.349999900000000000e+11
1.132400000000000091e+03 4.816637831516918311e+01 1.349999900000000000e+11
1.132600000000000136e+03 5.366563145999495532e+01 1.349999900000000000e+11
1.132799999999999955e+03 5.614267539047279598e+01 1.349999900000000000e+11
1.133000000000000000e+03 5.571355310873647682e+01 1.349999900000000000e+11
1.133200000000000045e+03 5.946427498927402411e+01 1.350000100000000000e+11
1.133400000000000091e+03 6.092618484691126923e+01 1.349999900000000000e+11
1.133600000000000136e+03 6.412487816752559411e+01 1.350000100000000000e+11
1.133799999999999955e+03 6.800000000000000000e+01 1.350000100000000000e+11
1.134000000000000000e+03 7.121797525905942905e+01 1.350000100000000000e+11
1.134200000000000045e+03 7.766595135579039777e+01 1.350000100000000000e+11
1.134400000000000091e+03 8.158431221748455187e+01 1.349999900000000000e+11
1.134600000000000136e+03 8.560373823613078059e+01 1.350000100000000000e+11
1.134799999999999955e+03 9.130169768410661391e+01 1.350000100000000000e+11
1.135000000000000000e+03 1.003194896318756264e+02 1.350000100000000000e+11
1.135200000000000045e+03 1.062826420446913858e+02 1.349999900000000000e+11
1.135400000000000091e+03 1.103449137930697788e+02 1.349999900000000000e+11
1.135600000000000136e+03 1.166190378969060077e+02 1.349999900000000000e+11
1.135799999999999955e+03 1.240644993541665855e+02 1.349999900000000000e+11
1.136000000000000000e+03 1.270590413941487213e+02 0.000000000000000000e+00
1.136200000000000045e+03 1.256025477448606580e+02 0.000000000000000000e+00
1.136400000000000091e+03 1.223764683262268420e+02 0.000000000000000000e+00
1.136600000000000136e+03 1.203328716519305885e+02 0.000000000000000000e+00
1.136799999999999955e+03 1.219180052330253687e+02 0.000000000000000000e+00
1.137000000000000000e+03 1.181862936215532613e+02 0.000000000000000000e+00
1.137200000000000045e+03 1.200666481584290750e+02 0.000000000000000000e+00
1.137400000000000091e+03 1.181185844818672024e+02 0.000000000000000000e+00
1.137600000000000136e+03 1.200000000000000000e+02 0.000000000000000000e+00
1.137799999999999955e+03 1.184567431596867806e+02 0.000000000000000000e+00
1.138000000000000000e+03 1.193314711214103880e+02 0.000000000000000000e+00
1.138200000000000045e+03 1.168246549320818701e+02 0.000000000000000000e+00
1.138400000000000091e+03 1.162755348299890699e+02 0.000000000000000000e+00
1.138600000000000136e+03 1.160689450283752677e+02 0.000000000000000000e+00
1.138799999999999955e+03 1.114271062174729536e+02 0.000000000000000000e+00
1.139000000000000000e+03 1.103449137930697788e+02 0.000000000000000000e+00
1.139200000000000045e+03 1.088117640698835515e+02 0.000000000000000000e+00
1.139400000000000091e+03 1.046900186264192030e+02 0.000000000000000000e+00
1.139600000000000136e+03 1.043072384832423865e+02 0.000000000000000000e+00
1.139799999999999955e+03 1.043072384832423865e+02 0.000000000000000000e+00
1.140000000000000000e+03 1.046900186264192030e+02 1.349999900000000000e+11
1.140200000000000045e+03 1.100545319375808333e+02 1.350000100000000000e+11
1.140400000000000091e+03 1.160000000000000000e+02 1.350000100000000000e+11
1.140600000000000136e+03 1.240644993541665855e+02 1.349999900000000000e+11
1.140799999999999955e+03 1.325443322062471339e+02 1.350000100000000000e+11
1.141000000000000000e+03 1.379275171965333300e+02 1.349999900000000000e+11
1.141200000000000045e+03 1.464786673888044390e+02 1.349999900000000000e+11
1.141400000000000091e+03 1.538830724933707472e+02 1.349999900000000000e+11
1.141600000000000136e+03 1.582403235588198527e+02 1.349999900000000000e+11
1.141799999999999955e+03 1.360000000000000000e+02 1.350000100000000000e+11
1.142000000000000000e+03 1.098362417419678536e+02 1.349999900000000000e+11
1.142200000000000045e+03 1.166190378969060077e+02 1.349999900000000000e+11
1.142400000000000091e+03 1.205985074534506793e+02 1.349999900000000000e+11
1.142600000000000136e+03 1.278123624693636629e+02 1.350000100000000000e+11
1.142799999999999955e+03 1.329661611087572908e+02 1.349999900000000000e+11
1.143000000000000000e+03 1.391402170474086972e+02 1.349999900000000000e+11
1.143200000000000045e+03 1.459863007271572712e+02 1.349999900000000000e+11
1.143400000000000091e+03 1.553319027115807955e+02 1.349999900000000000e+11
1.143600000000000136e+03 1.647300822557920128e+02 1.349999900000000000e+11
1.143799999999999955e+03 1.216552506059643974e+02 1.349999900000000000e+11
1.144000000000000000e+03 1.255388386118017223e+02 0.000000000000000000e+00
1.144200000000000045e+03 1.240644993541665855e+02 0.000000000000000000e+00
1.144400000000000091e+03 1.216552506059643974e+02 0.000000000000000000e+00
1.144600000000000136e+03 1.224418229201117327e+02 0.000000000000000000e+00
1.144799999999999955e+03 1.193314711214103880e+02 0.000000000000000000e+00
1.145000000000000000e+03 1.184567431596867806e+02 0.000000000000000000e+00
1.145200000000000045e+03 1.144027971686007277e+02 0.000000000000000000e+00
1.145400000000000091e+03 1.146123902551552192e+02 0.000000000000000000e+00
1.145600000000000136e+03 1.122853507809455920e+02 0.000000000000000000e+00
1.145799999999999955e+03 1.077032961426900783e+02 0.000000000000000000e+00
1.146000000000000000e+03 1.076289923765896788e+02 0.000000000000000000e+00
1.146200000000000045e+03 1.088117640698835515e+02 0.000000000000000000e+00
1.146400000000000091e+03 1.052235715037272428e+02 0.000000000000000000e+00
1.146600000000000136e+03 1.065082156455547846e+02 0.000000000000000000e+00
1.146799999999999955e+03 1.077032961426900783e+02 0.000000000000000000e+00
1.147000000000000000e+03 1.086646216576489934e+02 0.000000000000000000e+00
1.147200000000000045e+03 1.062826420446913858e+02 0.000000000000000000e+00
1.147400000000000091e+03 1.076289923765896788e+02 0.000000000000000000e+00
1.147600000000000136e+03 1.040000000000000000e+02 0.000000000000000000e+00
1.147799999999999955e+03 1.040768946500615044e+02 0.000000000000000000e+00
1.148000000000000000e+03 1.019803902718556969e+02 1.349999900000000000e+11
1.148200000000000045e+03 1.049952379872535033e+02 1.350000100000000000e+11
1.148400000000000091e+03 1.115706054478508236e+02 1.349999900000000000e+11
1.148600000000000136e+03 1.145425685062108272e+02 1.349999900000000000e+11
1.148799999999999955e+03 1.200000000000000000e+02 1.349999900000000000e+11
1.149000000000000000e+03 1.305986217385160728e+02 1.349999900000000000e+11
1.149200000000000045e+03 1.360588108135596030e+02 1.349999900000000000e+11
1.149400000000000091e+03 1.449965516831348680e+02 1.349999900000000000e+11
1.149600000000000136e+03 1.536749816983883647e+02 1.349999900000000000e+11
1.149799999999999955e+03 1.600999687695160105e+02 1.349999900000000000e+11
1.150000000000000000e+03 1.368210510118965715e+02 1.349999900000000000e+11
1.150200000000000045e+03 1.275617497528157998e+02 1.349999900000000000e+11
1.150400000000000091e+03 1.198665925101735752e+02 1.349999900000000000e+11
1.150600000000000136e+03 1.080000000000000000e+02 1.349999900000000000e+11
1.150799999999999955e+03 1.019803902718556969e+02 1.349999900000000000e+11
1.151000000000000000e+03 9.372299611087984772e+01 1.349999900000000000e+11
1.151200000000000045e+03 8.736131867136622020e+01 1.349999900000000000e+11
1.151400000000000091e+03 8.158431221748455187e+01 1.349999900000000000e+11
1.151600000000000136e+03 7.766595135579039777e+01 1.349999900000000000e+11
1.151799999999999955e+03 7.343023900274327787e+01 1.349999900000000000e+11
1.152000000000000000e+03 6.846897107449476039e+01 0.000000000000000000e+00
1.152200000000000045e+03 7.088018058667739751e+01 0.000000000000000000e+00
1.152400000000000091e+03 6.811754546370561059e+01 0.000000000000000000e+00
1.152600000000000136e+03 6.800000000000000000e+01 0.000000000000000000e+00
1.152799999999999955e+03 6.811754546370561059e+01 0.000000000000000000e+00
1.153000000000000000e+03 6.705221845696084415e+01 0.000000000000000000e+00
1.153200000000000045e+03 6.511528238439882443e+01 0.000000000000000000e+00
1.153400000000000091e+03 6.092618484691126923e+01 0.000000000000000000e+00
1.153600000000000136e+03 6.000000000000000000e+01 0.000000000000000000e+00
1.153799999999999955e+03 5.905929224093360119e+01 0.000000000000000000e+00
1.154000000000000000e+03 6.000000000000000000e+01 0.000000000000000000e+00
1.154200000000000045e+03 5.727128425310541360e+01 0.000000000000000000e+00
1.154400000000000091e+03 6.118823416311342100e+01 0.000000000000000000e+00
1.154600000000000136e+03 6.000000000000000000e+01 0.000000000000000000e+00
1.154799999999999955e+03 6.105735008989498880e+01 0.000000000000000000e+00
1.155000000000000000e+03 6.053098380168622583e+01 0.000000000000000000e+00
1.155200000000000045e+03 6.209669878504009688e+01 0.000000000000000000e+00
1.155400000000000091e+03 6.248199740725323181e+01 0.000000000000000000e+00
1.155600000000000136e+03 6.260990336999411454e+01 0.000000000000000000e+00
1.155799999999999955e+03 6.013318551349163243e+01 0.000000000000000000e+00
1.156000000000000000e+03 5.946427498927402411e+01 1.350000100000000000e+11
1.156200000000000045e+03 5.381449618829483938e+01 1.350000100000000000e+11
1.156400000000000091e+03 4.833218389437828932e+01 1.349999900000000000e+11
1.156600000000000136e+03 4.400000000000000000e+01 1.349999900000000000e+11
1.156799999999999955e+03 3.939543120718441571e+01 1.349999900000000000e+11
1.157000000000000000e+03 3.687817782917154830e+01 1.349999900000000000e+11
1.157200000000000045e+03 3.298484500494128469e+01 1.349999900000000000e+11
1.157400000000000091e+03 3.224903099319419653e+01 1.349999900000000000e+11
1.157600000000000136e+03 3.224903099319419653e+01 1.350000100000000000e+11
1.157799999999999955e+03 3.224903099319419653e+01 1.350000100000000000e+11
1.158000000000000000e+03 2.828427124746190202e+01 1.350000100000000000e+11
1.158200000000000045e+03 2.912043955712207222e+01 1.349999900000000000e+11
1.158400000000000091e+03 2.884441020371191300e+01 1.349999900000000000e+11
1.158600000000000136e+03 2.561249694973139412e+01 1.349999900000000000e+11
1.158799999999999955e+03 2.433105012119287736e+01 1.349999900000000000e+11
1.159000000000000000e+03 2.039607805437113797e+01 1.349999900000000000e+11
1.159200000000000045e+03 1.788854381999831844e+01 1.350000100000000000e+11
1.159400000000000091e+03 1.697056274847713908e+01 1.350000100000000000e+11
1.159600000000000136e+03 1.264911064067351809e+01 1.350000100000000000e+11
1.159799999999999955e+03 1.264911064067351809e+01 1.349999900000000000e+11
1.160000000000000000e+03 1.131370849898476116e+01 0.000000000000000000e+00
1.160200000000000045e+03 1.264911064067351809e+01 0.000000000000000000e+00
1.160400000000000091e+03 1.200000000000000000e+01 0.000000000000000000e+00
1.160600000000000136e+03 1.442220510185595650e+01 0.000000000000000000e+00
1.160799999999999955e+03 1.442220510185595650e+01 0.000000000000000000e+00
1.161000000000000000e+03 1.649242250247064234e+01 0.000000000000000000e+00
1.161200000000000045e+03 1.649242250247064234e+01 0.000000000000000000e+00
1.161400000000000091e+03 1.442220510185595650e+01 0.000000000000000000e+00
1.161600000000000136e+03 1.697056274847713908e+01 0.000000000000000000e+00
1.161799999999999955e+03 1.649242250247064234e+01 0.000000000000000000e+00
1.162000000000000000e+03 1.600000000000000000e+01 0.000000000000000000e+00
1.162200000000000045e+03 1.264911064067351809e+01 0.000000000000000000e+00
1.162400000000000091e+03 1.131370849898476116e+01 0.000000000000000000e+00
1.162600000000000136e+03 1.264911064067351809e+01 0.000000000000000000e+00
1.162799999999999955e+03 1.200000000000000000e+01 0.000000000000000000e+00
1.163000000000000000e+03 8.944271909999159220e+00 0.000000000000000000e+00
1.163200000000000045e+03 8.944271909999159220e+00 0.000000000000000000e+00
1.163400000000000091e+03 8.000000000000000000e+00 0.000000000000000000e+00
1.163600000000000136e+03 8.944271909999159220e+00 0.000000000000000000e+00
1.163799999999999955e+03 1.131370849898476116e+01 0.000000000000000000e+00
1.164000000000000000e+03 1.264911064067351809e+01 1.350000100000000000e+11
1.164200000000000045e+03 1.200000000000000000e+01 1.349999900000000000e+11
1.164400000000000091e+03 1.264911064067351809e+01 1.349999900000000000e+11
1.164600000000000136e+03 1.131370849898476116e+01 1.350000100000000000e+11
1.164799999999999955e+03 1.264911064067351809e+01 1.349999900000000000e+11
1.165000000000000000e+03 1.200000000000000000e+01 1.349999900000000000e+11
1.165200000000000045e+03 8.000000000000000000e+00 1.349999900000000000e+11
1.165400000000000091e+03 8.944271909999159220e+00 1.349999900000000000e+11
1.165600000000000136e+03 5.656854249492380582e+00 1.349999900000000000e+11
1.165799999999999955e+03 4.000000000000000000e+00 1.349999900000000000e+11
1.166000000000000000e+03 4.000000000000000000e+00 1.349999900000000000e+11
1.166200000000000045e+03 4.000000000000000000e+00 1.349999900000000000e+11
1.166400000000000091e+03 4.000000000000000000e+00 1.349999900000000000e+11
1.166600000000000136e+03 5.656854249492380582e+00 1.349999900000000000e+11
1.166799999999999955e+03 4.000000000000000000e+00 1.350000100000000000e+11
1.167000000000000000e+03 4.000000000000000000e+00 1.349999900000000000e+11
1.167200000000000045e+03 4.000000000000000000e+00 1.349999900000000000e+11
1.167400000000000091e+03 5.656854249492380582e+00 1.349999900000000000e+11
1.167600000000000136e+03 5.656854249492380582e+00 1.349999900000000000e+11
1.167799999999999955e+03 5.656854249492380582e+00 1.349999900000000000e+11
1.168000000000000000e+03 5.656854249492380582e+00 0.000000000000000000e+00
1.168200000000000045e+03 4.000000000000000000e+00 0.000000000000000000e+00
1.168400000000000091e+03 4.000000000000000000e+00 0.000000000000000000e+00
1.168600000000000136e+03 4.000000000000000000e+00 0.000000000000000000e+00
1.168799999999999955e+03 4.000000000000000000e+00 0.000000000000000000e+00
1.169000000000000000e+03 0.000000000000000000e+00 0.000000000000000000e+00
1.169200000000000045e+03 0.000000000000000000e+00 0.000000000000000000e+00
1.169400000000000091e+03 0.000000000000000000e+00 0.000000000000000000e+00
1.169600000000000136e+03 0.000000000000000000e+00 0.000000000000000000e+00
1.169799999999999955e+03 4.000000000000000000e+00 0.000000000000000000e+00
1.170000000000000000e+03 4.000000000000000000e+00 0.000000000000000000e+00
1.170200000000000045e+03 4.000000000000000000e+00 0.000000000000000000e+00
1.170400000000000091e+03 4.000000000000000000e+00 0.000000000000000000e+00
1.170600000000000136e+03 5.656854249492380582e+00 0.000000000000000000e+00
1.170799999999999955e+03 5.656854249492380582e+00 0.000000000000000000e+00
1.171000000000000000e+03 5.656854249492380582e+00 0.000000000000000000e+00
1.171200000000000045e+03 4.000000000000000000e+00 0.000000000000000000e+00
1.171400000000000091e+03 4.000000000000000000e+00 0.000000000000000000e+00
1.171600000000000136e+03 4.000000000000000000e+00 0.000000000000000000e+00
1.171799999999999955e+03 4.000000000000000000e+00 0.000000000000000000e+00
1.172000000000000000e+03 0.000000000000000000e+00 1.350000100000000000e+11
1.172200000000000045e+03 0.000000000000000000e+00 1.350000100000000000e+11
1.172400000000000091e+03 0.000000000000000000e+00 1.349999900000000000e+11
1.172600000000000136e+03 0.000000000000000000e+00 1.349999900000000000e+11
1.172799999999999955e+03 4.000000000000000000e+00 1.350000100000000000e+11
1.173000000000000000e+03 4.000000000000000000e+00 1.349999900000000000e+11
1.173200000000000045e+03 4.000000000000000000e+00 1.350000100000000000e+11
1.173400000000000091e+03 4.000000000000000000e+00 1.350000100000000000e+11
1.173600000000000136e+03 5.656854249492380582e+00 1.349999900000000000e+11
1.173799999999999955e+03 5.656854249492380582e+00 1.349999900000000000e+11
1.174000000000000000e+03 5.656854249492380582e+00 1.349999900000000000e+11
1.174200000000000045e+03 4.000000000000000000e+00 1.349999900000000000e+11
1.174400000000000091e+03 4.000000000000000000e+00 1.350000100000000000e+11
1.174600000000000136e+03 4.000000000000000000e+00 1.349999900000000000e+11
1.174799999999999955e+03 4.000000000000000000e+00 1.349999900000000000e+11
1.175000000000000000e+03 0.000000000000000000e+00 1.349999900000000000e+11
1.175200000000000045e+03 0.000000000000000000e+00 1.350000100000000000e+11
1.175400000000000091e+03 0.000000000000000000e+00 1.350000100000000000e+11
1.175600000000000136e+03 4.000000000000000000e+00 1.349999900000000000e+11
1.175799999999999955e+03 4.000000000000000000e+00 1.350000100000000000e+11
1.176000000000000000e+03 4.000000000000000000e+00 0.000000000000000000e+00
1.176200000000000045e+03 4.000000000000000000e+00 0.000000000000000000e+00
1.176400000000000091e+03 5.656854249492380582e+00 0.000000000000000000e+00
1.176600000000000136e+03 5.656854249492380582e+00 0.000000000000000000e+00
1.176799999999999955e+03 5.656854249492380582e+00 0.000000000000000000e+00
1.177000000000000000e+03 4.000000000000000000e+00 0.000000000000000000e+00
1.177200000000000045e+03 4.000000000000000000e+00 0.000000000000000000e+00
1.177400000000000091e+03 4.000000000000000000e+00 0.000000000000000000e+00
1.177600000000000136e+03 4.000000000000000000e+00 0.000000000000000000e+00
1.177799999999999955e+03 0.000000000000000000e+00 0.000000000000000000e+00
1.178000000000000000e+03 0.000000000000000000e+00 0.000000000000000000e+00
1.178200000000000045e+03 0.000000000000000000e+00 0.000000000000000000e+00
1.178400000000000091e+03 4.000000000000000000e+00 0.000000000000000000e+00
1.178600000000000136e+03 4.000000000000000000e+00 0.000000000000000000e+00
1.178799999999999955e+03 4.000000000000000000e+00 0.000000000000000000e+00
1.179000000000000000e+03 5.656854249492380582e+00 0.000000000000000000e+00
1.179200000000000045e+03 5.656854249492380582e+00 0.000000000000000000e+00
1.179400000000000091e+03 5.656854249492380582e+00 0.000000000000000000e+00
1.179600000000000136e+03 5.656854249492380582e+00 0.000000000000000000e+00
1.179799999999999955e+03 4.000000000000000000e+00 0.000000000000000000e+00
1.180000000000000000e+03 4.000000000000000000e+00 1.349999900000000000e+11
1.180200000000000045e+03 4.000000000000000000e+00 1.350000100000000000e+11
1.180400000000000091e+03 0.000000000000000000e+00 1.350000100000000000e+11
1.180600000000000136e+03 0.000000000000000000e+00 1.349999900000000000e+11
1.180799999999999955e+03 0.000000000000000000e+00 1.349999900000000000e+11
1.181000000000000000e+03 0.000000000000000000e+00 1.349999900000000000e+11
1.181200000000000045e+03 4.000000000000000000e+00 1.349999900000000000e+11
1.181400000000000091e+03 4.000000000000000000e+00 1.349999900000000000e+11
1.181600000000000136e+03 4.000000000000000000e+00 1.350000100000000000e+11
1.181799999999999955e+03 5.656854249492380582e+00 1.349999900000000000e+11
1.182000000000000000e+03 5.656854249492380582e+00 1.349999900000000000e+11
1.182200000000000045e+03 5.656854249492380582e+00 1.349999900000000000e+11
1.182400000000000091e+03 5.656854249492380582e+00 1.349999900000000000e+11
1.182600000000000136e+03 4.000000000000000000e+00 1.349999900000000000e+11
1.182799999999999955e+03 4.000000000000000000e+00 1.350000100000000000e+11
1.183000000000000000e+03 4.000000000000000000e+00 1.349999900000000000e+11
1.183200000000000045e+03 0.000000000000000000e+00 1.349999900000000000e+11
1.183400000000000091e+03 0.000000000000000000e+00 1.349999900000000000e+11
1.183600000000000136e+03 0.000000000000000000e+00 1.350000100000000000e+11
1.183799999999999955e+03 4.000000000000000000e+00 1.349999900000000000e+11
1.184000000000000000e+03 4.000000000000000000e+00 0.000000000000000000e+00
1.184200000000000045e+03 4.000000000000000000e+00 0.000000000000000000e+00
1.184400000000000091e+03 4.000000000000000000e+00 0.000000000000000000e+00
1.184600000000000136e+03 5.656854249492380582e+00 0.000000000000000000e+00
1.184799999999999955e+03 5.656854249492380582e+00 0.000000000000000000e+00
1.185000000000000000e+03 5.656854249492380582e+00 0.000000000000000000e+00
1.185200000000000045e+03 4.000000000000000000e+00 0.000000000000000000e+00
1.185400000000000091e+03 4.000000000000000000e+00 0.000000000000000000e+00
1.185600000000000136e+03 4.000000000000000000e+00 0.000000000000000000e+00
1.185799999999999955e+03 4.000000000000000000e+00 0.000000000000000000e+00
1.186000000000000000e+03 0.000000000000000000e+00 0.000000000000000000e+00
1.186200000000000045e+03 0.000000000000000000e+00 0.000000000000000000e+00
1.186400000000000091e+03 0.000000000000000000e+00 0.000000000000000000e+00
1.186600000000000136e+03 4.000000000000000000e+00 0.000000000000000000e+00
1.186799999999999955e+03 4.000000000000000000e+00 0.000000000000000000e+00
1.187000000000000000e+03 4.000000000000000000e+00 0.000000000000000000e+00
1.187200000000000045e+03 5.656854249492380582e+00 0.000000000000000000e+00
1.187400000000000091e+03 5.656854249492380582e+00 0.000000000000000000e+00
1.187600000000000136e+03 5.656854249492380582e+00 0.000000000000000000e+00
1.187799999999999955e+03 5.656854249492380582e+00 0.000000000000000000e+00
1.188000000000000000e+03 4.000000000000000000e+00 1.349999900000000000e+11
1.188200000000000045e+03 4.000000000000000000e+00 1.349999900000000000e+11
1.188400000000000091e+03 4.000000000000000000e+00 1.350000100000000000e+11
1.188600000000000136e+03 0.000000000000000000e+00 1.349999900000000000e+11
1.188799999999999955e+03 0.000000000000000000e+00 1.349999900000000000e+11
1.189000000000000000e+03 0.000000000000000000e+00 1.350000100000000000e+11
1.189200000000000045e+03 0.000000000000000000e+00 1.349999900000000000e+11
1.189400000000000091e+03 4.000000000000000000e+00 1.350000100000000000e+11
1.189600000000000136e+03 4.000000000000000000e+00 1.350000100000000000e+11
1.189799999999999955e+03 4.000000000000000000e+00 1.349999900000000000e+11
1.190000000000000000e+03 5.656854249492380582e+00 1.349999900000000000e+11
1.190200000000000045e+03 5.656854249492380582e+00 1.349999900000000000e+11
1.190400000000000091e+03 5.656854249492380582e+00 1.349999900000000000e+11
1.190600000000000136e+03 4.000000000000000000e+00 1.349999900000000000e+11
1.190799999999999955e+03 4.000000000000000000e+00 1.349999900000000000e+11
1.191000000000000000e+03 4.000000000000000000e+00 1.349999900000000000e+11
1.191200000000000045e+03 4.000000000000000000e+00 1.349999900000000000e+11
1.191400000000000091e+03 0.000000000000000000e+00 1.349999900000000000e+11
1.191600000000000136e+03 0.000000000000000000e+00 1.349999900000000000e+11
1.191799999999999955e+03 0.000000000000000000e+00 1.350000100000000000e+11
1.192000000000000000e+03 4.000000000000000000e+00 0.000000000000000000e+00
1.192200000000000045e+03 4.000000000000000000e+00 0.000000000000000000e+00
1.192400000000000091e+03 4.000000000000000000e+00 0.000000000000000000e+00
1.192600000000000136e+03 4.000000000000000000e+00 0.000000000000000000e+00
1.192799999999999955e+03 5.656854249492380582e+00 0.000000000000000000e+00
1.193000000000000000e+03 5.656854249492380582e+00 0.000000000000000000e+00
1.193200000000000045e+03 5.656854249492380582e+00 0.000000000000000000e+00
1.193400000000000091e+03 4.000000000000000000e+00 0.000000000000000000e+00
1.193600000000000136e+03 4.000000000000000000e+00 0.000000000000000000e+00
1.193799999999999955e+03 4.000000000000000000e+00 0.000000000000000000e+00
1.194000000000000000e+03 0.000000000000000000e+00 0.000000000000000000e+00
1.194200000000000045e+03 0.000000000000000000e+00 0.000000000000000000e+00
1.194400000000000091e+03 0.000000000000000000e+00 0.000000000000000000e+00
1.194600000000000136e+03 0.000000000000000000e+00 0.000000000000000000e+00
1.194799999999999955e+03 4.000000000000000000e+00 0.000000000000000000e+00
1.195000000000000000e+03 4.000000000000000000e+00 0.000000000000000000e+00
1.195200000000000045e+03 4.000000000000000000e+00 0.000000000000000000e+00
1.195400000000000091e+03 5.656854249492380582e+00 0.000000000000000000e+00
1.195600000000000136e+03 5.656854249492380582e+00 0.000000000000000000e+00
1.195799999999999955e+03 5.656854249492380582e+00 0.000000000000000000e+00
1.196000000000000000e+03 5.656854249492380582e+00 1.349999900000000000e+11
1.196200000000000045e+03 4.000000000000000000e+00 1.349999900000000000e+11
1.196400000000000091e+03 4.000000000000000000e+00 1.349999900000000000e+11
1.196600000000000136e+03 4.000000000000000000e+00 1.350000100000000000e+11
1.196799999999999955e+03 0.000000000000000000e+00 1.350000100000000000e+11
1.197000000000000000e+03 0.000000000000000000e+00 1.349999900000000000e+11
1.197200000000000045e+03 0.000000000000000000e+00 1.349999900000000000e+11
1.197400000000000091e+03 4.000000000000000000e+00 1.350000100000000000e+11
1.197600000000000136e+03 4.000000000000000000e+00 1.349999900000000000e+11
1.197799999999999955e+03 4.000000000000000000e+00 1.349999900000000000e+11
1.198000000000000000e+03 4.000000000000000000e+00 1.349999900000000000e+11
1.198200000000000045e+03 5.656854249492380582e+00 1.349999900000000000e+11
1.198400000000000091e+03 5.656854249492380582e+00 1.349999900000000000e+11
1.198600000000000136e+03 5.656854249492380582e+00 1.349999900000000000e+11
1.198799999999999955e+03 4.000000000000000000e+00 1.349999900000000000e+11
1.199000000000000000e+03 4.000000000000000000e+00 1.349999900000000000e+11
1.199200000000000045e+03 4.000000000000000000e+00 1.350000100000000000e+11
1.199400000000000091e+03 4.000000000000000000e+00 1.349999900000000000e+11
1.199600000000000136e+03 0.000000000000000000e+00 1.350000100000000000e+11
1.199799999999999955e+03 0.000000000000000000e+00 1.350000100000000000e+11
