1.200000000000000000e+03 0.000000000000000000e+00 0.000000000000000000e+00
1.200200000000000045e+03 4.000000000000000000e+00 0.000000000000000000e+00
1.200400000000000091e+03 5.656854249492380582e+00 0.000000000000000000e+00
1.200600000000000136e+03 5.656854249492380582e+00 0.000000000000000000e+00
1.200799999999999955e+03 5.656854249492380582e+00 0.000000000000000000e+00
1.201000000000000000e+03 5.656854249492380582e+00 0.000000000000000000e+00
1.201200000000000045e+03 5.656854249492380582e+00 0.000000000000000000e+00
1.201400000000000091e+03 5.656854249492380582e+00 0.000000000000000000e+00
1.201600000000000136e+03 5.656854249492380582e+00 0.000000000000000000e+00
1.201799999999999955e+03 4.000000000000000000e+00 0.000000000000000000e+00
1.202000000000000000e+03 5.656854249492380582e+00 0.000000000000000000e+00
1.202200000000000045e+03 0.000000000000000000e+00 0.000000000000000000e+00
1.202400000000000091e+03 0.000000000000000000e+00 0.000000000000000000e+00
1.202600000000000136e+03 0.000000000000000000e+00 0.000000000000000000e+00
1.202799999999999955e+03 5.656854249492380582e+00 0.000000000000000000e+00
1.203000000000000000e+03 5.656854249492380582e+00 0.000000000000000000e+00
1.203200000000000045e+03 5.656854249492380582e+00 0.000000000000000000e+00
1.203400000000000091e+03 5.656854249492380582e+00 0.000000000000000000e+00
1.203600000000000136e+03 5.656854249492380582e+00 0.000000000000000000e+00
1.203799999999999955e+03 5.656854249492380582e+00 0.000000000000000000e+00
1.204000000000000000e+03 5.656854249492380582e+00 1.375000200000000000e+11
1.204200000000000045e+03 5.656854249492380582e+00 1.375000200000000000e+11
1.204400000000000091e+03 4.000000000000000000e+00 1.375000200000000000e+11
1.204600000000000136e+03 4.000000000000000000e+00 1.375000200000000000e+11
1.204799999999999955e+03 4.000000000000000000e+00 1.375000200000000000e+11
1.205000000000000000e+03 0.000000000000000000e+00 1.375000300000000000e+11
1.205200000000000045e+03 0.000000000000000000e+00 1.375000200000000000e+11
1.205400000000000091e+03 0.000000000000000000e+00 1.375000300000000000e+11
1.205600000000000136e+03 4.000000000000000000e+00 1.375000300000000000e+11
1.205799999999999955e+03 4.000000000000000000e+00 1.375000200000000000e+11
1.206000000000000000e+03 5.656854249492380582e+00 1.375000300000000000e+11
1.206200000000000045e+03 5.656854249492380582e+00 1.375000200000000000e+11
1.206400000000000091e+03 5.656854249492380582e+00 1.375000200000000000e+11
1.206600000000000136e+03 5.656854249492380582e+00 1.375000300000000000e+11
1.206799999999999955e+03 5.656854249492380582e+00 1.375000200000000000e+11
1.207000000000000000e+03 4.000000000000000000e+00 1.375000200000000000e+11
1.207200000000000045e+03 4.000000000000000000e+00 1.375000200000000000e+11
1.207400000000000091e+03 4.000000000000000000e+00 1.375000200000000000e+11
1.207600000000000136e+03 0.000000000000000000e+00 1.375000200000000000e+11
1.207799999999999955e+03 0.000000000000000000e+00 1.375000200000000000e+11
1.208000000000000000e+03 0.000000000000000000e+00 0.000000000000000000e+00
1.208200000000000045e+03 0.000000000000000000e+00 0.000000000000000000e+00
1.208400000000000091e+03 4.000000000000000000e+00 0.000000000000000000e+00
1.208600000000000136e+03 4.000000000000000000e+00 0.000000000000000000e+00
1.208799999999999955e+03 5.656854249492380582e+00 0.000000000000000000e+00
1.209000000000000000e+03 5.656854249492380582e+00 0.000000000000000000e+00
1.209200000000000045e+03 5.656854249492380582e+00 0.000000000000000000e+00
1.209400000000000091e+03 5.656854249492380582e+00 0.000000000000000000e+00
1.209600000000000136e+03 5.656854249492380582e+00 0.000000000000000000e+00
1.209799999999999955e+03 4.000000000000000000e+00 0.000000000000000000e+00
1.210000000000000000e+03 4.000000000000000000e+00 0.000000000000000000e+00
1.210200000000000045e+03 4.000000000000000000e+00 0.000000000000000000e+00
1.210400000000000091e+03 0.000000000000000000e+00 0.000000000000000000e+00
1.210600000000000136e+03 0.000000000000000000e+00 0.000000000000000000e+00
1.210799999999999955e+03 0.000000000000000000e+00 0.000000000000000000e+00
1.211000000000000000e+03 4.000000000000000000e+00 0.000000000000000000e+00
1.211200000000000045e+03 4.000000000000000000e+00 0.000000000000000000e+00
1.211400000000000091e+03 4.000000000000000000e+00 0.000000000000000000e+00
1.211600000000000136e+03 5.656854249492380582e+00 0.000000000000000000e+00
1.211799999999999955e+03 5.656854249492380582e+00 0.000000000000000000e+00
1.212000000000000000e+03 5.656854249492380582e+00 1.375000300000000000e+11
1.212200000000000045e+03 5.656854249492380582e+00 1.375000300000000000e+11
1.212400000000000091e+03 4.000000000000000000e+00 1.375000200000000000e+11
1.212600000000000136e+03 4.000000000000000000e+00 1.375000200000000000e+11
1.212799999999999955e+03 4.000000000000000000e+00 1.375000300000000000e+11
1.213000000000000000e+03 4.000000000000000000e+00 1.375000200000000000e+11
1.213200000000000045e+03 0.000000000000000000e+00 1.375000200000000000e+11
1.213400000000000091e+03 0.000000000000000000e+00 1.375000200000000000e+11
1.213600000000000136e+03 0.000000000000000000e+00 1.375000300000000000e+11
1.213799999999999955e+03 4.000000000000000000e+00 1.375000200000000000e+11
1.214000000000000000e+03 4.000000000000000000e+00 1.375000200000000000e+11
1.214200000000000045e+03 4.000000000000000000e+00 1.375000300000000000e+11
1.214400000000000091e+03 5.656854249492380582e+00 1.375000300000000000e+11
1.214600000000000136e+03 5.656854249492380582e+00 1.375000200000000000e+11
1.214799999999999955e+03 5.656854249492380582e+00 1.375000200000000000e+11
1.215000000000000000e+03 5.656854249492380582e+00 1.375000200000000000e+11
1.215200000000000045e+03 4.000000000000000000e+00 1.375000200000000000e+11
1.215400000000000091e+03 4.000000000000000000e+00 1.375000200000000000e+11
1.215600000000000136e+03 4.000000000000000000e+00 1.375000200000000000e+11
1.215799999999999955e+03 0.000000000000000000e+00 1.375000200000000000e+11
1.216000000000000000e+03 0.000000000000000000e+00 0.000000000000000000e+00
1.216200000000000045e+03 0.000000000000000000e+00 0.000000000000000000e+00
1.216400000000000091e+03 4.000000000000000000e+00 0.000000000000000000e+00
1.216600000000000136e+03 4.000000000000000000e+00 0.000000000000000000e+00
1.216799999999999955e+03 4.000000000000000000e+00 0.000000000000000000e+00
1.217000000000000000e+03 5.656854249492380582e+00 0.000000000000000000e+00
1.217200000000000045e+03 5.656854249492380582e+00 0.000000000000000000e+00
1.217400000000000091e+03 5.656854249492380582e+00 0.000000000000000000e+00
1.217600000000000136e+03 5.656854249492380582e+00 0.000000000000000000e+00
1.217799999999999955e+03 4.000000000000000000e+00 0.000000000000000000e+00
1.218000000000000000e+03 4.000000000000000000e+00 0.000000000000000000e+00
1.218200000000000045e+03 4.000000000000000000e+00 0.000000000000000000e+00
1.218400000000000091e+03 0.000000000000000000e+00 0.000000000000000000e+00
1.218600000000000136e+03 0.000000000000000000e+00 0.000000000000000000e+00
1.218799999999999955e+03 0.000000000000000000e+00 0.000000000000000000e+00
1.219000000000000000e+03 0.000000000000000000e+00 0.000000000000000000e+00
1.219200000000000045e+03 4.000000000000000000e+00 0.000000000000000000e+00
1.219400000000000091e+03 4.000000000000000000e+00 0.000000000000000000e+00
1.219600000000000136e+03 4.000000000000000000e+00 0.000000000000000000e+00
1.219799999999999955e+03 5.656854249492380582e+00 0.000000000000000000e+00
1.220000000000000000e+03 5.656854249492380582e+00 1.375000200000000000e+11
1.220200000000000045e+03 5.656854249492380582e+00 1.375000300000000000e+11
1.220400000000000091e+03 5.656854249492380582e+00 1.375000200000000000e+11
1.220600000000000136e+03 4.000000000000000000e+00 1.375000300000000000e+11
1.220799999999999955e+03 4.000000000000000000e+00 1.375000300000000000e+11
1.221000000000000000e+03 4.000000000000000000e+00 1.375000300000000000e+11
1.221200000000000045e+03 0.000000000000000000e+00 1.375000200000000000e+11
1.221400000000000091e+03 0.000000000000000000e+00 1.375000200000000000e+11
1.221600000000000136e+03 0.000000000000000000e+00 1.375000200000000000e+11
1.221799999999999955e+03 0.000000000000000000e+00 1.375000200000000000e+11
1.222000000000000000e+03 4.000000000000000000e+00 1.375000300000000000e+11
1.222200000000000045e+03 4.000000000000000000e+00 1.375000200000000000e+11
1.222400000000000091e+03 4.000000000000000000e+00 1.375000200000000000e+11
1.222600000000000136e+03 5.656854249492380582e+00 1.375000200000000000e+11
1.222799999999999955e+03 5.656854249492380582e+00 1.375000200000000000e+11
1.223000000000000000e+03 5.656854249492380582e+00 1.375000200000000000e+11
1.223200000000000045e+03 4.000000000000000000e+00 1.375000200000000000e+11
1.223400000000000091e+03 4.000000000000000000e+00 1.375000200000000000e+11
1.223600000000000136e+03 4.000000000000000000e+00 1.375000300000000000e+11
1.223799999999999955e+03 4.000000000000000000e+00 1.375000300000000000e+11
1.224000000000000000e+03 0.000000000000000000e+00 0.000000000000000000e+00
1.224200000000000045e+03 0.000000000000000000e+00 0.000000000000000000e+00
1.224400000000000091e+03 0.000000000000000000e+00 0.000000000000000000e+00
1.224600000000000136e+03 4.000000000000000000e+00 0.000000000000000000e+00
1.224799999999999955e+03 4.000000000000000000e+00 0.000000000000000000e+00
1.225000000000000000e+03 4.000000000000000000e+00 0.000000000000000000e+00
1.225200000000000045e+03 5.656854249492380582e+00 0.000000000000000000e+00
1.225400000000000091e+03 5.656854249492380582e+00 0.000000000000000000e+00
1.225600000000000136e+03 5.656854249492380582e+00 0.000000000000000000e+00
1.225799999999999955e+03 5.656854249492380582e+00 0.000000000000000000e+00
1.226000000000000000e+03 4.000000000000000000e+00 0.000000000000000000e+00
1.226200000000000045e+03 4.000000000000000000e+00 0.000000000000000000e+00
1.226400000000000091e+03 4.000000000000000000e+00 0.000000000000000000e+00
1.226600000000000136e+03 0.000000000000000000e+00 0.000000000000000000e+00
1.226799999999999955e+03 0.000000000000000000e+00 0.000000000000000000e+00
1.227000000000000000e+03 0.000000000000000000e+00 0.000000000000000000e+00
1.227200000000000045e+03 0.000000000000000000e+00 0.000000000000000000e+00
1.227400000000000091e+03 4.000000000000000000e+00 0.000000000000000000e+00
1.227600000000000136e+03 4.000000000000000000e+00 0.000000000000000000e+00
1.227799999999999955e+03 4.000000000000000000e+00 0.000000000000000000e+00
1.228000000000000000e+03 5.656854249492380582e+00 1.375000300000000000e+11
1.228200000000000045e+03 5.656854249492380582e+00 1.375000300000000000e+11
1.228400000000000091e+03 5.656854249492380582e+00 1.375000200000000000e+11
1.228600000000000136e+03 4.000000000000000000e+00 1.375000200000000000e+11
1.228800000000000182e+03 4.000000000000000000e+00 1.375000300000000000e+11
1.229000000000000000e+03 4.000000000000000000e+00 1.375000200000000000e+11
1.229200000000000045e+03 4.000000000000000000e+00 1.375000200000000000e+11
1.229400000000000091e+03 0.000000000000000000e+00 1.375000200000000000e+11
1.229600000000000136e+03 0.000000000000000000e+00 1.375000200000000000e+11
1.229800000000000182e+03 0.000000000000000000e+00 1.375000300000000000e+11
1.230000000000000000e+03 4.000000000000000000e+00 1.375000300000000000e+11
1.230200000000000045e+03 4.000000000000000000e+00 1.375000300000000000e+11
1.230400000000000091e+03 4.000000000000000000e+00 1.375000300000000000e+11
1.230600000000000136e+03 5.656854249492380582e+00 1.375000200000000000e+11
1.230800000000000182e+03 5.656854249492380582e+00 1.375000200000000000e+11
1.231000000000000000e+03 5.656854249492380582e+00 1.375000200000000000e+11
1.231200000000000045e+03 5.656854249492380582e+00 1.375000300000000000e+11
1.231400000000000091e+03 4.000000000000000000e+00 1.375000200000000000e+11
1.231600000000000136e+03 4.000000000000000000e+00 1.375000300000000000e+11
1.231800000000000182e+03 4.000000000000000000e+00 1.375000200000000000e+11
1.232000000000000000e+03 0.000000000000000000e+00 0.000000000000000000e+00
1.232200000000000045e+03 0.000000000000000000e+00 0.000000000000000000e+00
1.232400000000000091e+03 0.000000000000000000e+00 0.000000000000000000e+00
1.232600000000000136e+03 0.000000000000000000e+00 0.000000000000000000e+00
1.232800000000000182e+03 4.000000000000000000e+00 0.000000000000000000e+00
1.233000000000000000e+03 4.000000000000000000e+00 0.000000000000000000e+00
1.233200000000000045e+03 4.000000000000000000e+00 0.000000000000000000e+00
1.233400000000000091e+03 5.656854249492380582e+00 0.000000000000000000e+00
1.233600000000000136e+03 5.656854249492380582e+00 0.000000000000000000e+00
1.233800000000000182e+03 5.656854249492380582e+00 0.000000000000000000e+00
1.234000000000000000e+03 5.656854249492380582e+00 0.000000000000000000e+00
1.234200000000000045e+03 4.000000000000000000e+00 0.000000000000000000e+00
1.234400000000000091e+03 4.000000000000000000e+00 0.000000000000000000e+00
1.234600000000000136e+03 4.000000000000000000e+00 0.000000000000000000e+00
1.234800000000000182e+03 0.000000000000000000e+00 0.000000000000000000e+00
1.235000000000000000e+03 0.000000000000000000e+00 0.000000000000000000e+00
1.235200000000000045e+03 0.000000000000000000e+00 0.000000000000000000e+00
1.235400000000000091e+03 4.000000000000000000e+00 0.000000000000000000e+00
1.235600000000000136e+03 4.000000000000000000e+00 0.000000000000000000e+00
1.235800000000000182e+03 4.000000000000000000e+00 0.000000000000000000e+00
1.236000000000000000e+03 4.000000000000000000e+00 1.375000300000000000e+11
1.236200000000000045e+03 5.656854249492380582e+00 1.375000300000000000e+11
1.236400000000000091e+03 5.656854249492380582e+00 1.375000200000000000e+11
1.236600000000000136e+03 5.656854249492380582e+00 1.375000300000000000e+11
1.236800000000000182e+03 4.000000000000000000e+00 1.375000300000000000e+11
1.237000000000000000e+03 4.000000000000000000e+00 1.375000200000000000e+11
1.237200000000000045e+03 4.000000000000000000e+00 1.375000200000000000e+11
1.237400000000000091e+03 0.000000000000000000e+00 1.375000200000000000e+11
1.237600000000000136e+03 0.000000000000000000e+00 1.375000200000000000e+11
1.237800000000000182e+03 0.000000000000000000e+00 1.375000300000000000e+11
1.238000000000000000e+03 0.000000000000000000e+00 1.375000300000000000e+11
1.238200000000000045e+03 4.000000000000000000e+00 1.375000200000000000e+11
1.238400000000000091e+03 4.000000000000000000e+00 1.375000200000000000e+11
1.238600000000000136e+03 4.000000000000000000e+00 1.375000300000000000e+11
1.238800000000000182e+03 5.656854249492380582e+00 1.375000200000000000e+11
1.239000000000000000e+03 5.656854249492380582e+00 1.375000200000000000e+11
1.239200000000000045e+03 5.656854249492380582e+00 1.375000300000000000e+11
1.239400000000000091e+03 5.656854249492380582e+00 1.375000200000000000e+11
1.239600000000000136e+03 4.000000000000000000e+00 1.375000200000000000e+11
1.239800000000000182e+03 4.000000000000000000e+00 1.375000200000000000e+11
1.240000000000000000e+03 4.000000000000000000e+00 0.000000000000000000e+00
1.240200000000000045e+03 0.000000000000000000e+00 0.000000000000000000e+00
1.240400000000000091e+03 0.000000000000000000e+00 0.000000000000000000e+00
1.240600000000000136e+03 0.000000000000000000e+00 0.000000000000000000e+00
1.240800000000000182e+03 4.000000000000000000e+00 0.000000000000000000e+00
1.241000000000000000e+03 4.000000000000000000e+00 0.000000000000000000e+00
1.241200000000000045e+03 4.000000000000000000e+00 0.000000000000000000e+00
1.241400000000000091e+03 4.000000000000000000e+00 0.000000000000000000e+00
1.241600000000000136e+03 5.656854249492380582e+00 0.000000000000000000e+00
1.241800000000000182e+03 5.656854249492380582e+00 0.000000000000000000e+00
1.242000000000000000e+03 5.656854249492380582e+00 0.000000000000000000e+00
1.242200000000000045e+03 4.000000000000000000e+00 0.000000000000000000e+00
1.242400000000000091e+03 4.000000000000000000e+00 0.000000000000000000e+00
1.242600000000000136e+03 4.000000000000000000e+00 0.000000000000000000e+00
1.242800000000000182e+03 4.000000000000000000e+00 0.000000000000000000e+00
1.243000000000000000e+03 0.000000000000000000e+00 0.000000000000000000e+00
1.243200000000000045e+03 0.000000000000000000e+00 0.000000000000000000e+00
1.243400000000000091e+03 0.000000000000000000e+00 0.000000000000000000e+00
1.243600000000000136e+03 4.000000000000000000e+00 0.000000000000000000e+00
1.243800000000000182e+03 4.000000000000000000e+00 0.000000000000000000e+00
1.244000000000000000e+03 4.000000000000000000e+00 1.375000200000000000e+11
1.244200000000000045e+03 5.656854249492380582e+00 1.375000200000000000e+11
1.244400000000000091e+03 5.656854249492380582e+00 1.375000200000000000e+11
1.244600000000000136e+03 5.656854249492380582e+00 1.375000200000000000e+11
1.244800000000000182e+03 5.656854249492380582e+00 1.375000200000000000e+11
1.245000000000000000e+03 4.000000000000000000e+00 1.375000300000000000e+11
1.245200000000000045e+03 4.000000000000000000e+00 1.375000300000000000e+11
1.245400000000000091e+03 4.000000000000000000e+00 1.375000300000000000e+11
1.245600000000000136e+03 0.000000000000000000e+00 1.375000200000000000e+11
1.245800000000000182e+03 0.000000000000000000e+00 1.375000200000000000e+11
1.246000000000000000e+03 0.000000000000000000e+00 1.375000200000000000e+11
1.246200000000000045e+03 0.000000000000000000e+00 1.375000200000000000e+11
1.246400000000000091e+03 4.000000000000000000e+00 1.375000300000000000e+11
1.246600000000000136e+03 4.000000000000000000e+00 1.375000200000000000e+11
1.246800000000000182e+03 4.000000000000000000e+00 1.375000200000000000e+11
1.247000000000000000e+03 5.656854249492380582e+00 1.375000200000000000e+11
1.247200000000000045e+03 5.656854249492380582e+00 1.375000200000000000e+11
1.247400000000000091e+03 5.656854249492380582e+00 1.375000200000000000e+11
1.247600000000000136e+03 4.000000000000000000e+00 1.375000200000000000e+11
1.247800000000000182e+03 4.000000000000000000e+00 1.375000200000000000e+11
1.248000000000000000e+03 4.000000000000000000e+00 0.000000000000000000e+00
1.248200000000000045e+03 4.000000000000000000e+00 0.000000000000000000e+00
1.248400000000000091e+03 0.000000000000000000e+00 0.000000000000000000e+00
1.248600000000000136e+03 0.000000000000000000e+00 0.000000000000000000e+00
1.248800000000000182e+03 0.000000000000000000e+00 0.000000000000000000e+00
1.249000000000000000e+03 4.000000000000000000e+00 0.000000000000000000e+00
1.249200000000000045e+03 4.000000000000000000e+00 0.000000000000000000e+00
1.249400000000000091e+03 4.000000000000000000e+00 0.000000000000000000e+00
1.249600000000000136e+03 4.000000000000000000e+00 0.000000000000000000e+00
1.249800000000000182e+03 5.656854249492380582e+00 0.000000000000000000e+00
1.250000000000000000e+03 5.656854249492380582e+00 0.000000000000000000e+00
1.250200000000000045e+03 5.656854249492380582e+00 0.000000000000000000e+00
1.250400000000000091e+03 4.000000000000000000e+00 0.000000000000000000e+00
1.250600000000000136e+03 4.000000000000000000e+00 0.000000000000000000e+00
1.250800000000000182e+03 4.000000000000000000e+00 0.000000000000000000e+00
1.251000000000000000e+03 0.000000000000000000e+00 0.000000000000000000e+00
1.251200000000000045e+03 0.000000000000000000e+00 0.000000000000000000e+00
1.251400000000000091e+03 0.000000000000000000e+00 0.000000000000000000e+00
1.251600000000000136e+03 0.000000000000000000e+00 0.000000000000000000e+00
1.251800000000000182e+03 4.000000000000000000e+00 0.000000000000000000e+00
1.252000000000000000e+03 4.000000000000000000e+00 1.375000300000000000e+11
1.252200000000000045e+03 4.000000000000000000e+00 1.375000200000000000e+11
1.252400000000000091e+03 5.656854249492380582e+00 1.375000300000000000e+11
1.252600000000000136e+03 5.656854249492380582e+00 1.375000200000000000e+11
1.252800000000000182e+03 5.656854249492380582e+00 1.375000300000000000e+11
1.253000000000000000e+03 5.656854249492380582e+00 1.375000200000000000e+11
1.253200000000000045e+03 4.000000000000000000e+00 1.375000300000000000e+11
1.253400000000000091e+03 4.000000000000000000e+00 1.375000200000000000e+11
1.253600000000000136e+03 4.000000000000000000e+00 1.375000300000000000e+11
1.253800000000000182e+03 0.000000000000000000e+00 1.375000200000000000e+11
1.254000000000000000e+03 0.000000000000000000e+00 1.375000200000000000e+11
1.254200000000000045e+03 0.000000000000000000e+00 1.375000300000000000e+11
1.254400000000000091e+03 4.000000000000000000e+00 1.375000200000000000e+11
1.254600000000000136e+03 4.000000000000000000e+00 1.375000200000000000e+11
1.254800000000000182e+03 4.000000000000000000e+00 1.375000300000000000e+11
1.255000000000000000e+03 4.000000000000000000e+00 1.375000300000000000e+11
1.255200000000000045e+03 5.656854249492380582e+00 1.375000200000000000e+11
1.255400000000000091e+03 5.656854249492380582e+00 1.375000200000000000e+11
1.255600000000000136e+03 5.656854249492380582e+00 1.375000200000000000e+11
1.255800000000000182e+03 4.000000000000000000e+00 1.375000200000000000e+11
1.256000000000000000e+03 4.000000000000000000e+00 0.000000000000000000e+00
1.256200000000000045e+03 4.000000000000000000e+00 0.000000000000000000e+00
1.256400000000000091e+03 4.000000000000000000e+00 0.000000000000000000e+00
1.256600000000000136e+03 0.000000000000000000e+00 0.000000000000000000e+00
1.256800000000000182e+03 0.000000000000000000e+00 0.000000000000000000e+00
1.257000000000000000e+03 0.000000000000000000e+00 0.000000000000000000e+00
1.257200000000000045e+03 4.000000000000000000e+00 0.000000000000000000e+00
1.257400000000000091e+03 4.000000000000000000e+00 0.000000000000000000e+00
1.257600000000000136e+03 4.000000000000000000e+00 0.000000000000000000e+00
1.257800000000000182e+03 5.656854249492380582e+00 0.000000000000000000e+00
1.258000000000000000e+03 5.656854249492380582e+00 0.000000000000000000e+00
1.258200000000000045e+03 5.656854249492380582e+00 0.000000000000000000e+00
1.258400000000000091e+03 5.656854249492380582e+00 0.000000000000000000e+00
1.258600000000000136e+03 4.000000000000000000e+00 0.000000000000000000e+00
1.258800000000000182e+03 4.000000000000000000e+00 0.000000000000000000e+00
1.259000000000000000e+03 4.000000000000000000e+00 0.000000000000000000e+00
1.259200000000000045e+03 0.000000000000000000e+00 0.000000000000000000e+00
1.259400000000000091e+03 0.000000000000000000e+00 0.000000000000000000e+00
1.259600000000000136e+03 0.000000000000000000e+00 0.000000000000000000e+00
1.259800000000000182e+03 4.000000000000000000e+00 0.000000000000000000e+00
1.260000000000000000e+03 4.000000000000000000e+00 1.375000300000000000e+11
1.260200000000000045e+03 4.000000000000000000e+00 1.375000200000000000e+11
1.260400000000000091e+03 4.000000000000000000e+00 1.375000200000000000e+11
1.260600000000000136e+03 5.656854249492380582e+00 1.375000200000000000e+11
1.260800000000000182e+03 5.656854249492380582e+00 1.375000200000000000e+11
1.261000000000000000e+03 5.656854249492380582e+00 1.375000200000000000e+11
1.261200000000000045e+03 4.000000000000000000e+00 1.375000300000000000e+11
1.261400000000000091e+03 4.000000000000000000e+00 1.375000300000000000e+11
1.261600000000000136e+03 4.000000000000000000e+00 1.375000200000000000e+11
1.261800000000000182e+03 4.000000000000000000e+00 1.375000200000000000e+11
1.262000000000000000e+03 0.000000000000000000e+00 1.375000200000000000e+11
1.262200000000000045e+03 0.000000000000000000e+00 1.375000300000000000e+11
1.262400000000000091e+03 0.000000000000000000e+00 1.375000200000000000e+11
1.262600000000000136e+03 4.000000000000000000e+00 1.375000300000000000e+11
1.262800000000000182e+03 4.000000000000000000e+00 1.375000200000000000e+11
1.263000000000000000e+03 4.000000000000000000e+00 1.375000200000000000e+11
1.263200000000000045e+03 5.656854249492380582e+00 1.375000200000000000e+11
1.263400000000000091e+03 5.656854249492380582e+00 1.375000300000000000e+11
1.263600000000000136e+03 5.656854249492380582e+00 1.375000200000000000e+11
1.263800000000000182e+03 5.656854249492380582e+00 1.375000300000000000e+11
1.264000000000000000e+03 4.000000000000000000e+00 0.000000000000000000e+00
1.264200000000000045e+03 4.000000000000000000e+00 0.000000000000000000e+00
1.264400000000000091e+03 4.000000000000000000e+00 0.000000000000000000e+00
1.264600000000000136e+03 0.000000000000000000e+00 0.000000000000000000e+00
1.264800000000000182e+03 0.000000000000000000e+00 0.000000000000000000e+00
1.265000000000000000e+03 0.000000000000000000e+00 0.000000000000000000e+00
1.265200000000000045e+03 0.000000000000000000e+00 0.000000000000000000e+00
1.265400000000000091e+03 4.000000000000000000e+00 0.000000000000000000e+00
1.265600000000000136e+03 4.000000000000000000e+00 0.000000000000000000e+00
1.265800000000000182e+03 4.000000000000000000e+00 0.000000000000000000e+00
1.266000000000000000e+03 5.656854249492380582e+00 0.000000000000000000e+00
1.266200000000000045e+03 5.656854249492380582e+00 0.000000000000000000e+00
1.266400000000000091e+03 5.656854249492380582e+00 0.000000000000000000e+00
1.266600000000000136e+03 4.000000000000000000e+00 0.000000000000000000e+00
1.266800000000000182e+03 4.000000000000000000e+00 0.000000000000000000e+00
1.267000000000000000e+03 4.000000000000000000e+00 0.000000000000000000e+00
1.267200000000000045e+03 4.000000000000000000e+00 0.000000000000000000e+00
1.267400000000000091e+03 0.000000000000000000e+00 0.000000000000000000e+00
1.267600000000000136e+03 0.000000000000000000e+00 0.000000000000000000e+00
1.267800000000000182e+03 0.000000000000000000e+00 0.000000000000000000e+00
1.268000000000000000e+03 4.000000000000000000e+00 1.375000200000000000e+11
1.268200000000000045e+03 4.000000000000000000e+00 1.375000300000000000e+11
1.268400000000000091e+03 4.000000000000000000e+00 1.375000200000000000e+11
1.268600000000000136e+03 4.000000000000000000e+00 1.375000200000000000e+11
1.268800000000000182e+03 5.656854249492380582e+00 1.375000200000000000e+11
1.269000000000000000e+03 5.656854249492380582e+00 1.375000200000000000e+11
1.269200000000000045e+03 5.656854249492380582e+00 1.375000200000000000e+11
1.269400000000000091e+03 4.000000000000000000e+00 1.375000300000000000e+11
1.269600000000000136e+03 4.000000000000000000e+00 1.375000200000000000e+11
1.269800000000000182e+03 4.000000000000000000e+00 1.375000200000000000e+11
1.270000000000000000e+03 0.000000000000000000e+00 1.375000200000000000e+11
1.270200000000000045e+03 0.000000000000000000e+00 1.375000300000000000e+11
1.270400000000000091e+03 0.000000000000000000e+00 1.375000200000000000e+11
1.270600000000000136e+03 0.000000000000000000e+00 1.375000200000000000e+11
1.270800000000000182e+03 4.000000000000000000e+00 1.375000200000000000e+11
1.271000000000000000e+03 4.000000000000000000e+00 1.375000300000000000e+11
1.271200000000000045e+03 4.000000000000000000e+00 1.375000300000000000e+11
1.271400000000000091e+03 5.656854249492380582e+00 1.375000200000000000e+11
1.271600000000000136e+03 5.656854249492380582e+00 1.375000300000000000e+11
1.271800000000000182e+03 5.656854249492380582e+00 1.375000300000000000e+11
1.272000000000000000e+03 5.656854249492380582e+00 0.000000000000000000e+00
1.272200000000000045e+03 4.000000000000000000e+00 0.000000000000000000e+00
1.272400000000000091e+03 4.000000000000000000e+00 0.000000000000000000e+00
1.272600000000000136e+03 4.000000000000000000e+00 0.000000000000000000e+00
1.272800000000000182e+03 0.000000000000000000e+00 0.000000000000000000e+00
1.273000000000000000e+03 0.000000000000000000e+00 0.000000000000000000e+00
1.273200000000000045e+03 0.000000000000000000e+00 0.000000000000000000e+00
1.273400000000000091e+03 4.000000000000000000e+00 0.000000000000000000e+00
1.273600000000000136e+03 4.000000000000000000e+00 0.000000000000000000e+00
1.273800000000000182e+03 4.000000000000000000e+00 0.000000000000000000e+00
1.274000000000000000e+03 4.000000000000000000e+00 0.000000000000000000e+00
1.274200000000000045e+03 5.656854249492380582e+00 0.000000000000000000e+00
1.274400000000000091e+03 5.656854249492380582e+00 0.000000000000000000e+00
1.274600000000000136e+03 5.656854249492380582e+00 0.000000000000000000e+00
1.274800000000000182e+03 4.000000000000000000e+00 0.000000000000000000e+00
1.275000000000000000e+03 4.000000000000000000e+00 0.000000000000000000e+00
1.275200000000000045e+03 4.000000000000000000e+00 0.000000000000000000e+00
1.275400000000000091e+03 4.000000000000000000e+00 0.000000000000000000e+00
1.275600000000000136e+03 0.000000000000000000e+00 0.000000000000000000e+00
1.275800000000000182e+03 0.000000000000000000e+00 0.000000000000000000e+00
1.276000000000000000e+03 0.000000000000000000e+00 1.375000300000000000e+11
1.276200000000000045e+03 4.000000000000000000e+00 1.375000200000000000e+11
1.276400000000000091e+03 4.000000000000000000e+00 1.375000200000000000e+11
1.276600000000000136e+03 4.000000000000000000e+00 1.375000300000000000e+11
1.276800000000000182e+03 5.656854249492380582e+00 1.375000200000000000e+11
1.277000000000000000e+03 5.656854249492380582e+00 1.375000200000000000e+11
1.277200000000000045e+03 5.656854249492380582e+00 1.375000300000000000e+11
1.277400000000000091e+03 5.656854249492380582e+00 1.375000200000000000e+11
1.277600000000000136e+03 4.000000000000000000e+00 1.375000300000000000e+11
1.277800000000000182e+03 4.000000000000000000e+00 1.375000300000000000e+11
1.278000000000000000e+03 4.000000000000000000e+00 1.375000200000000000e+11
1.278200000000000045e+03 0.000000000000000000e+00 1.375000200000000000e+11
1.278400000000000091e+03 0.000000000000000000e+00 1.375000200000000000e+11
1.278600000000000136e+03 0.000000000000000000e+00 1.375000300000000000e+11
1.278800000000000182e+03 0.000000000000000000e+00 1.375000200000000000e+11
1.279000000000000000e+03 4.000000000000000000e+00 1.375000200000000000e+11
1.279200000000000045e+03 4.000000000000000000e+00 1.375000300000000000e+11
1.279400000000000091e+03 4.000000000000000000e+00 1.375000200000000000e+11
1.279600000000000136e+03 5.656854249492380582e+00 1.375000200000000000e+11
1.279800000000000182e+03 5.656854249492380582e+00 1.375000200000000000e+11
1.280000000000000000e+03 5.656854249492380582e+00 0.000000000000000000e+00
1.280200000000000045e+03 4.000000000000000000e+00 0.000000000000000000e+00
1.280400000000000091e+03 4.000000000000000000e+00 0.000000000000000000e+00
1.280600000000000136e+03 4.000000000000000000e+00 0.000000000000000000e+00
1.280800000000000182e+03 4.000000000000000000e+00 0.000000000000000000e+00
1.281000000000000000e+03 0.000000000000000000e+00 0.000000000000000000e+00
1.281200000000000045e+03 0.000000000000000000e+00 0.000000000000000000e+00
1.281400000000000091e+03 0.000000000000000000e+00 0.000000000000000000e+00
1.281600000000000136e+03 4.000000000000000000e+00 0.000000000000000000e+00
1.281800000000000182e+03 4.000000000000000000e+00 0.000000000000000000e+00
1.282000000000000000e+03 4.000000000000000000e+00 0.000000000000000000e+00
1.282200000000000045e+03 5.656854249492380582e+00 0.000000000000000000e+00
1.282400000000000091e+03 5.656854249492380582e+00 0.000000000000000000e+00
1.282600000000000136e+03 5.656854249492380582e+00 0.000000000000000000e+00
1.282800000000000182e+03 5.656854249492380582e+00 0.000000000000000000e+00
1.283000000000000000e+03 4.000000000000000000e+00 0.000000000000000000e+00
1.283200000000000045e+03 4.000000000000000000e+00 0.000000000000000000e+00
1.283400000000000091e+03 4.000000000000000000e+00 0.000000000000000000e+00
1.283600000000000136e+03 0.000000000000000000e+00 0.000000000000000000e+00
1.283800000000000182e+03 0.000000000000000000e+00 0.000000000000000000e+00
1.284000000000000000e+03 0.000000000000000000e+00 1.375000200000000000e+11
1.284200000000000045e+03 0.000000000000000000e+00 1.375000200000000000e+11
1.284400000000000091e+03 4.000000000000000000e+00 1.375000200000000000e+11
1.284600000000000136e+03 4.000000000000000000e+00 1.375000200000000000e+11
1.284800000000000182e+03 4.000000000000000000e+00 1.375000300000000000e+11
1.285000000000000000e+03 5.656854249492380582e+00 1.375000300000000000e+11
1.285200000000000045e+03 5.656854249492380582e+00 1.375000200000000000e+11
1.285400000000000091e+03 5.656854249492380582e+00 1.375000200000000000e+11
1.285600000000000136e+03 4.000000000000000000e+00 1.375000300000000000e+11
1.285800000000000182e+03 4.000000000000000000e+00 1.375000300000000000e+11
1.286000000000000000e+03 4.000000000000000000e+00 1.375000300000000000e+11
1.286200000000000045e+03 4.000000000000000000e+00 1.375000300000000000e+11
1.286400000000000091e+03 0.000000000000000000e+00 1.375000200000000000e+11
1.286600000000000136e+03 0.000000000000000000e+00 1.375000200000000000e+11
1.286800000000000182e+03 0.000000000000000000e+00 1.375000300000000000e+11
1.287000000000000000e+03 4.000000000000000000e+00 1.375000300000000000e+11
1.287200000000000045e+03 4.000000000000000000e+00 1.375000200000000000e+11
1.287400000000000091e+03 4.000000000000000000e+00 1.375000300000000000e+11
1.287600000000000136e+03 4.000000000000000000e+00 1.375000200000000000e+11
1.287800000000000182e+03 5.656854249492380582e+00 1.375000200000000000e+11
1.288000000000000000e+03 5.656854249492380582e+00 0.000000000000000000e+00
1.288200000000000045e+03 5.656854249492380582e+00 0.000000000000000000e+00
1.288400000000000091e+03 4.000000000000000000e+00 0.000000000000000000e+00
1.288600000000000136e+03 4.000000000000000000e+00 0.000000000000000000e+00
1.288800000000000182e+03 4.000000000000000000e+00 0.000000000000000000e+00
1.289000000000000000e+03 0.000000000000000000e+00 0.000000000000000000e+00
1.289200000000000045e+03 0.000000000000000000e+00 0.000000000000000000e+00
1.289400000000000091e+03 0.000000000000000000e+00 0.000000000000000000e+00
1.289600000000000136e+03 0.000000000000000000e+00 0.000000000000000000e+00
1.289800000000000182e+03 4.000000000000000000e+00 0.000000000000000000e+00
1.290000000000000000e+03 4.000000000000000000e+00 0.000000000000000000e+00
1.290200000000000045e+03 4.000000000000000000e+00 0.000000000000000000e+00
1.290400000000000091e+03 5.656854249492380582e+00 0.000000000000000000e+00
1.290600000000000136e+03 5.656854249492380582e+00 0.000000000000000000e+00
1.290800000000000182e+03 5.656854249492380582e+00 0.000000000000000000e+00
1.291000000000000000e+03 5.656854249492380582e+00 0.000000000000000000e+00
1.291200000000000045e+03 4.000000000000000000e+00 0.000000000000000000e+00
1.291400000000000091e+03 4.000000000000000000e+00 0.000000000000000000e+00
1.291600000000000136e+03 4.000000000000000000e+00 0.000000000000000000e+00
1.291800000000000182e+03 0.000000000000000000e+00 0.000000000000000000e+00
1.292000000000000000e+03 0.000000000000000000e+00 1.375000200000000000e+11
1.292200000000000045e+03 0.000000000000000000e+00 1.375000200000000000e+11
1.292400000000000091e+03 4.000000000000000000e+00 1.375000200000000000e+11
1.292600000000000136e+03 4.000000000000000000e+00 1.375000200000000000e+11
1.292800000000000182e+03 4.000000000000000000e+00 1.375000200000000000e+11
1.293000000000000000e+03 4.000000000000000000e+00 1.375000300000000000e+11
1.293200000000000045e+03 5.656854249492380582e+00 1.375000300000000000e+11
1.293400000000000091e+03 5.656854249492380582e+00 1.375000200000000000e+11
1.293600000000000136e+03 5.656854249492380582e+00 1.375000300000000000e+11
1.293800000000000182e+03 4.000000000000000000e+00 1.375000300000000000e+11
1.294000000000000000e+03 4.000000000000000000e+00 1.375000200000000000e+11
1.294200000000000045e+03 4.000000000000000000e+00 1.375000200000000000e+11
1.294400000000000091e+03 4.000000000000000000e+00 1.375000300000000000e+11
1.294600000000000136e+03 0.000000000000000000e+00 1.375000200000000000e+11
1.294800000000000182e+03 0.000000000000000000e+00 1.375000300000000000e+11
1.295000000000000000e+03 0.000000000000000000e+00 1.375000300000000000e+11
1.295200000000000045e+03 4.000000000000000000e+00 1.375000200000000000e+11
1.295400000000000091e+03 4.000000000000000000e+00 1.375000300000000000e+11
1.295600000000000136e+03 4.000000000000000000e+00 1.375000200000000000e+11
1.295800000000000182e+03 4.000000000000000000e+00 1.375000300000000000e+11
1.296000000000000000e+03 5.656854249492380582e+00 0.000000000000000000e+00
1.296200000000000045e+03 5.656854249492380582e+00 0.000000000000000000e+00
1.296400000000000091e+03 5.656854249492380582e+00 0.000000000000000000e+00
1.296600000000000136e+03 4.000000000000000000e+00 0.000000000000000000e+00
1.296800000000000182e+03 4.000000000000000000e+00 0.000000000000000000e+00
1.297000000000000000e+03 4.000000000000000000e+00 0.000000000000000000e+00
1.297200000000000045e+03 4.000000000000000000e+00 0.000000000000000000e+00
1.297400000000000091e+03 0.000000000000000000e+00 0.000000000000000000e+00
1.297600000000000136e+03 0.000000000000000000e+00 0.000000000000000000e+00
1.297800000000000182e+03 0.000000000000000000e+00 0.000000000000000000e+00
1.298000000000000000e+03 4.000000000000000000e+00 0.000000000000000000e+00
1.298200000000000045e+03 4.000000000000000000e+00 0.000000000000000000e+00
1.298400000000000091e+03 4.000000000000000000e+00 0.000000000000000000e+00
1.298600000000000136e+03 4.000000000000000000e+00 0.000000000000000000e+00
1.298800000000000182e+03 5.656854249492380582e+00 0.000000000000000000e+00
1.299000000000000000e+03 5.656854249492380582e+00 0.000000000000000000e+00
1.299200000000000045e+03 5.656854249492380582e+00 0.000000000000000000e+00
1.299400000000000091e+03 4.000000000000000000e+00 0.000000000000000000e+00
1.299600000000000136e+03 4.000000000000000000e+00 0.000000000000000000e+00
1.299800000000000182e+03 4.000000000000000000e+00 0.000000000000000000e+00
1.300000000000000000e+03 4.000000000000000000e+00 1.375000300000000000e+11
1.300200000000000045e+03 0.000000000000000000e+00 1.375000300000000000e+11
1.300400000000000091e+03 0.000000000000000000e+00 1.375000200000000000e+11
1.300600000000000136e+03 0.000000000000000000e+00 1.375000300000000000e+11
1.300800000000000182e+03 4.000000000000000000e+00 1.375000200000000000e+11
1.301000000000000000e+03 4.000000000000000000e+00 1.375000200000000000e+11
1.301200000000000045e+03 4.000000000000000000e+00 1.375000200000000000e+11
1.301400000000000091e+03 4.000000000000000000e+00 1.375000200000000000e+11
1.301600000000000136e+03 5.656854249492380582e+00 1.375000200000000000e+11
1.301800000000000182e+03 5.656854249492380582e+00 1.375000200000000000e+11
1.302000000000000000e+03 5.656854249492380582e+00 1.375000200000000000e+11
1.302200000000000045e+03 4.000000000000000000e+00 1.375000200000000000e+11
1.302400000000000091e+03 4.000000000000000000e+00 1.375000200000000000e+11
1.302600000000000136e+03 4.000000000000000000e+00 1.375000200000000000e+11
1.302800000000000182e+03 4.000000000000000000e+00 1.375000300000000000e+11
1.303000000000000000e+03 0.000000000000000000e+00 1.375000200000000000e+11
1.303200000000000045e+03 0.000000000000000000e+00 1.375000200000000000e+11
1.303400000000000091e+03 0.000000000000000000e+00 1.375000200000000000e+11
1.303600000000000136e+03 0.000000000000000000e+00 1.375000200000000000e+11
1.303800000000000182e+03 4.000000000000000000e+00 1.375000300000000000e+11
1.304000000000000000e+03 4.000000000000000000e+00 0.000000000000000000e+00
1.304200000000000045e+03 4.000000000000000000e+00 0.000000000000000000e+00
1.304400000000000091e+03 5.656854249492380582e+00 0.000000000000000000e+00
1.304600000000000136e+03 5.656854249492380582e+00 0.000000000000000000e+00
1.304800000000000182e+03 5.656854249492380582e+00 0.000000000000000000e+00
1.305000000000000000e+03 5.656854249492380582e+00 0.000000000000000000e+00
1.305200000000000045e+03 4.000000000000000000e+00 0.000000000000000000e+00
1.305400000000000091e+03 4.000000000000000000e+00 0.000000000000000000e+00
1.305600000000000136e+03 4.000000000000000000e+00 0.000000000000000000e+00
1.305800000000000182e+03 4.000000000000000000e+00 0.000000000000000000e+00
1.306000000000000000e+03 0.000000000000000000e+00 0.000000000000000000e+00
1.306200000000000045e+03 0.000000000000000000e+00 0.000000000000000000e+00
1.306400000000000091e+03 0.000000000000000000e+00 0.000000000000000000e+00
1.306600000000000136e+03 0.000000000000000000e+00 0.000000000000000000e+00
1.306800000000000182e+03 4.000000000000000000e+00 0.000000000000000000e+00
1.307000000000000000e+03 4.000000000000000000e+00 0.000000000000000000e+00
1.307200000000000045e+03 4.000000000000000000e+00 0.000000000000000000e+00
1.307400000000000091e+03 4.000000000000000000e+00 0.000000000000000000e+00
1.307600000000000136e+03 5.656854249492380582e+00 0.000000000000000000e+00
1.307800000000000182e+03 5.656854249492380582e+00 0.000000000000000000e+00
1.308000000000000000e+03 5.656854249492380582e+00 1.375000200000000000e+11
1.308200000000000045e+03 4.000000000000000000e+00 1.375000300000000000e+11
1.308400000000000091e+03 4.000000000000000000e+00 1.375000200000000000e+11
1.308600000000000136e+03 4.000000000000000000e+00 1.375000200000000000e+11
1.308800000000000182e+03 4.000000000000000000e+00 1.375000200000000000e+11
1.309000000000000000e+03 0.000000000000000000e+00 1.375000200000000000e+11
1.309200000000000045e+03 0.000000000000000000e+00 1.375000200000000000e+11
1.309400000000000091e+03 0.000000000000000000e+00 1.375000200000000000e+11
1.309600000000000136e+03 0.000000000000000000e+00 1.375000200000000000e+11
1.309800000000000182e+03 4.000000000000000000e+00 1.375000200000000000e+11
1.310000000000000000e+03 4.000000000000000000e+00 1.375000200000000000e+11
1.310200000000000045e+03 4.000000000000000000e+00 1.375000200000000000e+11
1.310400000000000091e+03 8.000000000000000000e+00 1.375000200000000000e+11
1.310600000000000136e+03 8.944271909999159220e+00 1.375000300000000000e+11
1.310800000000000182e+03 8.944271909999159220e+00 1.375000200000000000e+11
1.311000000000000000e+03 8.944271909999159220e+00 1.375000300000000000e+11
1.311200000000000045e+03 8.944271909999159220e+00 1.375000200000000000e+11
1.311400000000000091e+03 8.000000000000000000e+00 1.375000300000000000e+11
1.311600000000000136e+03 8.000000000000000000e+00 1.375000200000000000e+11
1.311800000000000182e+03 5.656854249492380582e+00 1.375000300000000000e+11
1.312000000000000000e+03 5.656854249492380582e+00 0.000000000000000000e+00
1.312200000000000045e+03 4.000000000000000000e+00 0.000000000000000000e+00
1.312400000000000091e+03 5.656854249492380582e+00 0.000000000000000000e+00
1.312600000000000136e+03 4.000000000000000000e+00 0.000000000000000000e+00
1.312800000000000182e+03 4.000000000000000000e+00 0.000000000000000000e+00
1.313000000000000000e+03 5.656854249492380582e+00 0.000000000000000000e+00
1.313200000000000045e+03 8.944271909999159220e+00 0.000000000000000000e+00
1.313400000000000091e+03 8.000000000000000000e+00 0.000000000000000000e+00
1.313600000000000136e+03 8.944271909999159220e+00 0.000000000000000000e+00
1.313800000000000182e+03 8.944271909999159220e+00 0.000000000000000000e+00
1.314000000000000000e+03 1.131370849898476116e+01 0.000000000000000000e+00
1.314200000000000045e+03 8.944271909999159220e+00 0.000000000000000000e+00
1.314400000000000091e+03 8.000000000000000000e+00 0.000000000000000000e+00
1.314600000000000136e+03 8.000000000000000000e+00 0.000000000000000000e+00
1.314800000000000182e+03 5.656854249492380582e+00 0.000000000000000000e+00
1.315000000000000000e+03 5.656854249492380582e+00 0.000000000000000000e+00
1.315200000000000045e+03 4.000000000000000000e+00 0.000000000000000000e+00
1.315400000000000091e+03 4.000000000000000000e+00 0.000000000000000000e+00
1.315600000000000136e+03 4.000000000000000000e+00 0.000000000000000000e+00
1.315800000000000182e+03 4.000000000000000000e+00 0.000000000000000000e+00
1.316000000000000000e+03 5.656854249492380582e+00 1.375000200000000000e+11
1.316200000000000045e+03 8.944271909999159220e+00 1.375000300000000000e+11
1.316400000000000091e+03 8.000000000000000000e+00 1.375000200000000000e+11
1.316600000000000136e+03 8.000000000000000000e+00 1.375000200000000000e+11
1.316800000000000182e+03 8.944271909999159220e+00 1.375000200000000000e+11
1.317000000000000000e+03 1.131370849898476116e+01 1.375000200000000000e+11
1.317200000000000045e+03 1.264911064067351809e+01 1.375000200000000000e+11
1.317400000000000091e+03 1.200000000000000000e+01 1.375000200000000000e+11
1.317600000000000136e+03 1.200000000000000000e+01 1.375000200000000000e+11
1.317800000000000182e+03 8.944271909999159220e+00 1.375000300000000000e+11
1.318000000000000000e+03 8.944271909999159220e+00 1.375000300000000000e+11
1.318200000000000045e+03 8.000000000000000000e+00 1.375000200000000000e+11
1.318400000000000091e+03 8.944271909999159220e+00 1.375000200000000000e+11
1.318600000000000136e+03 1.131370849898476116e+01 1.375000200000000000e+11
1.318800000000000182e+03 1.200000000000000000e+01 1.375000300000000000e+11
1.319000000000000000e+03 1.264911064067351809e+01 1.375000200000000000e+11
1.319200000000000045e+03 1.697056274847713908e+01 1.375000200000000000e+11
1.319400000000000091e+03 1.788854381999831844e+01 1.375000200000000000e+11
1.319600000000000136e+03 2.000000000000000000e+01 1.375000200000000000e+11
1.319800000000000182e+03 2.039607805437113797e+01 1.375000200000000000e+11
1.320000000000000000e+03 2.000000000000000000e+01 0.000000000000000000e+00
1.320200000000000045e+03 2.332380757938120297e+01 0.000000000000000000e+00
1.320400000000000091e+03 2.039607805437113797e+01 0.000000000000000000e+00
1.320600000000000136e+03 2.039607805437113797e+01 0.000000000000000000e+00
1.320800000000000182e+03 2.000000000000000000e+01 0.000000000000000000e+00
1.321000000000000000e+03 2.000000000000000000e+01 0.000000000000000000e+00
1.321200000000000045e+03 1.649242250247064234e+01 0.000000000000000000e+00
1.321400000000000091e+03 1.649242250247064234e+01 0.000000000000000000e+00
1.321600000000000136e+03 1.697056274847713908e+01 0.000000000000000000e+00
1.321800000000000182e+03 1.649242250247064234e+01 0.000000000000000000e+00
1.322000000000000000e+03 1.649242250247064234e+01 0.000000000000000000e+00
1.322200000000000045e+03 1.788854381999831844e+01 0.000000000000000000e+00
1.322400000000000091e+03 1.788854381999831844e+01 0.000000000000000000e+00
1.322600000000000136e+03 2.039607805437113797e+01 0.000000000000000000e+00
1.322800000000000182e+03 2.039607805437113797e+01 0.000000000000000000e+00
1.323000000000000000e+03 2.000000000000000000e+01 0.000000000000000000e+00
1.323200000000000045e+03 2.000000000000000000e+01 0.000000000000000000e+00
1.323400000000000091e+03 2.039607805437113797e+01 0.000000000000000000e+00
1.323600000000000136e+03 2.000000000000000000e+01 0.000000000000000000e+00
1.323800000000000182e+03 1.788854381999831844e+01 0.000000000000000000e+00
1.324000000000000000e+03 1.697056274847713908e+01 1.375000300000000000e+11
1.324200000000000045e+03 1.649242250247064234e+01 1.375000300000000000e+11
1.324400000000000091e+03 1.649242250247064234e+01 1.375000200000000000e+11
1.324600000000000136e+03 1.697056274847713908e+01 1.375000300000000000e+11
1.324800000000000182e+03 1.788854381999831844e+01 1.375000200000000000e+11
1.325000000000000000e+03 2.000000000000000000e+01 1.375000300000000000e+11
1.325200000000000045e+03 2.332380757938120297e+01 1.375000300000000000e+11
1.325400000000000091e+03 2.561249694973139412e+01 1.375000200000000000e+11
1.325600000000000136e+03 2.912043955712207222e+01 1.375000300000000000e+11
1.325800000000000182e+03 3.224903099319419653e+01 1.375000200000000000e+11
1.326000000000000000e+03 3.224903099319419653e+01 1.375000200000000000e+11
1.326200000000000045e+03 3.394112549695427816e+01 1.375000200000000000e+11
1.326400000000000091e+03 3.417601498127012150e+01 1.375000200000000000e+11
1.326600000000000136e+03 3.600000000000000000e+01 1.375000300000000000e+11
1.326800000000000182e+03 3.939543120718441571e+01 1.375000200000000000e+11
1.327000000000000000e+03 3.959797974644666141e+01 1.375000300000000000e+11
1.327200000000000045e+03 4.176122603564220270e+01 1.375000200000000000e+11
1.327400000000000091e+03 4.418144406874904462e+01 1.375000300000000000e+11
1.327600000000000136e+03 4.326661530556787483e+01 1.375000300000000000e+11
1.327800000000000182e+03 4.664761515876240594e+01 1.375000200000000000e+11
1.328000000000000000e+03 5.261178575186362139e+01 0.000000000000000000e+00
1.328200000000000045e+03 5.059644256269407236e+01 0.000000000000000000e+00
1.328400000000000091e+03 5.381449618829483938e+01 0.000000000000000000e+00
1.328600000000000136e+03 5.200000000000000000e+01 0.000000000000000000e+00
1.328800000000000182e+03 5.200000000000000000e+01 0.000000000000000000e+00
1.329000000000000000e+03 5.571355310873647682e+01 0.000000000000000000e+00
1.329200000000000045e+03 5.381449618829483938e+01 0.000000000000000000e+00
1.329400000000000091e+03 5.200000000000000000e+01 0.000000000000000000e+00
1.329600000000000136e+03 5.200000000000000000e+01 0.000000000000000000e+00
1.329800000000000182e+03 5.200000000000000000e+01 0.000000000000000000e+00
1.330000000000000000e+03 4.816637831516918311e+01 0.000000000000000000e+00
1.330200000000000045e+03 4.681879964287850271e+01 0.000000000000000000e+00
1.330400000000000091e+03 4.816637831516918311e+01 0.000000000000000000e+00
1.330600000000000136e+03 4.664761515876240594e+01 0.000000000000000000e+00
1.330800000000000182e+03 4.326661530556787483e+01 0.000000000000000000e+00
1.331000000000000000e+03 4.472135954999579610e+01 0.000000000000000000e+00
1.331200000000000045e+03 4.560701700396551672e+01 0.000000000000000000e+00
1.331400000000000091e+03 4.560701700396551672e+01 0.000000000000000000e+00
1.331600000000000136e+03 4.833218389437828932e+01 0.000000000000000000e+00
1.331800000000000182e+03 4.816637831516918311e+01 0.000000000000000000e+00
1.332000000000000000e+03 4.681879964287850271e+01 1.375000200000000000e+11
1.332200000000000045e+03 5.381449618829483938e+01 1.375000200000000000e+11
1.332400000000000091e+03 5.366563145999495532e+01 1.375000200000000000e+11
1.332600000000000136e+03 5.614267539047279598e+01 1.375000200000000000e+11
1.332800000000000182e+03 5.946427498927402411e+01 1.375000200000000000e+11
1.333000000000000000e+03 6.222539674441618018e+01 1.375000200000000000e+11
1.333200000000000045e+03 6.462197768561404132e+01 1.375000200000000000e+11
1.333400000000000091e+03 6.412487816752559411e+01 1.375000200000000000e+11
1.333600000000000136e+03 6.800000000000000000e+01 1.375000300000000000e+11
1.333800000000000182e+03 7.440430095095310037e+01 1.375000300000000000e+11
1.334000000000000000e+03 7.766595135579039777e+01 1.375000200000000000e+11
1.334200000000000045e+03 8.246211251235321527e+01 1.375000300000000000e+11
1.334400000000000091e+03 9.121403400793103344e+01 1.375000300000000000e+11
1.334600000000000136e+03 9.482615672903757797e+01 1.375000200000000000e+11
1.334800000000000182e+03 1.043072384832423865e+02 1.375000200000000000e+11
1.335000000000000000e+03 1.114271062174729536e+02 1.375000300000000000e+11
1.335200000000000045e+03 1.160000000000000000e+02 1.375000200000000000e+11
1.335400000000000091e+03 1.203328716519305885e+02 1.375000200000000000e+11
1.335600000000000136e+03 1.282497563350511882e+02 1.375000200000000000e+11
1.335800000000000182e+03 1.324839612934335662e+02 1.375000200000000000e+11
1.336000000000000000e+03 1.376372042726820268e+02 0.000000000000000000e+00
1.336200000000000045e+03 1.335065541462290923e+02 0.000000000000000000e+00
1.336400000000000091e+03 1.341044369139216883e+02 0.000000000000000000e+00
1.336600000000000136e+03 1.329661611087572908e+02 0.000000000000000000e+00
1.336800000000000182e+03 1.315750736271882033e+02 0.000000000000000000e+00
1.337000000000000000e+03 1.285612694399055727e+02 0.000000000000000000e+00
1.337200000000000045e+03 1.310267148332735871e+02 0.000000000000000000e+00
1.337400000000000091e+03 1.276244490683505290e+02 0.000000000000000000e+00
1.337600000000000136e+03 1.289961239727767861e+02 0.000000000000000000e+00
1.337800000000000182e+03 1.302919797992186375e+02 0.000000000000000000e+00
1.338000000000000000e+03 1.273106437027163906e+02 0.000000000000000000e+00
1.338200000000000045e+03 1.255388386118017223e+02 0.000000000000000000e+00
1.338400000000000091e+03 1.242577965360725329e+02 0.000000000000000000e+00
1.338600000000000136e+03 1.216552506059643974e+02 0.000000000000000000e+00
1.338800000000000182e+03 1.200000000000000000e+02 0.000000000000000000e+00
1.339000000000000000e+03 1.184567431596867806e+02 0.000000000000000000e+00
1.339200000000000045e+03 1.154469575172944928e+02 0.000000000000000000e+00
1.339400000000000091e+03 1.162755348299890699e+02 0.000000000000000000e+00
1.339600000000000136e+03 1.129247537079448307e+02 0.000000000000000000e+00
1.339800000000000182e+03 1.120714058089752001e+02 0.000000000000000000e+00
1.340000000000000000e+03 1.127120224288429711e+02 1.375000200000000000e+11
1.340200000000000045e+03 1.200000000000000000e+02 1.375000200000000000e+11
1.340400000000000091e+03 1.271219886565656338e+02 1.375000300000000000e+11
1.340600000000000136e+03 1.349370223474639943e+02 1.375000200000000000e+11
1.340800000000000182e+03 1.424359505181188581e+02 1.375000200000000000e+11
1.341000000000000000e+03 1.520526224699856925e+02 1.375000300000000000e+11
1.341200000000000045e+03 1.560512736250492765e+02 1.375000200000000000e+11
1.341400000000000091e+03 1.429405470816450929e+02 1.375000200000000000e+11
1.341600000000000136e+03 1.329661611087572908e+02 1.375000200000000000e+11
1.341800000000000182e+03 1.242577965360725329e+02 1.375000300000000000e+11
1.342000000000000000e+03 1.153776408148476520e+02 1.375000200000000000e+11
1.342200000000000045e+03 1.059056183589898126e+02 1.375000200000000000e+11
1.342400000000000091e+03 9.895453501482384695e+01 1.375000300000000000e+11
1.342600000000000136e+03 9.121403400793103344e+01 1.375000200000000000e+11
1.342800000000000182e+03 8.588364221433555201e+01 1.375000300000000000e+11
1.343000000000000000e+03 7.610519036176178531e+01 1.375000300000000000e+11
1.343200000000000045e+03 6.835202996254024299e+01 1.375000200000000000e+11
1.343400000000000091e+03 6.511528238439882443e+01 1.375000200000000000e+11
1.343600000000000136e+03 5.946427498927402411e+01 1.375000300000000000e+11
1.343800000000000182e+03 5.614267539047279598e+01 1.375000200000000000e+11
1.344000000000000000e+03 5.556977595779921586e+01 0.000000000000000000e+00
1.344200000000000045e+03 5.440588203494177577e+01 0.000000000000000000e+00
1.344400000000000091e+03 5.336665625650533684e+01 0.000000000000000000e+00
1.344600000000000136e+03 5.727128425310541360e+01 0.000000000000000000e+00
1.344800000000000182e+03 5.768882040742382600e+01 0.000000000000000000e+00
1.345000000000000000e+03 5.440588203494177577e+01 0.000000000000000000e+00
1.345200000000000045e+03 5.336665625650533684e+01 0.000000000000000000e+00
1.345400000000000091e+03 5.336665625650533684e+01 0.000000000000000000e+00
1.345600000000000136e+03 4.882622246293480828e+01 0.000000000000000000e+00
1.345800000000000182e+03 5.011985634456667071e+01 0.000000000000000000e+00
1.346000000000000000e+03 4.816637831516918311e+01 0.000000000000000000e+00
1.346200000000000045e+03 4.681879964287850271e+01 0.000000000000000000e+00
1.346400000000000091e+03 4.525483399593904466e+01 0.000000000000000000e+00
1.346600000000000136e+03 4.681879964287850271e+01 0.000000000000000000e+00
1.346800000000000182e+03 4.816637831516918311e+01 0.000000000000000000e+00
1.347000000000000000e+03 4.664761515876240594e+01 0.000000000000000000e+00
1.347200000000000045e+03 4.882622246293480828e+01 0.000000000000000000e+00
1.347400000000000091e+03 4.947726750741192348e+01 0.000000000000000000e+00
1.347600000000000136e+03 4.866210024238575471e+01 0.000000000000000000e+00
1.347800000000000182e+03 5.215361924162119323e+01 0.000000000000000000e+00
1.348000000000000000e+03 4.882622246293480828e+01 1.375000300000000000e+11
1.348200000000000045e+03 4.560701700396551672e+01 1.375000200000000000e+11
1.348400000000000091e+03 4.079215610874227593e+01 1.375000200000000000e+11
1.348600000000000136e+03 3.773592452822641263e+01 1.375000200000000000e+11
1.348800000000000182e+03 3.440930106817050671e+01 1.375000300000000000e+11
1.349000000000000000e+03 3.298484500494128469e+01 1.375000200000000000e+11
1.349200000000000045e+03 2.912043955712207222e+01 1.375000200000000000e+11
1.349400000000000091e+03 2.561249694973139412e+01 1.375000200000000000e+11
1.349600000000000136e+03 2.332380757938120297e+01 1.375000200000000000e+11
1.349800000000000182e+03 2.400000000000000000e+01 1.375000200000000000e+11
1.350000000000000000e+03 2.154065922853801496e+01 1.375000200000000000e+11
1.350200000000000045e+03 2.000000000000000000e+01 1.375000200000000000e+11
1.350400000000000091e+03 2.039607805437113797e+01 1.375000200000000000e+11
1.350600000000000136e+03 2.000000000000000000e+01 1.375000200000000000e+11
1.350800000000000182e+03 1.788854381999831844e+01 1.375000300000000000e+11
1.351000000000000000e+03 1.697056274847713908e+01 1.375000200000000000e+11
1.351200000000000045e+03 1.788854381999831844e+01 1.375000300000000000e+11
1.351400000000000091e+03 1.600000000000000000e+01 1.375000200000000000e+11
1.351600000000000136e+03 1.264911064067351809e+01 1.375000200000000000e+11
1.351800000000000182e+03 1.131370849898476116e+01 1.375000200000000000e+11
1.352000000000000000e+03 8.944271909999159220e+00 0.000000000000000000e+00
1.352200000000000045e+03 8.000000000000000000e+00 0.000000000000000000e+00
1.352400000000000091e+03 8.944271909999159220e+00 0.000000000000000000e+00
1.352600000000000136e+03 8.944271909999159220e+00 0.000000000000000000e+00
1.352800000000000182e+03 8.000000000000000000e+00 0.000000000000000000e+00
1.353000000000000000e+03 8.944271909999159220e+00 0.000000000000000000e+00
1.353200000000000045e+03 1.131370849898476116e+01 0.000000000000000000e+00
1.353400000000000091e+03 1.264911064067351809e+01 0.000000000000000000e+00
1.353600000000000136e+03 1.200000000000000000e+01 0.000000000000000000e+00
1.353800000000000182e+03 1.264911064067351809e+01 0.000000000000000000e+00
1.354000000000000000e+03 1.131370849898476116e+01 0.000000000000000000e+00
1.354200000000000045e+03 1.442220510185595650e+01 0.000000000000000000e+00
1.354400000000000091e+03 1.264911064067351809e+01 0.000000000000000000e+00
1.354600000000000136e+03 1.200000000000000000e+01 0.000000000000000000e+00
1.354800000000000182e+03 8.944271909999159220e+00 0.000000000000000000e+00
1.355000000000000000e+03 8.944271909999159220e+00 0.000000000000000000e+00
1.355200000000000045e+03 8.000000000000000000e+00 0.000000000000000000e+00
1.355400000000000091e+03 8.944271909999159220e+00 0.000000000000000000e+00
1.355600000000000136e+03 5.656854249492380582e+00 0.000000000000000000e+00
1.355800000000000182e+03 8.000000000000000000e+00 0.000000000000000000e+00
1.356000000000000000e+03 8.944271909999159220e+00 1.375000200000000000e+11
1.356200000000000045e+03 8.944271909999159220e+00 1.375000200000000000e+11
1.356400000000000091e+03 8.944271909999159220e+00 1.375000200000000000e+11
1.356600000000000136e+03 8.000000000000000000e+00 1.375000200000000000e+11
1.356800000000000182e+03 8.944271909999159220e+00 1.375000200000000000e+11
1.357000000000000000e+03 8.944271909999159220e+00 1.375000300000000000e+11
1.357200000000000045e+03 8.944271909999159220e+00 1.375000200000000000e+11
1.357400000000000091e+03 8.944271909999159220e+00 1.375000200000000000e+11
1.357600000000000136e+03 8.000000000000000000e+00 1.375000300000000000e+11
1.357800000000000182e+03 4.000000000000000000e+00 1.375000200000000000e+11
1.358000000000000000e+03 4.000000000000000000e+00 1.375000300000000000e+11
1.358200000000000045e+03 5.656854249492380582e+00 1.375000200000000000e+11
1.358400000000000091e+03 0.000000000000000000e+00 1.375000200000000000e+11
1.358600000000000136e+03 0.000000000000000000e+00 1.375000200000000000e+11
1.358800000000000182e+03 0.000000000000000000e+00 1.375000200000000000e+11
1.359000000000000000e+03 0.000000000000000000e+00 1.375000200000000000e+11
1.359200000000000045e+03 4.000000000000000000e+00 1.375000300000000000e+11
1.359400000000000091e+03 4.000000000000000000e+00 1.375000300000000000e+11
1.359600000000000136e+03 4.000000000000000000e+00 1.375000200000000000e+11
1.359800000000000182e+03 4.000000000000000000e+00 1.375000300000000000e+11
1.360000000000000000e+03 5.656854249492380582e+00 0.000000000000000000e+00
1.360200000000000045e+03 5.656854249492380582e+00 0.000000000000000000e+00
1.360400000000000091e+03 5.656854249492380582e+00 0.000000000000000000e+00
1.360600000000000136e+03 4.000000000000000000e+00 0.000000000000000000e+00
1.360800000000000182e+03 4.000000000000000000e+00 0.000000000000000000e+00
1.361000000000000000e+03 4.000000000000000000e+00 0.000000000000000000e+00
1.361200000000000045e+03 4.000000000000000000e+00 0.000000000000000000e+00
1.361400000000000091e+03 0.000000000000000000e+00 0.000000000000000000e+00
1.361600000000000136e+03 0.000000000000000000e+00 0.000000000000000000e+00
1.361800000000000182e+03 0.000000000000000000e+00 0.000000000000000000e+00
1.362000000000000000e+03 0.000000000000000000e+00 0.000000000000000000e+00
1.362200000000000045e+03 4.000000000000000000e+00 0.000000000000000000e+00
1.362400000000000091e+03 4.000000000000000000e+00 0.000000000000000000e+00
1.362600000000000136e+03 4.000000000000000000e+00 0.000000000000000000e+00
1.362800000000000182e+03 4.000000000000000000e+00 0.000000000000000000e+00
1.363000000000000000e+03 5.656854249492380582e+00 0.000000000000000000e+00
1.363200000000000045e+03 5.656854249492380582e+00 0.000000000000000000e+00
1.363400000000000091e+03 5.656854249492380582e+00 0.000000000000000000e+00
1.363600000000000136e+03 4.000000000000000000e+00 0.000000000000000000e+00
1.363800000000000182e+03 4.000000000000000000e+00 0.000000000000000000e+00
1.364000000000000000e+03 4.000000000000000000e+00 1.375000200000000000e+11
1.364200000000000045e+03 4.000000000000000000e+00 1.375000300000000000e+11
1.364400000000000091e+03 0.000000000000000000e+00 1.375000200000000000e+11
1.364600000000000136e+03 0.000000000000000000e+00 1.375000200000000000e+11
1.364800000000000182e+03 0.000000000000000000e+00 1.375000200000000000e+11
1.365000000000000000e+03 0.000000000000000000e+00 1.375000200000000000e+11
1.365200000000000045e+03 4.000000000000000000e+00 1.375000300000000000e+11
1.365400000000000091e+03 4.000000000000000000e+00 1.375000300000000000e+11
1.365600000000000136e+03 4.000000000000000000e+00 1.375000300000000000e+11
1.365800000000000182e+03 5.656854249492380582e+00 1.375000200000000000e+11
1.366000000000000000e+03 5.656854249492380582e+00 1.375000200000000000e+11
1.366200000000000045e+03 5.656854249492380582e+00 1.375000200000000000e+11
1.366400000000000091e+03 5.656854249492380582e+00 1.375000200000000000e+11
1.366600000000000136e+03 4.000000000000000000e+00 1.375000200000000000e+11
1.366800000000000182e+03 4.000000000000000000e+00 1.375000200000000000e+11
1.367000000000000000e+03 4.000000000000000000e+00 1.375000200000000000e+11
1.367200000000000045e+03 0.000000000000000000e+00 1.375000200000000000e+11
1.367400000000000091e+03 0.000000000000000000e+00 1.375000300000000000e+11
1.367600000000000136e+03 0.000000000000000000e+00 1.375000300000000000e+11
1.367800000000000182e+03 0.000000000000000000e+00 1.375000200000000000e+11
1.368000000000000000e+03 4.000000000000000000e+00 0.000000000000000000e+00
1.368200000000000045e+03 4.000000000000000000e+00 0.000000000000000000e+00
1.368400000000000091e+03 4.000000000000000000e+00 0.000000000000000000e+00
1.368600000000000136e+03 5.656854249492380582e+00 0.000000000000000000e+00
1.368800000000000182e+03 5.656854249492380582e+00 0.000000000000000000e+00
1.369000000000000000e+03 5.656854249492380582e+00 0.000000000000000000e+00
1.369200000000000045e+03 4.000000000000000000e+00 0.000000000000000000e+00
1.369400000000000091e+03 4.000000000000000000e+00 0.000000000000000000e+00
1.369600000000000136e+03 4.000000000000000000e+00 0.000000000000000000e+00
1.369800000000000182e+03 4.000000000000000000e+00 0.000000000000000000e+00
1.370000000000000000e+03 0.000000000000000000e+00 0.000000000000000000e+00
1.370200000000000045e+03 0.000000000000000000e+00 0.000000000000000000e+00
1.370400000000000091e+03 0.000000000000000000e+00 0.000000000000000000e+00
1.370600000000000136e+03 4.000000000000000000e+00 0.000000000000000000e+00
1.370800000000000182e+03 4.000000000000000000e+00 0.000000000000000000e+00
1.371000000000000000e+03 4.000000000000000000e+00 0.000000000000000000e+00
1.371200000000000045e+03 4.000000000000000000e+00 0.000000000000000000e+00
1.371400000000000091e+03 5.656854249492380582e+00 0.000000000000000000e+00
1.371600000000000136e+03 5.656854249492380582e+00 0.000000000000000000e+00
1.371800000000000182e+03 5.656854249492380582e+00 0.000000000000000000e+00
1.372000000000000000e+03 4.000000000000000000e+00 1.375000200000000000e+11
1.372200000000000045e+03 4.000000000000000000e+00 1.375000200000000000e+11
1.372400000000000091e+03 4.000000000000000000e+00 1.375000200000000000e+11
1.372600000000000136e+03 0.000000000000000000e+00 1.375000200000000000e+11
1.372800000000000182e+03 0.000000000000000000e+00 1.375000200000000000e+11
1.373000000000000000e+03 0.000000000000000000e+00 1.375000300000000000e+11
1.373200000000000045e+03 0.000000000000000000e+00 1.375000200000000000e+11
1.373400000000000091e+03 4.000000000000000000e+00 1.375000200000000000e+11
1.373600000000000136e+03 4.000000000000000000e+00 1.375000200000000000e+11
1.373800000000000182e+03 4.000000000000000000e+00 1.375000300000000000e+11
1.374000000000000000e+03 5.656854249492380582e+00 1.375000300000000000e+11
1.374200000000000045e+03 5.656854249492380582e+00 1.375000300000000000e+11
1.374400000000000091e+03 5.656854249492380582e+00 1.375000200000000000e+11
1.374600000000000136e+03 5.656854249492380582e+00 1.375000200000000000e+11
1.374800000000000182e+03 4.000000000000000000e+00 1.375000300000000000e+11
1.375000000000000000e+03 4.000000000000000000e+00 1.375000200000000000e+11
1.375200000000000045e+03 4.000000000000000000e+00 1.375000200000000000e+11
1.375400000000000091e+03 0.000000000000000000e+00 1.375000200000000000e+11
1.375600000000000136e+03 0.000000000000000000e+00 1.375000300000000000e+11
1.375800000000000182e+03 0.000000000000000000e+00 1.375000200000000000e+11
1.376000000000000000e+03 0.000000000000000000e+00 0.000000000000000000e+00
1.376200000000000045e+03 4.000000000000000000e+00 0.000000000000000000e+00
1.376400000000000091e+03 4.000000000000000000e+00 0.000000000000000000e+00
1.376600000000000136e+03 4.000000000000000000e+00 0.000000000000000000e+00
1.376800000000000182e+03 5.656854249492380582e+00 0.000000000000000000e+00
1.377000000000000000e+03 5.656854249492380582e+00 0.000000000000000000e+00
1.377200000000000045e+03 5.656854249492380582e+00 0.000000000000000000e+00
1.377400000000000091e+03 4.000000000000000000e+00 0.000000000000000000e+00
1.377600000000000136e+03 4.000000000000000000e+00 0.000000000000000000e+00
1.377800000000000182e+03 4.000000000000000000e+00 0.000000000000000000e+00
1.378000000000000000e+03 4.000000000000000000e+00 0.000000000000000000e+00
1.378200000000000045e+03 0.000000000000000000e+00 0.000000000000000000e+00
1.378400000000000091e+03 0.000000000000000000e+00 0.000000000000000000e+00
1.378600000000000136e+03 0.000000000000000000e+00 0.000000000000000000e+00
1.378800000000000182e+03 4.000000000000000000e+00 0.000000000000000000e+00
1.379000000000000000e+03 4.000000000000000000e+00 0.000000000000000000e+00
1.379200000000000045e+03 4.000000000000000000e+00 0.000000000000000000e+00
1.379400000000000091e+03 4.000000000000000000e+00 0.000000000000000000e+00
1.379600000000000136e+03 5.656854249492380582e+00 0.000000000000000000e+00
1.379800000000000182e+03 5.656854249492380582e+00 0.000000000000000000e+00
1.380000000000000000e+03 5.656854249492380582e+00 1.375000300000000000e+11
1.380200000000000045e+03 4.000000000000000000e+00 1.375000300000000000e+11
1.380400000000000091e+03 4.000000000000000000e+00 1.375000300000000000e+11
1.380600000000000136e+03 4.000000000000000000e+00 1.375000200000000000e+11
1.380800000000000182e+03 0.000000000000000000e+00 1.375000300000000000e+11
1.381000000000000000e+03 0.000000000000000000e+00 1.375000200000000000e+11
1.381200000000000045e+03 0.000000000000000000e+00 1.375000200000000000e+11
1.381400000000000091e+03 0.000000000000000000e+00 1.375000200000000000e+11
1.381600000000000136e+03 4.000000000000000000e+00 1.375000200000000000e+11
1.381800000000000182e+03 4.000000000000000000e+00 1.375000200000000000e+11
1.382000000000000000e+03 4.000000000000000000e+00 1.375000300000000000e+11
1.382200000000000045e+03 5.656854249492380582e+00 1.375000200000000000e+11
1.382400000000000091e+03 5.656854249492380582e+00 1.375000300000000000e+11
1.382600000000000136e+03 5.656854249492380582e+00 1.375000200000000000e+11
1.382800000000000182e+03 5.656854249492380582e+00 1.375000200000000000e+11
1.383000000000000000e+03 4.000000000000000000e+00 1.375000200000000000e+11
1.383200000000000045e+03 4.000000000000000000e+00 1.375000300000000000e+11
1.383400000000000091e+03 4.000000000000000000e+00 1.375000300000000000e+11
1.383600000000000136e+03 0.000000000000000000e+00 1.375000200000000000e+11
1.383800000000000182e+03 0.000000000000000000e+00 1.375000300000000000e+11
1.384000000000000000e+03 0.000000000000000000e+00 0.000000000000000000e+00
1.384200000000000045e+03 4.000000000000000000e+00 0.000000000000000000e+00
1.384400000000000091e+03 4.000000000000000000e+00 0.000000000000000000e+00
1.384600000000000136e+03 4.000000000000000000e+00 0.000000000000000000e+00
1.384800000000000182e+03 4.000000000000000000e+00 0.000000000000000000e+00
1.385000000000000000e+03 5.656854249492380582e+00 0.000000000000000000e+00
1.385200000000000045e+03 5.656854249492380582e+00 0.000000000000000000e+00
1.385400000000000091e+03 5.656854249492380582e+00 0.000000000000000000e+00
1.385600000000000136e+03 4.000000000000000000e+00 0.000000000000000000e+00
1.385800000000000182e+03 4.000000000000000000e+00 0.000000000000000000e+00
1.386000000000000000e+03 4.000000000000000000e+00 0.000000000000000000e+00
1.386200000000000045e+03 4.000000000000000000e+00 0.000000000000000000e+00
1.386400000000000091e+03 0.000000000000000000e+00 0.000000000000000000e+00
1.386600000000000136e+03 0.000000000000000000e+00 0.000000000000000000e+00
1.386800000000000182e+03 0.000000000000000000e+00 0.000000000000000000e+00
1.387000000000000000e+03 4.000000000000000000e+00 0.000000000000000000e+00
1.387200000000000045e+03 4.000000000000000000e+00 0.000000000000000000e+00
1.387400000000000091e+03 4.000000000000000000e+00 0.000000000000000000e+00
1.387600000000000136e+03 5.656854249492380582e+00 0.000000000000000000e+00
1.387800000000000182e+03 5.656854249492380582e+00 0.000000000000000000e+00
1.388000000000000000e+03 5.656854249492380582e+00 1.375000300000000000e+11
1.388200000000000045e+03 5.656854249492380582e+00 1.375000200000000000e+11
1.388400000000000091e+03 4.000000000000000000e+00 1.375000200000000000e+11
1.388600000000000136e+03 4.000000000000000000e+00 1.375000300000000000e+11
1.388800000000000182e+03 4.000000000000000000e+00 1.375000200000000000e+11
1.389000000000000000e+03 0.000000000000000000e+00 1.375000200000000000e+11
1.389200000000000045e+03 0.000000000000000000e+00 1.375000200000000000e+11
1.389400000000000091e+03 0.000000000000000000e+00 1.375000200000000000e+11
1.389600000000000136e+03 0.000000000000000000e+00 1.375000300000000000e+11
1.389800000000000182e+03 4.000000000000000000e+00 1.375000200000000000e+11
1.390000000000000000e+03 4.000000000000000000e+00 1.375000200000000000e+11
1.390200000000000045e+03 4.000000000000000000e+00 1.375000200000000000e+11
1.390400000000000091e+03 5.656854249492380582e+00 1.375000300000000000e+11
1.390600000000000136e+03 5.656854249492380582e+00 1.375000200000000000e+11
1.390800000000000182e+03 5.656854249492380582e+00 1.375000200000000000e+11
1.391000000000000000e+03 4.000000000000000000e+00 1.375000200000000000e+11
1.391200000000000045e+03 4.000000000000000000e+00 1.375000200000000000e+11
1.391400000000000091e+03 4.000000000000000000e+00 1.375000300000000000e+11
1.391600000000000136e+03 4.000000000000000000e+00 1.375000200000000000e+11
1.391800000000000182e+03 0.000000000000000000e+00 1.375000300000000000e+11
1.392000000000000000e+03 0.000000000000000000e+00 0.000000000000000000e+00
1.392200000000000045e+03 0.000000000000000000e+00 0.000000000000000000e+00
1.392400000000000091e+03 4.000000000000000000e+00 0.000000000000000000e+00
1.392600000000000136e+03 4.000000000000000000e+00 0.000000000000000000e+00
1.392800000000000182e+03 4.000000000000000000e+00 0.000000000000000000e+00
1.393000000000000000e+03 4.000000000000000000e+00 0.000000000000000000e+00
1.393200000000000045e+03 5.656854249492380582e+00 0.000000000000000000e+00
1.393400000000000091e+03 5.656854249492380582e+00 0.000000000000000000e+00
1.393600000000000136e+03 5.656854249492380582e+00 0.000000000000000000e+00
1.393800000000000182e+03 4.000000000000000000e+00 0.000000000000000000e+00
1.394000000000000000e+03 4.000000000000000000e+00 0.000000000000000000e+00
1.394200000000000045e+03 4.000000000000000000e+00 0.000000000000000000e+00
1.394400000000000091e+03 0.000000000000000000e+00 0.000000000000000000e+00
1.394600000000000136e+03 0.000000000000000000e+00 0.000000000000000000e+00
1.394800000000000182e+03 0.000000000000000000e+00 0.000000000000000000e+00
1.395000000000000000e+03 0.000000000000000000e+00 0.000000000000000000e+00
1.395200000000000045e+03 4.000000000000000000e+00 0.000000000000000000e+00
1.395400000000000091e+03 4.000000000000000000e+00 0.000000000000000000e+00
1.395600000000000136e+03 4.000000000000000000e+00 0.000000000000000000e+00
1.395800000000000182e+03 5.656854249492380582e+00 0.000000000000000000e+00
1.396000000000000000e+03 5.656854249492380582e+00 1.375000200000000000e+11
1.396200000000000045e+03 5.656854249492380582e+00 1.375000200000000000e+11
1.396400000000000091e+03 5.656854249492380582e+00 1.375000200000000000e+11
1.396600000000000136e+03 4.000000000000000000e+00 1.375000300000000000e+11
1.396800000000000182e+03 4.000000000000000000e+00 1.375000300000000000e+11
1.397000000000000000e+03 4.000000000000000000e+00 1.375000200000000000e+11
1.397200000000000045e+03 0.000000000000000000e+00 1.375000300000000000e+11
1.397400000000000091e+03 0.000000000000000000e+00 1.375000200000000000e+11
1.397600000000000136e+03 0.000000000000000000e+00 1.375000200000000000e+11
1.397800000000000182e+03 4.000000000000000000e+00 1.375000200000000000e+11
1.398000000000000000e+03 4.000000000000000000e+00 1.375000300000000000e+11
1.398200000000000045e+03 4.000000000000000000e+00 1.375000200000000000e+11
1.398400000000000091e+03 4.000000000000000000e+00 1.375000200000000000e+11
1.398600000000000136e+03 5.656854249492380582e+00 1.375000200000000000e+11
1.398800000000000182e+03 5.656854249492380582e+00 1.375000200000000000e+11
1.399000000000000000e+03 5.656854249492380582e+00 1.375000200000000000e+11
1.399200000000000045e+03 4.000000000000000000e+00 1.375000200000000000e+11
1.399400000000000091e+03 4.000000000000000000e+00 1.375000200000000000e+11
1.399600000000000136e+03 4.000000000000000000e+00 1.375000200000000000e+11
1.399800000000000182e+03 4.000000000000000000e+00 1.375000300000000000e+11
