1.400000000000000000e+03 0.000000000000000000e+00 0.000000000000000000e+00
1.400200000000000045e+03 4.000000000000000000e+00 0.000000000000000000e+00
1.400400000000000091e+03 5.656854249492380582e+00 0.000000000000000000e+00
1.400600000000000136e+03 5.656854249492380582e+00 0.000000000000000000e+00
1.400800000000000182e+03 5.656854249492380582e+00 0.000000000000000000e+00
1.401000000000000000e+03 5.656854249492380582e+00 0.000000000000000000e+00
1.401200000000000045e+03 5.656854249492380582e+00 0.000000000000000000e+00
1.401400000000000091e+03 5.656854249492380582e+00 0.000000000000000000e+00
1.401600000000000136e+03 5.656854249492380582e+00 0.000000000000000000e+00
1.401800000000000182e+03 5.656854249492380582e+00 0.000000000000000000e+00
1.402000000000000000e+03 5.656854249492380582e+00 0.000000000000000000e+00
1.402200000000000045e+03 5.656854249492380582e+00 0.000000000000000000e+00
1.402400000000000091e+03 4.000000000000000000e+00 0.000000000000000000e+00
1.402600000000000136e+03 0.000000000000000000e+00 0.000000000000000000e+00
1.402800000000000182e+03 5.656854249492380582e+00 0.000000000000000000e+00
1.403000000000000000e+03 5.656854249492380582e+00 0.000000000000000000e+00
1.403200000000000045e+03 5.656854249492380582e+00 0.000000000000000000e+00
1.403400000000000091e+03 5.656854249492380582e+00 0.000000000000000000e+00
1.403600000000000136e+03 5.656854249492380582e+00 0.000000000000000000e+00
1.403800000000000182e+03 5.656854249492380582e+00 0.000000000000000000e+00
1.404000000000000000e+03 5.656854249492380582e+00 1.400000000000000000e+11
1.404200000000000045e+03 5.656854249492380582e+00 1.400000000000000000e+11
1.404400000000000091e+03 4.000000000000000000e+00 1.400000000000000000e+11
1.404600000000000136e+03 5.656854249492380582e+00 1.400000000000000000e+11
1.404800000000000182e+03 4.000000000000000000e+00 1.400000000000000000e+11
1.405000000000000000e+03 0.000000000000000000e+00 1.400000000000000000e+11
1.405200000000000045e+03 4.000000000000000000e+00 1.400000000000000000e+11
1.405400000000000091e+03 0.000000000000000000e+00 1.400000000000000000e+11
1.405600000000000136e+03 4.000000000000000000e+00 1.400000000000000000e+11
1.405800000000000182e+03 5.656854249492380582e+00 1.400000000000000000e+11
1.406000000000000000e+03 5.656854249492380582e+00 1.400000000000000000e+11
1.406200000000000045e+03 5.656854249492380582e+00 1.400000000000000000e+11
1.406400000000000091e+03 5.656854249492380582e+00 1.400000000000000000e+11
1.406600000000000136e+03 5.656854249492380582e+00 1.400000000000000000e+11
1.406800000000000182e+03 5.656854249492380582e+00 1.400000000000000000e+11
1.407000000000000000e+03 4.000000000000000000e+00 1.400000000000000000e+11
1.407200000000000045e+03 4.000000000000000000e+00 1.400000000000000000e+11
1.407400000000000091e+03 4.000000000000000000e+00 1.400000000000000000e+11
1.407600000000000136e+03 0.000000000000000000e+00 1.400000000000000000e+11
1.407800000000000182e+03 0.000000000000000000e+00 1.400000000000000000e+11
1.408000000000000000e+03 0.000000000000000000e+00 0.000000000000000000e+00
1.408200000000000045e+03 0.000000000000000000e+00 0.000000000000000000e+00
1.408400000000000091e+03 4.000000000000000000e+00 0.000000000000000000e+00
1.408600000000000136e+03 4.000000000000000000e+00 0.000000000000000000e+00
1.408800000000000182e+03 5.656854249492380582e+00 0.000000000000000000e+00
1.409000000000000000e+03 5.656854249492380582e+00 0.000000000000000000e+00
1.409200000000000045e+03 5.656854249492380582e+00 0.000000000000000000e+00
1.409400000000000091e+03 5.656854249492380582e+00 0.000000000000000000e+00
1.409600000000000136e+03 5.656854249492380582e+00 0.000000000000000000e+00
1.409800000000000182e+03 4.000000000000000000e+00 0.000000000000000000e+00
1.410000000000000000e+03 4.000000000000000000e+00 0.000000000000000000e+00
1.410200000000000045e+03 4.000000000000000000e+00 0.000000000000000000e+00
1.410400000000000091e+03 0.000000000000000000e+00 0.000000000000000000e+00
1.410600000000000136e+03 0.000000000000000000e+00 0.000000000000000000e+00
1.410800000000000182e+03 0.000000000000000000e+00 0.000000000000000000e+00
1.411000000000000000e+03 4.000000000000000000e+00 0.000000000000000000e+00
1.411200000000000045e+03 4.000000000000000000e+00 0.000000000000000000e+00
1.411400000000000091e+03 5.656854249492380582e+00 0.000000000000000000e+00
1.411600000000000136e+03 5.656854249492380582e+00 0.000000000000000000e+00
1.411800000000000182e+03 5.656854249492380582e+00 0.000000000000000000e+00
1.412000000000000000e+03 5.656854249492380582e+00 1.400000000000000000e+11
1.412200000000000045e+03 5.656854249492380582e+00 1.400000000000000000e+11
1.412400000000000091e+03 4.000000000000000000e+00 1.400000000000000000e+11
1.412600000000000136e+03 4.000000000000000000e+00 1.400000000000000000e+11
1.412800000000000182e+03 4.000000000000000000e+00 1.400000000000000000e+11
1.413000000000000000e+03 4.000000000000000000e+00 1.400000000000000000e+11
1.413200000000000045e+03 0.000000000000000000e+00 1.400000000000000000e+11
1.413400000000000091e+03 0.000000000000000000e+00 1.400000000000000000e+11
1.413600000000000136e+03 0.000000000000000000e+00 1.400000000000000000e+11
1.413800000000000182e+03 4.000000000000000000e+00 1.400000000000000000e+11
1.414000000000000000e+03 4.000000000000000000e+00 1.400000000000000000e+11
1.414200000000000045e+03 5.656854249492380582e+00 1.400000000000000000e+11
1.414400000000000091e+03 5.656854249492380582e+00 1.400000000000000000e+11
1.414600000000000136e+03 5.656854249492380582e+00 1.400000000000000000e+11
1.414800000000000182e+03 5.656854249492380582e+00 1.400000000000000000e+11
1.415000000000000000e+03 5.656854249492380582e+00 1.400000000000000000e+11
1.415200000000000045e+03 4.000000000000000000e+00 1.400000000000000000e+11
1.415400000000000091e+03 4.000000000000000000e+00 1.400000000000000000e+11
1.415600000000000136e+03 4.000000000000000000e+00 1.400000000000000000e+11
1.415800000000000182e+03 0.000000000000000000e+00 1.400000000000000000e+11
1.416000000000000000e+03 0.000000000000000000e+00 0.000000000000000000e+00
1.416200000000000045e+03 0.000000000000000000e+00 0.000000000000000000e+00
1.416400000000000091e+03 0.000000000000000000e+00 0.000000000000000000e+00
1.416600000000000136e+03 4.000000000000000000e+00 0.000000000000000000e+00
1.416800000000000182e+03 4.000000000000000000e+00 0.000000000000000000e+00
1.417000000000000000e+03 4.000000000000000000e+00 0.000000000000000000e+00
1.417200000000000045e+03 5.656854249492380582e+00 0.000000000000000000e+00
1.417400000000000091e+03 5.656854249492380582e+00 0.000000000000000000e+00
1.417600000000000136e+03 5.656854249492380582e+00 0.000000000000000000e+00
1.417800000000000182e+03 4.000000000000000000e+00 0.000000000000000000e+00
1.418000000000000000e+03 4.000000000000000000e+00 0.000000000000000000e+00
1.418200000000000045e+03 4.000000000000000000e+00 0.000000000000000000e+00
1.418400000000000091e+03 4.000000000000000000e+00 0.000000000000000000e+00
1.418600000000000136e+03 0.000000000000000000e+00 0.000000000000000000e+00
1.418800000000000182e+03 0.000000000000000000e+00 0.000000000000000000e+00
1.419000000000000000e+03 0.000000000000000000e+00 0.000000000000000000e+00
1.419200000000000045e+03 4.000000000000000000e+00 0.000000000000000000e+00
1.419400000000000091e+03 4.000000000000000000e+00 0.000000000000000000e+00
1.419600000000000136e+03 4.000000000000000000e+00 0.000000000000000000e+00
1.419800000000000182e+03 5.656854249492380582e+00 0.000000000000000000e+00
1.420000000000000000e+03 5.656854249492380582e+00 1.400000000000000000e+11
1.420200000000000045e+03 5.656854249492380582e+00 1.400000000000000000e+11
1.420400000000000091e+03 5.656854249492380582e+00 1.400000000000000000e+11
1.420600000000000136e+03 4.000000000000000000e+00 1.400000000000000000e+11
1.420800000000000182e+03 4.000000000000000000e+00 1.400000000000000000e+11
1.421000000000000000e+03 4.000000000000000000e+00 1.400000000000000000e+11
1.421200000000000045e+03 0.000000000000000000e+00 1.400000000000000000e+11
1.421400000000000091e+03 0.000000000000000000e+00 1.400000000000000000e+11
1.421600000000000136e+03 0.000000000000000000e+00 1.400000000000000000e+11
1.421800000000000182e+03 0.000000000000000000e+00 1.400000000000000000e+11
1.422000000000000000e+03 4.000000000000000000e+00 1.400000000000000000e+11
1.422200000000000045e+03 4.000000000000000000e+00 1.400000000000000000e+11
1.422400000000000091e+03 4.000000000000000000e+00 1.400000000000000000e+11
1.422600000000000136e+03 5.656854249492380582e+00 1.400000000000000000e+11
1.422800000000000182e+03 5.656854249492380582e+00 1.400000000000000000e+11
1.423000000000000000e+03 5.656854249492380582e+00 1.400000000000000000e+11
1.423200000000000045e+03 4.000000000000000000e+00 1.400000000000000000e+11
1.423400000000000091e+03 4.000000000000000000e+00 1.400000000000000000e+11
1.423600000000000136e+03 4.000000000000000000e+00 1.400000000000000000e+11
1.423800000000000182e+03 4.000000000000000000e+00 1.400000000000000000e+11
1.424000000000000000e+03 0.000000000000000000e+00 0.000000000000000000e+00
1.424200000000000045e+03 0.000000000000000000e+00 0.000000000000000000e+00
1.424400000000000091e+03 0.000000000000000000e+00 0.000000000000000000e+00
1.424600000000000136e+03 4.000000000000000000e+00 0.000000000000000000e+00
1.424800000000000182e+03 4.000000000000000000e+00 0.000000000000000000e+00
1.425000000000000000e+03 4.000000000000000000e+00 0.000000000000000000e+00
1.425200000000000045e+03 5.656854249492380582e+00 0.000000000000000000e+00
1.425400000000000091e+03 5.656854249492380582e+00 0.000000000000000000e+00
1.425600000000000136e+03 5.656854249492380582e+00 0.000000000000000000e+00
1.425800000000000182e+03 5.656854249492380582e+00 0.000000000000000000e+00
1.426000000000000000e+03 4.000000000000000000e+00 0.000000000000000000e+00
1.426200000000000045e+03 4.000000000000000000e+00 0.000000000000000000e+00
1.426400000000000091e+03 4.000000000000000000e+00 0.000000000000000000e+00
1.426600000000000136e+03 0.000000000000000000e+00 0.000000000000000000e+00
1.426800000000000182e+03 0.000000000000000000e+00 0.000000000000000000e+00
1.427000000000000000e+03 0.000000000000000000e+00 0.000000000000000000e+00
1.427200000000000045e+03 0.000000000000000000e+00 0.000000000000000000e+00
1.427400000000000091e+03 4.000000000000000000e+00 0.000000000000000000e+00
1.427600000000000136e+03 4.000000000000000000e+00 0.000000000000000000e+00
1.427800000000000182e+03 4.000000000000000000e+00 0.000000000000000000e+00
1.428000000000000000e+03 5.656854249492380582e+00 1.400000000000000000e+11
1.428200000000000045e+03 5.656854249492380582e+00 1.400000000000000000e+11
1.428400000000000091e+03 5.656854249492380582e+00 1.400000000000000000e+11
1.428600000000000136e+03 5.656854249492380582e+00 1.400000000000000000e+11
1.428800000000000182e+03 4.000000000000000000e+00 1.400000000000000000e+11
1.429000000000000000e+03 4.000000000000000000e+00 1.400000000000000000e+11
1.429200000000000045e+03 4.000000000000000000e+00 1.400000000000000000e+11
1.429400000000000091e+03 0.000000000000000000e+00 1.400000000000000000e+11
1.429600000000000136e+03 0.000000000000000000e+00 1.400000000000000000e+11
1.429800000000000182e+03 0.000000000000000000e+00 1.400000000000000000e+11
1.430000000000000000e+03 4.000000000000000000e+00 1.400000000000000000e+11
1.430200000000000045e+03 4.000000000000000000e+00 1.400000000000000000e+11
1.430400000000000091e+03 4.000000000000000000e+00 1.400000000000000000e+11
1.430600000000000136e+03 4.000000000000000000e+00 1.400000000000000000e+11
1.430800000000000182e+03 5.656854249492380582e+00 1.400000000000000000e+11
1.431000000000000000e+03 5.656854249492380582e+00 1.400000000000000000e+11
1.431200000000000045e+03 5.656854249492380582e+00 1.400000000000000000e+11
1.431400000000000091e+03 4.000000000000000000e+00 1.400000000000000000e+11
1.431600000000000136e+03 4.000000000000000000e+00 1.400000000000000000e+11
1.431800000000000182e+03 4.000000000000000000e+00 1.400000000000000000e+11
1.432000000000000000e+03 4.000000000000000000e+00 0.000000000000000000e+00
1.432200000000000045e+03 0.000000000000000000e+00 0.000000000000000000e+00
1.432400000000000091e+03 0.000000000000000000e+00 0.000000000000000000e+00
1.432600000000000136e+03 0.000000000000000000e+00 0.000000000000000000e+00
1.432800000000000182e+03 4.000000000000000000e+00 0.000000000000000000e+00
1.433000000000000000e+03 4.000000000000000000e+00 0.000000000000000000e+00
1.433200000000000045e+03 4.000000000000000000e+00 0.000000000000000000e+00
1.433400000000000091e+03 5.656854249492380582e+00 0.000000000000000000e+00
1.433600000000000136e+03 5.656854249492380582e+00 0.000000000000000000e+00
1.433800000000000182e+03 5.656854249492380582e+00 0.000000000000000000e+00
1.434000000000000000e+03 5.656854249492380582e+00 0.000000000000000000e+00
1.434200000000000045e+03 4.000000000000000000e+00 0.000000000000000000e+00
1.434400000000000091e+03 4.000000000000000000e+00 0.000000000000000000e+00
1.434600000000000136e+03 4.000000000000000000e+00 0.000000000000000000e+00
1.434800000000000182e+03 0.000000000000000000e+00 0.000000000000000000e+00
1.435000000000000000e+03 0.000000000000000000e+00 0.000000000000000000e+00
1.435200000000000045e+03 0.000000000000000000e+00 0.000000000000000000e+00
1.435400000000000091e+03 4.000000000000000000e+00 0.000000000000000000e+00
1.435600000000000136e+03 4.000000000000000000e+00 0.000000000000000000e+00
1.435800000000000182e+03 4.000000000000000000e+00 0.000000000000000000e+00
1.436000000000000000e+03 4.000000000000000000e+00 1.400000000000000000e+11
1.436200000000000045e+03 5.656854249492380582e+00 1.400000000000000000e+11
1.436400000000000091e+03 5.656854249492380582e+00 1.400000000000000000e+11
1.436600000000000136e+03 5.656854249492380582e+00 1.400000000000000000e+11
1.436800000000000182e+03 4.000000000000000000e+00 1.400000000000000000e+11
1.437000000000000000e+03 4.000000000000000000e+00 1.400000000000000000e+11
1.437200000000000045e+03 4.000000000000000000e+00 1.400000000000000000e+11
1.437400000000000091e+03 4.000000000000000000e+00 1.400000000000000000e+11
1.437600000000000136e+03 0.000000000000000000e+00 1.400000000000000000e+11
1.437800000000000182e+03 0.000000000000000000e+00 1.400000000000000000e+11
1.438000000000000000e+03 0.000000000000000000e+00 1.400000000000000000e+11
1.438200000000000045e+03 4.000000000000000000e+00 1.400000000000000000e+11
1.438400000000000091e+03 4.000000000000000000e+00 1.400000000000000000e+11
1.438600000000000136e+03 4.000000000000000000e+00 1.400000000000000000e+11
1.438800000000000182e+03 5.656854249492380582e+00 1.400000000000000000e+11
1.439000000000000000e+03 5.656854249492380582e+00 1.400000000000000000e+11
1.439200000000000045e+03 5.656854249492380582e+00 1.400000000000000000e+11
1.439400000000000091e+03 5.656854249492380582e+00 1.400000000000000000e+11
1.439600000000000136e+03 4.000000000000000000e+00 1.400000000000000000e+11
1.439800000000000182e+03 4.000000000000000000e+00 1.400000000000000000e+11
1.440000000000000000e+03 4.000000000000000000e+00 0.000000000000000000e+00
1.440200000000000045e+03 0.000000000000000000e+00 0.000000000000000000e+00
1.440400000000000091e+03 0.000000000000000000e+00 0.000000000000000000e+00
1.440600000000000136e+03 0.000000000000000000e+00 0.000000000000000000e+00
1.440800000000000182e+03 0.000000000000000000e+00 0.000000000000000000e+00
1.441000000000000000e+03 4.000000000000000000e+00 0.000000000000000000e+00
1.441200000000000045e+03 4.000000000000000000e+00 0.000000000000000000e+00
1.441400000000000091e+03 4.000000000000000000e+00 0.000000000000000000e+00
1.441600000000000136e+03 5.656854249492380582e+00 0.000000000000000000e+00
1.441800000000000182e+03 5.656854249492380582e+00 0.000000000000000000e+00
1.442000000000000000e+03 5.656854249492380582e+00 0.000000000000000000e+00
1.442200000000000045e+03 4.000000000000000000e+00 0.000000000000000000e+00
1.442400000000000091e+03 4.000000000000000000e+00 0.000000000000000000e+00
1.442600000000000136e+03 4.000000000000000000e+00 0.000000000000000000e+00
1.442800000000000182e+03 4.000000000000000000e+00 0.000000000000000000e+00
1.443000000000000000e+03 0.000000000000000000e+00 0.000000000000000000e+00
1.443200000000000045e+03 0.000000000000000000e+00 0.000000000000000000e+00
1.443400000000000091e+03 0.000000000000000000e+00 0.000000000000000000e+00
1.443600000000000136e+03 4.000000000000000000e+00 0.000000000000000000e+00
1.443800000000000182e+03 4.000000000000000000e+00 0.000000000000000000e+00
1.444000000000000000e+03 4.000000000000000000e+00 1.400000000000000000e+11
1.444200000000000045e+03 4.000000000000000000e+00 1.400000000000000000e+11
1.444400000000000091e+03 5.656854249492380582e+00 1.400000000000000000e+11
1.444600000000000136e+03 5.656854249492380582e+00 1.400000000000000000e+11
1.444800000000000182e+03 5.656854249492380582e+00 1.400000000000000000e+11
1.445000000000000000e+03 4.000000000000000000e+00 1.400000000000000000e+11
1.445200000000000045e+03 4.000000000000000000e+00 1.400000000000000000e+11
1.445400000000000091e+03 4.000000000000000000e+00 1.400000000000000000e+11
1.445600000000000136e+03 0.000000000000000000e+00 1.400000000000000000e+11
1.445800000000000182e+03 0.000000000000000000e+00 1.400000000000000000e+11
1.446000000000000000e+03 0.000000000000000000e+00 1.400000000000000000e+11
1.446200000000000045e+03 0.000000000000000000e+00 1.400000000000000000e+11
1.446400000000000091e+03 4.000000000000000000e+00 1.400000000000000000e+11
1.446600000000000136e+03 4.000000000000000000e+00 1.400000000000000000e+11
1.446800000000000182e+03 4.000000000000000000e+00 1.400000000000000000e+11
1.447000000000000000e+03 5.656854249492380582e+00 1.400000000000000000e+11
1.447200000000000045e+03 5.656854249492380582e+00 1.400000000000000000e+11
1.447400000000000091e+03 5.656854249492380582e+00 1.400000000000000000e+11
1.447600000000000136e+03 5.656854249492380582e+00 1.400000000000000000e+11
1.447800000000000182e+03 4.000000000000000000e+00 1.400000000000000000e+11
1.448000000000000000e+03 4.000000000000000000e+00 0.000000000000000000e+00
1.448200000000000045e+03 4.000000000000000000e+00 0.000000000000000000e+00
1.448400000000000091e+03 0.000000000000000000e+00 0.000000000000000000e+00
1.448600000000000136e+03 0.000000000000000000e+00 0.000000000000000000e+00
1.448800000000000182e+03 0.000000000000000000e+00 0.000000000000000000e+00
1.449000000000000000e+03 4.000000000000000000e+00 0.000000000000000000e+00
1.449200000000000045e+03 4.000000000000000000e+00 0.000000000000000000e+00
1.449400000000000091e+03 4.000000000000000000e+00 0.000000000000000000e+00
1.449600000000000136e+03 4.000000000000000000e+00 0.000000000000000000e+00
1.449800000000000182e+03 5.656854249492380582e+00 0.000000000000000000e+00
1.450000000000000000e+03 5.656854249492380582e+00 0.000000000000000000e+00
1.450200000000000045e+03 5.656854249492380582e+00 0.000000000000000000e+00
1.450400000000000091e+03 4.000000000000000000e+00 0.000000000000000000e+00
1.450600000000000136e+03 4.000000000000000000e+00 0.000000000000000000e+00
1.450800000000000182e+03 4.000000000000000000e+00 0.000000000000000000e+00
1.451000000000000000e+03 4.000000000000000000e+00 0.000000000000000000e+00
1.451200000000000045e+03 0.000000000000000000e+00 0.000000000000000000e+00
1.451400000000000091e+03 0.000000000000000000e+00 0.000000000000000000e+00
1.451600000000000136e+03 0.000000000000000000e+00 0.000000000000000000e+00
1.451800000000000182e+03 4.000000000000000000e+00 0.000000000000000000e+00
1.452000000000000000e+03 4.000000000000000000e+00 1.400000000000000000e+11
1.452200000000000045e+03 4.000000000000000000e+00 1.400000000000000000e+11
1.452400000000000091e+03 5.656854249492380582e+00 1.400000000000000000e+11
1.452600000000000136e+03 5.656854249492380582e+00 1.400000000000000000e+11
1.452800000000000182e+03 5.656854249492380582e+00 1.400000000000000000e+11
1.453000000000000000e+03 5.656854249492380582e+00 1.400000000000000000e+11
1.453200000000000045e+03 4.000000000000000000e+00 1.400000000000000000e+11
1.453400000000000091e+03 4.000000000000000000e+00 1.400000000000000000e+11
1.453600000000000136e+03 4.000000000000000000e+00 1.400000000000000000e+11
1.453800000000000182e+03 0.000000000000000000e+00 1.400000000000000000e+11
1.454000000000000000e+03 0.000000000000000000e+00 1.400000000000000000e+11
1.454200000000000045e+03 0.000000000000000000e+00 1.400000000000000000e+11
1.454400000000000091e+03 0.000000000000000000e+00 1.400000000000000000e+11
1.454600000000000136e+03 4.000000000000000000e+00 1.400000000000000000e+11
1.454800000000000182e+03 4.000000000000000000e+00 1.400000000000000000e+11
1.455000000000000000e+03 4.000000000000000000e+00 1.400000000000000000e+11
1.455200000000000045e+03 5.656854249492380582e+00 1.400000000000000000e+11
1.455400000000000091e+03 5.656854249492380582e+00 1.400000000000000000e+11
1.455600000000000136e+03 5.656854249492380582e+00 1.400000000000000000e+11
1.455800000000000182e+03 4.000000000000000000e+00 1.400000000000000000e+11
1.456000000000000000e+03 4.000000000000000000e+00 0.000000000000000000e+00
1.456200000000000045e+03 4.000000000000000000e+00 0.000000000000000000e+00
1.456400000000000091e+03 4.000000000000000000e+00 0.000000000000000000e+00
1.456600000000000136e+03 0.000000000000000000e+00 0.000000000000000000e+00
1.456800000000000182e+03 0.000000000000000000e+00 0.000000000000000000e+00
1.457000000000000000e+03 0.000000000000000000e+00 0.000000000000000000e+00
1.457200000000000045e+03 4.000000000000000000e+00 0.000000000000000000e+00
1.457400000000000091e+03 4.000000000000000000e+00 0.000000000000000000e+00
1.457600000000000136e+03 4.000000000000000000e+00 0.000000000000000000e+00
1.457800000000000182e+03 4.000000000000000000e+00 0.000000000000000000e+00
1.458000000000000000e+03 5.656854249492380582e+00 0.000000000000000000e+00
1.458200000000000045e+03 5.656854249492380582e+00 0.000000000000000000e+00
1.458400000000000091e+03 5.656854249492380582e+00 0.000000000000000000e+00
1.458600000000000136e+03 4.000000000000000000e+00 0.000000000000000000e+00
1.458800000000000182e+03 4.000000000000000000e+00 0.000000000000000000e+00
1.459000000000000000e+03 4.000000000000000000e+00 0.000000000000000000e+00
1.459200000000000045e+03 0.000000000000000000e+00 0.000000000000000000e+00
1.459400000000000091e+03 0.000000000000000000e+00 0.000000000000000000e+00
1.459600000000000136e+03 0.000000000000000000e+00 0.000000000000000000e+00
1.459800000000000182e+03 0.000000000000000000e+00 0.000000000000000000e+00
1.460000000000000000e+03 4.000000000000000000e+00 1.400000000000000000e+11
1.460200000000000045e+03 4.000000000000000000e+00 1.400000000000000000e+11
1.460400000000000091e+03 4.000000000000000000e+00 1.400000000000000000e+11
1.460600000000000136e+03 5.656854249492380582e+00 1.400000000000000000e+11
1.460800000000000182e+03 5.656854249492380582e+00 1.400000000000000000e+11
1.461000000000000000e+03 5.656854249492380582e+00 1.400000000000000000e+11
1.461200000000000045e+03 4.000000000000000000e+00 1.400000000000000000e+11
1.461400000000000091e+03 4.000000000000000000e+00 1.400000000000000000e+11
1.461600000000000136e+03 4.000000000000000000e+00 1.400000000000000000e+11
1.461800000000000182e+03 4.000000000000000000e+00 1.400000000000000000e+11
1.462000000000000000e+03 0.000000000000000000e+00 1.400000000000000000e+11
1.462200000000000045e+03 0.000000000000000000e+00 1.400000000000000000e+11
1.462400000000000091e+03 0.000000000000000000e+00 1.400000000000000000e+11
1.462600000000000136e+03 4.000000000000000000e+00 1.400000000000000000e+11
1.462800000000000182e+03 4.000000000000000000e+00 1.400000000000000000e+11
1.463000000000000000e+03 4.000000000000000000e+00 1.400000000000000000e+11
1.463200000000000045e+03 4.000000000000000000e+00 1.400000000000000000e+11
1.463400000000000091e+03 5.656854249492380582e+00 1.400000000000000000e+11
1.463600000000000136e+03 5.656854249492380582e+00 1.400000000000000000e+11
1.463800000000000182e+03 5.656854249492380582e+00 1.400000000000000000e+11
1.464000000000000000e+03 4.000000000000000000e+00 0.000000000000000000e+00
1.464200000000000045e+03 4.000000000000000000e+00 0.000000000000000000e+00
1.464400000000000091e+03 4.000000000000000000e+00 0.000000000000000000e+00
1.464600000000000136e+03 0.000000000000000000e+00 0.000000000000000000e+00
1.464800000000000182e+03 0.000000000000000000e+00 0.000000000000000000e+00
1.465000000000000000e+03 0.000000000000000000e+00 0.000000000000000000e+00
1.465200000000000045e+03 0.000000000000000000e+00 0.000000000000000000e+00
1.465400000000000091e+03 4.000000000000000000e+00 0.000000000000000000e+00
1.465600000000000136e+03 4.000000000000000000e+00 0.000000000000000000e+00
1.465800000000000182e+03 4.000000000000000000e+00 0.000000000000000000e+00
1.466000000000000000e+03 5.656854249492380582e+00 0.000000000000000000e+00
1.466200000000000045e+03 5.656854249492380582e+00 0.000000000000000000e+00
1.466400000000000091e+03 5.656854249492380582e+00 0.000000000000000000e+00
1.466600000000000136e+03 5.656854249492380582e+00 0.000000000000000000e+00
1.466800000000000182e+03 4.000000000000000000e+00 0.000000000000000000e+00
1.467000000000000000e+03 4.000000000000000000e+00 0.000000000000000000e+00
1.467200000000000045e+03 4.000000000000000000e+00 0.000000000000000000e+00
1.467400000000000091e+03 0.000000000000000000e+00 0.000000000000000000e+00
1.467600000000000136e+03 0.000000000000000000e+00 0.000000000000000000e+00
1.467800000000000182e+03 0.000000000000000000e+00 0.000000000000000000e+00
1.468000000000000000e+03 4.000000000000000000e+00 1.400000000000000000e+11
1.468200000000000045e+03 4.000000000000000000e+00 1.400000000000000000e+11
1.468400000000000091e+03 4.000000000000000000e+00 1.400000000000000000e+11
1.468600000000000136e+03 4.000000000000000000e+00 1.400000000000000000e+11
1.468800000000000182e+03 5.656854249492380582e+00 1.400000000000000000e+11
1.469000000000000000e+03 5.656854249492380582e+00 1.400000000000000000e+11
1.469200000000000045e+03 5.656854249492380582e+00 1.400000000000000000e+11
1.469400000000000091e+03 4.000000000000000000e+00 1.400000000000000000e+11
1.469600000000000136e+03 4.000000000000000000e+00 1.400000000000000000e+11
1.469800000000000182e+03 4.000000000000000000e+00 1.400000000000000000e+11
1.470000000000000000e+03 4.000000000000000000e+00 1.400000000000000000e+11
1.470200000000000045e+03 0.000000000000000000e+00 1.400000000000000000e+11
1.470400000000000091e+03 0.000000000000000000e+00 1.400000000000000000e+11
1.470600000000000136e+03 0.000000000000000000e+00 1.400000000000000000e+11
1.470800000000000182e+03 4.000000000000000000e+00 1.400000000000000000e+11
1.471000000000000000e+03 4.000000000000000000e+00 1.400000000000000000e+11
1.471200000000000045e+03 4.000000000000000000e+00 1.400000000000000000e+11
1.471400000000000091e+03 5.656854249492380582e+00 1.400000000000000000e+11
1.471600000000000136e+03 5.656854249492380582e+00 1.400000000000000000e+11
1.471800000000000182e+03 5.656854249492380582e+00 1.400000000000000000e+11
1.472000000000000000e+03 5.656854249492380582e+00 0.000000000000000000e+00
1.472200000000000045e+03 4.000000000000000000e+00 0.000000000000000000e+00
1.472400000000000091e+03 4.000000000000000000e+00 0.000000000000000000e+00
1.472600000000000136e+03 4.000000000000000000e+00 0.000000000000000000e+00
1.472800000000000182e+03 0.000000000000000000e+00 0.000000000000000000e+00
1.473000000000000000e+03 0.000000000000000000e+00 0.000000000000000000e+00
1.473200000000000045e+03 0.000000000000000000e+00 0.000000000000000000e+00
1.473400000000000091e+03 0.000000000000000000e+00 0.000000000000000000e+00
1.473600000000000136e+03 4.000000000000000000e+00 0.000000000000000000e+00
1.473800000000000182e+03 4.000000000000000000e+00 0.000000000000000000e+00
1.474000000000000000e+03 4.000000000000000000e+00 0.000000000000000000e+00
1.474200000000000045e+03 5.656854249492380582e+00 0.000000000000000000e+00
1.474400000000000091e+03 5.656854249492380582e+00 0.000000000000000000e+00
1.474600000000000136e+03 5.656854249492380582e+00 0.000000000000000000e+00
1.474800000000000182e+03 4.000000000000000000e+00 0.000000000000000000e+00
1.475000000000000000e+03 4.000000000000000000e+00 0.000000000000000000e+00
1.475200000000000045e+03 4.000000000000000000e+00 0.000000000000000000e+00
1.475400000000000091e+03 4.000000000000000000e+00 0.000000000000000000e+00
1.475600000000000136e+03 0.000000000000000000e+00 0.000000000000000000e+00
1.475800000000000182e+03 0.000000000000000000e+00 0.000000000000000000e+00
1.476000000000000000e+03 0.000000000000000000e+00 1.400000000000000000e+11
1.476200000000000045e+03 4.000000000000000000e+00 1.400000000000000000e+11
1.476400000000000091e+03 4.000000000000000000e+00 1.400000000000000000e+11
1.476600000000000136e+03 4.000000000000000000e+00 1.400000000000000000e+11
1.476800000000000182e+03 4.000000000000000000e+00 1.400000000000000000e+11
1.477000000000000000e+03 5.656854249492380582e+00 1.400000000000000000e+11
1.477200000000000045e+03 5.656854249492380582e+00 1.400000000000000000e+11
1.477400000000000091e+03 5.656854249492380582e+00 1.400000000000000000e+11
1.477600000000000136e+03 4.000000000000000000e+00 1.400000000000000000e+11
1.477800000000000182e+03 4.000000000000000000e+00 1.400000000000000000e+11
1.478000000000000000e+03 4.000000000000000000e+00 1.400000000000000000e+11
1.478200000000000045e+03 0.000000000000000000e+00 1.400000000000000000e+11
1.478400000000000091e+03 0.000000000000000000e+00 1.400000000000000000e+11
1.478600000000000136e+03 0.000000000000000000e+00 1.400000000000000000e+11
1.478800000000000182e+03 0.000000000000000000e+00 1.400000000000000000e+11
1.479000000000000000e+03 4.000000000000000000e+00 1.400000000000000000e+11
1.479200000000000045e+03 4.000000000000000000e+00 1.400000000000000000e+11
1.479400000000000091e+03 4.000000000000000000e+00 1.400000000000000000e+11
1.479600000000000136e+03 5.656854249492380582e+00 1.400000000000000000e+11
1.479800000000000182e+03 5.656854249492380582e+00 1.400000000000000000e+11
1.480000000000000000e+03 5.656854249492380582e+00 0.000000000000000000e+00
1.480200000000000045e+03 5.656854249492380582e+00 0.000000000000000000e+00
1.480400000000000091e+03 4.000000000000000000e+00 0.000000000000000000e+00
1.480600000000000136e+03 4.000000000000000000e+00 0.000000000000000000e+00
1.480800000000000182e+03 4.000000000000000000e+00 0.000000000000000000e+00
1.481000000000000000e+03 0.000000000000000000e+00 0.000000000000000000e+00
1.481200000000000045e+03 0.000000000000000000e+00 0.000000000000000000e+00
1.481400000000000091e+03 0.000000000000000000e+00 0.000000000000000000e+00
1.481600000000000136e+03 4.000000000000000000e+00 0.000000000000000000e+00
1.481800000000000182e+03 4.000000000000000000e+00 0.000000000000000000e+00
1.482000000000000000e+03 4.000000000000000000e+00 0.000000000000000000e+00
1.482200000000000045e+03 4.000000000000000000e+00 0.000000000000000000e+00
1.482400000000000091e+03 5.656854249492380582e+00 0.000000000000000000e+00
1.482600000000000136e+03 5.656854249492380582e+00 0.000000000000000000e+00
1.482800000000000182e+03 5.656854249492380582e+00 0.000000000000000000e+00
1.483000000000000000e+03 4.000000000000000000e+00 0.000000000000000000e+00
1.483200000000000045e+03 4.000000000000000000e+00 0.000000000000000000e+00
1.483400000000000091e+03 4.000000000000000000e+00 0.000000000000000000e+00
1.483600000000000136e+03 0.000000000000000000e+00 0.000000000000000000e+00
1.483800000000000182e+03 0.000000000000000000e+00 0.000000000000000000e+00
1.484000000000000000e+03 0.000000000000000000e+00 1.400000000000000000e+11
1.484200000000000045e+03 0.000000000000000000e+00 1.400000000000000000e+11
1.484400000000000091e+03 4.000000000000000000e+00 1.400000000000000000e+11
1.484600000000000136e+03 4.000000000000000000e+00 1.400000000000000000e+11
1.484800000000000182e+03 4.000000000000000000e+00 1.400000000000000000e+11
1.485000000000000000e+03 5.656854249492380582e+00 1.400000000000000000e+11
1.485200000000000045e+03 5.656854249492380582e+00 1.400000000000000000e+11
1.485400000000000091e+03 5.656854249492380582e+00 1.400000000000000000e+11
1.485600000000000136e+03 5.656854249492380582e+00 1.400000000000000000e+11
1.485800000000000182e+03 4.000000000000000000e+00 1.400000000000000000e+11
1.486000000000000000e+03 4.000000000000000000e+00 1.400000000000000000e+11
1.486200000000000045e+03 4.000000000000000000e+00 1.400000000000000000e+11
1.486400000000000091e+03 0.000000000000000000e+00 1.400000000000000000e+11
1.486600000000000136e+03 0.000000000000000000e+00 1.400000000000000000e+11
1.486800000000000182e+03 0.000000000000000000e+00 1.400000000000000000e+11
1.487000000000000000e+03 0.000000000000000000e+00 1.400000000000000000e+11
1.487200000000000045e+03 4.000000000000000000e+00 1.400000000000000000e+11
1.487400000000000091e+03 4.000000000000000000e+00 1.400000000000000000e+11
1.487600000000000136e+03 4.000000000000000000e+00 1.400000000000000000e+11
1.487800000000000182e+03 5.656854249492380582e+00 1.400000000000000000e+11
1.488000000000000000e+03 5.656854249492380582e+00 0.000000000000000000e+00
1.488200000000000045e+03 5.656854249492380582e+00 0.000000000000000000e+00
1.488400000000000091e+03 4.000000000000000000e+00 0.000000000000000000e+00
1.488600000000000136e+03 4.000000000000000000e+00 0.000000000000000000e+00
1.488800000000000182e+03 4.000000000000000000e+00 0.000000000000000000e+00
1.489000000000000000e+03 4.000000000000000000e+00 0.000000000000000000e+00
1.489200000000000045e+03 0.000000000000000000e+00 0.000000000000000000e+00
1.489400000000000091e+03 0.000000000000000000e+00 0.000000000000000000e+00
1.489600000000000136e+03 0.000000000000000000e+00 0.000000000000000000e+00
1.489800000000000182e+03 4.000000000000000000e+00 0.000000000000000000e+00
1.490000000000000000e+03 4.000000000000000000e+00 0.000000000000000000e+00
1.490200000000000045e+03 4.000000000000000000e+00 0.000000000000000000e+00
1.490400000000000091e+03 4.000000000000000000e+00 0.000000000000000000e+00
1.490600000000000136e+03 5.656854249492380582e+00 0.000000000000000000e+00
1.490800000000000182e+03 5.656854249492380582e+00 0.000000000000000000e+00
1.491000000000000000e+03 5.656854249492380582e+00 0.000000000000000000e+00
1.491200000000000045e+03 4.000000000000000000e+00 0.000000000000000000e+00
1.491400000000000091e+03 4.000000000000000000e+00 0.000000000000000000e+00
1.491600000000000136e+03 4.000000000000000000e+00 0.000000000000000000e+00
1.491800000000000182e+03 0.000000000000000000e+00 0.000000000000000000e+00
1.492000000000000000e+03 0.000000000000000000e+00 1.400000000000000000e+11
1.492200000000000045e+03 0.000000000000000000e+00 1.400000000000000000e+11
1.492400000000000091e+03 0.000000000000000000e+00 1.400000000000000000e+11
1.492600000000000136e+03 4.000000000000000000e+00 1.400000000000000000e+11
1.492800000000000182e+03 4.000000000000000000e+00 1.400000000000000000e+11
1.493000000000000000e+03 4.000000000000000000e+00 1.400000000000000000e+11
1.493200000000000045e+03 5.656854249492380582e+00 1.400000000000000000e+11
1.493400000000000091e+03 5.656854249492380582e+00 1.400000000000000000e+11
1.493600000000000136e+03 5.656854249492380582e+00 1.400000000000000000e+11
1.493800000000000182e+03 5.656854249492380582e+00 1.400000000000000000e+11
1.494000000000000000e+03 4.000000000000000000e+00 1.400000000000000000e+11
1.494200000000000045e+03 4.000000000000000000e+00 1.400000000000000000e+11
1.494400000000000091e+03 4.000000000000000000e+00 1.400000000000000000e+11
1.494600000000000136e+03 0.000000000000000000e+00 1.400000000000000000e+11
1.494800000000000182e+03 0.000000000000000000e+00 1.400000000000000000e+11
1.495000000000000000e+03 0.000000000000000000e+00 1.400000000000000000e+11
1.495200000000000045e+03 0.000000000000000000e+00 1.400000000000000000e+11
1.495400000000000091e+03 4.000000000000000000e+00 1.400000000000000000e+11
1.495600000000000136e+03 4.000000000000000000e+00 1.400000000000000000e+11
1.495800000000000182e+03 4.000000000000000000e+00 1.400000000000000000e+11
1.496000000000000000e+03 5.656854249492380582e+00 0.000000000000000000e+00
1.496200000000000045e+03 5.656854249492380582e+00 0.000000000000000000e+00
1.496400000000000091e+03 5.656854249492380582e+00 0.000000000000000000e+00
1.496600000000000136e+03 5.656854249492380582e+00 0.000000000000000000e+00
1.496800000000000182e+03 4.000000000000000000e+00 0.000000000000000000e+00
1.497000000000000000e+03 4.000000000000000000e+00 0.000000000000000000e+00
1.497200000000000045e+03 4.000000000000000000e+00 0.000000000000000000e+00
1.497400000000000091e+03 0.000000000000000000e+00 0.000000000000000000e+00
1.497600000000000136e+03 0.000000000000000000e+00 0.000000000000000000e+00
1.497800000000000182e+03 0.000000000000000000e+00 0.000000000000000000e+00
1.498000000000000000e+03 0.000000000000000000e+00 0.000000000000000000e+00
1.498200000000000045e+03 4.000000000000000000e+00 0.000000000000000000e+00
1.498400000000000091e+03 4.000000000000000000e+00 0.000000000000000000e+00
1.498600000000000136e+03 4.000000000000000000e+00 0.000000000000000000e+00
1.498800000000000182e+03 5.656854249492380582e+00 0.000000000000000000e+00
1.499000000000000000e+03 5.656854249492380582e+00 0.000000000000000000e+00
1.499200000000000045e+03 5.656854249492380582e+00 0.000000000000000000e+00
1.499400000000000091e+03 5.656854249492380582e+00 0.000000000000000000e+00
1.499600000000000136e+03 4.000000000000000000e+00 0.000000000000000000e+00
1.499800000000000182e+03 4.000000000000000000e+00 0.000000000000000000e+00
1.500000000000000000e+03 4.000000000000000000e+00 1.400000000000000000e+11
1.500200000000000045e+03 0.000000000000000000e+00 1.400000000000000000e+11
1.500400000000000091e+03 0.000000000000000000e+00 1.400000000000000000e+11
1.500600000000000136e+03 0.000000000000000000e+00 1.400000000000000000e+11
1.500800000000000182e+03 0.000000000000000000e+00 1.400000000000000000e+11
1.501000000000000000e+03 4.000000000000000000e+00 1.400000000000000000e+11
1.501200000000000045e+03 4.000000000000000000e+00 1.400000000000000000e+11
1.501400000000000091e+03 4.000000000000000000e+00 1.400000000000000000e+11
1.501600000000000136e+03 4.000000000000000000e+00 1.400000000000000000e+11
1.501800000000000182e+03 5.656854249492380582e+00 1.400000000000000000e+11
1.502000000000000000e+03 5.656854249492380582e+00 1.400000000000000000e+11
1.502200000000000045e+03 5.656854249492380582e+00 1.400000000000000000e+11
1.502400000000000091e+03 4.000000000000000000e+00 1.400000000000000000e+11
1.502600000000000136e+03 4.000000000000000000e+00 1.400000000000000000e+11
1.502800000000000182e+03 4.000000000000000000e+00 1.400000000000000000e+11
1.503000000000000000e+03 4.000000000000000000e+00 1.400000000000000000e+11
1.503200000000000045e+03 0.000000000000000000e+00 1.400000000000000000e+11
1.503400000000000091e+03 0.000000000000000000e+00 1.400000000000000000e+11
1.503600000000000136e+03 0.000000000000000000e+00 1.400000000000000000e+11
1.503800000000000182e+03 0.000000000000000000e+00 1.400000000000000000e+11
1.504000000000000000e+03 4.000000000000000000e+00 0.000000000000000000e+00
1.504200000000000045e+03 4.000000000000000000e+00 0.000000000000000000e+00
1.504400000000000091e+03 4.000000000000000000e+00 0.000000000000000000e+00
1.504600000000000136e+03 4.000000000000000000e+00 0.000000000000000000e+00
1.504800000000000182e+03 5.656854249492380582e+00 0.000000000000000000e+00
1.505000000000000000e+03 5.656854249492380582e+00 0.000000000000000000e+00
1.505200000000000045e+03 5.656854249492380582e+00 0.000000000000000000e+00
1.505400000000000091e+03 5.656854249492380582e+00 0.000000000000000000e+00
1.505600000000000136e+03 4.000000000000000000e+00 0.000000000000000000e+00
1.505800000000000182e+03 4.000000000000000000e+00 0.000000000000000000e+00
1.506000000000000000e+03 4.000000000000000000e+00 0.000000000000000000e+00
1.506200000000000045e+03 4.000000000000000000e+00 0.000000000000000000e+00
1.506400000000000091e+03 0.000000000000000000e+00 0.000000000000000000e+00
1.506600000000000136e+03 0.000000000000000000e+00 0.000000000000000000e+00
1.506800000000000182e+03 0.000000000000000000e+00 0.000000000000000000e+00
1.507000000000000000e+03 4.000000000000000000e+00 0.000000000000000000e+00
1.507200000000000045e+03 4.000000000000000000e+00 0.000000000000000000e+00
1.507400000000000091e+03 4.000000000000000000e+00 0.000000000000000000e+00
1.507600000000000136e+03 4.000000000000000000e+00 0.000000000000000000e+00
1.507800000000000182e+03 5.656854249492380582e+00 0.000000000000000000e+00
1.508000000000000000e+03 5.656854249492380582e+00 1.400000000000000000e+11
1.508200000000000045e+03 5.656854249492380582e+00 1.400000000000000000e+11
1.508400000000000091e+03 5.656854249492380582e+00 1.400000000000000000e+11
1.508600000000000136e+03 4.000000000000000000e+00 1.400000000000000000e+11
1.508800000000000182e+03 4.000000000000000000e+00 1.400000000000000000e+11
1.509000000000000000e+03 4.000000000000000000e+00 1.400000000000000000e+11
1.509200000000000045e+03 5.656854249492380582e+00 1.400000000000000000e+11
1.509400000000000091e+03 4.000000000000000000e+00 1.400000000000000000e+11
1.509600000000000136e+03 4.000000000000000000e+00 1.400000000000000000e+11
1.509800000000000182e+03 4.000000000000000000e+00 1.400000000000000000e+11
1.510000000000000000e+03 4.000000000000000000e+00 1.400000000000000000e+11
1.510200000000000045e+03 5.656854249492380582e+00 1.400000000000000000e+11
1.510400000000000091e+03 5.656854249492380582e+00 1.400000000000000000e+11
1.510600000000000136e+03 8.000000000000000000e+00 1.400000000000000000e+11
1.510800000000000182e+03 8.000000000000000000e+00 1.400000000000000000e+11
1.511000000000000000e+03 8.944271909999159220e+00 1.400000000000000000e+11
1.511200000000000045e+03 1.131370849898476116e+01 1.400000000000000000e+11
1.511400000000000091e+03 8.944271909999159220e+00 1.400000000000000000e+11
1.511600000000000136e+03 1.264911064067351809e+01 1.400000000000000000e+11
1.511800000000000182e+03 1.200000000000000000e+01 1.400000000000000000e+11
1.512000000000000000e+03 8.944271909999159220e+00 0.000000000000000000e+00
1.512200000000000045e+03 8.944271909999159220e+00 0.000000000000000000e+00
1.512400000000000091e+03 8.000000000000000000e+00 0.000000000000000000e+00
1.512600000000000136e+03 8.944271909999159220e+00 0.000000000000000000e+00
1.512800000000000182e+03 5.656854249492380582e+00 0.000000000000000000e+00
1.513000000000000000e+03 8.000000000000000000e+00 0.000000000000000000e+00
1.513200000000000045e+03 8.944271909999159220e+00 0.000000000000000000e+00
1.513400000000000091e+03 8.944271909999159220e+00 0.000000000000000000e+00
1.513600000000000136e+03 8.944271909999159220e+00 0.000000000000000000e+00
1.513800000000000182e+03 1.200000000000000000e+01 0.000000000000000000e+00
1.514000000000000000e+03 1.264911064067351809e+01 0.000000000000000000e+00
1.514200000000000045e+03 1.131370849898476116e+01 0.000000000000000000e+00
1.514400000000000091e+03 1.131370849898476116e+01 0.000000000000000000e+00
1.514600000000000136e+03 1.264911064067351809e+01 0.000000000000000000e+00
1.514800000000000182e+03 1.200000000000000000e+01 0.000000000000000000e+00
1.515000000000000000e+03 8.944271909999159220e+00 0.000000000000000000e+00
1.515200000000000045e+03 5.656854249492380582e+00 0.000000000000000000e+00
1.515400000000000091e+03 8.944271909999159220e+00 0.000000000000000000e+00
1.515600000000000136e+03 4.000000000000000000e+00 0.000000000000000000e+00
1.515800000000000182e+03 5.656854249492380582e+00 0.000000000000000000e+00
1.516000000000000000e+03 4.000000000000000000e+00 1.400000000000000000e+11
1.516200000000000045e+03 8.944271909999159220e+00 1.400000000000000000e+11
1.516400000000000091e+03 1.131370849898476116e+01 1.400000000000000000e+11
1.516600000000000136e+03 8.944271909999159220e+00 1.400000000000000000e+11
1.516800000000000182e+03 1.200000000000000000e+01 1.400000000000000000e+11
1.517000000000000000e+03 1.264911064067351809e+01 1.400000000000000000e+11
1.517200000000000045e+03 1.442220510185595650e+01 1.400000000000000000e+11
1.517400000000000091e+03 1.442220510185595650e+01 1.400000000000000000e+11
1.517600000000000136e+03 1.649242250247064234e+01 1.400000000000000000e+11
1.517800000000000182e+03 1.600000000000000000e+01 1.400000000000000000e+11
1.518000000000000000e+03 1.788854381999831844e+01 1.400000000000000000e+11
1.518200000000000045e+03 1.697056274847713908e+01 1.400000000000000000e+11
1.518400000000000091e+03 1.649242250247064234e+01 1.400000000000000000e+11
1.518600000000000136e+03 1.649242250247064234e+01 1.400000000000000000e+11
1.518800000000000182e+03 1.442220510185595650e+01 1.400000000000000000e+11
1.519000000000000000e+03 1.788854381999831844e+01 1.400000000000000000e+11
1.519200000000000045e+03 2.000000000000000000e+01 1.400000000000000000e+11
1.519400000000000091e+03 2.154065922853801496e+01 1.400000000000000000e+11
1.519600000000000136e+03 2.561249694973139412e+01 1.400000000000000000e+11
1.519800000000000182e+03 2.529822128134703618e+01 1.400000000000000000e+11
1.520000000000000000e+03 2.800000000000000000e+01 0.000000000000000000e+00
1.520200000000000045e+03 3.046309242345563462e+01 0.000000000000000000e+00
1.520400000000000091e+03 2.828427124746190202e+01 0.000000000000000000e+00
1.520600000000000136e+03 3.046309242345563462e+01 0.000000000000000000e+00
1.520800000000000182e+03 2.800000000000000000e+01 0.000000000000000000e+00
1.521000000000000000e+03 2.683281572999747766e+01 0.000000000000000000e+00
1.521200000000000045e+03 2.828427124746190202e+01 0.000000000000000000e+00
1.521400000000000091e+03 2.529822128134703618e+01 0.000000000000000000e+00
1.521600000000000136e+03 2.400000000000000000e+01 0.000000000000000000e+00
1.521800000000000182e+03 2.332380757938120297e+01 0.000000000000000000e+00
1.522000000000000000e+03 2.332380757938120297e+01 0.000000000000000000e+00
1.522200000000000045e+03 2.433105012119287736e+01 0.000000000000000000e+00
1.522400000000000091e+03 2.529822128134703618e+01 0.000000000000000000e+00
1.522600000000000136e+03 2.262741699796952233e+01 0.000000000000000000e+00
1.522800000000000182e+03 2.683281572999747766e+01 0.000000000000000000e+00
1.523000000000000000e+03 2.800000000000000000e+01 0.000000000000000000e+00
1.523200000000000045e+03 2.529822128134703618e+01 0.000000000000000000e+00
1.523400000000000091e+03 2.561249694973139412e+01 0.000000000000000000e+00
1.523600000000000136e+03 2.683281572999747766e+01 0.000000000000000000e+00
1.523800000000000182e+03 2.433105012119287736e+01 0.000000000000000000e+00
1.524000000000000000e+03 2.529822128134703618e+01 1.400000000000000000e+11
1.524200000000000045e+03 2.561249694973139412e+01 1.400000000000000000e+11
1.524400000000000091e+03 2.683281572999747766e+01 1.400000000000000000e+11
1.524600000000000136e+03 2.400000000000000000e+01 1.400000000000000000e+11
1.524800000000000182e+03 2.683281572999747766e+01 1.400000000000000000e+11
1.525000000000000000e+03 3.124099870362661591e+01 1.400000000000000000e+11
1.525200000000000045e+03 2.912043955712207222e+01 1.400000000000000000e+11
1.525400000000000091e+03 3.298484500494128469e+01 1.400000000000000000e+11
1.525600000000000136e+03 3.773592452822641263e+01 1.400000000000000000e+11
1.525800000000000182e+03 4.118252056394800320e+01 1.400000000000000000e+11
1.526000000000000000e+03 4.472135954999579610e+01 1.400000000000000000e+11
1.526200000000000045e+03 4.560701700396551672e+01 1.400000000000000000e+11
1.526400000000000091e+03 4.882622246293480828e+01 1.400000000000000000e+11
1.526600000000000136e+03 5.215361924162119323e+01 1.400000000000000000e+11
1.526800000000000182e+03 5.656854249492380404e+01 1.400000000000000000e+11
1.527000000000000000e+03 5.824087911424414443e+01 1.400000000000000000e+11
1.527200000000000045e+03 6.000000000000000000e+01 1.400000000000000000e+11
1.527400000000000091e+03 6.260990336999411454e+01 1.400000000000000000e+11
1.527600000000000136e+03 6.412487816752559411e+01 1.400000000000000000e+11
1.527800000000000182e+03 6.835202996254024299e+01 1.400000000000000000e+11
1.528000000000000000e+03 7.076722405181652675e+01 0.000000000000000000e+00
1.528200000000000045e+03 7.211102550927978427e+01 0.000000000000000000e+00
1.528400000000000091e+03 7.244308110509933840e+01 0.000000000000000000e+00
1.528600000000000136e+03 7.547184905645282527e+01 0.000000000000000000e+00
1.528800000000000182e+03 7.211102550927978427e+01 0.000000000000000000e+00
1.529000000000000000e+03 7.299315036357863562e+01 0.000000000000000000e+00
1.529200000000000045e+03 7.375635565834309659e+01 0.000000000000000000e+00
1.529400000000000091e+03 7.440430095095310037e+01 0.000000000000000000e+00
1.529600000000000136e+03 7.343023900274327787e+01 0.000000000000000000e+00
1.529800000000000182e+03 7.244308110509933840e+01 0.000000000000000000e+00
1.530000000000000000e+03 7.088018058667739751e+01 0.000000000000000000e+00
1.530200000000000045e+03 6.811754546370561059e+01 0.000000000000000000e+00
1.530400000000000091e+03 6.621178142898739338e+01 0.000000000000000000e+00
1.530600000000000136e+03 6.400000000000000000e+01 0.000000000000000000e+00
1.530800000000000182e+03 6.621178142898739338e+01 0.000000000000000000e+00
1.531000000000000000e+03 6.248199740725323181e+01 0.000000000000000000e+00
1.531200000000000045e+03 6.209669878504009688e+01 0.000000000000000000e+00
1.531400000000000091e+03 6.511528238439882443e+01 0.000000000000000000e+00
1.531600000000000136e+03 6.324555320336758513e+01 0.000000000000000000e+00
1.531800000000000182e+03 6.657326790837295505e+01 0.000000000000000000e+00
1.532000000000000000e+03 6.449806198638839305e+01 1.400000000000000000e+11
1.532200000000000045e+03 7.088018058667739751e+01 1.400000000000000000e+11
1.532400000000000091e+03 7.683749084919418237e+01 1.400000000000000000e+11
1.532600000000000136e+03 7.889233169326408301e+01 1.400000000000000000e+11
1.532800000000000182e+03 8.438009243891595190e+01 1.400000000000000000e+11
1.533000000000000000e+03 8.854377448471461776e+01 1.400000000000000000e+11
1.533200000000000045e+03 9.068627239003707530e+01 1.400000000000000000e+11
1.533400000000000091e+03 9.507891459203770523e+01 1.400000000000000000e+11
1.533600000000000136e+03 1.000799680255744306e+02 1.400000000000000000e+11
1.533800000000000182e+03 1.037689741685827727e+02 1.400000000000000000e+11
1.534000000000000000e+03 1.112115101956627541e+02 1.400000000000000000e+11
1.534200000000000045e+03 1.184567431596867806e+02 1.400000000000000000e+11
1.534400000000000091e+03 1.241933975700801938e+02 1.400000000000000000e+11
1.534600000000000136e+03 1.362350909274112212e+02 1.400000000000000000e+11
1.534800000000000182e+03 1.397139935725838313e+02 1.400000000000000000e+11
1.535000000000000000e+03 1.520526224699856925e+02 1.400000000000000000e+11
1.535200000000000045e+03 1.574293492332354276e+02 1.400000000000000000e+11
1.535400000000000091e+03 1.656019323558756184e+02 1.400000000000000000e+11
1.535600000000000136e+03 1.187939392393399771e+02 1.400000000000000000e+11
1.535800000000000182e+03 1.218523696938225385e+02 1.400000000000000000e+11
1.536000000000000000e+03 1.280624847486569706e+02 0.000000000000000000e+00
1.536200000000000045e+03 1.252198067399882291e+02 0.000000000000000000e+00
1.536400000000000091e+03 1.224418229201117327e+02 0.000000000000000000e+00
1.536600000000000136e+03 1.193314711214103880e+02 0.000000000000000000e+00
1.536800000000000182e+03 1.193314711214103880e+02 0.000000000000000000e+00
1.537000000000000000e+03 1.168246549320818701e+02 0.000000000000000000e+00
1.537200000000000045e+03 1.145425685062108272e+02 0.000000000000000000e+00
1.537400000000000091e+03 1.160000000000000000e+02 0.000000000000000000e+00
1.537600000000000136e+03 1.162755348299890699e+02 0.000000000000000000e+00
1.537800000000000182e+03 1.137013632284151612e+02 0.000000000000000000e+00
1.538000000000000000e+03 1.154469575172944928e+02 0.000000000000000000e+00
1.538200000000000045e+03 1.137717012266231364e+02 0.000000000000000000e+00
1.538400000000000091e+03 1.144027971686007277e+02 0.000000000000000000e+00
1.538600000000000136e+03 1.111395519155984317e+02 0.000000000000000000e+00
1.538800000000000182e+03 1.126410227226297849e+02 0.000000000000000000e+00
1.539000000000000000e+03 1.100545319375808333e+02 0.000000000000000000e+00
1.539200000000000045e+03 1.074802307403552248e+02 0.000000000000000000e+00
1.539400000000000091e+03 1.077032961426900783e+02 0.000000000000000000e+00
1.539600000000000136e+03 1.043072384832423865e+02 0.000000000000000000e+00
1.539800000000000182e+03 1.022154587134451020e+02 0.000000000000000000e+00
1.540000000000000000e+03 1.009554357129917008e+02 1.400000000000000000e+11
1.540200000000000045e+03 1.052235715037272428e+02 1.400000000000000000e+11
1.540400000000000091e+03 1.126410227226297849e+02 1.400000000000000000e+11
1.540600000000000136e+03 1.219180052330253687e+02 1.400000000000000000e+11
1.540800000000000182e+03 1.307822617941745307e+02 1.400000000000000000e+11
1.541000000000000000e+03 1.360588108135596030e+02 1.400000000000000000e+11
1.541200000000000045e+03 1.431083505599865475e+02 1.400000000000000000e+11
1.541400000000000091e+03 1.512084653714863975e+02 1.400000000000000000e+11
1.541600000000000136e+03 1.592482338991550535e+02 1.400000000000000000e+11
1.541800000000000182e+03 1.374627222195166496e+02 1.400000000000000000e+11
1.542000000000000000e+03 1.331465358167459101e+02 1.400000000000000000e+11
1.542200000000000045e+03 1.242577965360725329e+02 1.400000000000000000e+11
1.542400000000000091e+03 1.131370849898476081e+02 1.400000000000000000e+11
1.542600000000000136e+03 1.038460398859773619e+02 1.400000000000000000e+11
1.542800000000000182e+03 9.682974749528163727e+01 1.400000000000000000e+11
1.543000000000000000e+03 8.944271909999159220e+01 1.400000000000000000e+11
1.543200000000000045e+03 8.009993757800314995e+01 1.400000000000000000e+11
1.543400000000000091e+03 7.353910524340093957e+01 1.400000000000000000e+11
1.543600000000000136e+03 7.076722405181652675e+01 1.400000000000000000e+11
1.543800000000000182e+03 6.324555320336758513e+01 1.400000000000000000e+11
1.544000000000000000e+03 6.053098380168622583e+01 0.000000000000000000e+00
1.544200000000000045e+03 6.105735008989498880e+01 0.000000000000000000e+00
1.544400000000000091e+03 6.324555320336758513e+01 0.000000000000000000e+00
1.544600000000000136e+03 6.118823416311342100e+01 0.000000000000000000e+00
1.544800000000000182e+03 6.118823416311342100e+01 0.000000000000000000e+00
1.545000000000000000e+03 6.324555320336758513e+01 0.000000000000000000e+00
1.545200000000000045e+03 6.105735008989498880e+01 0.000000000000000000e+00
1.545400000000000091e+03 6.053098380168622583e+01 0.000000000000000000e+00
1.545600000000000136e+03 5.824087911424414443e+01 0.000000000000000000e+00
1.545800000000000182e+03 5.685068161420758059e+01 0.000000000000000000e+00
1.546000000000000000e+03 5.366563145999495532e+01 0.000000000000000000e+00
1.546200000000000045e+03 5.614267539047279598e+01 0.000000000000000000e+00
1.546400000000000091e+03 5.200000000000000000e+01 0.000000000000000000e+00
1.546600000000000136e+03 5.381449618829483938e+01 0.000000000000000000e+00
1.546800000000000182e+03 5.440588203494177577e+01 0.000000000000000000e+00
1.547000000000000000e+03 5.261178575186362139e+01 0.000000000000000000e+00
1.547200000000000045e+03 5.215361924162119323e+01 0.000000000000000000e+00
1.547400000000000091e+03 5.440588203494177577e+01 0.000000000000000000e+00
1.547600000000000136e+03 5.727128425310541360e+01 0.000000000000000000e+00
1.547800000000000182e+03 5.727128425310541360e+01 0.000000000000000000e+00
1.548000000000000000e+03 5.440588203494177577e+01 1.400000000000000000e+11
1.548200000000000045e+03 5.215361924162119323e+01 1.400000000000000000e+11
1.548400000000000091e+03 4.866210024238575471e+01 1.400000000000000000e+11
1.548600000000000136e+03 4.472135954999579610e+01 1.400000000000000000e+11
1.548800000000000182e+03 4.000000000000000000e+01 1.400000000000000000e+11
1.549000000000000000e+03 3.773592452822641263e+01 1.400000000000000000e+11
1.549200000000000045e+03 3.224903099319419653e+01 1.400000000000000000e+11
1.549400000000000091e+03 2.912043955712207222e+01 1.400000000000000000e+11
1.549600000000000136e+03 2.561249694973139412e+01 1.400000000000000000e+11
1.549800000000000182e+03 2.529822128134703618e+01 1.400000000000000000e+11
1.550000000000000000e+03 2.400000000000000000e+01 1.400000000000000000e+11
1.550200000000000045e+03 2.332380757938120297e+01 1.400000000000000000e+11
1.550400000000000091e+03 2.000000000000000000e+01 1.400000000000000000e+11
1.550600000000000136e+03 2.039607805437113797e+01 1.400000000000000000e+11
1.550800000000000182e+03 2.039607805437113797e+01 1.400000000000000000e+11
1.551000000000000000e+03 1.788854381999831844e+01 1.400000000000000000e+11
1.551200000000000045e+03 2.000000000000000000e+01 1.400000000000000000e+11
1.551400000000000091e+03 1.788854381999831844e+01 1.400000000000000000e+11
1.551600000000000136e+03 1.600000000000000000e+01 1.400000000000000000e+11
1.551800000000000182e+03 1.264911064067351809e+01 1.400000000000000000e+11
1.552000000000000000e+03 1.131370849898476116e+01 0.000000000000000000e+00
1.552200000000000045e+03 8.944271909999159220e+00 0.000000000000000000e+00
1.552400000000000091e+03 8.000000000000000000e+00 0.000000000000000000e+00
1.552600000000000136e+03 8.944271909999159220e+00 0.000000000000000000e+00
1.552800000000000182e+03 8.944271909999159220e+00 0.000000000000000000e+00
1.553000000000000000e+03 8.000000000000000000e+00 0.000000000000000000e+00
1.553200000000000045e+03 8.944271909999159220e+00 0.000000000000000000e+00
1.553400000000000091e+03 1.131370849898476116e+01 0.000000000000000000e+00
1.553600000000000136e+03 1.264911064067351809e+01 0.000000000000000000e+00
1.553800000000000182e+03 1.200000000000000000e+01 0.000000000000000000e+00
1.554000000000000000e+03 1.264911064067351809e+01 0.000000000000000000e+00
1.554200000000000045e+03 1.442220510185595650e+01 0.000000000000000000e+00
1.554400000000000091e+03 1.442220510185595650e+01 0.000000000000000000e+00
1.554600000000000136e+03 1.264911064067351809e+01 0.000000000000000000e+00
1.554800000000000182e+03 1.264911064067351809e+01 0.000000000000000000e+00
1.555000000000000000e+03 8.944271909999159220e+00 0.000000000000000000e+00
1.555200000000000045e+03 8.944271909999159220e+00 0.000000000000000000e+00
1.555400000000000091e+03 8.000000000000000000e+00 0.000000000000000000e+00
1.555600000000000136e+03 8.944271909999159220e+00 0.000000000000000000e+00
1.555800000000000182e+03 8.944271909999159220e+00 0.000000000000000000e+00
1.556000000000000000e+03 8.000000000000000000e+00 1.400000000000000000e+11
1.556200000000000045e+03 8.944271909999159220e+00 1.400000000000000000e+11
1.556400000000000091e+03 8.944271909999159220e+00 1.400000000000000000e+11
1.556600000000000136e+03 8.944271909999159220e+00 1.400000000000000000e+11
1.556800000000000182e+03 8.000000000000000000e+00 1.400000000000000000e+11
1.557000000000000000e+03 8.944271909999159220e+00 1.400000000000000000e+11
1.557200000000000045e+03 8.944271909999159220e+00 1.400000000000000000e+11
1.557400000000000091e+03 8.944271909999159220e+00 1.400000000000000000e+11
1.557600000000000136e+03 8.944271909999159220e+00 1.400000000000000000e+11
1.557800000000000182e+03 8.000000000000000000e+00 1.400000000000000000e+11
1.558000000000000000e+03 4.000000000000000000e+00 1.400000000000000000e+11
1.558200000000000045e+03 5.656854249492380582e+00 1.400000000000000000e+11
1.558400000000000091e+03 5.656854249492380582e+00 1.400000000000000000e+11
1.558600000000000136e+03 0.000000000000000000e+00 1.400000000000000000e+11
1.558800000000000182e+03 0.000000000000000000e+00 1.400000000000000000e+11
1.559000000000000000e+03 0.000000000000000000e+00 1.400000000000000000e+11
1.559200000000000045e+03 0.000000000000000000e+00 1.400000000000000000e+11
1.559400000000000091e+03 4.000000000000000000e+00 1.400000000000000000e+11
1.559600000000000136e+03 4.000000000000000000e+00 1.400000000000000000e+11
1.559800000000000182e+03 4.000000000000000000e+00 1.400000000000000000e+11
1.560000000000000000e+03 5.656854249492380582e+00 0.000000000000000000e+00
1.560200000000000045e+03 5.656854249492380582e+00 0.000000000000000000e+00
1.560400000000000091e+03 5.656854249492380582e+00 0.000000000000000000e+00
1.560600000000000136e+03 5.656854249492380582e+00 0.000000000000000000e+00
1.560800000000000182e+03 4.000000000000000000e+00 0.000000000000000000e+00
1.561000000000000000e+03 4.000000000000000000e+00 0.000000000000000000e+00
1.561200000000000045e+03 4.000000000000000000e+00 0.000000000000000000e+00
1.561400000000000091e+03 4.000000000000000000e+00 0.000000000000000000e+00
1.561600000000000136e+03 0.000000000000000000e+00 0.000000000000000000e+00
1.561800000000000182e+03 0.000000000000000000e+00 0.000000000000000000e+00
1.562000000000000000e+03 0.000000000000000000e+00 0.000000000000000000e+00
1.562200000000000045e+03 0.000000000000000000e+00 0.000000000000000000e+00
1.562400000000000091e+03 4.000000000000000000e+00 0.000000000000000000e+00
1.562600000000000136e+03 4.000000000000000000e+00 0.000000000000000000e+00
1.562800000000000182e+03 4.000000000000000000e+00 0.000000000000000000e+00
1.563000000000000000e+03 4.000000000000000000e+00 0.000000000000000000e+00
1.563200000000000045e+03 5.656854249492380582e+00 0.000000000000000000e+00
1.563400000000000091e+03 5.656854249492380582e+00 0.000000000000000000e+00
1.563600000000000136e+03 5.656854249492380582e+00 0.000000000000000000e+00
1.563800000000000182e+03 4.000000000000000000e+00 0.000000000000000000e+00
1.564000000000000000e+03 4.000000000000000000e+00 1.400000000000000000e+11
1.564200000000000045e+03 4.000000000000000000e+00 1.400000000000000000e+11
1.564400000000000091e+03 4.000000000000000000e+00 1.400000000000000000e+11
1.564600000000000136e+03 0.000000000000000000e+00 1.400000000000000000e+11
1.564800000000000182e+03 0.000000000000000000e+00 1.400000000000000000e+11
1.565000000000000000e+03 0.000000000000000000e+00 1.400000000000000000e+11
1.565200000000000045e+03 0.000000000000000000e+00 1.400000000000000000e+11
1.565400000000000091e+03 4.000000000000000000e+00 1.400000000000000000e+11
1.565600000000000136e+03 4.000000000000000000e+00 1.400000000000000000e+11
1.565800000000000182e+03 4.000000000000000000e+00 1.400000000000000000e+11
1.566000000000000000e+03 5.656854249492380582e+00 1.400000000000000000e+11
1.566200000000000045e+03 5.656854249492380582e+00 1.400000000000000000e+11
1.566400000000000091e+03 5.656854249492380582e+00 1.400000000000000000e+11
1.566600000000000136e+03 5.656854249492380582e+00 1.400000000000000000e+11
1.566800000000000182e+03 4.000000000000000000e+00 1.400000000000000000e+11
1.567000000000000000e+03 4.000000000000000000e+00 1.400000000000000000e+11
1.567200000000000045e+03 4.000000000000000000e+00 1.400000000000000000e+11
1.567400000000000091e+03 0.000000000000000000e+00 1.400000000000000000e+11
1.567600000000000136e+03 0.000000000000000000e+00 1.400000000000000000e+11
1.567800000000000182e+03 0.000000000000000000e+00 1.400000000000000000e+11
1.568000000000000000e+03 0.000000000000000000e+00 0.000000000000000000e+00
1.568200000000000045e+03 4.000000000000000000e+00 0.000000000000000000e+00
1.568400000000000091e+03 4.000000000000000000e+00 0.000000000000000000e+00
1.568600000000000136e+03 4.000000000000000000e+00 0.000000000000000000e+00
1.568800000000000182e+03 5.656854249492380582e+00 0.000000000000000000e+00
1.569000000000000000e+03 5.656854249492380582e+00 0.000000000000000000e+00
1.569200000000000045e+03 5.656854249492380582e+00 0.000000000000000000e+00
1.569400000000000091e+03 5.656854249492380582e+00 0.000000000000000000e+00
1.569600000000000136e+03 4.000000000000000000e+00 0.000000000000000000e+00
1.569800000000000182e+03 4.000000000000000000e+00 0.000000000000000000e+00
1.570000000000000000e+03 4.000000000000000000e+00 0.000000000000000000e+00
1.570200000000000045e+03 0.000000000000000000e+00 0.000000000000000000e+00
1.570400000000000091e+03 0.000000000000000000e+00 0.000000000000000000e+00
1.570600000000000136e+03 0.000000000000000000e+00 0.000000000000000000e+00
1.570800000000000182e+03 4.000000000000000000e+00 0.000000000000000000e+00
1.571000000000000000e+03 4.000000000000000000e+00 0.000000000000000000e+00
1.571200000000000045e+03 4.000000000000000000e+00 0.000000000000000000e+00
1.571400000000000091e+03 4.000000000000000000e+00 0.000000000000000000e+00
1.571600000000000136e+03 5.656854249492380582e+00 0.000000000000000000e+00
1.571800000000000182e+03 5.656854249492380582e+00 0.000000000000000000e+00
1.572000000000000000e+03 5.656854249492380582e+00 1.400000000000000000e+11
1.572200000000000045e+03 4.000000000000000000e+00 1.400000000000000000e+11
1.572400000000000091e+03 4.000000000000000000e+00 1.400000000000000000e+11
1.572600000000000136e+03 4.000000000000000000e+00 1.400000000000000000e+11
1.572800000000000182e+03 4.000000000000000000e+00 1.400000000000000000e+11
1.573000000000000000e+03 0.000000000000000000e+00 1.400000000000000000e+11
1.573200000000000045e+03 0.000000000000000000e+00 1.400000000000000000e+11
1.573400000000000091e+03 0.000000000000000000e+00 1.400000000000000000e+11
1.573600000000000136e+03 4.000000000000000000e+00 1.400000000000000000e+11
1.573800000000000182e+03 4.000000000000000000e+00 1.400000000000000000e+11
1.574000000000000000e+03 4.000000000000000000e+00 1.400000000000000000e+11
1.574200000000000045e+03 5.656854249492380582e+00 1.400000000000000000e+11
1.574400000000000091e+03 5.656854249492380582e+00 1.400000000000000000e+11
1.574600000000000136e+03 5.656854249492380582e+00 1.400000000000000000e+11
1.574800000000000182e+03 5.656854249492380582e+00 1.400000000000000000e+11
1.575000000000000000e+03 4.000000000000000000e+00 1.400000000000000000e+11
1.575200000000000045e+03 4.000000000000000000e+00 1.400000000000000000e+11
1.575400000000000091e+03 4.000000000000000000e+00 1.400000000000000000e+11
1.575600000000000136e+03 0.000000000000000000e+00 1.400000000000000000e+11
1.575800000000000182e+03 0.000000000000000000e+00 1.400000000000000000e+11
1.576000000000000000e+03 0.000000000000000000e+00 0.000000000000000000e+00
1.576200000000000045e+03 0.000000000000000000e+00 0.000000000000000000e+00
1.576400000000000091e+03 4.000000000000000000e+00 0.000000000000000000e+00
1.576600000000000136e+03 4.000000000000000000e+00 0.000000000000000000e+00
1.576800000000000182e+03 4.000000000000000000e+00 0.000000000000000000e+00
1.577000000000000000e+03 5.656854249492380582e+00 0.000000000000000000e+00
1.577200000000000045e+03 5.656854249492380582e+00 0.000000000000000000e+00
1.577400000000000091e+03 5.656854249492380582e+00 0.000000000000000000e+00
1.577600000000000136e+03 4.000000000000000000e+00 0.000000000000000000e+00
1.577800000000000182e+03 4.000000000000000000e+00 0.000000000000000000e+00
1.578000000000000000e+03 4.000000000000000000e+00 0.000000000000000000e+00
1.578200000000000045e+03 4.000000000000000000e+00 0.000000000000000000e+00
1.578400000000000091e+03 0.000000000000000000e+00 0.000000000000000000e+00
1.578600000000000136e+03 0.000000000000000000e+00 0.000000000000000000e+00
1.578800000000000182e+03 0.000000000000000000e+00 0.000000000000000000e+00
1.579000000000000000e+03 4.000000000000000000e+00 0.000000000000000000e+00
1.579200000000000045e+03 4.000000000000000000e+00 0.000000000000000000e+00
1.579400000000000091e+03 4.000000000000000000e+00 0.000000000000000000e+00
1.579600000000000136e+03 4.000000000000000000e+00 0.000000000000000000e+00
1.579800000000000182e+03 5.656854249492380582e+00 0.000000000000000000e+00
1.580000000000000000e+03 5.656854249492380582e+00 1.400000000000000000e+11
1.580200000000000045e+03 5.656854249492380582e+00 1.400000000000000000e+11
1.580400000000000091e+03 4.000000000000000000e+00 1.400000000000000000e+11
1.580600000000000136e+03 4.000000000000000000e+00 1.400000000000000000e+11
1.580800000000000182e+03 4.000000000000000000e+00 1.400000000000000000e+11
1.581000000000000000e+03 0.000000000000000000e+00 1.400000000000000000e+11
1.581200000000000045e+03 0.000000000000000000e+00 1.400000000000000000e+11
1.581400000000000091e+03 0.000000000000000000e+00 1.400000000000000000e+11
1.581600000000000136e+03 0.000000000000000000e+00 1.400000000000000000e+11
1.581800000000000182e+03 4.000000000000000000e+00 1.400000000000000000e+11
1.582000000000000000e+03 4.000000000000000000e+00 1.400000000000000000e+11
1.582200000000000045e+03 4.000000000000000000e+00 1.400000000000000000e+11
1.582400000000000091e+03 5.656854249492380582e+00 1.400000000000000000e+11
1.582600000000000136e+03 5.656854249492380582e+00 1.400000000000000000e+11
1.582800000000000182e+03 5.656854249492380582e+00 1.400000000000000000e+11
1.583000000000000000e+03 5.656854249492380582e+00 1.400000000000000000e+11
1.583200000000000045e+03 4.000000000000000000e+00 1.400000000000000000e+11
1.583400000000000091e+03 4.000000000000000000e+00 1.400000000000000000e+11
1.583600000000000136e+03 4.000000000000000000e+00 1.400000000000000000e+11
1.583800000000000182e+03 0.000000000000000000e+00 1.400000000000000000e+11
1.584000000000000000e+03 0.000000000000000000e+00 0.000000000000000000e+00
1.584200000000000045e+03 0.000000000000000000e+00 0.000000000000000000e+00
1.584400000000000091e+03 0.000000000000000000e+00 0.000000000000000000e+00
1.584600000000000136e+03 4.000000000000000000e+00 0.000000000000000000e+00
1.584800000000000182e+03 4.000000000000000000e+00 0.000000000000000000e+00
1.585000000000000000e+03 4.000000000000000000e+00 0.000000000000000000e+00
1.585200000000000045e+03 5.656854249492380582e+00 0.000000000000000000e+00
1.585400000000000091e+03 5.656854249492380582e+00 0.000000000000000000e+00
1.585600000000000136e+03 5.656854249492380582e+00 0.000000000000000000e+00
1.585800000000000182e+03 4.000000000000000000e+00 0.000000000000000000e+00
1.586000000000000000e+03 4.000000000000000000e+00 0.000000000000000000e+00
1.586200000000000045e+03 4.000000000000000000e+00 0.000000000000000000e+00
1.586400000000000091e+03 4.000000000000000000e+00 0.000000000000000000e+00
1.586600000000000136e+03 0.000000000000000000e+00 0.000000000000000000e+00
1.586800000000000182e+03 0.000000000000000000e+00 0.000000000000000000e+00
1.587000000000000000e+03 0.000000000000000000e+00 0.000000000000000000e+00
1.587200000000000045e+03 4.000000000000000000e+00 0.000000000000000000e+00
1.587400000000000091e+03 4.000000000000000000e+00 0.000000000000000000e+00
1.587600000000000136e+03 4.000000000000000000e+00 0.000000000000000000e+00
1.587800000000000182e+03 5.656854249492380582e+00 0.000000000000000000e+00
1.588000000000000000e+03 5.656854249492380582e+00 1.400000000000000000e+11
1.588200000000000045e+03 5.656854249492380582e+00 1.400000000000000000e+11
1.588400000000000091e+03 5.656854249492380582e+00 1.400000000000000000e+11
1.588600000000000136e+03 4.000000000000000000e+00 1.400000000000000000e+11
1.588800000000000182e+03 4.000000000000000000e+00 1.400000000000000000e+11
1.589000000000000000e+03 4.000000000000000000e+00 1.400000000000000000e+11
1.589200000000000045e+03 0.000000000000000000e+00 1.400000000000000000e+11
1.589400000000000091e+03 0.000000000000000000e+00 1.400000000000000000e+11
1.589600000000000136e+03 0.000000000000000000e+00 1.400000000000000000e+11
1.589800000000000182e+03 0.000000000000000000e+00 1.400000000000000000e+11
1.590000000000000000e+03 4.000000000000000000e+00 1.400000000000000000e+11
1.590200000000000045e+03 4.000000000000000000e+00 1.400000000000000000e+11
1.590400000000000091e+03 4.000000000000000000e+00 1.400000000000000000e+11
1.590600000000000136e+03 5.656854249492380582e+00 1.400000000000000000e+11
1.590800000000000182e+03 5.656854249492380582e+00 1.400000000000000000e+11
1.591000000000000000e+03 5.656854249492380582e+00 1.400000000000000000e+11
1.591200000000000045e+03 5.656854249492380582e+00 1.400000000000000000e+11
1.591400000000000091e+03 4.000000000000000000e+00 1.400000000000000000e+11
1.591600000000000136e+03 4.000000000000000000e+00 1.400000000000000000e+11
1.591800000000000182e+03 4.000000000000000000e+00 1.400000000000000000e+11
1.592000000000000000e+03 0.000000000000000000e+00 0.000000000000000000e+00
1.592200000000000045e+03 0.000000000000000000e+00 0.000000000000000000e+00
1.592400000000000091e+03 0.000000000000000000e+00 0.000000000000000000e+00
1.592600000000000136e+03 4.000000000000000000e+00 0.000000000000000000e+00
1.592800000000000182e+03 4.000000000000000000e+00 0.000000000000000000e+00
1.593000000000000000e+03 4.000000000000000000e+00 0.000000000000000000e+00
1.593200000000000045e+03 4.000000000000000000e+00 0.000000000000000000e+00
1.593400000000000091e+03 5.656854249492380582e+00 0.000000000000000000e+00
1.593600000000000136e+03 5.656854249492380582e+00 0.000000000000000000e+00
1.593800000000000182e+03 5.656854249492380582e+00 0.000000000000000000e+00
1.594000000000000000e+03 4.000000000000000000e+00 0.000000000000000000e+00
1.594200000000000045e+03 4.000000000000000000e+00 0.000000000000000000e+00
1.594400000000000091e+03 4.000000000000000000e+00 0.000000000000000000e+00
1.594600000000000136e+03 4.000000000000000000e+00 0.000000000000000000e+00
1.594800000000000182e+03 0.000000000000000000e+00 0.000000000000000000e+00
1.595000000000000000e+03 0.000000000000000000e+00 0.000000000000000000e+00
1.595200000000000045e+03 0.000000000000000000e+00 0.000000000000000000e+00
1.595400000000000091e+03 4.000000000000000000e+00 0.000000000000000000e+00
1.595600000000000136e+03 4.000000000000000000e+00 0.000000000000000000e+00
1.595800000000000182e+03 4.000000000000000000e+00 0.000000000000000000e+00
1.596000000000000000e+03 5.656854249492380582e+00 1.400000000000000000e+11
1.596200000000000045e+03 5.656854249492380582e+00 1.400000000000000000e+11
1.596400000000000091e+03 5.656854249492380582e+00 1.400000000000000000e+11
1.596600000000000136e+03 5.656854249492380582e+00 1.400000000000000000e+11
1.596800000000000182e+03 4.000000000000000000e+00 1.400000000000000000e+11
1.597000000000000000e+03 4.000000000000000000e+00 1.400000000000000000e+11
1.597200000000000045e+03 4.000000000000000000e+00 1.400000000000000000e+11
1.597400000000000091e+03 0.000000000000000000e+00 1.400000000000000000e+11
1.597600000000000136e+03 0.000000000000000000e+00 1.400000000000000000e+11
1.597800000000000182e+03 0.000000000000000000e+00 1.400000000000000000e+11
1.598000000000000000e+03 4.000000000000000000e+00 1.400000000000000000e+11
1.598200000000000045e+03 4.000000000000000000e+00 1.400000000000000000e+11
1.598400000000000091e+03 4.000000000000000000e+00 1.400000000000000000e+11
1.598600000000000136e+03 4.000000000000000000e+00 1.400000000000000000e+11
1.598800000000000182e+03 5.656854249492380582e+00 1.400000000000000000e+11
1.599000000000000000e+03 5.656854249492380582e+00 1.400000000000000000e+11
1.599200000000000045e+03 5.656854249492380582e+00 1.400000000000000000e+11
1.599400000000000091e+03 4.000000000000000000e+00 1.400000000000000000e+11
1.599600000000000136e+03 4.000000000000000000e+00 1.400000000000000000e+11
1.599800000000000182e+03 4.000000000000000000e+00 1.400000000000000000e+11
