1.600000000000000000e+03 4.000000000000000000e+00 0.000000000000000000e+00
1.600200000000000045e+03 4.000000000000000000e+00 0.000000000000000000e+00
1.600400000000000091e+03 4.000000000000000000e+00 0.000000000000000000e+00
1.600600000000000136e+03 5.656854249492380582e+00 0.000000000000000000e+00
1.600800000000000182e+03 5.656854249492380582e+00 0.000000000000000000e+00
1.601000000000000000e+03 5.656854249492380582e+00 0.000000000000000000e+00
1.601200000000000045e+03 5.656854249492380582e+00 0.000000000000000000e+00
1.601400000000000091e+03 5.656854249492380582e+00 0.000000000000000000e+00
1.601600000000000136e+03 5.656854249492380582e+00 0.000000000000000000e+00
1.601800000000000182e+03 5.656854249492380582e+00 0.000000000000000000e+00
1.602000000000000000e+03 5.656854249492380582e+00 0.000000000000000000e+00
1.602200000000000045e+03 0.000000000000000000e+00 0.000000000000000000e+00
1.602400000000000091e+03 4.000000000000000000e+00 0.000000000000000000e+00
1.602600000000000136e+03 5.656854249492380582e+00 0.000000000000000000e+00
1.602800000000000182e+03 5.656854249492380582e+00 0.000000000000000000e+00
1.603000000000000000e+03 5.656854249492380582e+00 0.000000000000000000e+00
1.603200000000000045e+03 5.656854249492380582e+00 0.000000000000000000e+00
1.603400000000000091e+03 5.656854249492380582e+00 0.000000000000000000e+00
1.603600000000000136e+03 5.656854249492380582e+00 0.000000000000000000e+00
1.603800000000000182e+03 5.656854249492380582e+00 0.000000000000000000e+00
1.604000000000000000e+03 5.656854249492380582e+00 1.425000400000000000e+11
1.604200000000000045e+03 5.656854249492380582e+00 1.425000200000000000e+11
1.604400000000000091e+03 4.000000000000000000e+00 1.425000200000000000e+11
1.604600000000000136e+03 5.656854249492380582e+00 1.425000400000000000e+11
1.604800000000000182e+03 5.656854249492380582e+00 1.425000200000000000e+11
1.605000000000000000e+03 5.656854249492380582e+00 1.425000200000000000e+11
1.605200000000000045e+03 4.000000000000000000e+00 1.425000200000000000e+11
1.605400000000000091e+03 0.000000000000000000e+00 1.425000200000000000e+11
1.605600000000000136e+03 5.656854249492380582e+00 1.425000200000000000e+11
1.605800000000000182e+03 5.656854249492380582e+00 1.425000400000000000e+11
1.606000000000000000e+03 5.656854249492380582e+00 1.425000400000000000e+11
1.606200000000000045e+03 5.656854249492380582e+00 1.425000200000000000e+11
1.606400000000000091e+03 5.656854249492380582e+00 1.425000400000000000e+11
1.606600000000000136e+03 5.656854249492380582e+00 1.425000200000000000e+11
1.606800000000000182e+03 5.656854249492380582e+00 1.425000400000000000e+11
1.607000000000000000e+03 4.000000000000000000e+00 1.425000200000000000e+11
1.607200000000000045e+03 4.000000000000000000e+00 1.425000400000000000e+11
1.607400000000000091e+03 4.000000000000000000e+00 1.425000200000000000e+11
1.607600000000000136e+03 0.000000000000000000e+00 1.425000200000000000e+11
1.607800000000000182e+03 0.000000000000000000e+00 1.425000400000000000e+11
1.608000000000000000e+03 0.000000000000000000e+00 0.000000000000000000e+00
1.608200000000000045e+03 4.000000000000000000e+00 0.000000000000000000e+00
1.608400000000000091e+03 5.656854249492380582e+00 0.000000000000000000e+00
1.608600000000000136e+03 5.656854249492380582e+00 0.000000000000000000e+00
1.608800000000000182e+03 5.656854249492380582e+00 0.000000000000000000e+00
1.609000000000000000e+03 5.656854249492380582e+00 0.000000000000000000e+00
1.609200000000000045e+03 5.656854249492380582e+00 0.000000000000000000e+00
1.609400000000000091e+03 5.656854249492380582e+00 0.000000000000000000e+00
1.609600000000000136e+03 5.656854249492380582e+00 0.000000000000000000e+00
1.609800000000000182e+03 4.000000000000000000e+00 0.000000000000000000e+00
1.610000000000000000e+03 4.000000000000000000e+00 0.000000000000000000e+00
1.610200000000000045e+03 0.000000000000000000e+00 0.000000000000000000e+00
1.610400000000000091e+03 0.000000000000000000e+00 0.000000000000000000e+00
1.610600000000000136e+03 0.000000000000000000e+00 0.000000000000000000e+00
1.610800000000000182e+03 4.000000000000000000e+00 0.000000000000000000e+00
1.611000000000000000e+03 5.656854249492380582e+00 0.000000000000000000e+00
1.611200000000000045e+03 5.656854249492380582e+00 0.000000000000000000e+00
1.611400000000000091e+03 5.656854249492380582e+00 0.000000000000000000e+00
1.611600000000000136e+03 5.656854249492380582e+00 0.000000000000000000e+00
1.611800000000000182e+03 5.656854249492380582e+00 0.000000000000000000e+00
1.612000000000000000e+03 5.656854249492380582e+00 1.425000400000000000e+11
1.612200000000000045e+03 4.000000000000000000e+00 1.425000200000000000e+11
1.612400000000000091e+03 4.000000000000000000e+00 1.425000400000000000e+11
1.612600000000000136e+03 4.000000000000000000e+00 1.425000200000000000e+11
1.612800000000000182e+03 4.000000000000000000e+00 1.425000200000000000e+11
1.613000000000000000e+03 0.000000000000000000e+00 1.425000400000000000e+11
1.613200000000000045e+03 0.000000000000000000e+00 1.425000200000000000e+11
1.613400000000000091e+03 0.000000000000000000e+00 1.425000400000000000e+11
1.613600000000000136e+03 4.000000000000000000e+00 1.425000400000000000e+11
1.613800000000000182e+03 4.000000000000000000e+00 1.425000200000000000e+11
1.614000000000000000e+03 5.656854249492380582e+00 1.425000400000000000e+11
1.614200000000000045e+03 5.656854249492380582e+00 1.425000400000000000e+11
1.614400000000000091e+03 5.656854249492380582e+00 1.425000400000000000e+11
1.614600000000000136e+03 5.656854249492380582e+00 1.425000200000000000e+11
1.614800000000000182e+03 4.000000000000000000e+00 1.425000200000000000e+11
1.615000000000000000e+03 4.000000000000000000e+00 1.425000400000000000e+11
1.615200000000000045e+03 4.000000000000000000e+00 1.425000400000000000e+11
1.615400000000000091e+03 4.000000000000000000e+00 1.425000200000000000e+11
1.615600000000000136e+03 0.000000000000000000e+00 1.425000200000000000e+11
1.615800000000000182e+03 0.000000000000000000e+00 1.425000400000000000e+11
1.616000000000000000e+03 0.000000000000000000e+00 0.000000000000000000e+00
1.616200000000000045e+03 4.000000000000000000e+00 0.000000000000000000e+00
1.616400000000000091e+03 4.000000000000000000e+00 0.000000000000000000e+00
1.616600000000000136e+03 4.000000000000000000e+00 0.000000000000000000e+00
1.616800000000000182e+03 5.656854249492380582e+00 0.000000000000000000e+00
1.617000000000000000e+03 5.656854249492380582e+00 0.000000000000000000e+00
1.617200000000000045e+03 5.656854249492380582e+00 0.000000000000000000e+00
1.617400000000000091e+03 5.656854249492380582e+00 0.000000000000000000e+00
1.617600000000000136e+03 4.000000000000000000e+00 0.000000000000000000e+00
1.617800000000000182e+03 4.000000000000000000e+00 0.000000000000000000e+00
1.618000000000000000e+03 4.000000000000000000e+00 0.000000000000000000e+00
1.618200000000000045e+03 4.000000000000000000e+00 0.000000000000000000e+00
1.618400000000000091e+03 0.000000000000000000e+00 0.000000000000000000e+00
1.618600000000000136e+03 0.000000000000000000e+00 0.000000000000000000e+00
1.618800000000000182e+03 0.000000000000000000e+00 0.000000000000000000e+00
1.619000000000000000e+03 4.000000000000000000e+00 0.000000000000000000e+00
1.619200000000000045e+03 4.000000000000000000e+00 0.000000000000000000e+00
1.619400000000000091e+03 5.656854249492380582e+00 0.000000000000000000e+00
1.619600000000000136e+03 5.656854249492380582e+00 0.000000000000000000e+00
1.619800000000000182e+03 5.656854249492380582e+00 0.000000000000000000e+00
1.620000000000000000e+03 5.656854249492380582e+00 1.425000400000000000e+11
1.620200000000000045e+03 5.656854249492380582e+00 1.425000200000000000e+11
1.620400000000000091e+03 4.000000000000000000e+00 1.425000200000000000e+11
1.620600000000000136e+03 4.000000000000000000e+00 1.425000400000000000e+11
1.620800000000000182e+03 4.000000000000000000e+00 1.425000200000000000e+11
1.621000000000000000e+03 0.000000000000000000e+00 1.425000400000000000e+11
1.621200000000000045e+03 0.000000000000000000e+00 1.425000200000000000e+11
1.621400000000000091e+03 0.000000000000000000e+00 1.425000200000000000e+11
1.621600000000000136e+03 4.000000000000000000e+00 1.425000200000000000e+11
1.621800000000000182e+03 4.000000000000000000e+00 1.425000200000000000e+11
1.622000000000000000e+03 4.000000000000000000e+00 1.425000200000000000e+11
1.622200000000000045e+03 5.656854249492380582e+00 1.425000200000000000e+11
1.622400000000000091e+03 5.656854249492380582e+00 1.425000400000000000e+11
1.622600000000000136e+03 5.656854249492380582e+00 1.425000200000000000e+11
1.622800000000000182e+03 5.656854249492380582e+00 1.425000400000000000e+11
1.623000000000000000e+03 4.000000000000000000e+00 1.425000400000000000e+11
1.623200000000000045e+03 4.000000000000000000e+00 1.425000200000000000e+11
1.623400000000000091e+03 4.000000000000000000e+00 1.425000200000000000e+11
1.623600000000000136e+03 4.000000000000000000e+00 1.425000400000000000e+11
1.623800000000000182e+03 0.000000000000000000e+00 1.425000200000000000e+11
1.624000000000000000e+03 0.000000000000000000e+00 0.000000000000000000e+00
1.624200000000000045e+03 0.000000000000000000e+00 0.000000000000000000e+00
1.624400000000000091e+03 4.000000000000000000e+00 0.000000000000000000e+00
1.624600000000000136e+03 4.000000000000000000e+00 0.000000000000000000e+00
1.624800000000000182e+03 4.000000000000000000e+00 0.000000000000000000e+00
1.625000000000000000e+03 5.656854249492380582e+00 0.000000000000000000e+00
1.625200000000000045e+03 5.656854249492380582e+00 0.000000000000000000e+00
1.625400000000000091e+03 5.656854249492380582e+00 0.000000000000000000e+00
1.625600000000000136e+03 5.656854249492380582e+00 0.000000000000000000e+00
1.625800000000000182e+03 4.000000000000000000e+00 0.000000000000000000e+00
1.626000000000000000e+03 4.000000000000000000e+00 0.000000000000000000e+00
1.626200000000000045e+03 4.000000000000000000e+00 0.000000000000000000e+00
1.626400000000000091e+03 0.000000000000000000e+00 0.000000000000000000e+00
1.626600000000000136e+03 0.000000000000000000e+00 0.000000000000000000e+00
1.626800000000000182e+03 0.000000000000000000e+00 0.000000000000000000e+00
1.627000000000000000e+03 0.000000000000000000e+00 0.000000000000000000e+00
1.627200000000000045e+03 4.000000000000000000e+00 0.000000000000000000e+00
1.627400000000000091e+03 4.000000000000000000e+00 0.000000000000000000e+00
1.627600000000000136e+03 4.000000000000000000e+00 0.000000000000000000e+00
1.627800000000000182e+03 5.656854249492380582e+00 0.000000000000000000e+00
1.628000000000000000e+03 5.656854249492380582e+00 1.425000200000000000e+11
1.628200000000000045e+03 5.656854249492380582e+00 1.425000200000000000e+11
1.628400000000000091e+03 5.656854249492380582e+00 1.425000400000000000e+11
1.628600000000000136e+03 4.000000000000000000e+00 1.425000400000000000e+11
1.628800000000000182e+03 4.000000000000000000e+00 1.425000200000000000e+11
1.629000000000000000e+03 4.000000000000000000e+00 1.425000400000000000e+11
1.629200000000000045e+03 0.000000000000000000e+00 1.425000400000000000e+11
1.629400000000000091e+03 0.000000000000000000e+00 1.425000200000000000e+11
1.629600000000000136e+03 0.000000000000000000e+00 1.425000200000000000e+11
1.629800000000000182e+03 4.000000000000000000e+00 1.425000400000000000e+11
1.630000000000000000e+03 4.000000000000000000e+00 1.425000200000000000e+11
1.630200000000000045e+03 4.000000000000000000e+00 1.425000400000000000e+11
1.630400000000000091e+03 5.656854249492380582e+00 1.425000400000000000e+11
1.630600000000000136e+03 5.656854249492380582e+00 1.425000400000000000e+11
1.630800000000000182e+03 5.656854249492380582e+00 1.425000400000000000e+11
1.631000000000000000e+03 5.656854249492380582e+00 1.425000400000000000e+11
1.631200000000000045e+03 4.000000000000000000e+00 1.425000200000000000e+11
1.631400000000000091e+03 4.000000000000000000e+00 1.425000400000000000e+11
1.631600000000000136e+03 4.000000000000000000e+00 1.425000400000000000e+11
1.631800000000000182e+03 0.000000000000000000e+00 1.425000200000000000e+11
1.632000000000000000e+03 0.000000000000000000e+00 0.000000000000000000e+00
1.632200000000000045e+03 0.000000000000000000e+00 0.000000000000000000e+00
1.632400000000000091e+03 0.000000000000000000e+00 0.000000000000000000e+00
1.632600000000000136e+03 4.000000000000000000e+00 0.000000000000000000e+00
1.632800000000000182e+03 4.000000000000000000e+00 0.000000000000000000e+00
1.633000000000000000e+03 4.000000000000000000e+00 0.000000000000000000e+00
1.633200000000000045e+03 5.656854249492380582e+00 0.000000000000000000e+00
1.633400000000000091e+03 5.656854249492380582e+00 0.000000000000000000e+00
1.633600000000000136e+03 5.656854249492380582e+00 0.000000000000000000e+00
1.633800000000000182e+03 5.656854249492380582e+00 0.000000000000000000e+00
1.634000000000000000e+03 4.000000000000000000e+00 0.000000000000000000e+00
1.634200000000000045e+03 4.000000000000000000e+00 0.000000000000000000e+00
1.634400000000000091e+03 4.000000000000000000e+00 0.000000000000000000e+00
1.634600000000000136e+03 0.000000000000000000e+00 0.000000000000000000e+00
1.634800000000000182e+03 0.000000000000000000e+00 0.000000000000000000e+00
1.635000000000000000e+03 0.000000000000000000e+00 0.000000000000000000e+00
1.635200000000000045e+03 4.000000000000000000e+00 0.000000000000000000e+00
1.635400000000000091e+03 4.000000000000000000e+00 0.000000000000000000e+00
1.635600000000000136e+03 4.000000000000000000e+00 0.000000000000000000e+00
1.635800000000000182e+03 4.000000000000000000e+00 0.000000000000000000e+00
1.636000000000000000e+03 5.656854249492380582e+00 1.425000200000000000e+11
1.636200000000000045e+03 5.656854249492380582e+00 1.425000400000000000e+11
1.636400000000000091e+03 5.656854249492380582e+00 1.425000400000000000e+11
1.636600000000000136e+03 4.000000000000000000e+00 1.425000200000000000e+11
1.636800000000000182e+03 4.000000000000000000e+00 1.425000200000000000e+11
1.637000000000000000e+03 4.000000000000000000e+00 1.425000400000000000e+11
1.637200000000000045e+03 4.000000000000000000e+00 1.425000200000000000e+11
1.637400000000000091e+03 0.000000000000000000e+00 1.425000200000000000e+11
1.637600000000000136e+03 0.000000000000000000e+00 1.425000400000000000e+11
1.637800000000000182e+03 0.000000000000000000e+00 1.425000400000000000e+11
1.638000000000000000e+03 4.000000000000000000e+00 1.425000400000000000e+11
1.638200000000000045e+03 4.000000000000000000e+00 1.425000400000000000e+11
1.638400000000000091e+03 4.000000000000000000e+00 1.425000400000000000e+11
1.638600000000000136e+03 5.656854249492380582e+00 1.425000400000000000e+11
1.638800000000000182e+03 5.656854249492380582e+00 1.425000200000000000e+11
1.639000000000000000e+03 5.656854249492380582e+00 1.425000400000000000e+11
1.639200000000000045e+03 5.656854249492380582e+00 1.425000200000000000e+11
1.639400000000000091e+03 4.000000000000000000e+00 1.425000400000000000e+11
1.639600000000000136e+03 4.000000000000000000e+00 1.425000400000000000e+11
1.639800000000000182e+03 4.000000000000000000e+00 1.425000400000000000e+11
1.640000000000000000e+03 0.000000000000000000e+00 0.000000000000000000e+00
1.640200000000000045e+03 0.000000000000000000e+00 0.000000000000000000e+00
1.640400000000000091e+03 0.000000000000000000e+00 0.000000000000000000e+00
1.640600000000000136e+03 0.000000000000000000e+00 0.000000000000000000e+00
1.640800000000000182e+03 4.000000000000000000e+00 0.000000000000000000e+00
1.641000000000000000e+03 4.000000000000000000e+00 0.000000000000000000e+00
1.641200000000000045e+03 4.000000000000000000e+00 0.000000000000000000e+00
1.641400000000000091e+03 5.656854249492380582e+00 0.000000000000000000e+00
1.641600000000000136e+03 5.656854249492380582e+00 0.000000000000000000e+00
1.641800000000000182e+03 5.656854249492380582e+00 0.000000000000000000e+00
1.642000000000000000e+03 4.000000000000000000e+00 0.000000000000000000e+00
1.642200000000000045e+03 4.000000000000000000e+00 0.000000000000000000e+00
1.642400000000000091e+03 4.000000000000000000e+00 0.000000000000000000e+00
1.642600000000000136e+03 4.000000000000000000e+00 0.000000000000000000e+00
1.642800000000000182e+03 0.000000000000000000e+00 0.000000000000000000e+00
1.643000000000000000e+03 0.000000000000000000e+00 0.000000000000000000e+00
1.643200000000000045e+03 0.000000000000000000e+00 0.000000000000000000e+00
1.643400000000000091e+03 4.000000000000000000e+00 0.000000000000000000e+00
1.643600000000000136e+03 4.000000000000000000e+00 0.000000000000000000e+00
1.643800000000000182e+03 4.000000000000000000e+00 0.000000000000000000e+00
1.644000000000000000e+03 5.656854249492380582e+00 1.425000200000000000e+11
1.644200000000000045e+03 5.656854249492380582e+00 1.425000400000000000e+11
1.644400000000000091e+03 5.656854249492380582e+00 1.425000200000000000e+11
1.644600000000000136e+03 5.656854249492380582e+00 1.425000400000000000e+11
1.644800000000000182e+03 4.000000000000000000e+00 1.425000200000000000e+11
1.645000000000000000e+03 4.000000000000000000e+00 1.425000400000000000e+11
1.645200000000000045e+03 4.000000000000000000e+00 1.425000200000000000e+11
1.645400000000000091e+03 0.000000000000000000e+00 1.425000200000000000e+11
1.645600000000000136e+03 0.000000000000000000e+00 1.425000200000000000e+11
1.645800000000000182e+03 0.000000000000000000e+00 1.425000200000000000e+11
1.646000000000000000e+03 0.000000000000000000e+00 1.425000400000000000e+11
1.646200000000000045e+03 4.000000000000000000e+00 1.425000200000000000e+11
1.646400000000000091e+03 4.000000000000000000e+00 1.425000200000000000e+11
1.646600000000000136e+03 4.000000000000000000e+00 1.425000400000000000e+11
1.646800000000000182e+03 5.656854249492380582e+00 1.425000200000000000e+11
1.647000000000000000e+03 5.656854249492380582e+00 1.425000400000000000e+11
1.647200000000000045e+03 5.656854249492380582e+00 1.425000200000000000e+11
1.647400000000000091e+03 5.656854249492380582e+00 1.425000200000000000e+11
1.647600000000000136e+03 4.000000000000000000e+00 1.425000200000000000e+11
1.647800000000000182e+03 4.000000000000000000e+00 1.425000200000000000e+11
1.648000000000000000e+03 4.000000000000000000e+00 0.000000000000000000e+00
1.648200000000000045e+03 0.000000000000000000e+00 0.000000000000000000e+00
1.648400000000000091e+03 0.000000000000000000e+00 0.000000000000000000e+00
1.648600000000000136e+03 0.000000000000000000e+00 0.000000000000000000e+00
1.648800000000000182e+03 4.000000000000000000e+00 0.000000000000000000e+00
1.649000000000000000e+03 4.000000000000000000e+00 0.000000000000000000e+00
1.649200000000000045e+03 4.000000000000000000e+00 0.000000000000000000e+00
1.649400000000000091e+03 4.000000000000000000e+00 0.000000000000000000e+00
1.649600000000000136e+03 5.656854249492380582e+00 0.000000000000000000e+00
1.649800000000000182e+03 5.656854249492380582e+00 0.000000000000000000e+00
1.650000000000000000e+03 5.656854249492380582e+00 0.000000000000000000e+00
1.650200000000000045e+03 4.000000000000000000e+00 0.000000000000000000e+00
1.650400000000000091e+03 4.000000000000000000e+00 0.000000000000000000e+00
1.650600000000000136e+03 4.000000000000000000e+00 0.000000000000000000e+00
1.650800000000000182e+03 0.000000000000000000e+00 0.000000000000000000e+00
1.651000000000000000e+03 0.000000000000000000e+00 0.000000000000000000e+00
1.651200000000000045e+03 0.000000000000000000e+00 0.000000000000000000e+00
1.651400000000000091e+03 0.000000000000000000e+00 0.000000000000000000e+00
1.651600000000000136e+03 4.000000000000000000e+00 0.000000000000000000e+00
1.651800000000000182e+03 4.000000000000000000e+00 0.000000000000000000e+00
1.652000000000000000e+03 4.000000000000000000e+00 1.425000200000000000e+11
1.652200000000000045e+03 5.656854249492380582e+00 1.425000200000000000e+11
1.652400000000000091e+03 5.656854249492380582e+00 1.425000200000000000e+11
1.652600000000000136e+03 5.656854249492380582e+00 1.425000200000000000e+11
1.652800000000000182e+03 5.656854249492380582e+00 1.425000200000000000e+11
1.653000000000000000e+03 4.000000000000000000e+00 1.425000200000000000e+11
1.653200000000000045e+03 4.000000000000000000e+00 1.425000400000000000e+11
1.653400000000000091e+03 4.000000000000000000e+00 1.425000400000000000e+11
1.653600000000000136e+03 0.000000000000000000e+00 1.425000200000000000e+11
1.653800000000000182e+03 0.000000000000000000e+00 1.425000200000000000e+11
1.654000000000000000e+03 0.000000000000000000e+00 1.425000200000000000e+11
1.654200000000000045e+03 4.000000000000000000e+00 1.425000200000000000e+11
1.654400000000000091e+03 4.000000000000000000e+00 1.425000200000000000e+11
1.654600000000000136e+03 4.000000000000000000e+00 1.425000400000000000e+11
1.654800000000000182e+03 4.000000000000000000e+00 1.425000200000000000e+11
1.655000000000000000e+03 5.656854249492380582e+00 1.425000400000000000e+11
1.655200000000000045e+03 5.656854249492380582e+00 1.425000400000000000e+11
1.655400000000000091e+03 5.656854249492380582e+00 1.425000200000000000e+11
1.655600000000000136e+03 4.000000000000000000e+00 1.425000200000000000e+11
1.655800000000000182e+03 4.000000000000000000e+00 1.425000200000000000e+11
1.656000000000000000e+03 4.000000000000000000e+00 0.000000000000000000e+00
1.656200000000000045e+03 4.000000000000000000e+00 0.000000000000000000e+00
1.656400000000000091e+03 0.000000000000000000e+00 0.000000000000000000e+00
1.656600000000000136e+03 0.000000000000000000e+00 0.000000000000000000e+00
1.656800000000000182e+03 0.000000000000000000e+00 0.000000000000000000e+00
1.657000000000000000e+03 4.000000000000000000e+00 0.000000000000000000e+00
1.657200000000000045e+03 4.000000000000000000e+00 0.000000000000000000e+00
1.657400000000000091e+03 4.000000000000000000e+00 0.000000000000000000e+00
1.657600000000000136e+03 5.656854249492380582e+00 0.000000000000000000e+00
1.657800000000000182e+03 5.656854249492380582e+00 0.000000000000000000e+00
1.658000000000000000e+03 5.656854249492380582e+00 0.000000000000000000e+00
1.658200000000000045e+03 5.656854249492380582e+00 0.000000000000000000e+00
1.658400000000000091e+03 4.000000000000000000e+00 0.000000000000000000e+00
1.658600000000000136e+03 4.000000000000000000e+00 0.000000000000000000e+00
1.658800000000000182e+03 4.000000000000000000e+00 0.000000000000000000e+00
1.659000000000000000e+03 0.000000000000000000e+00 0.000000000000000000e+00
1.659200000000000045e+03 0.000000000000000000e+00 0.000000000000000000e+00
1.659400000000000091e+03 0.000000000000000000e+00 0.000000000000000000e+00
1.659600000000000136e+03 0.000000000000000000e+00 0.000000000000000000e+00
1.659800000000000182e+03 4.000000000000000000e+00 0.000000000000000000e+00
1.660000000000000000e+03 4.000000000000000000e+00 1.425000200000000000e+11
1.660200000000000045e+03 4.000000000000000000e+00 1.425000400000000000e+11
1.660400000000000091e+03 5.656854249492380582e+00 1.425000400000000000e+11
1.660600000000000136e+03 5.656854249492380582e+00 1.425000400000000000e+11
1.660800000000000182e+03 5.656854249492380582e+00 1.425000200000000000e+11
1.661000000000000000e+03 4.000000000000000000e+00 1.425000200000000000e+11
1.661200000000000045e+03 4.000000000000000000e+00 1.425000200000000000e+11
1.661400000000000091e+03 4.000000000000000000e+00 1.425000200000000000e+11
1.661600000000000136e+03 4.000000000000000000e+00 1.425000400000000000e+11
1.661800000000000182e+03 0.000000000000000000e+00 1.425000200000000000e+11
1.662000000000000000e+03 0.000000000000000000e+00 1.425000400000000000e+11
1.662200000000000045e+03 0.000000000000000000e+00 1.425000400000000000e+11
1.662400000000000091e+03 4.000000000000000000e+00 1.425000400000000000e+11
1.662600000000000136e+03 4.000000000000000000e+00 1.425000200000000000e+11
1.662800000000000182e+03 4.000000000000000000e+00 1.425000200000000000e+11
1.663000000000000000e+03 4.000000000000000000e+00 1.425000200000000000e+11
1.663200000000000045e+03 5.656854249492380582e+00 1.425000200000000000e+11
1.663400000000000091e+03 5.656854249492380582e+00 1.425000200000000000e+11
1.663600000000000136e+03 5.656854249492380582e+00 1.425000400000000000e+11
1.663800000000000182e+03 4.000000000000000000e+00 1.425000400000000000e+11
1.664000000000000000e+03 4.000000000000000000e+00 0.000000000000000000e+00
1.664200000000000045e+03 4.000000000000000000e+00 0.000000000000000000e+00
1.664400000000000091e+03 0.000000000000000000e+00 0.000000000000000000e+00
1.664600000000000136e+03 0.000000000000000000e+00 0.000000000000000000e+00
1.664800000000000182e+03 0.000000000000000000e+00 0.000000000000000000e+00
1.665000000000000000e+03 0.000000000000000000e+00 0.000000000000000000e+00
1.665200000000000045e+03 4.000000000000000000e+00 0.000000000000000000e+00
1.665400000000000091e+03 4.000000000000000000e+00 0.000000000000000000e+00
1.665600000000000136e+03 4.000000000000000000e+00 0.000000000000000000e+00
1.665800000000000182e+03 5.656854249492380582e+00 0.000000000000000000e+00
1.666000000000000000e+03 5.656854249492380582e+00 0.000000000000000000e+00
1.666200000000000045e+03 5.656854249492380582e+00 0.000000000000000000e+00
1.666400000000000091e+03 5.656854249492380582e+00 0.000000000000000000e+00
1.666600000000000136e+03 4.000000000000000000e+00 0.000000000000000000e+00
1.666800000000000182e+03 4.000000000000000000e+00 0.000000000000000000e+00
1.667000000000000000e+03 4.000000000000000000e+00 0.000000000000000000e+00
1.667200000000000045e+03 0.000000000000000000e+00 0.000000000000000000e+00
1.667400000000000091e+03 0.000000000000000000e+00 0.000000000000000000e+00
1.667600000000000136e+03 0.000000000000000000e+00 0.000000000000000000e+00
1.667800000000000182e+03 4.000000000000000000e+00 0.000000000000000000e+00
1.668000000000000000e+03 4.000000000000000000e+00 1.425000200000000000e+11
1.668200000000000045e+03 4.000000000000000000e+00 1.425000400000000000e+11
1.668400000000000091e+03 4.000000000000000000e+00 1.425000200000000000e+11
1.668600000000000136e+03 5.656854249492380582e+00 1.425000200000000000e+11
1.668800000000000182e+03 5.656854249492380582e+00 1.425000200000000000e+11
1.669000000000000000e+03 5.656854249492380582e+00 1.425000200000000000e+11
1.669200000000000045e+03 4.000000000000000000e+00 1.425000400000000000e+11
1.669400000000000091e+03 4.000000000000000000e+00 1.425000200000000000e+11
1.669600000000000136e+03 4.000000000000000000e+00 1.425000200000000000e+11
1.669800000000000182e+03 4.000000000000000000e+00 1.425000200000000000e+11
1.670000000000000000e+03 0.000000000000000000e+00 1.425000400000000000e+11
1.670200000000000045e+03 0.000000000000000000e+00 1.425000200000000000e+11
1.670400000000000091e+03 0.000000000000000000e+00 1.425000200000000000e+11
1.670600000000000136e+03 4.000000000000000000e+00 1.425000400000000000e+11
1.670800000000000182e+03 4.000000000000000000e+00 1.425000200000000000e+11
1.671000000000000000e+03 4.000000000000000000e+00 1.425000200000000000e+11
1.671200000000000045e+03 5.656854249492380582e+00 1.425000200000000000e+11
1.671400000000000091e+03 5.656854249492380582e+00 1.425000400000000000e+11
1.671600000000000136e+03 5.656854249492380582e+00 1.425000200000000000e+11
1.671800000000000182e+03 5.656854249492380582e+00 1.425000400000000000e+11
1.672000000000000000e+03 4.000000000000000000e+00 0.000000000000000000e+00
1.672200000000000045e+03 4.000000000000000000e+00 0.000000000000000000e+00
1.672400000000000091e+03 4.000000000000000000e+00 0.000000000000000000e+00
1.672600000000000136e+03 0.000000000000000000e+00 0.000000000000000000e+00
1.672800000000000182e+03 0.000000000000000000e+00 0.000000000000000000e+00
1.673000000000000000e+03 0.000000000000000000e+00 0.000000000000000000e+00
1.673200000000000045e+03 4.000000000000000000e+00 0.000000000000000000e+00
1.673400000000000091e+03 4.000000000000000000e+00 0.000000000000000000e+00
1.673600000000000136e+03 4.000000000000000000e+00 0.000000000000000000e+00
1.673800000000000182e+03 4.000000000000000000e+00 0.000000000000000000e+00
1.674000000000000000e+03 5.656854249492380582e+00 0.000000000000000000e+00
1.674200000000000045e+03 5.656854249492380582e+00 0.000000000000000000e+00
1.674400000000000091e+03 5.656854249492380582e+00 0.000000000000000000e+00
1.674600000000000136e+03 4.000000000000000000e+00 0.000000000000000000e+00
1.674800000000000182e+03 4.000000000000000000e+00 0.000000000000000000e+00
1.675000000000000000e+03 4.000000000000000000e+00 0.000000000000000000e+00
1.675200000000000045e+03 4.000000000000000000e+00 0.000000000000000000e+00
1.675400000000000091e+03 0.000000000000000000e+00 0.000000000000000000e+00
1.675600000000000136e+03 0.000000000000000000e+00 0.000000000000000000e+00
1.675800000000000182e+03 0.000000000000000000e+00 0.000000000000000000e+00
1.676000000000000000e+03 4.000000000000000000e+00 1.425000200000000000e+11
1.676200000000000045e+03 4.000000000000000000e+00 1.425000400000000000e+11
1.676400000000000091e+03 4.000000000000000000e+00 1.425000400000000000e+11
1.676600000000000136e+03 5.656854249492380582e+00 1.425000200000000000e+11
1.676800000000000182e+03 5.656854249492380582e+00 1.425000200000000000e+11
1.677000000000000000e+03 5.656854249492380582e+00 1.425000200000000000e+11
1.677200000000000045e+03 5.656854249492380582e+00 1.425000400000000000e+11
1.677400000000000091e+03 4.000000000000000000e+00 1.425000200000000000e+11
1.677600000000000136e+03 4.000000000000000000e+00 1.425000200000000000e+11
1.677800000000000182e+03 4.000000000000000000e+00 1.425000400000000000e+11
1.678000000000000000e+03 0.000000000000000000e+00 1.425000400000000000e+11
1.678200000000000045e+03 0.000000000000000000e+00 1.425000400000000000e+11
1.678400000000000091e+03 0.000000000000000000e+00 1.425000200000000000e+11
1.678600000000000136e+03 0.000000000000000000e+00 1.425000400000000000e+11
1.678800000000000182e+03 4.000000000000000000e+00 1.425000200000000000e+11
1.679000000000000000e+03 4.000000000000000000e+00 1.425000200000000000e+11
1.679200000000000045e+03 4.000000000000000000e+00 1.425000200000000000e+11
1.679400000000000091e+03 5.656854249492380582e+00 1.425000400000000000e+11
1.679600000000000136e+03 5.656854249492380582e+00 1.425000200000000000e+11
1.679800000000000182e+03 5.656854249492380582e+00 1.425000400000000000e+11
1.680000000000000000e+03 4.000000000000000000e+00 0.000000000000000000e+00
1.680200000000000045e+03 4.000000000000000000e+00 0.000000000000000000e+00
1.680400000000000091e+03 4.000000000000000000e+00 0.000000000000000000e+00
1.680600000000000136e+03 4.000000000000000000e+00 0.000000000000000000e+00
1.680800000000000182e+03 0.000000000000000000e+00 0.000000000000000000e+00
1.681000000000000000e+03 0.000000000000000000e+00 0.000000000000000000e+00
1.681200000000000045e+03 0.000000000000000000e+00 0.000000000000000000e+00
1.681400000000000091e+03 4.000000000000000000e+00 0.000000000000000000e+00
1.681600000000000136e+03 4.000000000000000000e+00 0.000000000000000000e+00
1.681800000000000182e+03 4.000000000000000000e+00 0.000000000000000000e+00
1.682000000000000000e+03 4.000000000000000000e+00 0.000000000000000000e+00
1.682200000000000045e+03 5.656854249492380582e+00 0.000000000000000000e+00
1.682400000000000091e+03 5.656854249492380582e+00 0.000000000000000000e+00
1.682600000000000136e+03 5.656854249492380582e+00 0.000000000000000000e+00
1.682800000000000182e+03 4.000000000000000000e+00 0.000000000000000000e+00
1.683000000000000000e+03 4.000000000000000000e+00 0.000000000000000000e+00
1.683200000000000045e+03 4.000000000000000000e+00 0.000000000000000000e+00
1.683400000000000091e+03 0.000000000000000000e+00 0.000000000000000000e+00
1.683600000000000136e+03 0.000000000000000000e+00 0.000000000000000000e+00
1.683800000000000182e+03 0.000000000000000000e+00 0.000000000000000000e+00
1.684000000000000000e+03 0.000000000000000000e+00 1.425000200000000000e+11
1.684200000000000045e+03 4.000000000000000000e+00 1.425000200000000000e+11
1.684400000000000091e+03 4.000000000000000000e+00 1.425000400000000000e+11
1.684600000000000136e+03 4.000000000000000000e+00 1.425000400000000000e+11
1.684800000000000182e+03 5.656854249492380582e+00 1.425000200000000000e+11
1.685000000000000000e+03 5.656854249492380582e+00 1.425000200000000000e+11
1.685200000000000045e+03 5.656854249492380582e+00 1.425000200000000000e+11
1.685400000000000091e+03 5.656854249492380582e+00 1.425000400000000000e+11
1.685600000000000136e+03 4.000000000000000000e+00 1.425000200000000000e+11
1.685800000000000182e+03 4.000000000000000000e+00 1.425000200000000000e+11
1.686000000000000000e+03 4.000000000000000000e+00 1.425000200000000000e+11
1.686200000000000045e+03 0.000000000000000000e+00 1.425000400000000000e+11
1.686400000000000091e+03 0.000000000000000000e+00 1.425000400000000000e+11
1.686600000000000136e+03 0.000000000000000000e+00 1.425000200000000000e+11
1.686800000000000182e+03 4.000000000000000000e+00 1.425000400000000000e+11
1.687000000000000000e+03 4.000000000000000000e+00 1.425000400000000000e+11
1.687200000000000045e+03 4.000000000000000000e+00 1.425000400000000000e+11
1.687400000000000091e+03 4.000000000000000000e+00 1.425000200000000000e+11
1.687600000000000136e+03 5.656854249492380582e+00 1.425000400000000000e+11
1.687800000000000182e+03 5.656854249492380582e+00 1.425000400000000000e+11
1.688000000000000000e+03 5.656854249492380582e+00 0.000000000000000000e+00
1.688200000000000045e+03 4.000000000000000000e+00 0.000000000000000000e+00
1.688400000000000091e+03 4.000000000000000000e+00 0.000000000000000000e+00
1.688600000000000136e+03 4.000000000000000000e+00 0.000000000000000000e+00
1.688800000000000182e+03 4.000000000000000000e+00 0.000000000000000000e+00
1.689000000000000000e+03 0.000000000000000000e+00 0.000000000000000000e+00
1.689200000000000045e+03 0.000000000000000000e+00 0.000000000000000000e+00
1.689400000000000091e+03 0.000000000000000000e+00 0.000000000000000000e+00
1.689600000000000136e+03 4.000000000000000000e+00 0.000000000000000000e+00
1.689800000000000182e+03 4.000000000000000000e+00 0.000000000000000000e+00
1.690000000000000000e+03 4.000000000000000000e+00 0.000000000000000000e+00
1.690200000000000045e+03 5.656854249492380582e+00 0.000000000000000000e+00
1.690400000000000091e+03 5.656854249492380582e+00 0.000000000000000000e+00
1.690600000000000136e+03 5.656854249492380582e+00 0.000000000000000000e+00
1.690800000000000182e+03 5.656854249492380582e+00 0.000000000000000000e+00
1.691000000000000000e+03 4.000000000000000000e+00 0.000000000000000000e+00
1.691200000000000045e+03 4.000000000000000000e+00 0.000000000000000000e+00
1.691400000000000091e+03 4.000000000000000000e+00 0.000000000000000000e+00
1.691600000000000136e+03 0.000000000000000000e+00 0.000000000000000000e+00
1.691800000000000182e+03 0.000000000000000000e+00 0.000000000000000000e+00
1.692000000000000000e+03 0.000000000000000000e+00 1.425000400000000000e+11
1.692200000000000045e+03 0.000000000000000000e+00 1.425000200000000000e+11
1.692400000000000091e+03 4.000000000000000000e+00 1.425000200000000000e+11
1.692600000000000136e+03 4.000000000000000000e+00 1.425000200000000000e+11
1.692800000000000182e+03 4.000000000000000000e+00 1.425000200000000000e+11
1.693000000000000000e+03 5.656854249492380582e+00 1.425000200000000000e+11
1.693200000000000045e+03 5.656854249492380582e+00 1.425000200000000000e+11
1.693400000000000091e+03 5.656854249492380582e+00 1.425000400000000000e+11
1.693600000000000136e+03 4.000000000000000000e+00 1.425000200000000000e+11
1.693800000000000182e+03 4.000000000000000000e+00 1.425000400000000000e+11
1.694000000000000000e+03 4.000000000000000000e+00 1.425000200000000000e+11
1.694200000000000045e+03 4.000000000000000000e+00 1.425000400000000000e+11
1.694400000000000091e+03 0.000000000000000000e+00 1.425000400000000000e+11
1.694600000000000136e+03 0.000000000000000000e+00 1.425000200000000000e+11
1.694800000000000182e+03 0.000000000000000000e+00 1.425000400000000000e+11
1.695000000000000000e+03 4.000000000000000000e+00 1.425000400000000000e+11
1.695200000000000045e+03 4.000000000000000000e+00 1.425000200000000000e+11
1.695400000000000091e+03 4.000000000000000000e+00 1.425000400000000000e+11
1.695600000000000136e+03 4.000000000000000000e+00 1.425000200000000000e+11
1.695800000000000182e+03 5.656854249492380582e+00 1.425000200000000000e+11
1.696000000000000000e+03 5.656854249492380582e+00 0.000000000000000000e+00
1.696200000000000045e+03 5.656854249492380582e+00 0.000000000000000000e+00
1.696400000000000091e+03 4.000000000000000000e+00 0.000000000000000000e+00
1.696600000000000136e+03 4.000000000000000000e+00 0.000000000000000000e+00
1.696800000000000182e+03 4.000000000000000000e+00 0.000000000000000000e+00
1.697000000000000000e+03 4.000000000000000000e+00 0.000000000000000000e+00
1.697200000000000045e+03 0.000000000000000000e+00 0.000000000000000000e+00
1.697400000000000091e+03 0.000000000000000000e+00 0.000000000000000000e+00
1.697600000000000136e+03 0.000000000000000000e+00 0.000000000000000000e+00
1.697800000000000182e+03 4.000000000000000000e+00 0.000000000000000000e+00
1.698000000000000000e+03 4.000000000000000000e+00 0.000000000000000000e+00
1.698200000000000045e+03 4.000000000000000000e+00 0.000000000000000000e+00
1.698400000000000091e+03 4.000000000000000000e+00 0.000000000000000000e+00
1.698600000000000136e+03 5.656854249492380582e+00 0.000000000000000000e+00
1.698800000000000182e+03 5.656854249492380582e+00 0.000000000000000000e+00
1.699000000000000000e+03 5.656854249492380582e+00 0.000000000000000000e+00
1.699200000000000045e+03 4.000000000000000000e+00 0.000000000000000000e+00
1.699400000000000091e+03 4.000000000000000000e+00 0.000000000000000000e+00
1.699600000000000136e+03 4.000000000000000000e+00 0.000000000000000000e+00
1.699800000000000182e+03 0.000000000000000000e+00 0.000000000000000000e+00
1.700000000000000000e+03 0.000000000000000000e+00 1.425000400000000000e+11
1.700200000000000045e+03 0.000000000000000000e+00 1.425000200000000000e+11
1.700400000000000091e+03 0.000000000000000000e+00 1.425000200000000000e+11
1.700600000000000136e+03 4.000000000000000000e+00 1.425000400000000000e+11
1.700800000000000182e+03 4.000000000000000000e+00 1.425000200000000000e+11
1.701000000000000000e+03 4.000000000000000000e+00 1.425000200000000000e+11
1.701200000000000045e+03 5.656854249492380582e+00 1.425000400000000000e+11
1.701400000000000091e+03 5.656854249492380582e+00 1.425000200000000000e+11
1.701600000000000136e+03 5.656854249492380582e+00 1.425000200000000000e+11
1.701800000000000182e+03 5.656854249492380582e+00 1.425000400000000000e+11
1.702000000000000000e+03 4.000000000000000000e+00 1.425000200000000000e+11
1.702200000000000045e+03 4.000000000000000000e+00 1.425000200000000000e+11
1.702400000000000091e+03 4.000000000000000000e+00 1.425000200000000000e+11
1.702600000000000136e+03 4.000000000000000000e+00 1.425000200000000000e+11
1.702800000000000182e+03 0.000000000000000000e+00 1.425000400000000000e+11
1.703000000000000000e+03 0.000000000000000000e+00 1.425000400000000000e+11
1.703200000000000045e+03 0.000000000000000000e+00 1.425000200000000000e+11
1.703400000000000091e+03 4.000000000000000000e+00 1.425000200000000000e+11
1.703600000000000136e+03 4.000000000000000000e+00 1.425000400000000000e+11
1.703800000000000182e+03 4.000000000000000000e+00 1.425000200000000000e+11
1.704000000000000000e+03 4.000000000000000000e+00 0.000000000000000000e+00
1.704200000000000045e+03 5.656854249492380582e+00 0.000000000000000000e+00
1.704400000000000091e+03 5.656854249492380582e+00 0.000000000000000000e+00
1.704600000000000136e+03 5.656854249492380582e+00 0.000000000000000000e+00
1.704800000000000182e+03 5.656854249492380582e+00 0.000000000000000000e+00
1.705000000000000000e+03 4.000000000000000000e+00 0.000000000000000000e+00
1.705200000000000045e+03 4.000000000000000000e+00 0.000000000000000000e+00
1.705400000000000091e+03 4.000000000000000000e+00 0.000000000000000000e+00
1.705600000000000136e+03 4.000000000000000000e+00 0.000000000000000000e+00
1.705800000000000182e+03 0.000000000000000000e+00 0.000000000000000000e+00
1.706000000000000000e+03 0.000000000000000000e+00 0.000000000000000000e+00
1.706200000000000045e+03 0.000000000000000000e+00 0.000000000000000000e+00
1.706400000000000091e+03 4.000000000000000000e+00 0.000000000000000000e+00
1.706600000000000136e+03 4.000000000000000000e+00 0.000000000000000000e+00
1.706800000000000182e+03 4.000000000000000000e+00 0.000000000000000000e+00
1.707000000000000000e+03 4.000000000000000000e+00 0.000000000000000000e+00
1.707200000000000045e+03 5.656854249492380582e+00 0.000000000000000000e+00
1.707400000000000091e+03 5.656854249492380582e+00 0.000000000000000000e+00
1.707600000000000136e+03 5.656854249492380582e+00 0.000000000000000000e+00
1.707800000000000182e+03 5.656854249492380582e+00 0.000000000000000000e+00
1.708000000000000000e+03 4.000000000000000000e+00 1.425000200000000000e+11
1.708200000000000045e+03 4.000000000000000000e+00 1.425000400000000000e+11
1.708400000000000091e+03 4.000000000000000000e+00 1.425000200000000000e+11
1.708600000000000136e+03 4.000000000000000000e+00 1.425000400000000000e+11
1.708800000000000182e+03 0.000000000000000000e+00 1.425000400000000000e+11
1.709000000000000000e+03 0.000000000000000000e+00 1.425000400000000000e+11
1.709200000000000045e+03 0.000000000000000000e+00 1.425000400000000000e+11
1.709400000000000091e+03 4.000000000000000000e+00 1.425000400000000000e+11
1.709600000000000136e+03 4.000000000000000000e+00 1.425000200000000000e+11
1.709800000000000182e+03 4.000000000000000000e+00 1.425000200000000000e+11
1.710000000000000000e+03 4.000000000000000000e+00 1.425000400000000000e+11
1.710200000000000045e+03 5.656854249492380582e+00 1.425000200000000000e+11
1.710400000000000091e+03 5.656854249492380582e+00 1.425000200000000000e+11
1.710600000000000136e+03 5.656854249492380582e+00 1.425000200000000000e+11
1.710800000000000182e+03 8.944271909999159220e+00 1.425000200000000000e+11
1.711000000000000000e+03 8.000000000000000000e+00 1.425000200000000000e+11
1.711200000000000045e+03 8.000000000000000000e+00 1.425000400000000000e+11
1.711400000000000091e+03 5.656854249492380582e+00 1.425000200000000000e+11
1.711600000000000136e+03 5.656854249492380582e+00 1.425000200000000000e+11
1.711800000000000182e+03 4.000000000000000000e+00 1.425000200000000000e+11
1.712000000000000000e+03 4.000000000000000000e+00 0.000000000000000000e+00
1.712200000000000045e+03 4.000000000000000000e+00 0.000000000000000000e+00
1.712400000000000091e+03 4.000000000000000000e+00 0.000000000000000000e+00
1.712600000000000136e+03 5.656854249492380582e+00 0.000000000000000000e+00
1.712800000000000182e+03 8.944271909999159220e+00 0.000000000000000000e+00
1.713000000000000000e+03 8.000000000000000000e+00 0.000000000000000000e+00
1.713200000000000045e+03 8.000000000000000000e+00 0.000000000000000000e+00
1.713400000000000091e+03 8.944271909999159220e+00 0.000000000000000000e+00
1.713600000000000136e+03 1.131370849898476116e+01 0.000000000000000000e+00
1.713800000000000182e+03 8.944271909999159220e+00 0.000000000000000000e+00
1.714000000000000000e+03 8.000000000000000000e+00 0.000000000000000000e+00
1.714200000000000045e+03 8.000000000000000000e+00 0.000000000000000000e+00
1.714400000000000091e+03 8.944271909999159220e+00 0.000000000000000000e+00
1.714600000000000136e+03 5.656854249492380582e+00 0.000000000000000000e+00
1.714800000000000182e+03 4.000000000000000000e+00 0.000000000000000000e+00
1.715000000000000000e+03 4.000000000000000000e+00 0.000000000000000000e+00
1.715200000000000045e+03 4.000000000000000000e+00 0.000000000000000000e+00
1.715400000000000091e+03 4.000000000000000000e+00 0.000000000000000000e+00
1.715600000000000136e+03 5.656854249492380582e+00 0.000000000000000000e+00
1.715800000000000182e+03 5.656854249492380582e+00 0.000000000000000000e+00
1.716000000000000000e+03 8.000000000000000000e+00 1.425000400000000000e+11
1.716200000000000045e+03 8.000000000000000000e+00 1.425000400000000000e+11
1.716400000000000091e+03 8.944271909999159220e+00 1.425000200000000000e+11
1.716600000000000136e+03 1.131370849898476116e+01 1.425000200000000000e+11
1.716800000000000182e+03 8.944271909999159220e+00 1.425000200000000000e+11
1.717000000000000000e+03 8.944271909999159220e+00 1.425000200000000000e+11
1.717200000000000045e+03 8.000000000000000000e+00 1.425000400000000000e+11
1.717400000000000091e+03 8.944271909999159220e+00 1.425000200000000000e+11
1.717600000000000136e+03 8.944271909999159220e+00 1.425000200000000000e+11
1.717800000000000182e+03 8.944271909999159220e+00 1.425000200000000000e+11
1.718000000000000000e+03 8.944271909999159220e+00 1.425000400000000000e+11
1.718200000000000045e+03 8.944271909999159220e+00 1.425000200000000000e+11
1.718400000000000091e+03 8.000000000000000000e+00 1.425000200000000000e+11
1.718600000000000136e+03 1.264911064067351809e+01 1.425000400000000000e+11
1.718800000000000182e+03 1.131370849898476116e+01 1.425000400000000000e+11
1.719000000000000000e+03 1.442220510185595650e+01 1.425000400000000000e+11
1.719200000000000045e+03 1.649242250247064234e+01 1.425000400000000000e+11
1.719400000000000091e+03 1.649242250247064234e+01 1.425000200000000000e+11
1.719600000000000136e+03 2.000000000000000000e+01 1.425000200000000000e+11
1.719800000000000182e+03 2.000000000000000000e+01 1.425000400000000000e+11
1.720000000000000000e+03 2.039607805437113797e+01 0.000000000000000000e+00
1.720200000000000045e+03 2.000000000000000000e+01 0.000000000000000000e+00
1.720400000000000091e+03 1.788854381999831844e+01 0.000000000000000000e+00
1.720600000000000136e+03 2.000000000000000000e+01 0.000000000000000000e+00
1.720800000000000182e+03 1.649242250247064234e+01 0.000000000000000000e+00
1.721000000000000000e+03 1.649242250247064234e+01 0.000000000000000000e+00
1.721200000000000045e+03 1.442220510185595650e+01 0.000000000000000000e+00
1.721400000000000091e+03 1.788854381999831844e+01 0.000000000000000000e+00
1.721600000000000136e+03 1.600000000000000000e+01 0.000000000000000000e+00
1.721800000000000182e+03 1.788854381999831844e+01 0.000000000000000000e+00
1.722000000000000000e+03 2.000000000000000000e+01 0.000000000000000000e+00
1.722200000000000045e+03 2.039607805437113797e+01 0.000000000000000000e+00
1.722400000000000091e+03 2.039607805437113797e+01 0.000000000000000000e+00
1.722600000000000136e+03 1.788854381999831844e+01 0.000000000000000000e+00
1.722800000000000182e+03 2.000000000000000000e+01 0.000000000000000000e+00
1.723000000000000000e+03 2.154065922853801496e+01 0.000000000000000000e+00
1.723200000000000045e+03 2.000000000000000000e+01 0.000000000000000000e+00
1.723400000000000091e+03 1.788854381999831844e+01 0.000000000000000000e+00
1.723600000000000136e+03 1.697056274847713908e+01 0.000000000000000000e+00
1.723800000000000182e+03 1.649242250247064234e+01 0.000000000000000000e+00
1.724000000000000000e+03 1.600000000000000000e+01 1.425000200000000000e+11
1.724200000000000045e+03 1.442220510185595650e+01 1.425000200000000000e+11
1.724400000000000091e+03 1.442220510185595650e+01 1.425000400000000000e+11
1.724600000000000136e+03 1.600000000000000000e+01 1.425000400000000000e+11
1.724800000000000182e+03 2.154065922853801496e+01 1.425000400000000000e+11
1.725000000000000000e+03 2.262741699796952233e+01 1.425000200000000000e+11
1.725200000000000045e+03 2.529822128134703618e+01 1.425000200000000000e+11
1.725400000000000091e+03 2.800000000000000000e+01 1.425000200000000000e+11
1.725600000000000136e+03 3.046309242345563462e+01 1.425000400000000000e+11
1.725800000000000182e+03 3.124099870362661591e+01 1.425000200000000000e+11
1.726000000000000000e+03 3.224903099319419653e+01 1.425000400000000000e+11
1.726200000000000045e+03 3.600000000000000000e+01 1.425000200000000000e+11
1.726400000000000091e+03 3.417601498127012150e+01 1.425000400000000000e+11
1.726600000000000136e+03 3.687817782917154830e+01 1.425000200000000000e+11
1.726800000000000182e+03 3.939543120718441571e+01 1.425000400000000000e+11
1.727000000000000000e+03 4.000000000000000000e+01 1.425000400000000000e+11
1.727200000000000045e+03 4.118252056394800320e+01 1.425000200000000000e+11
1.727400000000000091e+03 4.560701700396551672e+01 1.425000400000000000e+11
1.727600000000000136e+03 4.560701700396551672e+01 1.425000200000000000e+11
1.727800000000000182e+03 4.947726750741192348e+01 1.425000400000000000e+11
1.728000000000000000e+03 5.440588203494177577e+01 0.000000000000000000e+00
1.728200000000000045e+03 5.556977595779921586e+01 0.000000000000000000e+00
1.728400000000000091e+03 5.656854249492380404e+01 0.000000000000000000e+00
1.728600000000000136e+03 5.824087911424414443e+01 0.000000000000000000e+00
1.728800000000000182e+03 5.685068161420758059e+01 0.000000000000000000e+00
1.729000000000000000e+03 5.556977595779921586e+01 0.000000000000000000e+00
1.729200000000000045e+03 5.614267539047279598e+01 0.000000000000000000e+00
1.729400000000000091e+03 5.440588203494177577e+01 0.000000000000000000e+00
1.729600000000000136e+03 5.381449618829483938e+01 0.000000000000000000e+00
1.729800000000000182e+03 4.833218389437828932e+01 0.000000000000000000e+00
1.730000000000000000e+03 4.800000000000000000e+01 0.000000000000000000e+00
1.730200000000000045e+03 4.833218389437828932e+01 0.000000000000000000e+00
1.730400000000000091e+03 4.816637831516918311e+01 0.000000000000000000e+00
1.730600000000000136e+03 4.560701700396551672e+01 0.000000000000000000e+00
1.730800000000000182e+03 4.866210024238575471e+01 0.000000000000000000e+00
1.731000000000000000e+03 4.882622246293480828e+01 0.000000000000000000e+00
1.731200000000000045e+03 4.664761515876240594e+01 0.000000000000000000e+00
1.731400000000000091e+03 4.866210024238575471e+01 0.000000000000000000e+00
1.731600000000000136e+03 4.947726750741192348e+01 0.000000000000000000e+00
1.731800000000000182e+03 5.122499389946278825e+01 0.000000000000000000e+00
1.732000000000000000e+03 5.011985634456667071e+01 1.425000200000000000e+11
1.732200000000000045e+03 5.261178575186362139e+01 1.425000200000000000e+11
1.732400000000000091e+03 5.440588203494177577e+01 1.425000400000000000e+11
1.732600000000000136e+03 5.685068161420758059e+01 1.425000400000000000e+11
1.732800000000000182e+03 5.905929224093360119e+01 1.425000200000000000e+11
1.733000000000000000e+03 6.013318551349163243e+01 1.425000400000000000e+11
1.733200000000000045e+03 6.462197768561404132e+01 1.425000400000000000e+11
1.733400000000000091e+03 7.076722405181652675e+01 1.425000200000000000e+11
1.733600000000000136e+03 7.088018058667739751e+01 1.425000200000000000e+11
1.733800000000000182e+03 7.694153624668537361e+01 1.425000400000000000e+11
1.734000000000000000e+03 8.438009243891595190e+01 1.425000200000000000e+11
1.734200000000000045e+03 9.208691546577070142e+01 1.425000200000000000e+11
1.734400000000000091e+03 9.732420048477150942e+01 1.425000400000000000e+11
1.734600000000000136e+03 1.028396810574595293e+02 1.425000200000000000e+11
1.734800000000000182e+03 1.112115101956627541e+02 1.425000200000000000e+11
1.735000000000000000e+03 1.162755348299890699e+02 1.425000400000000000e+11
1.735200000000000045e+03 1.200666481584290750e+02 1.425000200000000000e+11
1.735400000000000091e+03 1.292439553712280826e+02 1.425000200000000000e+11
1.735600000000000136e+03 1.358823020117042404e+02 1.425000400000000000e+11
1.735800000000000182e+03 1.417603611733547950e+02 1.425000200000000000e+11
1.736000000000000000e+03 1.459863007271572712e+02 0.000000000000000000e+00
1.736200000000000045e+03 1.432201103197452596e+02 0.000000000000000000e+00
1.736400000000000091e+03 1.431083505599865475e+02 0.000000000000000000e+00
1.736600000000000136e+03 1.400000000000000000e+02 0.000000000000000000e+00
1.736800000000000182e+03 1.413647763765783338e+02 0.000000000000000000e+00
1.737000000000000000e+03 1.424359505181188581e+02 0.000000000000000000e+00
1.737200000000000045e+03 1.388524396616782610e+02 0.000000000000000000e+00
1.737400000000000091e+03 1.397139935725838313e+02 0.000000000000000000e+00
1.737600000000000136e+03 1.393125981381439829e+02 0.000000000000000000e+00
1.737800000000000182e+03 1.377534028617805006e+02 0.000000000000000000e+00
1.738000000000000000e+03 1.360000000000000000e+02 0.000000000000000000e+00
1.738200000000000045e+03 1.324235628579747868e+02 0.000000000000000000e+00
1.738400000000000091e+03 1.305986217385160728e+02 0.000000000000000000e+00
1.738600000000000136e+03 1.280624847486569706e+02 0.000000000000000000e+00
1.738800000000000182e+03 1.271219886565656338e+02 0.000000000000000000e+00
1.739000000000000000e+03 1.224418229201117327e+02 0.000000000000000000e+00
1.739200000000000045e+03 1.234827923234650484e+02 0.000000000000000000e+00
1.739400000000000091e+03 1.240000000000000000e+02 0.000000000000000000e+00
1.739600000000000136e+03 1.216552506059643974e+02 0.000000000000000000e+00
1.739800000000000182e+03 1.224418229201117327e+02 0.000000000000000000e+00
1.740000000000000000e+03 1.232233744059949032e+02 1.425000200000000000e+11
1.740200000000000045e+03 1.310267148332735871e+02 1.425000400000000000e+11
1.740400000000000091e+03 1.400000000000000000e+02 1.425000200000000000e+11
1.740600000000000136e+03 1.449413674559474998e+02 1.425000200000000000e+11
1.740800000000000182e+03 1.522103807235235706e+02 1.425000400000000000e+11
1.741000000000000000e+03 1.575817248287376628e+02 1.425000200000000000e+11
1.741200000000000045e+03 1.444991349455075351e+02 1.425000400000000000e+11
1.741400000000000091e+03 1.080740486888503682e+02 1.425000400000000000e+11
1.741600000000000136e+03 1.162755348299890699e+02 1.425000400000000000e+11
1.741800000000000182e+03 1.240644993541665855e+02 1.425000400000000000e+11
1.742000000000000000e+03 1.271219886565656338e+02 1.425000400000000000e+11
1.742200000000000045e+03 1.362350909274112212e+02 1.425000200000000000e+11
1.742400000000000091e+03 1.436105845681299229e+02 1.425000200000000000e+11
1.742600000000000136e+03 1.523154621172781731e+02 1.425000400000000000e+11
1.742800000000000182e+03 1.592984620139190213e+02 1.425000400000000000e+11
1.743000000000000000e+03 1.358823020117042404e+02 1.425000400000000000e+11
1.743200000000000045e+03 1.162755348299890699e+02 1.425000200000000000e+11
1.743400000000000091e+03 1.240644993541665855e+02 1.425000200000000000e+11
1.743600000000000136e+03 1.307822617941745307e+02 1.425000200000000000e+11
1.743800000000000182e+03 1.388524396616782610e+02 1.425000200000000000e+11
1.744000000000000000e+03 1.467514906227531242e+02 0.000000000000000000e+00
1.744200000000000045e+03 1.414213562373095101e+02 0.000000000000000000e+00
1.744400000000000091e+03 1.386794865868777151e+02 0.000000000000000000e+00
1.744600000000000136e+03 1.344618905117728787e+02 0.000000000000000000e+00
1.744800000000000182e+03 1.322422020385323265e+02 0.000000000000000000e+00
1.745000000000000000e+03 1.329661611087572908e+02 0.000000000000000000e+00
1.745200000000000045e+03 1.302305647687976489e+02 0.000000000000000000e+00
1.745400000000000091e+03 1.280624847486569706e+02 0.000000000000000000e+00
1.745600000000000136e+03 1.302305647687976489e+02 0.000000000000000000e+00
1.745800000000000182e+03 1.288099375048369382e+02 0.000000000000000000e+00
1.746000000000000000e+03 1.305986217385160728e+02 0.000000000000000000e+00
1.746200000000000045e+03 1.280624847486569706e+02 0.000000000000000000e+00
1.746400000000000091e+03 1.292439553712280826e+02 0.000000000000000000e+00
1.746600000000000136e+03 1.275617497528157998e+02 0.000000000000000000e+00
1.746800000000000182e+03 1.252836781069266010e+02 0.000000000000000000e+00
1.747000000000000000e+03 1.250279968647022741e+02 0.000000000000000000e+00
1.747200000000000045e+03 1.221147001797899776e+02 0.000000000000000000e+00
1.747400000000000091e+03 1.187265766372466373e+02 0.000000000000000000e+00
1.747600000000000136e+03 1.166190378969060077e+02 0.000000000000000000e+00
1.747800000000000182e+03 1.151694403911037483e+02 0.000000000000000000e+00
1.748000000000000000e+03 1.131370849898476081e+02 1.425000200000000000e+11
1.748200000000000045e+03 1.189285499785480482e+02 1.425000400000000000e+11
1.748400000000000091e+03 1.289961239727767861e+02 1.425000200000000000e+11
1.748600000000000136e+03 1.365283853270080954e+02 1.425000400000000000e+11
1.748800000000000182e+03 1.454372717015827448e+02 1.425000400000000000e+11
1.749000000000000000e+03 1.528397853963423927e+02 1.425000400000000000e+11
1.749200000000000045e+03 1.619876538505326948e+02 1.425000200000000000e+11
1.749400000000000091e+03 1.414213562373095101e+02 1.425000200000000000e+11
1.749600000000000136e+03 1.144027971686007277e+02 1.425000200000000000e+11
1.749800000000000182e+03 1.235475616918440096e+02 1.425000400000000000e+11
1.750000000000000000e+03 1.282497563350511882e+02 1.425000400000000000e+11
1.750200000000000045e+03 1.329661611087572908e+02 1.425000200000000000e+11
1.750400000000000091e+03 1.415344481036330535e+02 1.425000400000000000e+11
1.750600000000000136e+03 1.467514906227531242e+02 1.425000200000000000e+11
1.750800000000000182e+03 1.499333185119305085e+02 1.425000400000000000e+11
1.751000000000000000e+03 1.576324839619042564e+02 1.425000400000000000e+11
1.751200000000000045e+03 1.111395519155984317e+02 1.425000200000000000e+11
1.751400000000000091e+03 1.137013632284151612e+02 1.425000400000000000e+11
1.751600000000000136e+03 1.193314711214103880e+02 1.425000400000000000e+11
1.751800000000000182e+03 1.310267148332735871e+02 1.425000200000000000e+11
1.752000000000000000e+03 1.368210510118965715e+02 0.000000000000000000e+00
1.752200000000000045e+03 1.377534028617805006e+02 0.000000000000000000e+00
1.752400000000000091e+03 1.360588108135596030e+02 0.000000000000000000e+00
1.752600000000000136e+03 1.360588108135596030e+02 0.000000000000000000e+00
1.752800000000000182e+03 1.332066064427737047e+02 0.000000000000000000e+00
1.753000000000000000e+03 1.329661611087572908e+02 0.000000000000000000e+00
1.753200000000000045e+03 1.295530779256131666e+02 0.000000000000000000e+00
1.753400000000000091e+03 1.264911064067351703e+02 0.000000000000000000e+00
1.753600000000000136e+03 1.235475616918440096e+02 0.000000000000000000e+00
1.753800000000000182e+03 1.242577965360725329e+02 0.000000000000000000e+00
1.754000000000000000e+03 1.203328716519305885e+02 0.000000000000000000e+00
1.754200000000000045e+03 1.189285499785480482e+02 0.000000000000000000e+00
1.754400000000000091e+03 1.203328716519305885e+02 0.000000000000000000e+00
1.754600000000000136e+03 1.177115117564972877e+02 0.000000000000000000e+00
1.754800000000000182e+03 1.176435293588219366e+02 0.000000000000000000e+00
1.755000000000000000e+03 1.181185844818672024e+02 0.000000000000000000e+00
1.755200000000000045e+03 1.202663710269832649e+02 0.000000000000000000e+00
1.755400000000000091e+03 1.189285499785480482e+02 0.000000000000000000e+00
1.755600000000000136e+03 1.187939392393399771e+02 0.000000000000000000e+00
1.755800000000000182e+03 1.151694403911037483e+02 0.000000000000000000e+00
1.756000000000000000e+03 1.162755348299890699e+02 1.425000400000000000e+11
1.756200000000000045e+03 1.200666481584290750e+02 1.425000400000000000e+11
1.756400000000000091e+03 1.232233744059949032e+02 1.425000400000000000e+11
1.756600000000000136e+03 1.302305647687976489e+02 1.425000400000000000e+11
1.756800000000000182e+03 1.379275171965333300e+02 1.425000400000000000e+11
1.757000000000000000e+03 1.471869559437927819e+02 1.425000200000000000e+11
1.757200000000000045e+03 1.545056633266237327e+02 1.425000400000000000e+11
1.757400000000000091e+03 1.400571312000927833e+02 1.425000400000000000e+11
1.757600000000000136e+03 1.305986217385160728e+02 1.425000400000000000e+11
1.757800000000000182e+03 1.200000000000000000e+02 1.425000400000000000e+11
1.758000000000000000e+03 1.106345334875146449e+02 1.425000200000000000e+11
1.758200000000000045e+03 1.028396810574595293e+02 1.425000200000000000e+11
1.758400000000000091e+03 9.682974749528163727e+01 1.425000200000000000e+11
1.758600000000000136e+03 9.130169768410661391e+01 1.425000400000000000e+11
1.758800000000000182e+03 8.409518416651455652e+01 1.425000200000000000e+11
1.759000000000000000e+03 8.099382692526634742e+01 1.425000400000000000e+11
1.759200000000000045e+03 7.641989269817119634e+01 1.425000400000000000e+11
1.759400000000000091e+03 6.985699678629191567e+01 1.425000200000000000e+11
1.759600000000000136e+03 6.400000000000000000e+01 1.425000400000000000e+11
1.759800000000000182e+03 5.946427498927402411e+01 1.425000400000000000e+11
1.760000000000000000e+03 5.381449618829483938e+01 0.000000000000000000e+00
1.760200000000000045e+03 5.200000000000000000e+01 0.000000000000000000e+00
1.760400000000000091e+03 5.215361924162119323e+01 0.000000000000000000e+00
1.760600000000000136e+03 5.011985634456667071e+01 0.000000000000000000e+00
1.760800000000000182e+03 4.882622246293480828e+01 0.000000000000000000e+00
1.761000000000000000e+03 4.866210024238575471e+01 0.000000000000000000e+00
1.761200000000000045e+03 4.947726750741192348e+01 0.000000000000000000e+00
1.761400000000000091e+03 5.122499389946278825e+01 0.000000000000000000e+00
1.761600000000000136e+03 5.011985634456667071e+01 0.000000000000000000e+00
1.761800000000000182e+03 5.215361924162119323e+01 0.000000000000000000e+00
1.762000000000000000e+03 5.059644256269407236e+01 0.000000000000000000e+00
1.762200000000000045e+03 5.122499389946278825e+01 0.000000000000000000e+00
1.762400000000000091e+03 5.011985634456667071e+01 0.000000000000000000e+00
1.762600000000000136e+03 5.215361924162119323e+01 0.000000000000000000e+00
1.762800000000000182e+03 5.059644256269407236e+01 0.000000000000000000e+00
1.763000000000000000e+03 4.816637831516918311e+01 0.000000000000000000e+00
1.763200000000000045e+03 4.833218389437828932e+01 0.000000000000000000e+00
1.763400000000000091e+03 4.400000000000000000e+01 0.000000000000000000e+00
1.763600000000000136e+03 4.472135954999579610e+01 0.000000000000000000e+00
1.763800000000000182e+03 4.252058325093859992e+01 0.000000000000000000e+00
1.764000000000000000e+03 4.472135954999579610e+01 1.425000200000000000e+11
1.764200000000000045e+03 4.079215610874227593e+01 1.425000200000000000e+11
1.764400000000000091e+03 4.000000000000000000e+01 1.425000400000000000e+11
1.764600000000000136e+03 3.773592452822641263e+01 1.425000400000000000e+11
1.764800000000000182e+03 3.622154055254966920e+01 1.425000200000000000e+11
1.765000000000000000e+03 3.298484500494128469e+01 1.425000400000000000e+11
1.765200000000000045e+03 3.124099870362661591e+01 1.425000400000000000e+11
1.765400000000000091e+03 2.884441020371191300e+01 1.425000200000000000e+11
1.765600000000000136e+03 2.828427124746190202e+01 1.425000200000000000e+11
1.765800000000000182e+03 2.433105012119287736e+01 1.425000400000000000e+11
1.766000000000000000e+03 2.332380757938120297e+01 1.425000200000000000e+11
1.766200000000000045e+03 2.000000000000000000e+01 1.425000400000000000e+11
1.766400000000000091e+03 1.649242250247064234e+01 1.425000400000000000e+11
1.766600000000000136e+03 1.649242250247064234e+01 1.425000200000000000e+11
1.766800000000000182e+03 1.131370849898476116e+01 1.425000400000000000e+11
1.767000000000000000e+03 1.264911064067351809e+01 1.425000400000000000e+11
1.767200000000000045e+03 1.200000000000000000e+01 1.425000400000000000e+11
1.767400000000000091e+03 1.131370849898476116e+01 1.425000200000000000e+11
1.767600000000000136e+03 1.442220510185595650e+01 1.425000200000000000e+11
1.767800000000000182e+03 1.200000000000000000e+01 1.425000400000000000e+11
1.768000000000000000e+03 1.264911064067351809e+01 0.000000000000000000e+00
1.768200000000000045e+03 1.442220510185595650e+01 0.000000000000000000e+00
1.768400000000000091e+03 1.131370849898476116e+01 0.000000000000000000e+00
1.768600000000000136e+03 1.264911064067351809e+01 0.000000000000000000e+00
1.768800000000000182e+03 1.200000000000000000e+01 0.000000000000000000e+00
1.769000000000000000e+03 1.264911064067351809e+01 0.000000000000000000e+00
1.769200000000000045e+03 8.944271909999159220e+00 0.000000000000000000e+00
1.769400000000000091e+03 8.944271909999159220e+00 0.000000000000000000e+00
1.769600000000000136e+03 8.000000000000000000e+00 0.000000000000000000e+00
1.769800000000000182e+03 5.656854249492380582e+00 0.000000000000000000e+00
1.770000000000000000e+03 8.944271909999159220e+00 0.000000000000000000e+00
1.770200000000000045e+03 8.000000000000000000e+00 0.000000000000000000e+00
1.770400000000000091e+03 8.944271909999159220e+00 0.000000000000000000e+00
1.770600000000000136e+03 8.944271909999159220e+00 0.000000000000000000e+00
1.770800000000000182e+03 1.200000000000000000e+01 0.000000000000000000e+00
1.771000000000000000e+03 1.200000000000000000e+01 0.000000000000000000e+00
1.771200000000000045e+03 1.264911064067351809e+01 0.000000000000000000e+00
1.771400000000000091e+03 1.131370849898476116e+01 0.000000000000000000e+00
1.771600000000000136e+03 1.264911064067351809e+01 0.000000000000000000e+00
1.771800000000000182e+03 1.200000000000000000e+01 0.000000000000000000e+00
1.772000000000000000e+03 8.000000000000000000e+00 1.425000400000000000e+11
1.772200000000000045e+03 8.944271909999159220e+00 1.425000200000000000e+11
1.772400000000000091e+03 5.656854249492380582e+00 1.425000400000000000e+11
1.772600000000000136e+03 4.000000000000000000e+00 1.425000200000000000e+11
1.772800000000000182e+03 4.000000000000000000e+00 1.425000200000000000e+11
1.773000000000000000e+03 4.000000000000000000e+00 1.425000200000000000e+11
1.773200000000000045e+03 4.000000000000000000e+00 1.425000200000000000e+11
1.773400000000000091e+03 5.656854249492380582e+00 1.425000400000000000e+11
1.773600000000000136e+03 4.000000000000000000e+00 1.425000200000000000e+11
1.773800000000000182e+03 4.000000000000000000e+00 1.425000200000000000e+11
1.774000000000000000e+03 8.000000000000000000e+00 1.425000200000000000e+11
1.774200000000000045e+03 5.656854249492380582e+00 1.425000200000000000e+11
1.774400000000000091e+03 5.656854249492380582e+00 1.425000200000000000e+11
1.774600000000000136e+03 5.656854249492380582e+00 1.425000400000000000e+11
1.774800000000000182e+03 5.656854249492380582e+00 1.425000200000000000e+11
1.775000000000000000e+03 4.000000000000000000e+00 1.425000400000000000e+11
1.775200000000000045e+03 4.000000000000000000e+00 1.425000200000000000e+11
1.775400000000000091e+03 4.000000000000000000e+00 1.425000400000000000e+11
1.775600000000000136e+03 4.000000000000000000e+00 1.425000200000000000e+11
1.775800000000000182e+03 0.000000000000000000e+00 1.425000200000000000e+11
1.776000000000000000e+03 0.000000000000000000e+00 0.000000000000000000e+00
1.776200000000000045e+03 0.000000000000000000e+00 0.000000000000000000e+00
1.776400000000000091e+03 4.000000000000000000e+00 0.000000000000000000e+00
1.776600000000000136e+03 4.000000000000000000e+00 0.000000000000000000e+00
1.776800000000000182e+03 4.000000000000000000e+00 0.000000000000000000e+00
1.777000000000000000e+03 4.000000000000000000e+00 0.000000000000000000e+00
1.777200000000000045e+03 5.656854249492380582e+00 0.000000000000000000e+00
1.777400000000000091e+03 5.656854249492380582e+00 0.000000000000000000e+00
1.777600000000000136e+03 5.656854249492380582e+00 0.000000000000000000e+00
1.777800000000000182e+03 5.656854249492380582e+00 0.000000000000000000e+00
1.778000000000000000e+03 4.000000000000000000e+00 0.000000000000000000e+00
1.778200000000000045e+03 4.000000000000000000e+00 0.000000000000000000e+00
1.778400000000000091e+03 4.000000000000000000e+00 0.000000000000000000e+00
1.778600000000000136e+03 4.000000000000000000e+00 0.000000000000000000e+00
1.778800000000000182e+03 0.000000000000000000e+00 0.000000000000000000e+00
1.779000000000000000e+03 0.000000000000000000e+00 0.000000000000000000e+00
1.779200000000000045e+03 0.000000000000000000e+00 0.000000000000000000e+00
1.779400000000000091e+03 4.000000000000000000e+00 0.000000000000000000e+00
1.779600000000000136e+03 4.000000000000000000e+00 0.000000000000000000e+00
1.779800000000000182e+03 4.000000000000000000e+00 0.000000000000000000e+00
1.780000000000000000e+03 4.000000000000000000e+00 1.425000400000000000e+11
1.780200000000000045e+03 5.656854249492380582e+00 1.425000400000000000e+11
1.780400000000000091e+03 5.656854249492380582e+00 1.425000200000000000e+11
1.780600000000000136e+03 5.656854249492380582e+00 1.425000400000000000e+11
1.780800000000000182e+03 5.656854249492380582e+00 1.425000200000000000e+11
1.781000000000000000e+03 4.000000000000000000e+00 1.425000200000000000e+11
1.781200000000000045e+03 4.000000000000000000e+00 1.425000200000000000e+11
1.781400000000000091e+03 4.000000000000000000e+00 1.425000200000000000e+11
1.781600000000000136e+03 0.000000000000000000e+00 1.425000400000000000e+11
1.781800000000000182e+03 0.000000000000000000e+00 1.425000200000000000e+11
1.782000000000000000e+03 0.000000000000000000e+00 1.425000400000000000e+11
1.782200000000000045e+03 0.000000000000000000e+00 1.425000400000000000e+11
1.782400000000000091e+03 4.000000000000000000e+00 1.425000400000000000e+11
1.782600000000000136e+03 4.000000000000000000e+00 1.425000200000000000e+11
1.782800000000000182e+03 4.000000000000000000e+00 1.425000400000000000e+11
1.783000000000000000e+03 5.656854249492380582e+00 1.425000200000000000e+11
1.783200000000000045e+03 5.656854249492380582e+00 1.425000400000000000e+11
1.783400000000000091e+03 5.656854249492380582e+00 1.425000200000000000e+11
1.783600000000000136e+03 4.000000000000000000e+00 1.425000400000000000e+11
1.783800000000000182e+03 4.000000000000000000e+00 1.425000200000000000e+11
1.784000000000000000e+03 4.000000000000000000e+00 0.000000000000000000e+00
1.784200000000000045e+03 4.000000000000000000e+00 0.000000000000000000e+00
1.784400000000000091e+03 0.000000000000000000e+00 0.000000000000000000e+00
1.784600000000000136e+03 0.000000000000000000e+00 0.000000000000000000e+00
1.784800000000000182e+03 0.000000000000000000e+00 0.000000000000000000e+00
1.785000000000000000e+03 4.000000000000000000e+00 0.000000000000000000e+00
1.785200000000000045e+03 4.000000000000000000e+00 0.000000000000000000e+00
1.785400000000000091e+03 4.000000000000000000e+00 0.000000000000000000e+00
1.785600000000000136e+03 4.000000000000000000e+00 0.000000000000000000e+00
1.785800000000000182e+03 5.656854249492380582e+00 0.000000000000000000e+00
1.786000000000000000e+03 5.656854249492380582e+00 0.000000000000000000e+00
1.786200000000000045e+03 5.656854249492380582e+00 0.000000000000000000e+00
1.786400000000000091e+03 4.000000000000000000e+00 0.000000000000000000e+00
1.786600000000000136e+03 4.000000000000000000e+00 0.000000000000000000e+00
1.786800000000000182e+03 4.000000000000000000e+00 0.000000000000000000e+00
1.787000000000000000e+03 0.000000000000000000e+00 0.000000000000000000e+00
1.787200000000000045e+03 0.000000000000000000e+00 0.000000000000000000e+00
1.787400000000000091e+03 0.000000000000000000e+00 0.000000000000000000e+00
1.787600000000000136e+03 0.000000000000000000e+00 0.000000000000000000e+00
1.787800000000000182e+03 4.000000000000000000e+00 0.000000000000000000e+00
1.788000000000000000e+03 4.000000000000000000e+00 1.425000200000000000e+11
1.788200000000000045e+03 4.000000000000000000e+00 1.425000400000000000e+11
1.788400000000000091e+03 5.656854249492380582e+00 1.425000400000000000e+11
1.788600000000000136e+03 5.656854249492380582e+00 1.425000400000000000e+11
1.788800000000000182e+03 5.656854249492380582e+00 1.425000200000000000e+11
1.789000000000000000e+03 5.656854249492380582e+00 1.425000400000000000e+11
1.789200000000000045e+03 4.000000000000000000e+00 1.425000400000000000e+11
1.789400000000000091e+03 4.000000000000000000e+00 1.425000200000000000e+11
1.789600000000000136e+03 4.000000000000000000e+00 1.425000200000000000e+11
1.789800000000000182e+03 0.000000000000000000e+00 1.425000200000000000e+11
1.790000000000000000e+03 0.000000000000000000e+00 1.425000200000000000e+11
1.790200000000000045e+03 0.000000000000000000e+00 1.425000200000000000e+11
1.790400000000000091e+03 0.000000000000000000e+00 1.425000200000000000e+11
1.790600000000000136e+03 4.000000000000000000e+00 1.425000400000000000e+11
1.790800000000000182e+03 4.000000000000000000e+00 1.425000400000000000e+11
1.791000000000000000e+03 4.000000000000000000e+00 1.425000400000000000e+11
1.791200000000000045e+03 5.656854249492380582e+00 1.425000400000000000e+11
1.791400000000000091e+03 5.656854249492380582e+00 1.425000400000000000e+11
1.791600000000000136e+03 5.656854249492380582e+00 1.425000400000000000e+11
1.791800000000000182e+03 4.000000000000000000e+00 1.425000200000000000e+11
1.792000000000000000e+03 4.000000000000000000e+00 0.000000000000000000e+00
1.792200000000000045e+03 4.000000000000000000e+00 0.000000000000000000e+00
1.792400000000000091e+03 4.000000000000000000e+00 0.000000000000000000e+00
1.792600000000000136e+03 0.000000000000000000e+00 0.000000000000000000e+00
1.792800000000000182e+03 0.000000000000000000e+00 0.000000000000000000e+00
1.793000000000000000e+03 0.000000000000000000e+00 0.000000000000000000e+00
1.793200000000000045e+03 4.000000000000000000e+00 0.000000000000000000e+00
1.793400000000000091e+03 4.000000000000000000e+00 0.000000000000000000e+00
1.793600000000000136e+03 4.000000000000000000e+00 0.000000000000000000e+00
1.793800000000000182e+03 4.000000000000000000e+00 0.000000000000000000e+00
1.794000000000000000e+03 5.656854249492380582e+00 0.000000000000000000e+00
1.794200000000000045e+03 5.656854249492380582e+00 0.000000000000000000e+00
1.794400000000000091e+03 5.656854249492380582e+00 0.000000000000000000e+00
1.794600000000000136e+03 4.000000000000000000e+00 0.000000000000000000e+00
1.794800000000000182e+03 4.000000000000000000e+00 0.000000000000000000e+00
1.795000000000000000e+03 4.000000000000000000e+00 0.000000000000000000e+00
1.795200000000000045e+03 0.000000000000000000e+00 0.000000000000000000e+00
1.795400000000000091e+03 0.000000000000000000e+00 0.000000000000000000e+00
1.795600000000000136e+03 0.000000000000000000e+00 0.000000000000000000e+00
1.795800000000000182e+03 0.000000000000000000e+00 0.000000000000000000e+00
1.796000000000000000e+03 4.000000000000000000e+00 1.425000400000000000e+11
1.796200000000000045e+03 4.000000000000000000e+00 1.425000400000000000e+11
1.796400000000000091e+03 4.000000000000000000e+00 1.425000200000000000e+11
1.796600000000000136e+03 5.656854249492380582e+00 1.425000400000000000e+11
1.796800000000000182e+03 5.656854249492380582e+00 1.425000400000000000e+11
1.797000000000000000e+03 5.656854249492380582e+00 1.425000400000000000e+11
1.797200000000000045e+03 5.656854249492380582e+00 1.425000200000000000e+11
1.797400000000000091e+03 4.000000000000000000e+00 1.425000400000000000e+11
1.797600000000000136e+03 4.000000000000000000e+00 1.425000200000000000e+11
1.797800000000000182e+03 4.000000000000000000e+00 1.425000200000000000e+11
1.798000000000000000e+03 0.000000000000000000e+00 1.425000200000000000e+11
1.798200000000000045e+03 0.000000000000000000e+00 1.425000200000000000e+11
1.798400000000000091e+03 0.000000000000000000e+00 1.425000400000000000e+11
1.798600000000000136e+03 4.000000000000000000e+00 1.425000200000000000e+11
1.798800000000000182e+03 4.000000000000000000e+00 1.425000200000000000e+11
1.799000000000000000e+03 4.000000000000000000e+00 1.425000200000000000e+11
1.799200000000000045e+03 4.000000000000000000e+00 1.425000200000000000e+11
1.799400000000000091e+03 5.656854249492380582e+00 1.425000400000000000e+11
1.799600000000000136e+03 5.656854249492380582e+00 1.425000400000000000e+11
1.799800000000000182e+03 5.656854249492380582e+00 1.425000200000000000e+11
