1.800000000000000000e+03 4.000000000000000000e+00 0.000000000000000000e+00
1.800200000000000045e+03 4.000000000000000000e+00 0.000000000000000000e+00
1.800400000000000091e+03 4.000000000000000000e+00 0.000000000000000000e+00
1.800600000000000136e+03 5.656854249492380582e+00 0.000000000000000000e+00
1.800800000000000182e+03 5.656854249492380582e+00 0.000000000000000000e+00
1.801000000000000000e+03 5.656854249492380582e+00 0.000000000000000000e+00
1.801200000000000045e+03 5.656854249492380582e+00 0.000000000000000000e+00
1.801400000000000091e+03 5.656854249492380582e+00 0.000000000000000000e+00
1.801600000000000136e+03 5.656854249492380582e+00 0.000000000000000000e+00
1.801800000000000182e+03 5.656854249492380582e+00 0.000000000000000000e+00
1.802000000000000000e+03 5.656854249492380582e+00 0.000000000000000000e+00
1.802200000000000045e+03 4.000000000000000000e+00 0.000000000000000000e+00
1.802400000000000091e+03 4.000000000000000000e+00 0.000000000000000000e+00
1.802600000000000136e+03 5.656854249492380582e+00 0.000000000000000000e+00
1.802800000000000182e+03 0.000000000000000000e+00 0.000000000000000000e+00
1.803000000000000000e+03 5.656854249492380582e+00 0.000000000000000000e+00
1.803200000000000045e+03 5.656854249492380582e+00 0.000000000000000000e+00
1.803400000000000091e+03 5.656854249492380582e+00 0.000000000000000000e+00
1.803600000000000136e+03 5.656854249492380582e+00 0.000000000000000000e+00
1.803800000000000182e+03 5.656854249492380582e+00 0.000000000000000000e+00
1.804000000000000000e+03 5.656854249492380582e+00 1.449999900000000000e+11
1.804200000000000045e+03 5.656854249492380582e+00 1.449999900000000000e+11
1.804400000000000091e+03 5.656854249492380582e+00 1.449999900000000000e+11
1.804600000000000136e+03 5.656854249492380582e+00 1.449999900000000000e+11
1.804800000000000182e+03 4.000000000000000000e+00 1.449999900000000000e+11
1.805000000000000000e+03 4.000000000000000000e+00 1.449999900000000000e+11
1.805200000000000045e+03 4.000000000000000000e+00 1.449999900000000000e+11
1.805400000000000091e+03 0.000000000000000000e+00 1.449999900000000000e+11
1.805600000000000136e+03 0.000000000000000000e+00 1.449999900000000000e+11
1.805800000000000182e+03 0.000000000000000000e+00 1.449999900000000000e+11
1.806000000000000000e+03 4.000000000000000000e+00 1.449999900000000000e+11
1.806200000000000045e+03 5.656854249492380582e+00 1.449999900000000000e+11
1.806400000000000091e+03 5.656854249492380582e+00 1.449999900000000000e+11
1.806600000000000136e+03 5.656854249492380582e+00 1.449999900000000000e+11
1.806800000000000182e+03 5.656854249492380582e+00 1.449999900000000000e+11
1.807000000000000000e+03 5.656854249492380582e+00 1.449999900000000000e+11
1.807200000000000045e+03 5.656854249492380582e+00 1.449999900000000000e+11
1.807400000000000091e+03 4.000000000000000000e+00 1.449999900000000000e+11
1.807600000000000136e+03 4.000000000000000000e+00 1.449999900000000000e+11
1.807800000000000182e+03 4.000000000000000000e+00 1.449999900000000000e+11
1.808000000000000000e+03 0.000000000000000000e+00 0.000000000000000000e+00
1.808200000000000045e+03 0.000000000000000000e+00 0.000000000000000000e+00
1.808400000000000091e+03 0.000000000000000000e+00 0.000000000000000000e+00
1.808600000000000136e+03 0.000000000000000000e+00 0.000000000000000000e+00
1.808800000000000182e+03 4.000000000000000000e+00 0.000000000000000000e+00
1.809000000000000000e+03 4.000000000000000000e+00 0.000000000000000000e+00
1.809200000000000045e+03 5.656854249492380582e+00 0.000000000000000000e+00
1.809400000000000091e+03 5.656854249492380582e+00 0.000000000000000000e+00
1.809600000000000136e+03 5.656854249492380582e+00 0.000000000000000000e+00
1.809800000000000182e+03 5.656854249492380582e+00 0.000000000000000000e+00
1.810000000000000000e+03 5.656854249492380582e+00 0.000000000000000000e+00
1.810200000000000045e+03 5.656854249492380582e+00 0.000000000000000000e+00
1.810400000000000091e+03 4.000000000000000000e+00 0.000000000000000000e+00
1.810600000000000136e+03 4.000000000000000000e+00 0.000000000000000000e+00
1.810800000000000182e+03 0.000000000000000000e+00 0.000000000000000000e+00
1.811000000000000000e+03 0.000000000000000000e+00 0.000000000000000000e+00
1.811200000000000045e+03 0.000000000000000000e+00 0.000000000000000000e+00
1.811400000000000091e+03 0.000000000000000000e+00 0.000000000000000000e+00
1.811600000000000136e+03 4.000000000000000000e+00 0.000000000000000000e+00
1.811800000000000182e+03 4.000000000000000000e+00 0.000000000000000000e+00
1.812000000000000000e+03 5.656854249492380582e+00 1.449999900000000000e+11
1.812200000000000045e+03 5.656854249492380582e+00 1.449999900000000000e+11
1.812400000000000091e+03 5.656854249492380582e+00 1.449999900000000000e+11
1.812600000000000136e+03 5.656854249492380582e+00 1.449999900000000000e+11
1.812800000000000182e+03 4.000000000000000000e+00 1.449999900000000000e+11
1.813000000000000000e+03 4.000000000000000000e+00 1.449999900000000000e+11
1.813200000000000045e+03 4.000000000000000000e+00 1.449999900000000000e+11
1.813400000000000091e+03 4.000000000000000000e+00 1.449999900000000000e+11
1.813600000000000136e+03 0.000000000000000000e+00 1.449999900000000000e+11
1.813800000000000182e+03 0.000000000000000000e+00 1.449999900000000000e+11
1.814000000000000000e+03 0.000000000000000000e+00 1.449999900000000000e+11
1.814200000000000045e+03 4.000000000000000000e+00 1.449999900000000000e+11
1.814400000000000091e+03 4.000000000000000000e+00 1.449999900000000000e+11
1.814600000000000136e+03 4.000000000000000000e+00 1.449999900000000000e+11
1.814800000000000182e+03 5.656854249492380582e+00 1.449999900000000000e+11
1.815000000000000000e+03 5.656854249492380582e+00 1.449999900000000000e+11
1.815200000000000045e+03 5.656854249492380582e+00 1.449999900000000000e+11
1.815400000000000091e+03 5.656854249492380582e+00 1.449999900000000000e+11
1.815600000000000136e+03 4.000000000000000000e+00 1.449999900000000000e+11
1.815800000000000182e+03 4.000000000000000000e+00 1.449999900000000000e+11
1.816000000000000000e+03 4.000000000000000000e+00 0.000000000000000000e+00
1.816200000000000045e+03 0.000000000000000000e+00 0.000000000000000000e+00
1.816400000000000091e+03 0.000000000000000000e+00 0.000000000000000000e+00
1.816600000000000136e+03 0.000000000000000000e+00 0.000000000000000000e+00
1.816800000000000182e+03 0.000000000000000000e+00 0.000000000000000000e+00
1.817000000000000000e+03 4.000000000000000000e+00 0.000000000000000000e+00
1.817200000000000045e+03 4.000000000000000000e+00 0.000000000000000000e+00
1.817400000000000091e+03 4.000000000000000000e+00 0.000000000000000000e+00
1.817600000000000136e+03 5.656854249492380582e+00 0.000000000000000000e+00
1.817800000000000182e+03 5.656854249492380582e+00 0.000000000000000000e+00
1.818000000000000000e+03 5.656854249492380582e+00 0.000000000000000000e+00
1.818200000000000045e+03 4.000000000000000000e+00 0.000000000000000000e+00
1.818400000000000091e+03 4.000000000000000000e+00 0.000000000000000000e+00
1.818600000000000136e+03 4.000000000000000000e+00 0.000000000000000000e+00
1.818800000000000182e+03 4.000000000000000000e+00 0.000000000000000000e+00
1.819000000000000000e+03 0.000000000000000000e+00 0.000000000000000000e+00
1.819200000000000045e+03 0.000000000000000000e+00 0.000000000000000000e+00
1.819400000000000091e+03 0.000000000000000000e+00 0.000000000000000000e+00
1.819600000000000136e+03 4.000000000000000000e+00 0.000000000000000000e+00
1.819800000000000182e+03 4.000000000000000000e+00 0.000000000000000000e+00
1.820000000000000000e+03 4.000000000000000000e+00 1.449999900000000000e+11
1.820200000000000045e+03 5.656854249492380582e+00 1.449999900000000000e+11
1.820400000000000091e+03 5.656854249492380582e+00 1.449999900000000000e+11
1.820600000000000136e+03 5.656854249492380582e+00 1.449999900000000000e+11
1.820800000000000182e+03 5.656854249492380582e+00 1.449999900000000000e+11
1.821000000000000000e+03 4.000000000000000000e+00 1.449999900000000000e+11
1.821200000000000045e+03 4.000000000000000000e+00 1.449999900000000000e+11
1.821400000000000091e+03 4.000000000000000000e+00 1.449999900000000000e+11
1.821600000000000136e+03 0.000000000000000000e+00 1.449999900000000000e+11
1.821800000000000182e+03 0.000000000000000000e+00 1.449999900000000000e+11
1.822000000000000000e+03 0.000000000000000000e+00 1.449999900000000000e+11
1.822200000000000045e+03 0.000000000000000000e+00 1.449999900000000000e+11
1.822400000000000091e+03 4.000000000000000000e+00 1.449999900000000000e+11
1.822600000000000136e+03 4.000000000000000000e+00 1.449999900000000000e+11
1.822800000000000182e+03 4.000000000000000000e+00 1.449999900000000000e+11
1.823000000000000000e+03 5.656854249492380582e+00 1.449999900000000000e+11
1.823200000000000045e+03 5.656854249492380582e+00 1.449999900000000000e+11
1.823400000000000091e+03 5.656854249492380582e+00 1.449999900000000000e+11
1.823600000000000136e+03 5.656854249492380582e+00 1.449999900000000000e+11
1.823800000000000182e+03 4.000000000000000000e+00 1.449999900000000000e+11
1.824000000000000000e+03 4.000000000000000000e+00 0.000000000000000000e+00
1.824200000000000045e+03 4.000000000000000000e+00 0.000000000000000000e+00
1.824400000000000091e+03 0.000000000000000000e+00 0.000000000000000000e+00
1.824600000000000136e+03 0.000000000000000000e+00 0.000000000000000000e+00
1.824800000000000182e+03 0.000000000000000000e+00 0.000000000000000000e+00
1.825000000000000000e+03 4.000000000000000000e+00 0.000000000000000000e+00
1.825200000000000045e+03 4.000000000000000000e+00 0.000000000000000000e+00
1.825400000000000091e+03 4.000000000000000000e+00 0.000000000000000000e+00
1.825600000000000136e+03 4.000000000000000000e+00 0.000000000000000000e+00
1.825800000000000182e+03 5.656854249492380582e+00 0.000000000000000000e+00
1.826000000000000000e+03 5.656854249492380582e+00 0.000000000000000000e+00
1.826200000000000045e+03 5.656854249492380582e+00 0.000000000000000000e+00
1.826400000000000091e+03 4.000000000000000000e+00 0.000000000000000000e+00
1.826600000000000136e+03 4.000000000000000000e+00 0.000000000000000000e+00
1.826800000000000182e+03 4.000000000000000000e+00 0.000000000000000000e+00
1.827000000000000000e+03 4.000000000000000000e+00 0.000000000000000000e+00
1.827200000000000045e+03 0.000000000000000000e+00 0.000000000000000000e+00
1.827400000000000091e+03 0.000000000000000000e+00 0.000000000000000000e+00
1.827600000000000136e+03 0.000000000000000000e+00 0.000000000000000000e+00
1.827800000000000182e+03 4.000000000000000000e+00 0.000000000000000000e+00
1.828000000000000000e+03 4.000000000000000000e+00 1.449999900000000000e+11
1.828200000000000045e+03 4.000000000000000000e+00 1.449999900000000000e+11
1.828400000000000091e+03 5.656854249492380582e+00 1.449999900000000000e+11
1.828600000000000136e+03 5.656854249492380582e+00 1.449999900000000000e+11
1.828800000000000182e+03 5.656854249492380582e+00 1.449999900000000000e+11
1.829000000000000000e+03 5.656854249492380582e+00 1.449999900000000000e+11
1.829200000000000045e+03 4.000000000000000000e+00 1.449999900000000000e+11
1.829400000000000091e+03 4.000000000000000000e+00 1.449999900000000000e+11
1.829600000000000136e+03 4.000000000000000000e+00 1.449999900000000000e+11
1.829800000000000182e+03 0.000000000000000000e+00 1.449999900000000000e+11
1.830000000000000000e+03 0.000000000000000000e+00 1.449999900000000000e+11
1.830200000000000045e+03 0.000000000000000000e+00 1.449999900000000000e+11
1.830400000000000091e+03 4.000000000000000000e+00 1.449999900000000000e+11
1.830600000000000136e+03 4.000000000000000000e+00 1.449999900000000000e+11
1.830800000000000182e+03 4.000000000000000000e+00 1.449999900000000000e+11
1.831000000000000000e+03 4.000000000000000000e+00 1.449999900000000000e+11
1.831200000000000045e+03 5.656854249492380582e+00 1.449999900000000000e+11
1.831400000000000091e+03 5.656854249492380582e+00 1.449999900000000000e+11
1.831600000000000136e+03 5.656854249492380582e+00 1.449999900000000000e+11
1.831800000000000182e+03 4.000000000000000000e+00 1.449999900000000000e+11
1.832000000000000000e+03 4.000000000000000000e+00 0.000000000000000000e+00
1.832200000000000045e+03 4.000000000000000000e+00 0.000000000000000000e+00
1.832400000000000091e+03 4.000000000000000000e+00 0.000000000000000000e+00
1.832600000000000136e+03 0.000000000000000000e+00 0.000000000000000000e+00
1.832800000000000182e+03 0.000000000000000000e+00 0.000000000000000000e+00
1.833000000000000000e+03 0.000000000000000000e+00 0.000000000000000000e+00
1.833200000000000045e+03 4.000000000000000000e+00 0.000000000000000000e+00
1.833400000000000091e+03 4.000000000000000000e+00 0.000000000000000000e+00
1.833600000000000136e+03 4.000000000000000000e+00 0.000000000000000000e+00
1.833800000000000182e+03 5.656854249492380582e+00 0.000000000000000000e+00
1.834000000000000000e+03 5.656854249492380582e+00 0.000000000000000000e+00
1.834200000000000045e+03 5.656854249492380582e+00 0.000000000000000000e+00
1.834400000000000091e+03 5.656854249492380582e+00 0.000000000000000000e+00
1.834600000000000136e+03 4.000000000000000000e+00 0.000000000000000000e+00
1.834800000000000182e+03 4.000000000000000000e+00 0.000000000000000000e+00
1.835000000000000000e+03 4.000000000000000000e+00 0.000000000000000000e+00
1.835200000000000045e+03 0.000000000000000000e+00 0.000000000000000000e+00
1.835400000000000091e+03 0.000000000000000000e+00 0.000000000000000000e+00
1.835600000000000136e+03 0.000000000000000000e+00 0.000000000000000000e+00
1.835800000000000182e+03 0.000000000000000000e+00 0.000000000000000000e+00
1.836000000000000000e+03 4.000000000000000000e+00 1.449999900000000000e+11
1.836200000000000045e+03 4.000000000000000000e+00 1.449999900000000000e+11
1.836400000000000091e+03 4.000000000000000000e+00 1.449999900000000000e+11
1.836600000000000136e+03 5.656854249492380582e+00 1.449999900000000000e+11
1.836800000000000182e+03 5.656854249492380582e+00 1.449999900000000000e+11
1.837000000000000000e+03 5.656854249492380582e+00 1.449999900000000000e+11
1.837200000000000045e+03 4.000000000000000000e+00 1.449999900000000000e+11
1.837400000000000091e+03 4.000000000000000000e+00 1.449999900000000000e+11
1.837600000000000136e+03 4.000000000000000000e+00 1.449999900000000000e+11
1.837800000000000182e+03 4.000000000000000000e+00 1.449999900000000000e+11
1.838000000000000000e+03 0.000000000000000000e+00 1.449999900000000000e+11
1.838200000000000045e+03 0.000000000000000000e+00 1.449999900000000000e+11
1.838400000000000091e+03 0.000000000000000000e+00 1.449999900000000000e+11
1.838600000000000136e+03 4.000000000000000000e+00 1.449999900000000000e+11
1.838800000000000182e+03 4.000000000000000000e+00 1.449999900000000000e+11
1.839000000000000000e+03 4.000000000000000000e+00 1.449999900000000000e+11
1.839200000000000045e+03 4.000000000000000000e+00 1.449999900000000000e+11
1.839400000000000091e+03 5.656854249492380582e+00 1.449999900000000000e+11
1.839600000000000136e+03 5.656854249492380582e+00 1.449999900000000000e+11
1.839800000000000182e+03 5.656854249492380582e+00 1.449999900000000000e+11
1.840000000000000000e+03 4.000000000000000000e+00 0.000000000000000000e+00
1.840200000000000045e+03 4.000000000000000000e+00 0.000000000000000000e+00
1.840400000000000091e+03 4.000000000000000000e+00 0.000000000000000000e+00
1.840600000000000136e+03 0.000000000000000000e+00 0.000000000000000000e+00
1.840800000000000182e+03 0.000000000000000000e+00 0.000000000000000000e+00
1.841000000000000000e+03 0.000000000000000000e+00 0.000000000000000000e+00
1.841200000000000045e+03 0.000000000000000000e+00 0.000000000000000000e+00
1.841400000000000091e+03 4.000000000000000000e+00 0.000000000000000000e+00
1.841600000000000136e+03 4.000000000000000000e+00 0.000000000000000000e+00
1.841800000000000182e+03 4.000000000000000000e+00 0.000000000000000000e+00
1.842000000000000000e+03 5.656854249492380582e+00 0.000000000000000000e+00
1.842200000000000045e+03 5.656854249492380582e+00 0.000000000000000000e+00
1.842400000000000091e+03 5.656854249492380582e+00 0.000000000000000000e+00
1.842600000000000136e+03 5.656854249492380582e+00 0.000000000000000000e+00
1.842800000000000182e+03 4.000000000000000000e+00 0.000000000000000000e+00
1.843000000000000000e+03 4.000000000000000000e+00 0.000000000000000000e+00
1.843200000000000045e+03 4.000000000000000000e+00 0.000000000000000000e+00
1.843400000000000091e+03 0.000000000000000000e+00 0.000000000000000000e+00
1.843600000000000136e+03 0.000000000000000000e+00 0.000000000000000000e+00
1.843800000000000182e+03 0.000000000000000000e+00 0.000000000000000000e+00
1.844000000000000000e+03 4.000000000000000000e+00 1.449999900000000000e+11
1.844200000000000045e+03 4.000000000000000000e+00 1.449999900000000000e+11
1.844400000000000091e+03 4.000000000000000000e+00 1.449999900000000000e+11
1.844600000000000136e+03 4.000000000000000000e+00 1.449999900000000000e+11
1.844800000000000182e+03 5.656854249492380582e+00 1.449999900000000000e+11
1.845000000000000000e+03 5.656854249492380582e+00 1.449999900000000000e+11
1.845200000000000045e+03 5.656854249492380582e+00 1.449999900000000000e+11
1.845400000000000091e+03 4.000000000000000000e+00 1.449999900000000000e+11
1.845600000000000136e+03 4.000000000000000000e+00 1.449999900000000000e+11
1.845800000000000182e+03 4.000000000000000000e+00 1.449999900000000000e+11
1.846000000000000000e+03 4.000000000000000000e+00 1.449999900000000000e+11
1.846200000000000045e+03 0.000000000000000000e+00 1.449999900000000000e+11
1.846400000000000091e+03 0.000000000000000000e+00 1.449999900000000000e+11
1.846600000000000136e+03 0.000000000000000000e+00 1.449999900000000000e+11
1.846800000000000182e+03 4.000000000000000000e+00 1.449999900000000000e+11
1.847000000000000000e+03 4.000000000000000000e+00 1.449999900000000000e+11
1.847200000000000045e+03 4.000000000000000000e+00 1.449999900000000000e+11
1.847400000000000091e+03 5.656854249492380582e+00 1.449999900000000000e+11
1.847600000000000136e+03 5.656854249492380582e+00 1.449999900000000000e+11
1.847800000000000182e+03 5.656854249492380582e+00 1.449999900000000000e+11
1.848000000000000000e+03 5.656854249492380582e+00 0.000000000000000000e+00
1.848200000000000045e+03 4.000000000000000000e+00 0.000000000000000000e+00
1.848400000000000091e+03 4.000000000000000000e+00 0.000000000000000000e+00
1.848600000000000136e+03 4.000000000000000000e+00 0.000000000000000000e+00
1.848800000000000182e+03 0.000000000000000000e+00 0.000000000000000000e+00
1.849000000000000000e+03 0.000000000000000000e+00 0.000000000000000000e+00
1.849200000000000045e+03 0.000000000000000000e+00 0.000000000000000000e+00
1.849400000000000091e+03 0.000000000000000000e+00 0.000000000000000000e+00
1.849600000000000136e+03 4.000000000000000000e+00 0.000000000000000000e+00
1.849800000000000182e+03 4.000000000000000000e+00 0.000000000000000000e+00
1.850000000000000000e+03 4.000000000000000000e+00 0.000000000000000000e+00
1.850200000000000045e+03 5.656854249492380582e+00 0.000000000000000000e+00
1.850400000000000091e+03 5.656854249492380582e+00 0.000000000000000000e+00
1.850600000000000136e+03 5.656854249492380582e+00 0.000000000000000000e+00
1.850800000000000182e+03 4.000000000000000000e+00 0.000000000000000000e+00
1.851000000000000000e+03 4.000000000000000000e+00 0.000000000000000000e+00
1.851200000000000045e+03 4.000000000000000000e+00 0.000000000000000000e+00
1.851400000000000091e+03 4.000000000000000000e+00 0.000000000000000000e+00
1.851600000000000136e+03 0.000000000000000000e+00 0.000000000000000000e+00
1.851800000000000182e+03 0.000000000000000000e+00 0.000000000000000000e+00
1.852000000000000000e+03 0.000000000000000000e+00 1.449999900000000000e+11
1.852200000000000045e+03 4.000000000000000000e+00 1.449999900000000000e+11
1.852400000000000091e+03 4.000000000000000000e+00 1.449999900000000000e+11
1.852600000000000136e+03 4.000000000000000000e+00 1.449999900000000000e+11
1.852800000000000182e+03 5.656854249492380582e+00 1.449999900000000000e+11
1.853000000000000000e+03 5.656854249492380582e+00 1.449999900000000000e+11
1.853200000000000045e+03 5.656854249492380582e+00 1.449999900000000000e+11
1.853400000000000091e+03 5.656854249492380582e+00 1.449999900000000000e+11
1.853600000000000136e+03 4.000000000000000000e+00 1.449999900000000000e+11
1.853800000000000182e+03 4.000000000000000000e+00 1.449999900000000000e+11
1.854000000000000000e+03 4.000000000000000000e+00 1.449999900000000000e+11
1.854200000000000045e+03 0.000000000000000000e+00 1.449999900000000000e+11
1.854400000000000091e+03 0.000000000000000000e+00 1.449999900000000000e+11
1.854600000000000136e+03 0.000000000000000000e+00 1.449999900000000000e+11
1.854800000000000182e+03 0.000000000000000000e+00 1.449999900000000000e+11
1.855000000000000000e+03 4.000000000000000000e+00 1.449999900000000000e+11
1.855200000000000045e+03 4.000000000000000000e+00 1.449999900000000000e+11
1.855400000000000091e+03 4.000000000000000000e+00 1.449999900000000000e+11
1.855600000000000136e+03 5.656854249492380582e+00 1.449999900000000000e+11
1.855800000000000182e+03 5.656854249492380582e+00 1.449999900000000000e+11
1.856000000000000000e+03 5.656854249492380582e+00 0.000000000000000000e+00
1.856200000000000045e+03 4.000000000000000000e+00 0.000000000000000000e+00
1.856400000000000091e+03 4.000000000000000000e+00 0.000000000000000000e+00
1.856600000000000136e+03 4.000000000000000000e+00 0.000000000000000000e+00
1.856800000000000182e+03 4.000000000000000000e+00 0.000000000000000000e+00
1.857000000000000000e+03 0.000000000000000000e+00 0.000000000000000000e+00
1.857200000000000045e+03 0.000000000000000000e+00 0.000000000000000000e+00
1.857400000000000091e+03 0.000000000000000000e+00 0.000000000000000000e+00
1.857600000000000136e+03 4.000000000000000000e+00 0.000000000000000000e+00
1.857800000000000182e+03 4.000000000000000000e+00 0.000000000000000000e+00
1.858000000000000000e+03 4.000000000000000000e+00 0.000000000000000000e+00
1.858200000000000045e+03 4.000000000000000000e+00 0.000000000000000000e+00
1.858400000000000091e+03 5.656854249492380582e+00 0.000000000000000000e+00
1.858600000000000136e+03 5.656854249492380582e+00 0.000000000000000000e+00
1.858800000000000182e+03 5.656854249492380582e+00 0.000000000000000000e+00
1.859000000000000000e+03 4.000000000000000000e+00 0.000000000000000000e+00
1.859200000000000045e+03 4.000000000000000000e+00 0.000000000000000000e+00
1.859400000000000091e+03 4.000000000000000000e+00 0.000000000000000000e+00
1.859600000000000136e+03 0.000000000000000000e+00 0.000000000000000000e+00
1.859800000000000182e+03 0.000000000000000000e+00 0.000000000000000000e+00
1.860000000000000000e+03 0.000000000000000000e+00 1.449999900000000000e+11
1.860200000000000045e+03 0.000000000000000000e+00 1.449999900000000000e+11
1.860400000000000091e+03 4.000000000000000000e+00 1.449999900000000000e+11
1.860600000000000136e+03 4.000000000000000000e+00 1.449999900000000000e+11
1.860800000000000182e+03 4.000000000000000000e+00 1.449999900000000000e+11
1.861000000000000000e+03 5.656854249492380582e+00 1.449999900000000000e+11
1.861200000000000045e+03 5.656854249492380582e+00 1.449999900000000000e+11
1.861400000000000091e+03 5.656854249492380582e+00 1.449999900000000000e+11
1.861600000000000136e+03 5.656854249492380582e+00 1.449999900000000000e+11
1.861800000000000182e+03 4.000000000000000000e+00 1.449999900000000000e+11
1.862000000000000000e+03 4.000000000000000000e+00 1.449999900000000000e+11
1.862200000000000045e+03 4.000000000000000000e+00 1.449999900000000000e+11
1.862400000000000091e+03 0.000000000000000000e+00 1.449999900000000000e+11
1.862600000000000136e+03 0.000000000000000000e+00 1.449999900000000000e+11
1.862800000000000182e+03 0.000000000000000000e+00 1.449999900000000000e+11
1.863000000000000000e+03 4.000000000000000000e+00 1.449999900000000000e+11
1.863200000000000045e+03 4.000000000000000000e+00 1.449999900000000000e+11
1.863400000000000091e+03 4.000000000000000000e+00 1.449999900000000000e+11
1.863600000000000136e+03 4.000000000000000000e+00 1.449999900000000000e+11
1.863800000000000182e+03 5.656854249492380582e+00 1.449999900000000000e+11
1.864000000000000000e+03 5.656854249492380582e+00 0.000000000000000000e+00
1.864200000000000045e+03 5.656854249492380582e+00 0.000000000000000000e+00
1.864400000000000091e+03 4.000000000000000000e+00 0.000000000000000000e+00
1.864600000000000136e+03 4.000000000000000000e+00 0.000000000000000000e+00
1.864800000000000182e+03 4.000000000000000000e+00 0.000000000000000000e+00
1.865000000000000000e+03 4.000000000000000000e+00 0.000000000000000000e+00
1.865200000000000045e+03 0.000000000000000000e+00 0.000000000000000000e+00
1.865400000000000091e+03 0.000000000000000000e+00 0.000000000000000000e+00
1.865600000000000136e+03 0.000000000000000000e+00 0.000000000000000000e+00
1.865800000000000182e+03 4.000000000000000000e+00 0.000000000000000000e+00
1.866000000000000000e+03 4.000000000000000000e+00 0.000000000000000000e+00
1.866200000000000045e+03 4.000000000000000000e+00 0.000000000000000000e+00
1.866400000000000091e+03 5.656854249492380582e+00 0.000000000000000000e+00
1.866600000000000136e+03 5.656854249492380582e+00 0.000000000000000000e+00
1.866800000000000182e+03 5.656854249492380582e+00 0.000000000000000000e+00
1.867000000000000000e+03 5.656854249492380582e+00 0.000000000000000000e+00
1.867200000000000045e+03 4.000000000000000000e+00 0.000000000000000000e+00
1.867400000000000091e+03 4.000000000000000000e+00 0.000000000000000000e+00
1.867600000000000136e+03 4.000000000000000000e+00 0.000000000000000000e+00
1.867800000000000182e+03 0.000000000000000000e+00 0.000000000000000000e+00
1.868000000000000000e+03 0.000000000000000000e+00 1.449999900000000000e+11
1.868200000000000045e+03 0.000000000000000000e+00 1.449999900000000000e+11
1.868400000000000091e+03 0.000000000000000000e+00 1.449999900000000000e+11
1.868600000000000136e+03 4.000000000000000000e+00 1.449999900000000000e+11
1.868800000000000182e+03 4.000000000000000000e+00 1.449999900000000000e+11
1.869000000000000000e+03 4.000000000000000000e+00 1.449999900000000000e+11
1.869200000000000045e+03 5.656854249492380582e+00 1.449999900000000000e+11
1.869400000000000091e+03 5.656854249492380582e+00 1.449999900000000000e+11
1.869600000000000136e+03 5.656854249492380582e+00 1.449999900000000000e+11
1.869800000000000182e+03 4.000000000000000000e+00 1.449999900000000000e+11
1.870000000000000000e+03 4.000000000000000000e+00 1.449999900000000000e+11
1.870200000000000045e+03 4.000000000000000000e+00 1.449999900000000000e+11
1.870400000000000091e+03 4.000000000000000000e+00 1.449999900000000000e+11
1.870600000000000136e+03 0.000000000000000000e+00 1.449999900000000000e+11
1.870800000000000182e+03 0.000000000000000000e+00 1.449999900000000000e+11
1.871000000000000000e+03 0.000000000000000000e+00 1.449999900000000000e+11
1.871200000000000045e+03 4.000000000000000000e+00 1.449999900000000000e+11
1.871400000000000091e+03 4.000000000000000000e+00 1.449999900000000000e+11
1.871600000000000136e+03 4.000000000000000000e+00 1.449999900000000000e+11
1.871800000000000182e+03 4.000000000000000000e+00 1.449999900000000000e+11
1.872000000000000000e+03 5.656854249492380582e+00 0.000000000000000000e+00
1.872200000000000045e+03 5.656854249492380582e+00 0.000000000000000000e+00
1.872400000000000091e+03 5.656854249492380582e+00 0.000000000000000000e+00
1.872600000000000136e+03 4.000000000000000000e+00 0.000000000000000000e+00
1.872800000000000182e+03 4.000000000000000000e+00 0.000000000000000000e+00
1.873000000000000000e+03 4.000000000000000000e+00 0.000000000000000000e+00
1.873200000000000045e+03 0.000000000000000000e+00 0.000000000000000000e+00
1.873400000000000091e+03 0.000000000000000000e+00 0.000000000000000000e+00
1.873600000000000136e+03 0.000000000000000000e+00 0.000000000000000000e+00
1.873800000000000182e+03 0.000000000000000000e+00 0.000000000000000000e+00
1.874000000000000000e+03 4.000000000000000000e+00 0.000000000000000000e+00
1.874200000000000045e+03 4.000000000000000000e+00 0.000000000000000000e+00
1.874400000000000091e+03 4.000000000000000000e+00 0.000000000000000000e+00
1.874600000000000136e+03 5.656854249492380582e+00 0.000000000000000000e+00
1.874800000000000182e+03 5.656854249492380582e+00 0.000000000000000000e+00
1.875000000000000000e+03 5.656854249492380582e+00 0.000000000000000000e+00
1.875200000000000045e+03 4.000000000000000000e+00 0.000000000000000000e+00
1.875400000000000091e+03 4.000000000000000000e+00 0.000000000000000000e+00
1.875600000000000136e+03 4.000000000000000000e+00 0.000000000000000000e+00
1.875800000000000182e+03 4.000000000000000000e+00 0.000000000000000000e+00
1.876000000000000000e+03 0.000000000000000000e+00 1.449999900000000000e+11
1.876200000000000045e+03 0.000000000000000000e+00 1.449999900000000000e+11
1.876400000000000091e+03 0.000000000000000000e+00 1.449999900000000000e+11
1.876600000000000136e+03 4.000000000000000000e+00 1.449999900000000000e+11
1.876800000000000182e+03 4.000000000000000000e+00 1.449999900000000000e+11
1.877000000000000000e+03 4.000000000000000000e+00 1.449999900000000000e+11
1.877200000000000045e+03 4.000000000000000000e+00 1.449999900000000000e+11
1.877400000000000091e+03 5.656854249492380582e+00 1.449999900000000000e+11
1.877600000000000136e+03 5.656854249492380582e+00 1.449999900000000000e+11
1.877800000000000182e+03 5.656854249492380582e+00 1.449999900000000000e+11
1.878000000000000000e+03 4.000000000000000000e+00 1.449999900000000000e+11
1.878200000000000045e+03 4.000000000000000000e+00 1.449999900000000000e+11
1.878400000000000091e+03 4.000000000000000000e+00 1.449999900000000000e+11
1.878600000000000136e+03 0.000000000000000000e+00 1.449999900000000000e+11
1.878800000000000182e+03 0.000000000000000000e+00 1.449999900000000000e+11
1.879000000000000000e+03 0.000000000000000000e+00 1.449999900000000000e+11
1.879200000000000045e+03 0.000000000000000000e+00 1.449999900000000000e+11
1.879400000000000091e+03 4.000000000000000000e+00 1.449999900000000000e+11
1.879600000000000136e+03 4.000000000000000000e+00 1.449999900000000000e+11
1.879800000000000182e+03 4.000000000000000000e+00 1.449999900000000000e+11
1.880000000000000000e+03 5.656854249492380582e+00 0.000000000000000000e+00
1.880200000000000045e+03 5.656854249492380582e+00 0.000000000000000000e+00
1.880400000000000091e+03 5.656854249492380582e+00 0.000000000000000000e+00
1.880600000000000136e+03 5.656854249492380582e+00 0.000000000000000000e+00
1.880800000000000182e+03 4.000000000000000000e+00 0.000000000000000000e+00
1.881000000000000000e+03 4.000000000000000000e+00 0.000000000000000000e+00
1.881200000000000045e+03 4.000000000000000000e+00 0.000000000000000000e+00
1.881400000000000091e+03 0.000000000000000000e+00 0.000000000000000000e+00
1.881600000000000136e+03 0.000000000000000000e+00 0.000000000000000000e+00
1.881800000000000182e+03 0.000000000000000000e+00 0.000000000000000000e+00
1.882000000000000000e+03 4.000000000000000000e+00 0.000000000000000000e+00
1.882200000000000045e+03 4.000000000000000000e+00 0.000000000000000000e+00
1.882400000000000091e+03 4.000000000000000000e+00 0.000000000000000000e+00
1.882600000000000136e+03 4.000000000000000000e+00 0.000000000000000000e+00
1.882800000000000182e+03 5.656854249492380582e+00 0.000000000000000000e+00
1.883000000000000000e+03 5.656854249492380582e+00 0.000000000000000000e+00
1.883200000000000045e+03 5.656854249492380582e+00 0.000000000000000000e+00
1.883400000000000091e+03 4.000000000000000000e+00 0.000000000000000000e+00
1.883600000000000136e+03 4.000000000000000000e+00 0.000000000000000000e+00
1.883800000000000182e+03 4.000000000000000000e+00 0.000000000000000000e+00
1.884000000000000000e+03 4.000000000000000000e+00 1.449999900000000000e+11
1.884200000000000045e+03 0.000000000000000000e+00 1.449999900000000000e+11
1.884400000000000091e+03 0.000000000000000000e+00 1.449999900000000000e+11
1.884600000000000136e+03 0.000000000000000000e+00 1.449999900000000000e+11
1.884800000000000182e+03 4.000000000000000000e+00 1.449999900000000000e+11
1.885000000000000000e+03 4.000000000000000000e+00 1.449999900000000000e+11
1.885200000000000045e+03 4.000000000000000000e+00 1.449999900000000000e+11
1.885400000000000091e+03 5.656854249492380582e+00 1.449999900000000000e+11
1.885600000000000136e+03 5.656854249492380582e+00 1.449999900000000000e+11
1.885800000000000182e+03 5.656854249492380582e+00 1.449999900000000000e+11
1.886000000000000000e+03 5.656854249492380582e+00 1.449999900000000000e+11
1.886200000000000045e+03 4.000000000000000000e+00 1.449999900000000000e+11
1.886400000000000091e+03 4.000000000000000000e+00 1.449999900000000000e+11
1.886600000000000136e+03 4.000000000000000000e+00 1.449999900000000000e+11
1.886800000000000182e+03 0.000000000000000000e+00 1.449999900000000000e+11
1.887000000000000000e+03 0.000000000000000000e+00 1.449999900000000000e+11
1.887200000000000045e+03 0.000000000000000000e+00 1.449999900000000000e+11
1.887400000000000091e+03 0.000000000000000000e+00 1.449999900000000000e+11
1.887600000000000136e+03 4.000000000000000000e+00 1.449999900000000000e+11
1.887800000000000182e+03 4.000000000000000000e+00 1.449999900000000000e+11
1.888000000000000000e+03 4.000000000000000000e+00 0.000000000000000000e+00
1.888200000000000045e+03 5.656854249492380582e+00 0.000000000000000000e+00
1.888400000000000091e+03 5.656854249492380582e+00 0.000000000000000000e+00
1.888600000000000136e+03 5.656854249492380582e+00 0.000000000000000000e+00
1.888800000000000182e+03 5.656854249492380582e+00 0.000000000000000000e+00
1.889000000000000000e+03 4.000000000000000000e+00 0.000000000000000000e+00
1.889200000000000045e+03 4.000000000000000000e+00 0.000000000000000000e+00
1.889400000000000091e+03 4.000000000000000000e+00 0.000000000000000000e+00
1.889600000000000136e+03 0.000000000000000000e+00 0.000000000000000000e+00
1.889800000000000182e+03 0.000000000000000000e+00 0.000000000000000000e+00
1.890000000000000000e+03 0.000000000000000000e+00 0.000000000000000000e+00
1.890200000000000045e+03 0.000000000000000000e+00 0.000000000000000000e+00
1.890400000000000091e+03 4.000000000000000000e+00 0.000000000000000000e+00
1.890600000000000136e+03 4.000000000000000000e+00 0.000000000000000000e+00
1.890800000000000182e+03 4.000000000000000000e+00 0.000000000000000000e+00
1.891000000000000000e+03 5.656854249492380582e+00 0.000000000000000000e+00
1.891200000000000045e+03 5.656854249492380582e+00 0.000000000000000000e+00
1.891400000000000091e+03 5.656854249492380582e+00 0.000000000000000000e+00
1.891600000000000136e+03 4.000000000000000000e+00 0.000000000000000000e+00
1.891800000000000182e+03 4.000000000000000000e+00 0.000000000000000000e+00
1.892000000000000000e+03 4.000000000000000000e+00 1.449999900000000000e+11
1.892200000000000045e+03 4.000000000000000000e+00 1.449999900000000000e+11
1.892400000000000091e+03 0.000000000000000000e+00 1.449999900000000000e+11
1.892600000000000136e+03 0.000000000000000000e+00 1.449999900000000000e+11
1.892800000000000182e+03 0.000000000000000000e+00 1.449999900000000000e+11
1.893000000000000000e+03 4.000000000000000000e+00 1.449999900000000000e+11
1.893200000000000045e+03 4.000000000000000000e+00 1.449999900000000000e+11
1.893400000000000091e+03 4.000000000000000000e+00 1.449999900000000000e+11
1.893600000000000136e+03 4.000000000000000000e+00 1.449999900000000000e+11
1.893800000000000182e+03 5.656854249492380582e+00 1.449999900000000000e+11
1.894000000000000000e+03 5.656854249492380582e+00 1.449999900000000000e+11
1.894200000000000045e+03 5.656854249492380582e+00 1.449999900000000000e+11
1.894400000000000091e+03 4.000000000000000000e+00 1.449999900000000000e+11
1.894600000000000136e+03 4.000000000000000000e+00 1.449999900000000000e+11
1.894800000000000182e+03 4.000000000000000000e+00 1.449999900000000000e+11
1.895000000000000000e+03 4.000000000000000000e+00 1.449999900000000000e+11
1.895200000000000045e+03 0.000000000000000000e+00 1.449999900000000000e+11
1.895400000000000091e+03 0.000000000000000000e+00 1.449999900000000000e+11
1.895600000000000136e+03 0.000000000000000000e+00 1.449999900000000000e+11
1.895800000000000182e+03 0.000000000000000000e+00 1.449999900000000000e+11
1.896000000000000000e+03 4.000000000000000000e+00 0.000000000000000000e+00
1.896200000000000045e+03 4.000000000000000000e+00 0.000000000000000000e+00
1.896400000000000091e+03 4.000000000000000000e+00 0.000000000000000000e+00
1.896600000000000136e+03 5.656854249492380582e+00 0.000000000000000000e+00
1.896800000000000182e+03 5.656854249492380582e+00 0.000000000000000000e+00
1.897000000000000000e+03 5.656854249492380582e+00 0.000000000000000000e+00
1.897200000000000045e+03 5.656854249492380582e+00 0.000000000000000000e+00
1.897400000000000091e+03 4.000000000000000000e+00 0.000000000000000000e+00
1.897600000000000136e+03 4.000000000000000000e+00 0.000000000000000000e+00
1.897800000000000182e+03 4.000000000000000000e+00 0.000000000000000000e+00
1.898000000000000000e+03 4.000000000000000000e+00 0.000000000000000000e+00
1.898200000000000045e+03 0.000000000000000000e+00 0.000000000000000000e+00
1.898400000000000091e+03 0.000000000000000000e+00 0.000000000000000000e+00
1.898600000000000136e+03 0.000000000000000000e+00 0.000000000000000000e+00
1.898800000000000182e+03 0.000000000000000000e+00 0.000000000000000000e+00
1.899000000000000000e+03 4.000000000000000000e+00 0.000000000000000000e+00
1.899200000000000045e+03 4.000000000000000000e+00 0.000000000000000000e+00
1.899400000000000091e+03 4.000000000000000000e+00 0.000000000000000000e+00
1.899600000000000136e+03 5.656854249492380582e+00 0.000000000000000000e+00
1.899800000000000182e+03 5.656854249492380582e+00 0.000000000000000000e+00
1.900000000000000000e+03 5.656854249492380582e+00 1.449999900000000000e+11
1.900200000000000045e+03 5.656854249492380582e+00 1.449999900000000000e+11
1.900400000000000091e+03 4.000000000000000000e+00 1.449999900000000000e+11
1.900600000000000136e+03 4.000000000000000000e+00 1.449999900000000000e+11
1.900800000000000182e+03 4.000000000000000000e+00 1.449999900000000000e+11
1.901000000000000000e+03 4.000000000000000000e+00 1.449999900000000000e+11
1.901200000000000045e+03 0.000000000000000000e+00 1.449999900000000000e+11
1.901400000000000091e+03 0.000000000000000000e+00 1.449999900000000000e+11
1.901600000000000136e+03 0.000000000000000000e+00 1.449999900000000000e+11
1.901800000000000182e+03 0.000000000000000000e+00 1.449999900000000000e+11
1.902000000000000000e+03 4.000000000000000000e+00 1.449999900000000000e+11
1.902200000000000045e+03 4.000000000000000000e+00 1.449999900000000000e+11
1.902400000000000091e+03 4.000000000000000000e+00 1.449999900000000000e+11
1.902600000000000136e+03 8.000000000000000000e+00 1.449999900000000000e+11
1.902800000000000182e+03 8.944271909999159220e+00 1.449999900000000000e+11
1.903000000000000000e+03 5.656854249492380582e+00 1.449999900000000000e+11
1.903200000000000045e+03 8.944271909999159220e+00 1.449999900000000000e+11
1.903400000000000091e+03 8.000000000000000000e+00 1.449999900000000000e+11
1.903600000000000136e+03 8.000000000000000000e+00 1.449999900000000000e+11
1.903800000000000182e+03 8.944271909999159220e+00 1.449999900000000000e+11
1.904000000000000000e+03 5.656854249492380582e+00 0.000000000000000000e+00
1.904200000000000045e+03 4.000000000000000000e+00 0.000000000000000000e+00
1.904400000000000091e+03 4.000000000000000000e+00 0.000000000000000000e+00
1.904600000000000136e+03 4.000000000000000000e+00 0.000000000000000000e+00
1.904800000000000182e+03 4.000000000000000000e+00 0.000000000000000000e+00
1.905000000000000000e+03 5.656854249492380582e+00 0.000000000000000000e+00
1.905200000000000045e+03 5.656854249492380582e+00 0.000000000000000000e+00
1.905400000000000091e+03 8.000000000000000000e+00 0.000000000000000000e+00
1.905600000000000136e+03 8.000000000000000000e+00 0.000000000000000000e+00
1.905800000000000182e+03 8.944271909999159220e+00 0.000000000000000000e+00
1.906000000000000000e+03 8.944271909999159220e+00 0.000000000000000000e+00
1.906200000000000045e+03 8.944271909999159220e+00 0.000000000000000000e+00
1.906400000000000091e+03 8.944271909999159220e+00 0.000000000000000000e+00
1.906600000000000136e+03 8.000000000000000000e+00 0.000000000000000000e+00
1.906800000000000182e+03 8.000000000000000000e+00 0.000000000000000000e+00
1.907000000000000000e+03 5.656854249492380582e+00 0.000000000000000000e+00
1.907200000000000045e+03 4.000000000000000000e+00 0.000000000000000000e+00
1.907400000000000091e+03 4.000000000000000000e+00 0.000000000000000000e+00
1.907600000000000136e+03 4.000000000000000000e+00 0.000000000000000000e+00
1.907800000000000182e+03 4.000000000000000000e+00 0.000000000000000000e+00
1.908000000000000000e+03 5.656854249492380582e+00 1.449999900000000000e+11
1.908200000000000045e+03 5.656854249492380582e+00 1.449999900000000000e+11
1.908400000000000091e+03 8.000000000000000000e+00 1.449999900000000000e+11
1.908600000000000136e+03 8.000000000000000000e+00 1.449999900000000000e+11
1.908800000000000182e+03 8.944271909999159220e+00 1.449999900000000000e+11
1.909000000000000000e+03 1.131370849898476116e+01 1.449999900000000000e+11
1.909200000000000045e+03 1.131370849898476116e+01 1.449999900000000000e+11
1.909400000000000091e+03 1.264911064067351809e+01 1.449999900000000000e+11
1.909600000000000136e+03 1.200000000000000000e+01 1.449999900000000000e+11
1.909800000000000182e+03 8.944271909999159220e+00 1.449999900000000000e+11
1.910000000000000000e+03 1.131370849898476116e+01 1.449999900000000000e+11
1.910200000000000045e+03 8.944271909999159220e+00 1.449999900000000000e+11
1.910400000000000091e+03 8.000000000000000000e+00 1.449999900000000000e+11
1.910600000000000136e+03 8.944271909999159220e+00 1.449999900000000000e+11
1.910800000000000182e+03 8.944271909999159220e+00 1.449999900000000000e+11
1.911000000000000000e+03 1.200000000000000000e+01 1.449999900000000000e+11
1.911200000000000045e+03 1.442220510185595650e+01 1.449999900000000000e+11
1.911400000000000091e+03 1.442220510185595650e+01 1.449999900000000000e+11
1.911600000000000136e+03 1.649242250247064234e+01 1.449999900000000000e+11
1.911800000000000182e+03 2.039607805437113797e+01 1.449999900000000000e+11
1.912000000000000000e+03 2.332380757938120297e+01 0.000000000000000000e+00
1.912200000000000045e+03 2.000000000000000000e+01 0.000000000000000000e+00
1.912400000000000091e+03 2.154065922853801496e+01 0.000000000000000000e+00
1.912600000000000136e+03 2.000000000000000000e+01 0.000000000000000000e+00
1.912800000000000182e+03 1.788854381999831844e+01 0.000000000000000000e+00
1.913000000000000000e+03 1.697056274847713908e+01 0.000000000000000000e+00
1.913200000000000045e+03 1.649242250247064234e+01 0.000000000000000000e+00
1.913400000000000091e+03 1.600000000000000000e+01 0.000000000000000000e+00
1.913600000000000136e+03 1.442220510185595650e+01 0.000000000000000000e+00
1.913800000000000182e+03 1.442220510185595650e+01 0.000000000000000000e+00
1.914000000000000000e+03 1.600000000000000000e+01 0.000000000000000000e+00
1.914200000000000045e+03 1.788854381999831844e+01 0.000000000000000000e+00
1.914400000000000091e+03 1.697056274847713908e+01 0.000000000000000000e+00
1.914600000000000136e+03 1.649242250247064234e+01 0.000000000000000000e+00
1.914800000000000182e+03 2.000000000000000000e+01 0.000000000000000000e+00
1.915000000000000000e+03 1.788854381999831844e+01 0.000000000000000000e+00
1.915200000000000045e+03 1.697056274847713908e+01 0.000000000000000000e+00
1.915400000000000091e+03 1.788854381999831844e+01 0.000000000000000000e+00
1.915600000000000136e+03 2.000000000000000000e+01 0.000000000000000000e+00
1.915800000000000182e+03 1.649242250247064234e+01 0.000000000000000000e+00
1.916000000000000000e+03 1.697056274847713908e+01 1.449999900000000000e+11
1.916200000000000045e+03 1.788854381999831844e+01 1.449999900000000000e+11
1.916400000000000091e+03 1.600000000000000000e+01 1.449999900000000000e+11
1.916600000000000136e+03 1.788854381999831844e+01 1.449999900000000000e+11
1.916800000000000182e+03 2.000000000000000000e+01 1.449999900000000000e+11
1.917000000000000000e+03 2.039607805437113797e+01 1.449999900000000000e+11
1.917200000000000045e+03 2.154065922853801496e+01 1.449999900000000000e+11
1.917400000000000091e+03 2.561249694973139412e+01 1.449999900000000000e+11
1.917600000000000136e+03 2.683281572999747766e+01 1.449999900000000000e+11
1.917800000000000182e+03 2.828427124746190202e+01 1.449999900000000000e+11
1.918000000000000000e+03 3.298484500494128469e+01 1.449999900000000000e+11
1.918200000000000045e+03 3.440930106817050671e+01 1.449999900000000000e+11
1.918400000000000091e+03 3.577708763999663688e+01 1.449999900000000000e+11
1.918600000000000136e+03 3.622154055254966920e+01 1.449999900000000000e+11
1.918800000000000182e+03 3.794733192202055250e+01 1.449999900000000000e+11
1.919000000000000000e+03 4.000000000000000000e+01 1.449999900000000000e+11
1.919200000000000045e+03 4.118252056394800320e+01 1.449999900000000000e+11
1.919400000000000091e+03 4.418144406874904462e+01 1.449999900000000000e+11
1.919600000000000136e+03 4.681879964287850271e+01 1.449999900000000000e+11
1.919800000000000182e+03 4.816637831516918311e+01 1.449999900000000000e+11
1.920000000000000000e+03 5.059644256269407236e+01 0.000000000000000000e+00
1.920200000000000045e+03 5.261178575186362139e+01 0.000000000000000000e+00
1.920400000000000091e+03 5.215361924162119323e+01 0.000000000000000000e+00
1.920600000000000136e+03 5.440588203494177577e+01 0.000000000000000000e+00
1.920800000000000182e+03 5.336665625650533684e+01 0.000000000000000000e+00
1.921000000000000000e+03 5.336665625650533684e+01 0.000000000000000000e+00
1.921200000000000045e+03 5.440588203494177577e+01 0.000000000000000000e+00
1.921400000000000091e+03 5.215361924162119323e+01 0.000000000000000000e+00
1.921600000000000136e+03 5.261178575186362139e+01 0.000000000000000000e+00
1.921800000000000182e+03 5.336665625650533684e+01 0.000000000000000000e+00
1.922000000000000000e+03 5.122499389946278825e+01 0.000000000000000000e+00
1.922200000000000045e+03 5.011985634456667071e+01 0.000000000000000000e+00
1.922400000000000091e+03 4.816637831516918311e+01 0.000000000000000000e+00
1.922600000000000136e+03 4.681879964287850271e+01 0.000000000000000000e+00
1.922800000000000182e+03 4.525483399593904466e+01 0.000000000000000000e+00
1.923000000000000000e+03 4.681879964287850271e+01 0.000000000000000000e+00
1.923200000000000045e+03 4.418144406874904462e+01 0.000000000000000000e+00
1.923400000000000091e+03 4.664761515876240594e+01 0.000000000000000000e+00
1.923600000000000136e+03 4.882622246293480828e+01 0.000000000000000000e+00
1.923800000000000182e+03 4.947726750741192348e+01 0.000000000000000000e+00
1.924000000000000000e+03 4.866210024238575471e+01 1.449999900000000000e+11
1.924200000000000045e+03 5.215361924162119323e+01 1.449999900000000000e+11
1.924400000000000091e+03 5.440588203494177577e+01 1.449999900000000000e+11
1.924600000000000136e+03 5.727128425310541360e+01 1.449999900000000000e+11
1.924800000000000182e+03 6.118823416311342100e+01 1.449999900000000000e+11
1.925000000000000000e+03 6.324555320336758513e+01 1.449999900000000000e+11
1.925200000000000045e+03 6.657326790837295505e+01 1.449999900000000000e+11
1.925400000000000091e+03 6.846897107449476039e+01 1.449999900000000000e+11
1.925600000000000136e+03 7.211102550927978427e+01 1.449999900000000000e+11
1.925800000000000182e+03 7.641989269817119634e+01 1.449999900000000000e+11
1.926000000000000000e+03 8.246211251235321527e+01 1.449999900000000000e+11
1.926200000000000045e+03 8.809086218218095610e+01 1.449999900000000000e+11
1.926400000000000091e+03 9.482615672903757797e+01 1.449999900000000000e+11
1.926600000000000136e+03 1.000000000000000000e+02 1.449999900000000000e+11
1.926800000000000182e+03 1.106345334875146449e+02 1.449999900000000000e+11
1.927000000000000000e+03 1.184567431596867806e+02 1.449999900000000000e+11
1.927200000000000045e+03 1.232233744059949032e+02 1.449999900000000000e+11
1.927400000000000091e+03 1.289961239727767861e+02 1.449999900000000000e+11
1.927600000000000136e+03 1.365283853270080954e+02 1.449999900000000000e+11
1.927800000000000182e+03 1.418731828077455930e+02 1.449999900000000000e+11
1.928000000000000000e+03 1.528397853963423927e+02 0.000000000000000000e+00
1.928200000000000045e+03 1.456021977856103717e+02 0.000000000000000000e+00
1.928400000000000091e+03 1.420422472365176247e+02 0.000000000000000000e+00
1.928600000000000136e+03 1.432201103197452596e+02 0.000000000000000000e+00
1.928800000000000182e+03 1.395421083400992757e+02 0.000000000000000000e+00
1.929000000000000000e+03 1.400000000000000000e+02 0.000000000000000000e+00
1.929200000000000045e+03 1.377534028617805006e+02 0.000000000000000000e+00
1.929400000000000091e+03 1.424359505181188581e+02 0.000000000000000000e+00
1.929600000000000136e+03 1.388524396616782610e+02 0.000000000000000000e+00
1.929800000000000182e+03 1.397139935725838313e+02 0.000000000000000000e+00
1.930000000000000000e+03 1.393125981381439829e+02 0.000000000000000000e+00
1.930200000000000045e+03 1.377534028617805006e+02 0.000000000000000000e+00
1.930400000000000091e+03 1.360588108135596030e+02 0.000000000000000000e+00
1.930600000000000136e+03 1.324235628579747868e+02 0.000000000000000000e+00
1.930800000000000182e+03 1.305986217385160728e+02 0.000000000000000000e+00
1.931000000000000000e+03 1.280624847486569706e+02 0.000000000000000000e+00
1.931200000000000045e+03 1.263012272307755524e+02 0.000000000000000000e+00
1.931400000000000091e+03 1.224418229201117327e+02 0.000000000000000000e+00
1.931600000000000136e+03 1.198665925101735752e+02 0.000000000000000000e+00
1.931800000000000182e+03 1.200000000000000000e+02 0.000000000000000000e+00
1.932000000000000000e+03 1.198665925101735752e+02 1.449999900000000000e+11
1.932200000000000045e+03 1.280624847486569706e+02 1.449999900000000000e+11
1.932400000000000091e+03 1.358234147707971715e+02 1.449999900000000000e+11
1.932600000000000136e+03 1.466969665671379914e+02 1.449999900000000000e+11
1.932800000000000182e+03 1.544020725249502561e+02 1.449999900000000000e+11
1.933000000000000000e+03 1.609968943799848660e+02 1.449999900000000000e+11
1.933200000000000045e+03 1.429405470816450929e+02 1.449999900000000000e+11
1.933400000000000091e+03 1.358823020117042404e+02 1.449999900000000000e+11
1.933600000000000136e+03 1.255388386118017223e+02 1.449999900000000000e+11
1.933800000000000182e+03 1.160000000000000000e+02 1.449999900000000000e+11
1.934000000000000000e+03 1.056030302595526820e+02 1.449999900000000000e+11
1.934200000000000045e+03 9.633275663033836622e+01 1.449999900000000000e+11
1.934400000000000091e+03 8.736131867136622020e+01 1.449999900000000000e+11
1.934600000000000136e+03 8.089499366462673891e+01 1.449999900000000000e+11
1.934800000000000182e+03 7.547184905645282527e+01 1.449999900000000000e+11
1.935000000000000000e+03 6.657326790837295505e+01 1.449999900000000000e+11
1.935200000000000045e+03 6.449806198638839305e+01 1.449999900000000000e+11
1.935400000000000091e+03 5.824087911424414443e+01 1.449999900000000000e+11
1.935600000000000136e+03 5.685068161420758059e+01 1.449999900000000000e+11
1.935800000000000182e+03 5.366563145999495532e+01 1.449999900000000000e+11
1.936000000000000000e+03 5.200000000000000000e+01 0.000000000000000000e+00
1.936200000000000045e+03 5.200000000000000000e+01 0.000000000000000000e+00
1.936400000000000091e+03 5.091168824543142080e+01 0.000000000000000000e+00
1.936600000000000136e+03 4.833218389437828932e+01 0.000000000000000000e+00
1.936800000000000182e+03 4.800000000000000000e+01 0.000000000000000000e+00
1.937000000000000000e+03 4.681879964287850271e+01 0.000000000000000000e+00
1.937200000000000045e+03 4.525483399593904466e+01 0.000000000000000000e+00
1.937400000000000091e+03 4.681879964287850271e+01 0.000000000000000000e+00
1.937600000000000136e+03 4.418144406874904462e+01 0.000000000000000000e+00
1.937800000000000182e+03 4.118252056394800320e+01 0.000000000000000000e+00
1.938000000000000000e+03 4.326661530556787483e+01 0.000000000000000000e+00
1.938200000000000045e+03 4.079215610874227593e+01 0.000000000000000000e+00
1.938400000000000091e+03 4.176122603564220270e+01 0.000000000000000000e+00
1.938600000000000136e+03 4.252058325093859992e+01 0.000000000000000000e+00
1.938800000000000182e+03 4.472135954999579610e+01 0.000000000000000000e+00
1.939000000000000000e+03 4.418144406874904462e+01 0.000000000000000000e+00
1.939200000000000045e+03 4.681879964287850271e+01 0.000000000000000000e+00
1.939400000000000091e+03 4.560701700396551672e+01 0.000000000000000000e+00
1.939600000000000136e+03 4.472135954999579610e+01 0.000000000000000000e+00
1.939800000000000182e+03 4.418144406874904462e+01 0.000000000000000000e+00
1.940000000000000000e+03 4.176122603564220270e+01 1.449999900000000000e+11
1.940200000000000045e+03 3.687817782917154830e+01 1.449999900000000000e+11
1.940400000000000091e+03 3.577708763999663688e+01 1.449999900000000000e+11
1.940600000000000136e+03 3.200000000000000000e+01 1.449999900000000000e+11
1.940800000000000182e+03 2.683281572999747766e+01 1.449999900000000000e+11
1.941000000000000000e+03 2.561249694973139412e+01 1.449999900000000000e+11
1.941200000000000045e+03 2.433105012119287736e+01 1.449999900000000000e+11
1.941400000000000091e+03 2.433105012119287736e+01 1.449999900000000000e+11
1.941600000000000136e+03 2.000000000000000000e+01 1.449999900000000000e+11
1.941800000000000182e+03 2.332380757938120297e+01 1.449999900000000000e+11
1.942000000000000000e+03 2.039607805437113797e+01 1.449999900000000000e+11
1.942200000000000045e+03 2.039607805437113797e+01 1.449999900000000000e+11
1.942400000000000091e+03 2.000000000000000000e+01 1.449999900000000000e+11
1.942600000000000136e+03 2.000000000000000000e+01 1.449999900000000000e+11
1.942800000000000182e+03 1.649242250247064234e+01 1.449999900000000000e+11
1.943000000000000000e+03 1.600000000000000000e+01 1.449999900000000000e+11
1.943200000000000045e+03 1.264911064067351809e+01 1.449999900000000000e+11
1.943400000000000091e+03 1.131370849898476116e+01 1.449999900000000000e+11
1.943600000000000136e+03 8.944271909999159220e+00 1.449999900000000000e+11
1.943800000000000182e+03 8.000000000000000000e+00 1.449999900000000000e+11
1.944000000000000000e+03 5.656854249492380582e+00 0.000000000000000000e+00
1.944200000000000045e+03 8.944271909999159220e+00 0.000000000000000000e+00
1.944400000000000091e+03 8.000000000000000000e+00 0.000000000000000000e+00
1.944600000000000136e+03 8.944271909999159220e+00 0.000000000000000000e+00
1.944800000000000182e+03 8.944271909999159220e+00 0.000000000000000000e+00
1.945000000000000000e+03 1.200000000000000000e+01 0.000000000000000000e+00
1.945200000000000045e+03 1.264911064067351809e+01 0.000000000000000000e+00
1.945400000000000091e+03 8.944271909999159220e+00 0.000000000000000000e+00
1.945600000000000136e+03 1.131370849898476116e+01 0.000000000000000000e+00
1.945800000000000182e+03 1.264911064067351809e+01 0.000000000000000000e+00
1.946000000000000000e+03 1.200000000000000000e+01 0.000000000000000000e+00
1.946200000000000045e+03 8.944271909999159220e+00 0.000000000000000000e+00
1.946400000000000091e+03 8.944271909999159220e+00 0.000000000000000000e+00
1.946600000000000136e+03 8.944271909999159220e+00 0.000000000000000000e+00
1.946800000000000182e+03 8.000000000000000000e+00 0.000000000000000000e+00
1.947000000000000000e+03 5.656854249492380582e+00 0.000000000000000000e+00
1.947200000000000045e+03 5.656854249492380582e+00 0.000000000000000000e+00
1.947400000000000091e+03 4.000000000000000000e+00 0.000000000000000000e+00
1.947600000000000136e+03 5.656854249492380582e+00 0.000000000000000000e+00
1.947800000000000182e+03 8.944271909999159220e+00 0.000000000000000000e+00
1.948000000000000000e+03 8.000000000000000000e+00 1.449999900000000000e+11
1.948200000000000045e+03 8.000000000000000000e+00 1.449999900000000000e+11
1.948400000000000091e+03 8.944271909999159220e+00 1.449999900000000000e+11
1.948600000000000136e+03 1.131370849898476116e+01 1.449999900000000000e+11
1.948800000000000182e+03 8.944271909999159220e+00 1.449999900000000000e+11
1.949000000000000000e+03 8.944271909999159220e+00 1.449999900000000000e+11
1.949200000000000045e+03 8.000000000000000000e+00 1.449999900000000000e+11
1.949400000000000091e+03 4.000000000000000000e+00 1.449999900000000000e+11
1.949600000000000136e+03 4.000000000000000000e+00 1.449999900000000000e+11
1.949800000000000182e+03 0.000000000000000000e+00 1.449999900000000000e+11
1.950000000000000000e+03 0.000000000000000000e+00 1.449999900000000000e+11
1.950200000000000045e+03 0.000000000000000000e+00 1.449999900000000000e+11
1.950400000000000091e+03 0.000000000000000000e+00 1.449999900000000000e+11
1.950600000000000136e+03 4.000000000000000000e+00 1.449999900000000000e+11
1.950800000000000182e+03 4.000000000000000000e+00 1.449999900000000000e+11
1.951000000000000000e+03 4.000000000000000000e+00 1.449999900000000000e+11
1.951200000000000045e+03 4.000000000000000000e+00 1.449999900000000000e+11
1.951400000000000091e+03 5.656854249492380582e+00 1.449999900000000000e+11
1.951600000000000136e+03 5.656854249492380582e+00 1.449999900000000000e+11
1.951800000000000182e+03 5.656854249492380582e+00 1.449999900000000000e+11
1.952000000000000000e+03 5.656854249492380582e+00 0.000000000000000000e+00
1.952200000000000045e+03 4.000000000000000000e+00 0.000000000000000000e+00
1.952400000000000091e+03 4.000000000000000000e+00 0.000000000000000000e+00
1.952600000000000136e+03 4.000000000000000000e+00 0.000000000000000000e+00
1.952800000000000182e+03 4.000000000000000000e+00 0.000000000000000000e+00
1.953000000000000000e+03 0.000000000000000000e+00 0.000000000000000000e+00
1.953200000000000045e+03 0.000000000000000000e+00 0.000000000000000000e+00
1.953400000000000091e+03 0.000000000000000000e+00 0.000000000000000000e+00
1.953600000000000136e+03 4.000000000000000000e+00 0.000000000000000000e+00
1.953800000000000182e+03 4.000000000000000000e+00 0.000000000000000000e+00
1.954000000000000000e+03 4.000000000000000000e+00 0.000000000000000000e+00
1.954200000000000045e+03 4.000000000000000000e+00 0.000000000000000000e+00
1.954400000000000091e+03 5.656854249492380582e+00 0.000000000000000000e+00
1.954600000000000136e+03 5.656854249492380582e+00 0.000000000000000000e+00
1.954800000000000182e+03 5.656854249492380582e+00 0.000000000000000000e+00
1.955000000000000000e+03 4.000000000000000000e+00 0.000000000000000000e+00
1.955200000000000045e+03 4.000000000000000000e+00 0.000000000000000000e+00
1.955400000000000091e+03 4.000000000000000000e+00 0.000000000000000000e+00
1.955600000000000136e+03 4.000000000000000000e+00 0.000000000000000000e+00
1.955800000000000182e+03 0.000000000000000000e+00 0.000000000000000000e+00
1.956000000000000000e+03 0.000000000000000000e+00 1.449999900000000000e+11
1.956200000000000045e+03 0.000000000000000000e+00 1.449999900000000000e+11
1.956400000000000091e+03 0.000000000000000000e+00 1.449999900000000000e+11
1.956600000000000136e+03 4.000000000000000000e+00 1.449999900000000000e+11
1.956800000000000182e+03 4.000000000000000000e+00 1.449999900000000000e+11
1.957000000000000000e+03 4.000000000000000000e+00 1.449999900000000000e+11
1.957200000000000045e+03 5.656854249492380582e+00 1.449999900000000000e+11
1.957400000000000091e+03 5.656854249492380582e+00 1.449999900000000000e+11
1.957600000000000136e+03 5.656854249492380582e+00 1.449999900000000000e+11
1.957800000000000182e+03 5.656854249492380582e+00 1.449999900000000000e+11
1.958000000000000000e+03 4.000000000000000000e+00 1.449999900000000000e+11
1.958200000000000045e+03 4.000000000000000000e+00 1.449999900000000000e+11
1.958400000000000091e+03 4.000000000000000000e+00 1.449999900000000000e+11
1.958600000000000136e+03 0.000000000000000000e+00 1.449999900000000000e+11
1.958800000000000182e+03 0.000000000000000000e+00 1.449999900000000000e+11
1.959000000000000000e+03 0.000000000000000000e+00 1.449999900000000000e+11
1.959200000000000045e+03 0.000000000000000000e+00 1.449999900000000000e+11
1.959400000000000091e+03 4.000000000000000000e+00 1.449999900000000000e+11
1.959600000000000136e+03 4.000000000000000000e+00 1.449999900000000000e+11
1.959800000000000182e+03 4.000000000000000000e+00 1.449999900000000000e+11
1.960000000000000000e+03 5.656854249492380582e+00 0.000000000000000000e+00
1.960200000000000045e+03 5.656854249492380582e+00 0.000000000000000000e+00
1.960400000000000091e+03 5.656854249492380582e+00 0.000000000000000000e+00
1.960600000000000136e+03 4.000000000000000000e+00 0.000000000000000000e+00
1.960800000000000182e+03 4.000000000000000000e+00 0.000000000000000000e+00
1.961000000000000000e+03 4.000000000000000000e+00 0.000000000000000000e+00
1.961200000000000045e+03 4.000000000000000000e+00 0.000000000000000000e+00
1.961400000000000091e+03 0.000000000000000000e+00 0.000000000000000000e+00
1.961600000000000136e+03 0.000000000000000000e+00 0.000000000000000000e+00
1.961800000000000182e+03 0.000000000000000000e+00 0.000000000000000000e+00
1.962000000000000000e+03 4.000000000000000000e+00 0.000000000000000000e+00
1.962200000000000045e+03 4.000000000000000000e+00 0.000000000000000000e+00
1.962400000000000091e+03 4.000000000000000000e+00 0.000000000000000000e+00
1.962600000000000136e+03 4.000000000000000000e+00 0.000000000000000000e+00
1.962800000000000182e+03 5.656854249492380582e+00 0.000000000000000000e+00
1.963000000000000000e+03 5.656854249492380582e+00 0.000000000000000000e+00
1.963200000000000045e+03 5.656854249492380582e+00 0.000000000000000000e+00
1.963400000000000091e+03 4.000000000000000000e+00 0.000000000000000000e+00
1.963600000000000136e+03 4.000000000000000000e+00 0.000000000000000000e+00
1.963800000000000182e+03 4.000000000000000000e+00 0.000000000000000000e+00
1.964000000000000000e+03 0.000000000000000000e+00 1.449999700000000000e+11
1.964200000000000045e+03 0.000000000000000000e+00 1.449999900000000000e+11
1.964400000000000091e+03 0.000000000000000000e+00 1.449999900000000000e+11
1.964600000000000136e+03 0.000000000000000000e+00 1.449999900000000000e+11
1.964800000000000182e+03 4.000000000000000000e+00 1.449999900000000000e+11
1.965000000000000000e+03 4.000000000000000000e+00 1.449999900000000000e+11
1.965200000000000045e+03 4.000000000000000000e+00 1.449999900000000000e+11
1.965400000000000091e+03 5.656854249492380582e+00 1.449999900000000000e+11
1.965600000000000136e+03 5.656854249492380582e+00 1.449999900000000000e+11
1.965800000000000182e+03 5.656854249492380582e+00 1.449999900000000000e+11
1.966000000000000000e+03 5.656854249492380582e+00 1.449999900000000000e+11
1.966200000000000045e+03 4.000000000000000000e+00 1.449999900000000000e+11
1.966400000000000091e+03 4.000000000000000000e+00 1.449999900000000000e+11
1.966600000000000136e+03 4.000000000000000000e+00 1.449999900000000000e+11
1.966800000000000182e+03 0.000000000000000000e+00 1.449999900000000000e+11
1.967000000000000000e+03 0.000000000000000000e+00 1.449999900000000000e+11
1.967200000000000045e+03 0.000000000000000000e+00 1.449999900000000000e+11
1.967400000000000091e+03 0.000000000000000000e+00 1.449999900000000000e+11
1.967600000000000136e+03 4.000000000000000000e+00 1.449999900000000000e+11
1.967800000000000182e+03 4.000000000000000000e+00 1.449999900000000000e+11
1.968000000000000000e+03 4.000000000000000000e+00 0.000000000000000000e+00
1.968200000000000045e+03 5.656854249492380582e+00 0.000000000000000000e+00
1.968400000000000091e+03 5.656854249492380582e+00 0.000000000000000000e+00
1.968600000000000136e+03 5.656854249492380582e+00 0.000000000000000000e+00
1.968800000000000182e+03 4.000000000000000000e+00 0.000000000000000000e+00
1.969000000000000000e+03 4.000000000000000000e+00 0.000000000000000000e+00
1.969200000000000045e+03 4.000000000000000000e+00 0.000000000000000000e+00
1.969400000000000091e+03 4.000000000000000000e+00 0.000000000000000000e+00
1.969600000000000136e+03 0.000000000000000000e+00 0.000000000000000000e+00
1.969800000000000182e+03 0.000000000000000000e+00 0.000000000000000000e+00
1.970000000000000000e+03 0.000000000000000000e+00 0.000000000000000000e+00
1.970200000000000045e+03 4.000000000000000000e+00 0.000000000000000000e+00
1.970400000000000091e+03 4.000000000000000000e+00 0.000000000000000000e+00
1.970600000000000136e+03 4.000000000000000000e+00 0.000000000000000000e+00
1.970800000000000182e+03 4.000000000000000000e+00 0.000000000000000000e+00
1.971000000000000000e+03 5.656854249492380582e+00 0.000000000000000000e+00
1.971200000000000045e+03 5.656854249492380582e+00 0.000000000000000000e+00
1.971400000000000091e+03 5.656854249492380582e+00 0.000000000000000000e+00
1.971600000000000136e+03 4.000000000000000000e+00 0.000000000000000000e+00
1.971800000000000182e+03 4.000000000000000000e+00 0.000000000000000000e+00
1.972000000000000000e+03 4.000000000000000000e+00 1.449999900000000000e+11
1.972200000000000045e+03 0.000000000000000000e+00 1.449999900000000000e+11
1.972400000000000091e+03 0.000000000000000000e+00 1.449999900000000000e+11
1.972600000000000136e+03 0.000000000000000000e+00 1.449999900000000000e+11
1.972800000000000182e+03 0.000000000000000000e+00 1.449999900000000000e+11
1.973000000000000000e+03 4.000000000000000000e+00 1.449999900000000000e+11
1.973200000000000045e+03 4.000000000000000000e+00 1.449999900000000000e+11
1.973400000000000091e+03 4.000000000000000000e+00 1.449999900000000000e+11
1.973600000000000136e+03 5.656854249492380582e+00 1.449999900000000000e+11
1.973800000000000182e+03 5.656854249492380582e+00 1.449999900000000000e+11
1.974000000000000000e+03 5.656854249492380582e+00 1.449999900000000000e+11
1.974200000000000045e+03 5.656854249492380582e+00 1.449999900000000000e+11
1.974400000000000091e+03 4.000000000000000000e+00 1.449999900000000000e+11
1.974600000000000136e+03 4.000000000000000000e+00 1.449999900000000000e+11
1.974800000000000182e+03 4.000000000000000000e+00 1.449999900000000000e+11
1.975000000000000000e+03 0.000000000000000000e+00 1.449999900000000000e+11
1.975200000000000045e+03 0.000000000000000000e+00 1.449999900000000000e+11
1.975400000000000091e+03 0.000000000000000000e+00 1.449999900000000000e+11
1.975600000000000136e+03 4.000000000000000000e+00 1.449999900000000000e+11
1.975800000000000182e+03 4.000000000000000000e+00 1.449999900000000000e+11
1.976000000000000000e+03 4.000000000000000000e+00 0.000000000000000000e+00
1.976200000000000045e+03 4.000000000000000000e+00 0.000000000000000000e+00
1.976400000000000091e+03 5.656854249492380582e+00 0.000000000000000000e+00
1.976600000000000136e+03 5.656854249492380582e+00 0.000000000000000000e+00
1.976800000000000182e+03 5.656854249492380582e+00 0.000000000000000000e+00
1.977000000000000000e+03 4.000000000000000000e+00 0.000000000000000000e+00
1.977200000000000045e+03 4.000000000000000000e+00 0.000000000000000000e+00
1.977400000000000091e+03 4.000000000000000000e+00 0.000000000000000000e+00
1.977600000000000136e+03 4.000000000000000000e+00 0.000000000000000000e+00
1.977800000000000182e+03 0.000000000000000000e+00 0.000000000000000000e+00
1.978000000000000000e+03 0.000000000000000000e+00 0.000000000000000000e+00
1.978200000000000045e+03 0.000000000000000000e+00 0.000000000000000000e+00
1.978400000000000091e+03 4.000000000000000000e+00 0.000000000000000000e+00
1.978600000000000136e+03 4.000000000000000000e+00 0.000000000000000000e+00
1.978800000000000182e+03 4.000000000000000000e+00 0.000000000000000000e+00
1.979000000000000000e+03 5.656854249492380582e+00 0.000000000000000000e+00
1.979200000000000045e+03 5.656854249492380582e+00 0.000000000000000000e+00
1.979400000000000091e+03 5.656854249492380582e+00 0.000000000000000000e+00
1.979600000000000136e+03 5.656854249492380582e+00 0.000000000000000000e+00
1.979800000000000182e+03 4.000000000000000000e+00 0.000000000000000000e+00
1.980000000000000000e+03 4.000000000000000000e+00 1.449999900000000000e+11
1.980200000000000045e+03 4.000000000000000000e+00 1.449999900000000000e+11
1.980400000000000091e+03 0.000000000000000000e+00 1.449999900000000000e+11
1.980600000000000136e+03 0.000000000000000000e+00 1.449999900000000000e+11
1.980800000000000182e+03 0.000000000000000000e+00 1.449999900000000000e+11
1.981000000000000000e+03 0.000000000000000000e+00 1.449999900000000000e+11
1.981200000000000045e+03 4.000000000000000000e+00 1.449999900000000000e+11
1.981400000000000091e+03 4.000000000000000000e+00 1.449999900000000000e+11
1.981600000000000136e+03 4.000000000000000000e+00 1.449999900000000000e+11
1.981800000000000182e+03 5.656854249492380582e+00 1.449999900000000000e+11
1.982000000000000000e+03 5.656854249492380582e+00 1.449999900000000000e+11
1.982200000000000045e+03 5.656854249492380582e+00 1.449999900000000000e+11
1.982400000000000091e+03 4.000000000000000000e+00 1.449999900000000000e+11
1.982600000000000136e+03 4.000000000000000000e+00 1.449999900000000000e+11
1.982800000000000182e+03 4.000000000000000000e+00 1.449999900000000000e+11
1.983000000000000000e+03 4.000000000000000000e+00 1.449999900000000000e+11
1.983200000000000045e+03 0.000000000000000000e+00 1.449999900000000000e+11
1.983400000000000091e+03 0.000000000000000000e+00 1.449999900000000000e+11
1.983600000000000136e+03 0.000000000000000000e+00 1.449999900000000000e+11
1.983800000000000182e+03 4.000000000000000000e+00 1.449999900000000000e+11
1.984000000000000000e+03 4.000000000000000000e+00 0.000000000000000000e+00
1.984200000000000045e+03 4.000000000000000000e+00 0.000000000000000000e+00
1.984400000000000091e+03 4.000000000000000000e+00 0.000000000000000000e+00
1.984600000000000136e+03 5.656854249492380582e+00 0.000000000000000000e+00
1.984800000000000182e+03 5.656854249492380582e+00 0.000000000000000000e+00
1.985000000000000000e+03 5.656854249492380582e+00 0.000000000000000000e+00
1.985200000000000045e+03 4.000000000000000000e+00 0.000000000000000000e+00
1.985400000000000091e+03 4.000000000000000000e+00 0.000000000000000000e+00
1.985600000000000136e+03 4.000000000000000000e+00 0.000000000000000000e+00
1.985800000000000182e+03 0.000000000000000000e+00 0.000000000000000000e+00
1.986000000000000000e+03 0.000000000000000000e+00 0.000000000000000000e+00
1.986200000000000045e+03 0.000000000000000000e+00 0.000000000000000000e+00
1.986400000000000091e+03 0.000000000000000000e+00 0.000000000000000000e+00
1.986600000000000136e+03 4.000000000000000000e+00 0.000000000000000000e+00
1.986800000000000182e+03 4.000000000000000000e+00 0.000000000000000000e+00
1.987000000000000000e+03 4.000000000000000000e+00 0.000000000000000000e+00
1.987200000000000045e+03 5.656854249492380582e+00 0.000000000000000000e+00
1.987400000000000091e+03 5.656854249492380582e+00 0.000000000000000000e+00
1.987600000000000136e+03 5.656854249492380582e+00 0.000000000000000000e+00
1.987800000000000182e+03 5.656854249492380582e+00 0.000000000000000000e+00
1.988000000000000000e+03 4.000000000000000000e+00 1.449999900000000000e+11
1.988200000000000045e+03 4.000000000000000000e+00 1.449999900000000000e+11
1.988400000000000091e+03 4.000000000000000000e+00 1.449999900000000000e+11
1.988600000000000136e+03 0.000000000000000000e+00 1.449999900000000000e+11
1.988800000000000182e+03 0.000000000000000000e+00 1.449999900000000000e+11
1.989000000000000000e+03 0.000000000000000000e+00 1.449999900000000000e+11
1.989200000000000045e+03 4.000000000000000000e+00 1.449999900000000000e+11
1.989400000000000091e+03 4.000000000000000000e+00 1.449999900000000000e+11
1.989600000000000136e+03 4.000000000000000000e+00 1.449999900000000000e+11
1.989800000000000182e+03 4.000000000000000000e+00 1.449999900000000000e+11
1.990000000000000000e+03 5.656854249492380582e+00 1.449999900000000000e+11
1.990200000000000045e+03 5.656854249492380582e+00 1.449999900000000000e+11
1.990400000000000091e+03 5.656854249492380582e+00 1.449999900000000000e+11
1.990600000000000136e+03 4.000000000000000000e+00 1.449999900000000000e+11
1.990800000000000182e+03 4.000000000000000000e+00 1.449999900000000000e+11
1.991000000000000000e+03 4.000000000000000000e+00 1.449999900000000000e+11
1.991200000000000045e+03 4.000000000000000000e+00 1.449999900000000000e+11
1.991400000000000091e+03 0.000000000000000000e+00 1.449999900000000000e+11
1.991600000000000136e+03 0.000000000000000000e+00 1.449999900000000000e+11
1.991800000000000182e+03 0.000000000000000000e+00 1.449999900000000000e+11
1.992000000000000000e+03 4.000000000000000000e+00 0.000000000000000000e+00
1.992200000000000045e+03 4.000000000000000000e+00 0.000000000000000000e+00
1.992400000000000091e+03 4.000000000000000000e+00 0.000000000000000000e+00
1.992600000000000136e+03 5.656854249492380582e+00 0.000000000000000000e+00
1.992800000000000182e+03 5.656854249492380582e+00 0.000000000000000000e+00
1.993000000000000000e+03 5.656854249492380582e+00 0.000000000000000000e+00
1.993200000000000045e+03 5.656854249492380582e+00 0.000000000000000000e+00
1.993400000000000091e+03 4.000000000000000000e+00 0.000000000000000000e+00
1.993600000000000136e+03 4.000000000000000000e+00 0.000000000000000000e+00
1.993800000000000182e+03 4.000000000000000000e+00 0.000000000000000000e+00
1.994000000000000000e+03 0.000000000000000000e+00 0.000000000000000000e+00
1.994200000000000045e+03 0.000000000000000000e+00 0.000000000000000000e+00
1.994400000000000091e+03 0.000000000000000000e+00 0.000000000000000000e+00
1.994600000000000136e+03 0.000000000000000000e+00 0.000000000000000000e+00
1.994800000000000182e+03 4.000000000000000000e+00 0.000000000000000000e+00
1.995000000000000000e+03 4.000000000000000000e+00 0.000000000000000000e+00
1.995200000000000045e+03 4.000000000000000000e+00 0.000000000000000000e+00
1.995400000000000091e+03 5.656854249492380582e+00 0.000000000000000000e+00
1.995600000000000136e+03 5.656854249492380582e+00 0.000000000000000000e+00
1.995800000000000182e+03 5.656854249492380582e+00 0.000000000000000000e+00
1.996000000000000000e+03 4.000000000000000000e+00 1.449999900000000000e+11
1.996200000000000045e+03 4.000000000000000000e+00 1.449999900000000000e+11
1.996400000000000091e+03 4.000000000000000000e+00 1.449999900000000000e+11
1.996600000000000136e+03 4.000000000000000000e+00 1.449999900000000000e+11
1.996800000000000182e+03 0.000000000000000000e+00 1.449999900000000000e+11
1.997000000000000000e+03 0.000000000000000000e+00 1.449999900000000000e+11
1.997200000000000045e+03 0.000000000000000000e+00 1.449999900000000000e+11
1.997400000000000091e+03 4.000000000000000000e+00 1.449999900000000000e+11
1.997600000000000136e+03 4.000000000000000000e+00 1.449999900000000000e+11
1.997800000000000182e+03 4.000000000000000000e+00 1.449999900000000000e+11
1.998000000000000000e+03 4.000000000000000000e+00 1.449999900000000000e+11
1.998200000000000045e+03 5.656854249492380582e+00 1.449999900000000000e+11
1.998400000000000091e+03 5.656854249492380582e+00 1.449999900000000000e+11
1.998600000000000136e+03 5.656854249492380582e+00 1.449999900000000000e+11
1.998800000000000182e+03 4.000000000000000000e+00 1.449999900000000000e+11
1.999000000000000000e+03 4.000000000000000000e+00 1.449999900000000000e+11
1.999200000000000045e+03 4.000000000000000000e+00 1.449999900000000000e+11
1.999400000000000091e+03 4.000000000000000000e+00 1.449999900000000000e+11
1.999600000000000136e+03 0.000000000000000000e+00 1.449999900000000000e+11
1.999800000000000182e+03 0.000000000000000000e+00 1.449999900000000000e+11
