2.000000000000000000e+03 0.000000000000000000e+00 0.000000000000000000e+00
2.000200000000000045e+03 4.000000000000000000e+00 0.000000000000000000e+00
2.000400000000000091e+03 5.656854249492380582e+00 0.000000000000000000e+00
2.000600000000000136e+03 5.656854249492380582e+00 0.000000000000000000e+00
2.000800000000000182e+03 5.656854249492380582e+00 0.000000000000000000e+00
2.001000000000000000e+03 5.656854249492380582e+00 0.000000000000000000e+00
2.001200000000000045e+03 5.656854249492380582e+00 0.000000000000000000e+00
2.001400000000000091e+03 5.656854249492380582e+00 0.000000000000000000e+00
2.001600000000000136e+03 5.656854249492380582e+00 0.000000000000000000e+00
2.001800000000000182e+03 5.656854249492380582e+00 0.000000000000000000e+00
2.002000000000000000e+03 5.656854249492380582e+00 0.000000000000000000e+00
2.002200000000000045e+03 5.656854249492380582e+00 0.000000000000000000e+00
2.002400000000000091e+03 4.000000000000000000e+00 0.000000000000000000e+00
2.002600000000000136e+03 5.656854249492380582e+00 0.000000000000000000e+00
2.002800000000000182e+03 5.656854249492380582e+00 0.000000000000000000e+00
2.003000000000000000e+03 5.656854249492380582e+00 0.000000000000000000e+00
2.003200000000000045e+03 5.656854249492380582e+00 0.000000000000000000e+00
2.003400000000000091e+03 5.656854249492380582e+00 0.000000000000000000e+00
2.003600000000000136e+03 5.656854249492380582e+00 0.000000000000000000e+00
2.003800000000000182e+03 5.656854249492380582e+00 0.000000000000000000e+00
2.004000000000000000e+03 5.656854249492380582e+00 1.475000000000000000e+11
2.004200000000000045e+03 5.656854249492380582e+00 1.475000000000000000e+11
2.004400000000000091e+03 5.656854249492380582e+00 1.475000000000000000e+11
2.004600000000000136e+03 4.000000000000000000e+00 1.475000000000000000e+11
2.004800000000000182e+03 4.000000000000000000e+00 1.475000000000000000e+11
2.005000000000000000e+03 4.000000000000000000e+00 1.475000000000000000e+11
2.005200000000000045e+03 0.000000000000000000e+00 1.475000000000000000e+11
2.005400000000000091e+03 0.000000000000000000e+00 1.475000000000000000e+11
2.005600000000000136e+03 0.000000000000000000e+00 1.475000000000000000e+11
2.005800000000000182e+03 4.000000000000000000e+00 1.475000000000000000e+11
2.006000000000000000e+03 5.656854249492380582e+00 1.475000000000000000e+11
2.006200000000000045e+03 5.656854249492380582e+00 1.475000000000000000e+11
2.006400000000000091e+03 5.656854249492380582e+00 1.475000000000000000e+11
2.006600000000000136e+03 5.656854249492380582e+00 1.475000000000000000e+11
2.006800000000000182e+03 5.656854249492380582e+00 1.475000000000000000e+11
2.007000000000000000e+03 5.656854249492380582e+00 1.475000000000000000e+11
2.007200000000000045e+03 4.000000000000000000e+00 1.475000000000000000e+11
2.007400000000000091e+03 4.000000000000000000e+00 1.475000000000000000e+11
2.007600000000000136e+03 4.000000000000000000e+00 1.475000000000000000e+11
2.007800000000000182e+03 4.000000000000000000e+00 1.475000000000000000e+11
2.008000000000000000e+03 0.000000000000000000e+00 0.000000000000000000e+00
2.008200000000000045e+03 0.000000000000000000e+00 0.000000000000000000e+00
2.008400000000000091e+03 0.000000000000000000e+00 0.000000000000000000e+00
2.008600000000000136e+03 4.000000000000000000e+00 0.000000000000000000e+00
2.008800000000000182e+03 4.000000000000000000e+00 0.000000000000000000e+00
2.009000000000000000e+03 5.656854249492380582e+00 0.000000000000000000e+00
2.009200000000000045e+03 5.656854249492380582e+00 0.000000000000000000e+00
2.009400000000000091e+03 5.656854249492380582e+00 0.000000000000000000e+00
2.009600000000000136e+03 5.656854249492380582e+00 0.000000000000000000e+00
2.009800000000000182e+03 5.656854249492380582e+00 0.000000000000000000e+00
2.010000000000000000e+03 4.000000000000000000e+00 0.000000000000000000e+00
2.010200000000000045e+03 4.000000000000000000e+00 0.000000000000000000e+00
2.010400000000000091e+03 4.000000000000000000e+00 0.000000000000000000e+00
2.010600000000000136e+03 0.000000000000000000e+00 0.000000000000000000e+00
2.010800000000000182e+03 0.000000000000000000e+00 0.000000000000000000e+00
2.011000000000000000e+03 0.000000000000000000e+00 0.000000000000000000e+00
2.011200000000000045e+03 4.000000000000000000e+00 0.000000000000000000e+00
2.011400000000000091e+03 4.000000000000000000e+00 0.000000000000000000e+00
2.011600000000000136e+03 5.656854249492380582e+00 0.000000000000000000e+00
2.011800000000000182e+03 5.656854249492380582e+00 0.000000000000000000e+00
2.012000000000000000e+03 5.656854249492380582e+00 1.475000000000000000e+11
2.012200000000000045e+03 5.656854249492380582e+00 1.475000000000000000e+11
2.012400000000000091e+03 5.656854249492380582e+00 1.475000000000000000e+11
2.012600000000000136e+03 4.000000000000000000e+00 1.475000000000000000e+11
2.012800000000000182e+03 4.000000000000000000e+00 1.475000000000000000e+11
2.013000000000000000e+03 4.000000000000000000e+00 1.475000000000000000e+11
2.013200000000000045e+03 0.000000000000000000e+00 1.475000000000000000e+11
2.013400000000000091e+03 0.000000000000000000e+00 1.475000000000000000e+11
2.013600000000000136e+03 0.000000000000000000e+00 1.475000000000000000e+11
2.013800000000000182e+03 0.000000000000000000e+00 1.475000000000000000e+11
2.014000000000000000e+03 4.000000000000000000e+00 1.475000000000000000e+11
2.014200000000000045e+03 4.000000000000000000e+00 1.475000000000000000e+11
2.014400000000000091e+03 4.000000000000000000e+00 1.475000000000000000e+11
2.014600000000000136e+03 5.656854249492380582e+00 1.475000000000000000e+11
2.014800000000000182e+03 5.656854249492380582e+00 1.475000000000000000e+11
2.015000000000000000e+03 5.656854249492380582e+00 1.475000000000000000e+11
2.015200000000000045e+03 5.656854249492380582e+00 1.475000000000000000e+11
2.015400000000000091e+03 4.000000000000000000e+00 1.475000000000000000e+11
2.015600000000000136e+03 4.000000000000000000e+00 1.475000000000000000e+11
2.015800000000000182e+03 4.000000000000000000e+00 1.475000000000000000e+11
2.016000000000000000e+03 0.000000000000000000e+00 0.000000000000000000e+00
2.016200000000000045e+03 0.000000000000000000e+00 0.000000000000000000e+00
2.016400000000000091e+03 0.000000000000000000e+00 0.000000000000000000e+00
2.016600000000000136e+03 4.000000000000000000e+00 0.000000000000000000e+00
2.016800000000000182e+03 4.000000000000000000e+00 0.000000000000000000e+00
2.017000000000000000e+03 4.000000000000000000e+00 0.000000000000000000e+00
2.017200000000000045e+03 5.656854249492380582e+00 0.000000000000000000e+00
2.017400000000000091e+03 5.656854249492380582e+00 0.000000000000000000e+00
2.017600000000000136e+03 5.656854249492380582e+00 0.000000000000000000e+00
2.017800000000000182e+03 5.656854249492380582e+00 0.000000000000000000e+00
2.018000000000000000e+03 4.000000000000000000e+00 0.000000000000000000e+00
2.018200000000000045e+03 4.000000000000000000e+00 0.000000000000000000e+00
2.018400000000000091e+03 4.000000000000000000e+00 0.000000000000000000e+00
2.018600000000000136e+03 0.000000000000000000e+00 0.000000000000000000e+00
2.018800000000000182e+03 0.000000000000000000e+00 0.000000000000000000e+00
2.019000000000000000e+03 0.000000000000000000e+00 0.000000000000000000e+00
2.019200000000000045e+03 0.000000000000000000e+00 0.000000000000000000e+00
2.019400000000000091e+03 4.000000000000000000e+00 0.000000000000000000e+00
2.019600000000000136e+03 4.000000000000000000e+00 0.000000000000000000e+00
2.019800000000000182e+03 4.000000000000000000e+00 0.000000000000000000e+00
2.020000000000000000e+03 5.656854249492380582e+00 1.475000000000000000e+11
2.020200000000000045e+03 5.656854249492380582e+00 1.475000000000000000e+11
2.020400000000000091e+03 5.656854249492380582e+00 1.475000000000000000e+11
2.020600000000000136e+03 5.656854249492380582e+00 1.475000000000000000e+11
2.020800000000000182e+03 4.000000000000000000e+00 1.475000000000000000e+11
2.021000000000000000e+03 4.000000000000000000e+00 1.475000000000000000e+11
2.021200000000000045e+03 4.000000000000000000e+00 1.475000000000000000e+11
2.021400000000000091e+03 0.000000000000000000e+00 1.475000000000000000e+11
2.021600000000000136e+03 0.000000000000000000e+00 1.475000000000000000e+11
2.021800000000000182e+03 0.000000000000000000e+00 1.475000000000000000e+11
2.022000000000000000e+03 4.000000000000000000e+00 1.475000000000000000e+11
2.022200000000000045e+03 4.000000000000000000e+00 1.475000000000000000e+11
2.022400000000000091e+03 4.000000000000000000e+00 1.475000000000000000e+11
2.022600000000000136e+03 5.656854249492380582e+00 1.475000000000000000e+11
2.022800000000000182e+03 5.656854249492380582e+00 1.475000000000000000e+11
2.023000000000000000e+03 5.656854249492380582e+00 1.475000000000000000e+11
2.023200000000000045e+03 5.656854249492380582e+00 1.475000000000000000e+11
2.023400000000000091e+03 4.000000000000000000e+00 1.475000000000000000e+11
2.023600000000000136e+03 4.000000000000000000e+00 1.475000000000000000e+11
2.023800000000000182e+03 4.000000000000000000e+00 1.475000000000000000e+11
2.024000000000000000e+03 4.000000000000000000e+00 0.000000000000000000e+00
2.024200000000000045e+03 0.000000000000000000e+00 0.000000000000000000e+00
2.024400000000000091e+03 0.000000000000000000e+00 0.000000000000000000e+00
2.024600000000000136e+03 0.000000000000000000e+00 0.000000000000000000e+00
2.024800000000000182e+03 4.000000000000000000e+00 0.000000000000000000e+00
2.025000000000000000e+03 4.000000000000000000e+00 0.000000000000000000e+00
2.025200000000000045e+03 4.000000000000000000e+00 0.000000000000000000e+00
2.025400000000000091e+03 5.656854249492380582e+00 0.000000000000000000e+00
2.025600000000000136e+03 5.656854249492380582e+00 0.000000000000000000e+00
2.025800000000000182e+03 5.656854249492380582e+00 0.000000000000000000e+00
2.026000000000000000e+03 5.656854249492380582e+00 0.000000000000000000e+00
2.026200000000000045e+03 4.000000000000000000e+00 0.000000000000000000e+00
2.026400000000000091e+03 4.000000000000000000e+00 0.000000000000000000e+00
2.026600000000000136e+03 4.000000000000000000e+00 0.000000000000000000e+00
2.026800000000000182e+03 0.000000000000000000e+00 0.000000000000000000e+00
2.027000000000000000e+03 0.000000000000000000e+00 0.000000000000000000e+00
2.027200000000000045e+03 0.000000000000000000e+00 0.000000000000000000e+00
2.027400000000000091e+03 4.000000000000000000e+00 0.000000000000000000e+00
2.027600000000000136e+03 4.000000000000000000e+00 0.000000000000000000e+00
2.027800000000000182e+03 4.000000000000000000e+00 0.000000000000000000e+00
2.028000000000000000e+03 4.000000000000000000e+00 1.475000000000000000e+11
2.028200000000000045e+03 5.656854249492380582e+00 1.475000000000000000e+11
2.028400000000000091e+03 5.656854249492380582e+00 1.475000000000000000e+11
2.028600000000000136e+03 5.656854249492380582e+00 1.475000000000000000e+11
2.028800000000000182e+03 4.000000000000000000e+00 1.475000000000000000e+11
2.029000000000000000e+03 4.000000000000000000e+00 1.475000000000000000e+11
2.029200000000000045e+03 4.000000000000000000e+00 1.475000000000000000e+11
2.029400000000000091e+03 4.000000000000000000e+00 1.475000000000000000e+11
2.029600000000000136e+03 0.000000000000000000e+00 1.475000000000000000e+11
2.029800000000000182e+03 0.000000000000000000e+00 1.475000000000000000e+11
2.030000000000000000e+03 0.000000000000000000e+00 1.475000000000000000e+11
2.030200000000000045e+03 4.000000000000000000e+00 1.475000000000000000e+11
2.030400000000000091e+03 4.000000000000000000e+00 1.475000000000000000e+11
2.030600000000000136e+03 4.000000000000000000e+00 1.475000000000000000e+11
2.030800000000000182e+03 5.656854249492380582e+00 1.475000000000000000e+11
2.031000000000000000e+03 5.656854249492380582e+00 1.475000000000000000e+11
2.031200000000000045e+03 5.656854249492380582e+00 1.475000000000000000e+11
2.031400000000000091e+03 5.656854249492380582e+00 1.475000000000000000e+11
2.031600000000000136e+03 4.000000000000000000e+00 1.475000000000000000e+11
2.031800000000000182e+03 4.000000000000000000e+00 1.475000000000000000e+11
2.032000000000000000e+03 4.000000000000000000e+00 0.000000000000000000e+00
2.032200000000000045e+03 0.000000000000000000e+00 0.000000000000000000e+00
2.032400000000000091e+03 0.000000000000000000e+00 0.000000000000000000e+00
2.032600000000000136e+03 0.000000000000000000e+00 0.000000000000000000e+00
2.032800000000000182e+03 0.000000000000000000e+00 0.000000000000000000e+00
2.033000000000000000e+03 4.000000000000000000e+00 0.000000000000000000e+00
2.033200000000000045e+03 4.000000000000000000e+00 0.000000000000000000e+00
2.033400000000000091e+03 4.000000000000000000e+00 0.000000000000000000e+00
2.033600000000000136e+03 5.656854249492380582e+00 0.000000000000000000e+00
2.033800000000000182e+03 5.656854249492380582e+00 0.000000000000000000e+00
2.034000000000000000e+03 5.656854249492380582e+00 0.000000000000000000e+00
2.034200000000000045e+03 4.000000000000000000e+00 0.000000000000000000e+00
2.034400000000000091e+03 4.000000000000000000e+00 0.000000000000000000e+00
2.034600000000000136e+03 4.000000000000000000e+00 0.000000000000000000e+00
2.034800000000000182e+03 4.000000000000000000e+00 0.000000000000000000e+00
2.035000000000000000e+03 0.000000000000000000e+00 0.000000000000000000e+00
2.035200000000000045e+03 0.000000000000000000e+00 0.000000000000000000e+00
2.035400000000000091e+03 0.000000000000000000e+00 0.000000000000000000e+00
2.035600000000000136e+03 4.000000000000000000e+00 0.000000000000000000e+00
2.035800000000000182e+03 4.000000000000000000e+00 0.000000000000000000e+00
2.036000000000000000e+03 4.000000000000000000e+00 1.475000000000000000e+11
2.036200000000000045e+03 4.000000000000000000e+00 1.475000000000000000e+11
2.036400000000000091e+03 5.656854249492380582e+00 1.475000000000000000e+11
2.036600000000000136e+03 5.656854249492380582e+00 1.475000000000000000e+11
2.036800000000000182e+03 5.656854249492380582e+00 1.475000000000000000e+11
2.037000000000000000e+03 4.000000000000000000e+00 1.475000000000000000e+11
2.037200000000000045e+03 4.000000000000000000e+00 1.475000000000000000e+11
2.037400000000000091e+03 4.000000000000000000e+00 1.475000000000000000e+11
2.037600000000000136e+03 0.000000000000000000e+00 1.475000000000000000e+11
2.037800000000000182e+03 0.000000000000000000e+00 1.475000000000000000e+11
2.038000000000000000e+03 0.000000000000000000e+00 1.475000000000000000e+11
2.038200000000000045e+03 0.000000000000000000e+00 1.475000000000000000e+11
2.038400000000000091e+03 4.000000000000000000e+00 1.475000000000000000e+11
2.038600000000000136e+03 4.000000000000000000e+00 1.475000000000000000e+11
2.038800000000000182e+03 4.000000000000000000e+00 1.475000000000000000e+11
2.039000000000000000e+03 5.656854249492380582e+00 1.475000000000000000e+11
2.039200000000000045e+03 5.656854249492380582e+00 1.475000000000000000e+11
2.039400000000000091e+03 5.656854249492380582e+00 1.475000000000000000e+11
2.039600000000000136e+03 5.656854249492380582e+00 1.475000000000000000e+11
2.039800000000000182e+03 4.000000000000000000e+00 1.475000000000000000e+11
2.040000000000000000e+03 4.000000000000000000e+00 0.000000000000000000e+00
2.040200000000000045e+03 4.000000000000000000e+00 0.000000000000000000e+00
2.040400000000000091e+03 0.000000000000000000e+00 0.000000000000000000e+00
2.040600000000000136e+03 0.000000000000000000e+00 0.000000000000000000e+00
2.040800000000000182e+03 0.000000000000000000e+00 0.000000000000000000e+00
2.041000000000000000e+03 4.000000000000000000e+00 0.000000000000000000e+00
2.041200000000000045e+03 4.000000000000000000e+00 0.000000000000000000e+00
2.041400000000000091e+03 4.000000000000000000e+00 0.000000000000000000e+00
2.041600000000000136e+03 4.000000000000000000e+00 0.000000000000000000e+00
2.041800000000000182e+03 5.656854249492380582e+00 0.000000000000000000e+00
2.042000000000000000e+03 5.656854249492380582e+00 0.000000000000000000e+00
2.042200000000000045e+03 5.656854249492380582e+00 0.000000000000000000e+00
2.042400000000000091e+03 4.000000000000000000e+00 0.000000000000000000e+00
2.042600000000000136e+03 4.000000000000000000e+00 0.000000000000000000e+00
2.042800000000000182e+03 4.000000000000000000e+00 0.000000000000000000e+00
2.043000000000000000e+03 4.000000000000000000e+00 0.000000000000000000e+00
2.043200000000000045e+03 0.000000000000000000e+00 0.000000000000000000e+00
2.043400000000000091e+03 0.000000000000000000e+00 0.000000000000000000e+00
2.043600000000000136e+03 0.000000000000000000e+00 0.000000000000000000e+00
2.043800000000000182e+03 4.000000000000000000e+00 0.000000000000000000e+00
2.044000000000000000e+03 4.000000000000000000e+00 1.475000000000000000e+11
2.044200000000000045e+03 4.000000000000000000e+00 1.475000000000000000e+11
2.044400000000000091e+03 5.656854249492380582e+00 1.475000000000000000e+11
2.044600000000000136e+03 5.656854249492380582e+00 1.475000000000000000e+11
2.044800000000000182e+03 5.656854249492380582e+00 1.475000000000000000e+11
2.045000000000000000e+03 5.656854249492380582e+00 1.475000000000000000e+11
2.045200000000000045e+03 4.000000000000000000e+00 1.475000000000000000e+11
2.045400000000000091e+03 4.000000000000000000e+00 1.475000000000000000e+11
2.045600000000000136e+03 4.000000000000000000e+00 1.475000000000000000e+11
2.045800000000000182e+03 0.000000000000000000e+00 1.475000000000000000e+11
2.046000000000000000e+03 0.000000000000000000e+00 1.475000000000000000e+11
2.046200000000000045e+03 0.000000000000000000e+00 1.475000000000000000e+11
2.046400000000000091e+03 0.000000000000000000e+00 1.475000000000000000e+11
2.046600000000000136e+03 4.000000000000000000e+00 1.475000000000000000e+11
2.046800000000000182e+03 4.000000000000000000e+00 1.475000000000000000e+11
2.047000000000000000e+03 4.000000000000000000e+00 1.475000000000000000e+11
2.047200000000000045e+03 5.656854249492380582e+00 1.475000000000000000e+11
2.047400000000000091e+03 5.656854249492380582e+00 1.475000000000000000e+11
2.047600000000000136e+03 5.656854249492380582e+00 1.475000000000000000e+11
2.047800000000000182e+03 4.000000000000000000e+00 1.475000000000000000e+11
2.048000000000000000e+03 4.000000000000000000e+00 0.000000000000000000e+00
2.048200000000000273e+03 4.000000000000000000e+00 0.000000000000000000e+00
2.048400000000000091e+03 4.000000000000000000e+00 0.000000000000000000e+00
2.048599999999999909e+03 0.000000000000000000e+00 0.000000000000000000e+00
2.048800000000000182e+03 0.000000000000000000e+00 0.000000000000000000e+00
2.049000000000000000e+03 0.000000000000000000e+00 0.000000000000000000e+00
2.049200000000000273e+03 4.000000000000000000e+00 0.000000000000000000e+00
2.049400000000000091e+03 4.000000000000000000e+00 0.000000000000000000e+00
2.049599999999999909e+03 4.000000000000000000e+00 0.000000000000000000e+00
2.049800000000000182e+03 5.656854249492380582e+00 0.000000000000000000e+00
2.050000000000000000e+03 5.656854249492380582e+00 0.000000000000000000e+00
2.050200000000000273e+03 5.656854249492380582e+00 0.000000000000000000e+00
2.050400000000000091e+03 5.656854249492380582e+00 0.000000000000000000e+00
2.050599999999999909e+03 4.000000000000000000e+00 0.000000000000000000e+00
2.050800000000000182e+03 4.000000000000000000e+00 0.000000000000000000e+00
2.051000000000000000e+03 4.000000000000000000e+00 0.000000000000000000e+00
2.051200000000000273e+03 0.000000000000000000e+00 0.000000000000000000e+00
2.051400000000000091e+03 0.000000000000000000e+00 0.000000000000000000e+00
2.051599999999999909e+03 0.000000000000000000e+00 0.000000000000000000e+00
2.051800000000000182e+03 0.000000000000000000e+00 0.000000000000000000e+00
2.052000000000000000e+03 4.000000000000000000e+00 1.475000000000000000e+11
2.052200000000000273e+03 4.000000000000000000e+00 1.475000000000000000e+11
2.052400000000000091e+03 4.000000000000000000e+00 1.475000000000000000e+11
2.052599999999999909e+03 5.656854249492380582e+00 1.475000000000000000e+11
2.052800000000000182e+03 5.656854249492380582e+00 1.475000000000000000e+11
2.053000000000000000e+03 5.656854249492380582e+00 1.475000000000000000e+11
2.053200000000000273e+03 4.000000000000000000e+00 1.475000000000000000e+11
2.053400000000000091e+03 4.000000000000000000e+00 1.475000000000000000e+11
2.053599999999999909e+03 4.000000000000000000e+00 1.475000000000000000e+11
2.053800000000000182e+03 4.000000000000000000e+00 1.475000000000000000e+11
2.054000000000000000e+03 0.000000000000000000e+00 1.475000000000000000e+11
2.054200000000000273e+03 0.000000000000000000e+00 1.475000000000000000e+11
2.054400000000000091e+03 0.000000000000000000e+00 1.475000000000000000e+11
2.054599999999999909e+03 4.000000000000000000e+00 1.475000000000000000e+11
2.054800000000000182e+03 4.000000000000000000e+00 1.475000000000000000e+11
2.055000000000000000e+03 4.000000000000000000e+00 1.475000000000000000e+11
2.055200000000000273e+03 4.000000000000000000e+00 1.475000000000000000e+11
2.055400000000000091e+03 5.656854249492380582e+00 1.475000000000000000e+11
2.055599999999999909e+03 5.656854249492380582e+00 1.475000000000000000e+11
2.055800000000000182e+03 5.656854249492380582e+00 1.475000000000000000e+11
2.056000000000000000e+03 4.000000000000000000e+00 0.000000000000000000e+00
2.056200000000000273e+03 4.000000000000000000e+00 0.000000000000000000e+00
2.056400000000000091e+03 4.000000000000000000e+00 0.000000000000000000e+00
2.056599999999999909e+03 0.000000000000000000e+00 0.000000000000000000e+00
2.056800000000000182e+03 0.000000000000000000e+00 0.000000000000000000e+00
2.057000000000000000e+03 0.000000000000000000e+00 0.000000000000000000e+00
2.057200000000000273e+03 0.000000000000000000e+00 0.000000000000000000e+00
2.057400000000000091e+03 4.000000000000000000e+00 0.000000000000000000e+00
2.057599999999999909e+03 4.000000000000000000e+00 0.000000000000000000e+00
2.057800000000000182e+03 4.000000000000000000e+00 0.000000000000000000e+00
2.058000000000000000e+03 5.656854249492380582e+00 0.000000000000000000e+00
2.058200000000000273e+03 5.656854249492380582e+00 0.000000000000000000e+00
2.058400000000000091e+03 5.656854249492380582e+00 0.000000000000000000e+00
2.058599999999999909e+03 5.656854249492380582e+00 0.000000000000000000e+00
2.058800000000000182e+03 4.000000000000000000e+00 0.000000000000000000e+00
2.059000000000000000e+03 4.000000000000000000e+00 0.000000000000000000e+00
2.059200000000000273e+03 4.000000000000000000e+00 0.000000000000000000e+00
2.059400000000000091e+03 0.000000000000000000e+00 0.000000000000000000e+00
2.059599999999999909e+03 0.000000000000000000e+00 0.000000000000000000e+00
2.059800000000000182e+03 0.000000000000000000e+00 0.000000000000000000e+00
2.060000000000000000e+03 4.000000000000000000e+00 1.475000000000000000e+11
2.060200000000000273e+03 4.000000000000000000e+00 1.475000000000000000e+11
2.060400000000000091e+03 4.000000000000000000e+00 1.475000000000000000e+11
2.060599999999999909e+03 4.000000000000000000e+00 1.475000000000000000e+11
2.060800000000000182e+03 5.656854249492380582e+00 1.475000000000000000e+11
2.061000000000000000e+03 5.656854249492380582e+00 1.475000000000000000e+11
2.061200000000000273e+03 5.656854249492380582e+00 1.475000000000000000e+11
2.061400000000000091e+03 4.000000000000000000e+00 1.475000000000000000e+11
2.061599999999999909e+03 4.000000000000000000e+00 1.475000000000000000e+11
2.061800000000000182e+03 4.000000000000000000e+00 1.475000000000000000e+11
2.062000000000000000e+03 4.000000000000000000e+00 1.475000000000000000e+11
2.062200000000000273e+03 0.000000000000000000e+00 1.475000000000000000e+11
2.062400000000000091e+03 0.000000000000000000e+00 1.475000000000000000e+11
2.062599999999999909e+03 0.000000000000000000e+00 1.475000000000000000e+11
2.062800000000000182e+03 4.000000000000000000e+00 1.475000000000000000e+11
2.063000000000000000e+03 4.000000000000000000e+00 1.475000000000000000e+11
2.063200000000000273e+03 4.000000000000000000e+00 1.475000000000000000e+11
2.063400000000000091e+03 5.656854249492380582e+00 1.475000000000000000e+11
2.063599999999999909e+03 5.656854249492380582e+00 1.475000000000000000e+11
2.063800000000000182e+03 5.656854249492380582e+00 1.475000000000000000e+11
2.064000000000000000e+03 5.656854249492380582e+00 0.000000000000000000e+00
2.064200000000000273e+03 4.000000000000000000e+00 0.000000000000000000e+00
2.064400000000000091e+03 4.000000000000000000e+00 0.000000000000000000e+00
2.064599999999999909e+03 4.000000000000000000e+00 0.000000000000000000e+00
2.064800000000000182e+03 0.000000000000000000e+00 0.000000000000000000e+00
2.065000000000000000e+03 0.000000000000000000e+00 0.000000000000000000e+00
2.065200000000000273e+03 0.000000000000000000e+00 0.000000000000000000e+00
2.065400000000000091e+03 0.000000000000000000e+00 0.000000000000000000e+00
2.065599999999999909e+03 4.000000000000000000e+00 0.000000000000000000e+00
2.065800000000000182e+03 4.000000000000000000e+00 0.000000000000000000e+00
2.066000000000000000e+03 4.000000000000000000e+00 0.000000000000000000e+00
2.066200000000000273e+03 5.656854249492380582e+00 0.000000000000000000e+00
2.066400000000000091e+03 5.656854249492380582e+00 0.000000000000000000e+00
2.066599999999999909e+03 5.656854249492380582e+00 0.000000000000000000e+00
2.066800000000000182e+03 4.000000000000000000e+00 0.000000000000000000e+00
2.067000000000000000e+03 4.000000000000000000e+00 0.000000000000000000e+00
2.067200000000000273e+03 4.000000000000000000e+00 0.000000000000000000e+00
2.067400000000000091e+03 4.000000000000000000e+00 0.000000000000000000e+00
2.067599999999999909e+03 0.000000000000000000e+00 0.000000000000000000e+00
2.067800000000000182e+03 0.000000000000000000e+00 0.000000000000000000e+00
2.068000000000000000e+03 0.000000000000000000e+00 1.475000000000000000e+11
2.068200000000000273e+03 4.000000000000000000e+00 1.475000000000000000e+11
2.068400000000000091e+03 4.000000000000000000e+00 1.475000000000000000e+11
2.068599999999999909e+03 4.000000000000000000e+00 1.475000000000000000e+11
2.068800000000000182e+03 4.000000000000000000e+00 1.475000000000000000e+11
2.069000000000000000e+03 5.656854249492380582e+00 1.475000000000000000e+11
2.069200000000000273e+03 5.656854249492380582e+00 1.475000000000000000e+11
2.069400000000000091e+03 5.656854249492380582e+00 1.475000000000000000e+11
2.069599999999999909e+03 4.000000000000000000e+00 1.475000000000000000e+11
2.069800000000000182e+03 4.000000000000000000e+00 1.475000000000000000e+11
2.070000000000000000e+03 4.000000000000000000e+00 1.475000000000000000e+11
2.070200000000000273e+03 0.000000000000000000e+00 1.475000000000000000e+11
2.070400000000000091e+03 0.000000000000000000e+00 1.475000000000000000e+11
2.070599999999999909e+03 0.000000000000000000e+00 1.475000000000000000e+11
2.070800000000000182e+03 0.000000000000000000e+00 1.475000000000000000e+11
2.071000000000000000e+03 4.000000000000000000e+00 1.475000000000000000e+11
2.071200000000000273e+03 4.000000000000000000e+00 1.475000000000000000e+11
2.071400000000000091e+03 4.000000000000000000e+00 1.475000000000000000e+11
2.071599999999999909e+03 5.656854249492380582e+00 1.475000000000000000e+11
2.071800000000000182e+03 5.656854249492380582e+00 1.475000000000000000e+11
2.072000000000000000e+03 5.656854249492380582e+00 0.000000000000000000e+00
2.072200000000000273e+03 5.656854249492380582e+00 0.000000000000000000e+00
2.072400000000000091e+03 4.000000000000000000e+00 0.000000000000000000e+00
2.072599999999999909e+03 4.000000000000000000e+00 0.000000000000000000e+00
2.072800000000000182e+03 4.000000000000000000e+00 0.000000000000000000e+00
2.073000000000000000e+03 0.000000000000000000e+00 0.000000000000000000e+00
2.073200000000000273e+03 0.000000000000000000e+00 0.000000000000000000e+00
2.073400000000000091e+03 0.000000000000000000e+00 0.000000000000000000e+00
2.073599999999999909e+03 4.000000000000000000e+00 0.000000000000000000e+00
2.073800000000000182e+03 4.000000000000000000e+00 0.000000000000000000e+00
2.074000000000000000e+03 4.000000000000000000e+00 0.000000000000000000e+00
2.074200000000000273e+03 4.000000000000000000e+00 0.000000000000000000e+00
2.074400000000000091e+03 5.656854249492380582e+00 0.000000000000000000e+00
2.074599999999999909e+03 5.656854249492380582e+00 0.000000000000000000e+00
2.074800000000000182e+03 5.656854249492380582e+00 0.000000000000000000e+00
2.075000000000000000e+03 4.000000000000000000e+00 0.000000000000000000e+00
2.075200000000000273e+03 4.000000000000000000e+00 0.000000000000000000e+00
2.075400000000000091e+03 4.000000000000000000e+00 0.000000000000000000e+00
2.075599999999999909e+03 0.000000000000000000e+00 0.000000000000000000e+00
2.075800000000000182e+03 0.000000000000000000e+00 0.000000000000000000e+00
2.076000000000000000e+03 0.000000000000000000e+00 1.475000000000000000e+11
2.076200000000000273e+03 0.000000000000000000e+00 1.475000000000000000e+11
2.076400000000000091e+03 4.000000000000000000e+00 1.475000000000000000e+11
2.076599999999999909e+03 4.000000000000000000e+00 1.475000000000000000e+11
2.076800000000000182e+03 4.000000000000000000e+00 1.475000000000000000e+11
2.077000000000000000e+03 5.656854249492380582e+00 1.475000000000000000e+11
2.077200000000000273e+03 5.656854249492380582e+00 1.475000000000000000e+11
2.077400000000000091e+03 5.656854249492380582e+00 1.475000000000000000e+11
2.077599999999999909e+03 5.656854249492380582e+00 1.475000000000000000e+11
2.077800000000000182e+03 4.000000000000000000e+00 1.475000000000000000e+11
2.078000000000000000e+03 4.000000000000000000e+00 1.475000000000000000e+11
2.078200000000000273e+03 4.000000000000000000e+00 1.475000000000000000e+11
2.078400000000000091e+03 0.000000000000000000e+00 1.475000000000000000e+11
2.078599999999999909e+03 0.000000000000000000e+00 1.475000000000000000e+11
2.078800000000000182e+03 0.000000000000000000e+00 1.475000000000000000e+11
2.079000000000000000e+03 4.000000000000000000e+00 1.475000000000000000e+11
2.079200000000000273e+03 4.000000000000000000e+00 1.475000000000000000e+11
2.079400000000000091e+03 4.000000000000000000e+00 1.475000000000000000e+11
2.079599999999999909e+03 4.000000000000000000e+00 1.475000000000000000e+11
2.079800000000000182e+03 5.656854249492380582e+00 1.475000000000000000e+11
2.080000000000000000e+03 5.656854249492380582e+00 0.000000000000000000e+00
2.080200000000000273e+03 5.656854249492380582e+00 0.000000000000000000e+00
2.080400000000000091e+03 4.000000000000000000e+00 0.000000000000000000e+00
2.080599999999999909e+03 4.000000000000000000e+00 0.000000000000000000e+00
2.080800000000000182e+03 4.000000000000000000e+00 0.000000000000000000e+00
2.081000000000000000e+03 4.000000000000000000e+00 0.000000000000000000e+00
2.081200000000000273e+03 0.000000000000000000e+00 0.000000000000000000e+00
2.081400000000000091e+03 0.000000000000000000e+00 0.000000000000000000e+00
2.081599999999999909e+03 0.000000000000000000e+00 0.000000000000000000e+00
2.081800000000000182e+03 4.000000000000000000e+00 0.000000000000000000e+00
2.082000000000000000e+03 4.000000000000000000e+00 0.000000000000000000e+00
2.082200000000000273e+03 4.000000000000000000e+00 0.000000000000000000e+00
2.082400000000000091e+03 5.656854249492380582e+00 0.000000000000000000e+00
2.082599999999999909e+03 5.656854249492380582e+00 0.000000000000000000e+00
2.082800000000000182e+03 5.656854249492380582e+00 0.000000000000000000e+00
2.083000000000000000e+03 5.656854249492380582e+00 0.000000000000000000e+00
2.083200000000000273e+03 4.000000000000000000e+00 0.000000000000000000e+00
2.083400000000000091e+03 4.000000000000000000e+00 0.000000000000000000e+00
2.083599999999999909e+03 4.000000000000000000e+00 0.000000000000000000e+00
2.083800000000000182e+03 0.000000000000000000e+00 0.000000000000000000e+00
2.084000000000000000e+03 0.000000000000000000e+00 1.475000000000000000e+11
2.084200000000000273e+03 0.000000000000000000e+00 1.475000000000000000e+11
2.084400000000000091e+03 0.000000000000000000e+00 1.475000000000000000e+11
2.084599999999999909e+03 4.000000000000000000e+00 1.475000000000000000e+11
2.084800000000000182e+03 4.000000000000000000e+00 1.475000000000000000e+11
2.085000000000000000e+03 4.000000000000000000e+00 1.475000000000000000e+11
2.085200000000000273e+03 5.656854249492380582e+00 1.475000000000000000e+11
2.085400000000000091e+03 5.656854249492380582e+00 1.475000000000000000e+11
2.085599999999999909e+03 5.656854249492380582e+00 1.475000000000000000e+11
2.085800000000000182e+03 5.656854249492380582e+00 1.475000000000000000e+11
2.086000000000000000e+03 4.000000000000000000e+00 1.475000000000000000e+11
2.086200000000000273e+03 4.000000000000000000e+00 1.475000000000000000e+11
2.086400000000000091e+03 4.000000000000000000e+00 1.475000000000000000e+11
2.086599999999999909e+03 0.000000000000000000e+00 1.475000000000000000e+11
2.086800000000000182e+03 0.000000000000000000e+00 1.475000000000000000e+11
2.087000000000000000e+03 0.000000000000000000e+00 1.475000000000000000e+11
2.087200000000000273e+03 4.000000000000000000e+00 1.475000000000000000e+11
2.087400000000000091e+03 4.000000000000000000e+00 1.475000000000000000e+11
2.087599999999999909e+03 4.000000000000000000e+00 1.475000000000000000e+11
2.087800000000000182e+03 4.000000000000000000e+00 1.475000000000000000e+11
2.088000000000000000e+03 5.656854249492380582e+00 0.000000000000000000e+00
2.088200000000000273e+03 5.656854249492380582e+00 0.000000000000000000e+00
2.088400000000000091e+03 5.656854249492380582e+00 0.000000000000000000e+00
2.088599999999999909e+03 4.000000000000000000e+00 0.000000000000000000e+00
2.088800000000000182e+03 4.000000000000000000e+00 0.000000000000000000e+00
2.089000000000000000e+03 4.000000000000000000e+00 0.000000000000000000e+00
2.089200000000000273e+03 4.000000000000000000e+00 0.000000000000000000e+00
2.089400000000000091e+03 0.000000000000000000e+00 0.000000000000000000e+00
2.089599999999999909e+03 0.000000000000000000e+00 0.000000000000000000e+00
2.089800000000000182e+03 0.000000000000000000e+00 0.000000000000000000e+00
2.090000000000000000e+03 4.000000000000000000e+00 0.000000000000000000e+00
2.090200000000000273e+03 4.000000000000000000e+00 0.000000000000000000e+00
2.090400000000000091e+03 4.000000000000000000e+00 0.000000000000000000e+00
2.090599999999999909e+03 4.000000000000000000e+00 0.000000000000000000e+00
2.090800000000000182e+03 5.656854249492380582e+00 0.000000000000000000e+00
2.091000000000000000e+03 5.656854249492380582e+00 0.000000000000000000e+00
2.091200000000000273e+03 5.656854249492380582e+00 0.000000000000000000e+00
2.091400000000000091e+03 4.000000000000000000e+00 0.000000000000000000e+00
2.091599999999999909e+03 4.000000000000000000e+00 0.000000000000000000e+00
2.091800000000000182e+03 4.000000000000000000e+00 0.000000000000000000e+00
2.092000000000000000e+03 4.000000000000000000e+00 1.475000000000000000e+11
2.092200000000000273e+03 0.000000000000000000e+00 1.475000000000000000e+11
2.092400000000000091e+03 0.000000000000000000e+00 1.475000000000000000e+11
2.092599999999999909e+03 0.000000000000000000e+00 1.475000000000000000e+11
2.092800000000000182e+03 4.000000000000000000e+00 1.475000000000000000e+11
2.093000000000000000e+03 4.000000000000000000e+00 1.475000000000000000e+11
2.093200000000000273e+03 4.000000000000000000e+00 1.475000000000000000e+11
2.093400000000000091e+03 4.000000000000000000e+00 1.475000000000000000e+11
2.093599999999999909e+03 5.656854249492380582e+00 1.475000000000000000e+11
2.093800000000000182e+03 5.656854249492380582e+00 1.475000000000000000e+11
2.094000000000000000e+03 5.656854249492380582e+00 1.475000000000000000e+11
2.094200000000000273e+03 4.000000000000000000e+00 1.475000000000000000e+11
2.094400000000000091e+03 4.000000000000000000e+00 1.475000000000000000e+11
2.094599999999999909e+03 4.000000000000000000e+00 1.475000000000000000e+11
2.094800000000000182e+03 4.000000000000000000e+00 1.475000000000000000e+11
2.095000000000000000e+03 0.000000000000000000e+00 1.475000000000000000e+11
2.095200000000000273e+03 0.000000000000000000e+00 1.475000000000000000e+11
2.095400000000000091e+03 0.000000000000000000e+00 1.475000000000000000e+11
2.095599999999999909e+03 0.000000000000000000e+00 1.475000000000000000e+11
2.095800000000000182e+03 4.000000000000000000e+00 1.475000000000000000e+11
2.096000000000000000e+03 4.000000000000000000e+00 0.000000000000000000e+00
2.096200000000000273e+03 4.000000000000000000e+00 0.000000000000000000e+00
2.096400000000000091e+03 4.000000000000000000e+00 0.000000000000000000e+00
2.096599999999999909e+03 5.656854249492380582e+00 0.000000000000000000e+00
2.096800000000000182e+03 5.656854249492380582e+00 0.000000000000000000e+00
2.097000000000000000e+03 5.656854249492380582e+00 0.000000000000000000e+00
2.097200000000000273e+03 4.000000000000000000e+00 0.000000000000000000e+00
2.097400000000000091e+03 4.000000000000000000e+00 0.000000000000000000e+00
2.097599999999999909e+03 4.000000000000000000e+00 0.000000000000000000e+00
2.097800000000000182e+03 4.000000000000000000e+00 0.000000000000000000e+00
2.098000000000000000e+03 0.000000000000000000e+00 0.000000000000000000e+00
2.098200000000000273e+03 0.000000000000000000e+00 0.000000000000000000e+00
2.098400000000000091e+03 0.000000000000000000e+00 0.000000000000000000e+00
2.098599999999999909e+03 0.000000000000000000e+00 0.000000000000000000e+00
2.098800000000000182e+03 4.000000000000000000e+00 0.000000000000000000e+00
2.099000000000000000e+03 4.000000000000000000e+00 0.000000000000000000e+00
2.099200000000000273e+03 4.000000000000000000e+00 0.000000000000000000e+00
2.099400000000000091e+03 4.000000000000000000e+00 0.000000000000000000e+00
2.099599999999999909e+03 5.656854249492380582e+00 0.000000000000000000e+00
2.099800000000000182e+03 5.656854249492380582e+00 0.000000000000000000e+00
2.100000000000000000e+03 5.656854249492380582e+00 1.475000000000000000e+11
2.100200000000000273e+03 5.656854249492380582e+00 1.475000000000000000e+11
2.100400000000000091e+03 4.000000000000000000e+00 1.475000000000000000e+11
2.100599999999999909e+03 4.000000000000000000e+00 1.475000000000000000e+11
2.100800000000000182e+03 4.000000000000000000e+00 1.475000000000000000e+11
2.101000000000000000e+03 4.000000000000000000e+00 1.475000000000000000e+11
2.101200000000000273e+03 0.000000000000000000e+00 1.475000000000000000e+11
2.101400000000000091e+03 0.000000000000000000e+00 1.475000000000000000e+11
2.101599999999999909e+03 0.000000000000000000e+00 1.475000000000000000e+11
2.101800000000000182e+03 5.656854249492380582e+00 1.475000000000000000e+11
2.102000000000000000e+03 4.000000000000000000e+00 1.475000000000000000e+11
2.102200000000000273e+03 4.000000000000000000e+00 1.475000000000000000e+11
2.102400000000000091e+03 8.000000000000000000e+00 1.475000000000000000e+11
2.102599999999999909e+03 8.944271909999159220e+00 1.475000000000000000e+11
2.102800000000000182e+03 8.944271909999159220e+00 1.475000000000000000e+11
2.103000000000000000e+03 8.944271909999159220e+00 1.475000000000000000e+11
2.103200000000000273e+03 8.944271909999159220e+00 1.475000000000000000e+11
2.103400000000000091e+03 8.000000000000000000e+00 1.475000000000000000e+11
2.103599999999999909e+03 8.000000000000000000e+00 1.475000000000000000e+11
2.103800000000000182e+03 8.944271909999159220e+00 1.475000000000000000e+11
2.104000000000000000e+03 5.656854249492380582e+00 0.000000000000000000e+00
2.104200000000000273e+03 4.000000000000000000e+00 0.000000000000000000e+00
2.104400000000000091e+03 5.656854249492380582e+00 0.000000000000000000e+00
2.104599999999999909e+03 4.000000000000000000e+00 0.000000000000000000e+00
2.104800000000000182e+03 4.000000000000000000e+00 0.000000000000000000e+00
2.105000000000000000e+03 5.656854249492380582e+00 0.000000000000000000e+00
2.105200000000000273e+03 8.944271909999159220e+00 0.000000000000000000e+00
2.105400000000000091e+03 8.000000000000000000e+00 0.000000000000000000e+00
2.105599999999999909e+03 8.000000000000000000e+00 0.000000000000000000e+00
2.105800000000000182e+03 8.944271909999159220e+00 0.000000000000000000e+00
2.106000000000000000e+03 1.131370849898476116e+01 0.000000000000000000e+00
2.106200000000000273e+03 8.944271909999159220e+00 0.000000000000000000e+00
2.106400000000000091e+03 8.000000000000000000e+00 0.000000000000000000e+00
2.106599999999999909e+03 8.000000000000000000e+00 0.000000000000000000e+00
2.106800000000000182e+03 8.944271909999159220e+00 0.000000000000000000e+00
2.107000000000000000e+03 5.656854249492380582e+00 0.000000000000000000e+00
2.107200000000000273e+03 4.000000000000000000e+00 0.000000000000000000e+00
2.107400000000000091e+03 4.000000000000000000e+00 0.000000000000000000e+00
2.107599999999999909e+03 5.656854249492380582e+00 0.000000000000000000e+00
2.107800000000000182e+03 4.000000000000000000e+00 0.000000000000000000e+00
2.108000000000000000e+03 5.656854249492380582e+00 1.475000000000000000e+11
2.108200000000000273e+03 8.944271909999159220e+00 1.475000000000000000e+11
2.108400000000000091e+03 8.944271909999159220e+00 1.475000000000000000e+11
2.108599999999999909e+03 1.200000000000000000e+01 1.475000000000000000e+11
2.108800000000000182e+03 1.264911064067351809e+01 1.475000000000000000e+11
2.109000000000000000e+03 1.131370849898476116e+01 1.475000000000000000e+11
2.109200000000000273e+03 1.442220510185595650e+01 1.475000000000000000e+11
2.109400000000000091e+03 1.264911064067351809e+01 1.475000000000000000e+11
2.109599999999999909e+03 1.200000000000000000e+01 1.475000000000000000e+11
2.109800000000000182e+03 1.442220510185595650e+01 1.475000000000000000e+11
2.110000000000000000e+03 1.131370849898476116e+01 1.475000000000000000e+11
2.110200000000000273e+03 1.264911064067351809e+01 1.475000000000000000e+11
2.110400000000000091e+03 1.264911064067351809e+01 1.475000000000000000e+11
2.110599999999999909e+03 1.131370849898476116e+01 1.475000000000000000e+11
2.110800000000000182e+03 1.264911064067351809e+01 1.475000000000000000e+11
2.111000000000000000e+03 1.649242250247064234e+01 1.475000000000000000e+11
2.111200000000000273e+03 2.000000000000000000e+01 1.475000000000000000e+11
2.111400000000000091e+03 2.000000000000000000e+01 1.475000000000000000e+11
2.111599999999999909e+03 2.433105012119287736e+01 1.475000000000000000e+11
2.111800000000000182e+03 2.433105012119287736e+01 1.475000000000000000e+11
2.112000000000000000e+03 2.884441020371191300e+01 0.000000000000000000e+00
2.112200000000000273e+03 2.561249694973139412e+01 0.000000000000000000e+00
2.112400000000000091e+03 2.529822128134703618e+01 0.000000000000000000e+00
2.112599999999999909e+03 2.433105012119287736e+01 0.000000000000000000e+00
2.112800000000000182e+03 2.332380757938120297e+01 0.000000000000000000e+00
2.113000000000000000e+03 2.262741699796952233e+01 0.000000000000000000e+00
2.113200000000000273e+03 2.039607805437113797e+01 0.000000000000000000e+00
2.113400000000000091e+03 2.039607805437113797e+01 0.000000000000000000e+00
2.113599999999999909e+03 2.000000000000000000e+01 0.000000000000000000e+00
2.113800000000000182e+03 2.154065922853801496e+01 0.000000000000000000e+00
2.114000000000000000e+03 2.000000000000000000e+01 0.000000000000000000e+00
2.114200000000000273e+03 2.154065922853801496e+01 0.000000000000000000e+00
2.114400000000000091e+03 2.000000000000000000e+01 0.000000000000000000e+00
2.114599999999999909e+03 2.529822128134703618e+01 0.000000000000000000e+00
2.114800000000000182e+03 2.433105012119287736e+01 0.000000000000000000e+00
2.115000000000000000e+03 2.332380757938120297e+01 0.000000000000000000e+00
2.115200000000000273e+03 2.561249694973139412e+01 0.000000000000000000e+00
2.115400000000000091e+03 2.529822128134703618e+01 0.000000000000000000e+00
2.115599999999999909e+03 2.400000000000000000e+01 0.000000000000000000e+00
2.115800000000000182e+03 2.154065922853801496e+01 0.000000000000000000e+00
2.116000000000000000e+03 2.262741699796952233e+01 1.475000000000000000e+11
2.116200000000000273e+03 2.154065922853801496e+01 1.475000000000000000e+11
2.116400000000000091e+03 2.039607805437113797e+01 1.475000000000000000e+11
2.116599999999999909e+03 2.332380757938120297e+01 1.475000000000000000e+11
2.116800000000000182e+03 2.332380757938120297e+01 1.475000000000000000e+11
2.117000000000000000e+03 2.828427124746190202e+01 1.475000000000000000e+11
2.117200000000000273e+03 2.912043955712207222e+01 1.475000000000000000e+11
2.117400000000000091e+03 3.124099870362661591e+01 1.475000000000000000e+11
2.117599999999999909e+03 3.577708763999663688e+01 1.475000000000000000e+11
2.117800000000000182e+03 4.000000000000000000e+01 1.475000000000000000e+11
2.118000000000000000e+03 4.308131845707602992e+01 1.475000000000000000e+11
2.118200000000000273e+03 4.525483399593904466e+01 1.475000000000000000e+11
2.118400000000000091e+03 4.833218389437828932e+01 1.475000000000000000e+11
2.118599999999999909e+03 4.800000000000000000e+01 1.475000000000000000e+11
2.118800000000000182e+03 5.200000000000000000e+01 1.475000000000000000e+11
2.119000000000000000e+03 5.091168824543142080e+01 1.475000000000000000e+11
2.119200000000000273e+03 5.571355310873647682e+01 1.475000000000000000e+11
2.119400000000000091e+03 5.614267539047279598e+01 1.475000000000000000e+11
2.119599999999999909e+03 5.905929224093360119e+01 1.475000000000000000e+11
2.119800000000000182e+03 6.560487786742690730e+01 1.475000000000000000e+11
2.120000000000000000e+03 6.985699678629191567e+01 0.000000000000000000e+00
2.120200000000000273e+03 6.985699678629191567e+01 0.000000000000000000e+00
2.120400000000000091e+03 7.121797525905942905e+01 0.000000000000000000e+00
2.120599999999999909e+03 7.155417527999327376e+01 0.000000000000000000e+00
2.120800000000000182e+03 7.211102550927978427e+01 0.000000000000000000e+00
2.121000000000000000e+03 7.211102550927978427e+01 0.000000000000000000e+00
2.121200000000000273e+03 7.076722405181652675e+01 0.000000000000000000e+00
2.121400000000000091e+03 6.985699678629191567e+01 0.000000000000000000e+00
2.121599999999999909e+03 6.811754546370561059e+01 0.000000000000000000e+00
2.121800000000000182e+03 6.835202996254024299e+01 0.000000000000000000e+00
2.122000000000000000e+03 6.788225099390855632e+01 0.000000000000000000e+00
2.122200000000000273e+03 6.462197768561404132e+01 0.000000000000000000e+00
2.122400000000000091e+03 6.412487816752559411e+01 0.000000000000000000e+00
2.122599999999999909e+03 6.105735008989498880e+01 0.000000000000000000e+00
2.122800000000000182e+03 6.324555320336758513e+01 0.000000000000000000e+00
2.123000000000000000e+03 6.118823416311342100e+01 0.000000000000000000e+00
2.123200000000000273e+03 6.209669878504009688e+01 0.000000000000000000e+00
2.123400000000000091e+03 6.248199740725323181e+01 0.000000000000000000e+00
2.123599999999999909e+03 6.260990336999411454e+01 0.000000000000000000e+00
2.123800000000000182e+03 6.412487816752559411e+01 0.000000000000000000e+00
2.124000000000000000e+03 6.324555320336758513e+01 1.475000000000000000e+11
2.124200000000000273e+03 7.076722405181652675e+01 1.475000000000000000e+11
2.124400000000000091e+03 6.985699678629191567e+01 1.475000000000000000e+11
2.124599999999999909e+03 7.600000000000000000e+01 1.475000000000000000e+11
2.124800000000000182e+03 7.879086241436883142e+01 1.475000000000000000e+11
2.125000000000000000e+03 8.207313811473277099e+01 1.475000000000000000e+11
2.125200000000000273e+03 8.854377448471461776e+01 1.475000000000000000e+11
2.125400000000000091e+03 9.277930803794561143e+01 1.475000000000000000e+11
2.125599999999999909e+03 9.879271228182774678e+01 1.475000000000000000e+11
2.125800000000000182e+03 1.043072384832423865e+02 1.475000000000000000e+11
2.126000000000000000e+03 1.091787525116494493e+02 1.475000000000000000e+11
2.126200000000000273e+03 1.176435293588219366e+02 1.475000000000000000e+11
2.126400000000000091e+03 1.273106437027163906e+02 1.475000000000000000e+11
2.126599999999999909e+03 1.329661611087572908e+02 1.475000000000000000e+11
2.126800000000000182e+03 1.442220510185595685e+02 1.475000000000000000e+11
2.127000000000000000e+03 1.523154621172781731e+02 1.475000000000000000e+11
2.127200000000000273e+03 1.608974828889501225e+02 1.475000000000000000e+11
2.127400000000000091e+03 1.484318025222357846e+02 1.475000000000000000e+11
2.127599999999999909e+03 1.368210510118965715e+02 1.475000000000000000e+11
2.127800000000000182e+03 1.252198067399882291e+02 1.475000000000000000e+11
2.128000000000000000e+03 1.160689450283752677e+02 0.000000000000000000e+00
2.128200000000000273e+03 1.166190378969060077e+02 0.000000000000000000e+00
2.128400000000000091e+03 1.103449137930697788e+02 0.000000000000000000e+00
2.128599999999999909e+03 1.100545319375808333e+02 0.000000000000000000e+00
2.128800000000000182e+03 1.086646216576489934e+02 0.000000000000000000e+00
2.129000000000000000e+03 1.043072384832423865e+02 0.000000000000000000e+00
2.129200000000000273e+03 1.043072384832423865e+02 0.000000000000000000e+00
2.129400000000000091e+03 1.046900186264192030e+02 0.000000000000000000e+00
2.129599999999999909e+03 1.062826420446913858e+02 0.000000000000000000e+00
2.129800000000000182e+03 1.046900186264192030e+02 0.000000000000000000e+00
2.130000000000000000e+03 1.025280449438103716e+02 0.000000000000000000e+00
2.130200000000000273e+03 1.043072384832423865e+02 0.000000000000000000e+00
2.130400000000000091e+03 1.037689741685827727e+02 0.000000000000000000e+00
2.130599999999999909e+03 1.024499877989255765e+02 0.000000000000000000e+00
2.130800000000000182e+03 1.028396810574595293e+02 0.000000000000000000e+00
2.131000000000000000e+03 1.019803902718556969e+02 0.000000000000000000e+00
2.131200000000000273e+03 9.765244492586961655e+01 0.000000000000000000e+00
2.131400000000000091e+03 9.674709297958258958e+01 0.000000000000000000e+00
2.131599999999999909e+03 9.633275663033836622e+01 0.000000000000000000e+00
2.131800000000000182e+03 9.363759928575700542e+01 0.000000000000000000e+00
2.132000000000000000e+03 9.050966799187808931e+01 1.475000000000000000e+11
2.132200000000000273e+03 8.475848040166836483e+01 1.475000000000000000e+11
2.132400000000000091e+03 8.039900496896711957e+01 1.475000000000000000e+11
2.132599999999999909e+03 7.343023900274327787e+01 1.475000000000000000e+11
2.132800000000000182e+03 6.881860213634101342e+01 1.475000000000000000e+11
2.133000000000000000e+03 6.596969000988256937e+01 1.475000000000000000e+11
2.133200000000000273e+03 6.118823416311342100e+01 1.475000000000000000e+11
2.133400000000000091e+03 5.768882040742382600e+01 1.475000000000000000e+11
2.133599999999999909e+03 5.440588203494177577e+01 1.475000000000000000e+11
2.133800000000000182e+03 4.947726750741192348e+01 1.475000000000000000e+11
2.134000000000000000e+03 4.472135954999579610e+01 1.475000000000000000e+11
2.134200000000000273e+03 4.326661530556787483e+01 1.475000000000000000e+11
2.134400000000000091e+03 3.773592452822641263e+01 1.475000000000000000e+11
2.134599999999999909e+03 3.224903099319419653e+01 1.475000000000000000e+11
2.134800000000000182e+03 2.912043955712207222e+01 1.475000000000000000e+11
2.135000000000000000e+03 2.561249694973139412e+01 1.475000000000000000e+11
2.135200000000000273e+03 2.683281572999747766e+01 1.475000000000000000e+11
2.135400000000000091e+03 2.400000000000000000e+01 1.475000000000000000e+11
2.135599999999999909e+03 2.332380757938120297e+01 1.475000000000000000e+11
2.135800000000000182e+03 2.000000000000000000e+01 1.475000000000000000e+11
2.136000000000000000e+03 2.039607805437113797e+01 0.000000000000000000e+00
2.136200000000000273e+03 2.433105012119287736e+01 0.000000000000000000e+00
2.136400000000000091e+03 2.332380757938120297e+01 0.000000000000000000e+00
2.136599999999999909e+03 2.262741699796952233e+01 0.000000000000000000e+00
2.136800000000000182e+03 2.154065922853801496e+01 0.000000000000000000e+00
2.137000000000000000e+03 2.000000000000000000e+01 0.000000000000000000e+00
2.137200000000000273e+03 2.154065922853801496e+01 0.000000000000000000e+00
2.137400000000000091e+03 1.697056274847713908e+01 0.000000000000000000e+00
2.137599999999999909e+03 1.788854381999831844e+01 0.000000000000000000e+00
2.137800000000000182e+03 1.600000000000000000e+01 0.000000000000000000e+00
2.138000000000000000e+03 1.442220510185595650e+01 0.000000000000000000e+00
2.138200000000000273e+03 1.442220510185595650e+01 0.000000000000000000e+00
2.138400000000000091e+03 1.600000000000000000e+01 0.000000000000000000e+00
2.138599999999999909e+03 1.788854381999831844e+01 0.000000000000000000e+00
2.138800000000000182e+03 1.697056274847713908e+01 0.000000000000000000e+00
2.139000000000000000e+03 1.788854381999831844e+01 0.000000000000000000e+00
2.139200000000000273e+03 2.000000000000000000e+01 0.000000000000000000e+00
2.139400000000000091e+03 2.154065922853801496e+01 0.000000000000000000e+00
2.139599999999999909e+03 2.262741699796952233e+01 0.000000000000000000e+00
2.139800000000000182e+03 2.154065922853801496e+01 0.000000000000000000e+00
2.140000000000000000e+03 2.000000000000000000e+01 1.475000000000000000e+11
2.140200000000000273e+03 1.649242250247064234e+01 1.475000000000000000e+11
2.140400000000000091e+03 1.442220510185595650e+01 1.475000000000000000e+11
2.140599999999999909e+03 1.442220510185595650e+01 1.475000000000000000e+11
2.140800000000000182e+03 1.200000000000000000e+01 1.475000000000000000e+11
2.141000000000000000e+03 8.944271909999159220e+00 1.475000000000000000e+11
2.141200000000000273e+03 8.944271909999159220e+00 1.475000000000000000e+11
2.141400000000000091e+03 8.000000000000000000e+00 1.475000000000000000e+11
2.141599999999999909e+03 8.944271909999159220e+00 1.475000000000000000e+11
2.141800000000000182e+03 8.944271909999159220e+00 1.475000000000000000e+11
2.142000000000000000e+03 8.944271909999159220e+00 1.475000000000000000e+11
2.142200000000000273e+03 8.000000000000000000e+00 1.475000000000000000e+11
2.142400000000000091e+03 8.944271909999159220e+00 1.475000000000000000e+11
2.142599999999999909e+03 8.944271909999159220e+00 1.475000000000000000e+11
2.142800000000000182e+03 8.944271909999159220e+00 1.475000000000000000e+11
2.143000000000000000e+03 8.944271909999159220e+00 1.475000000000000000e+11
2.143200000000000273e+03 8.000000000000000000e+00 1.475000200000000000e+11
2.143400000000000091e+03 4.000000000000000000e+00 1.475000000000000000e+11
2.143599999999999909e+03 4.000000000000000000e+00 1.475000000000000000e+11
2.143800000000000182e+03 4.000000000000000000e+00 1.475000000000000000e+11
2.144000000000000000e+03 0.000000000000000000e+00 0.000000000000000000e+00
2.144200000000000273e+03 0.000000000000000000e+00 0.000000000000000000e+00
2.144400000000000091e+03 0.000000000000000000e+00 0.000000000000000000e+00
2.144599999999999909e+03 0.000000000000000000e+00 0.000000000000000000e+00
2.144800000000000182e+03 4.000000000000000000e+00 0.000000000000000000e+00
2.145000000000000000e+03 4.000000000000000000e+00 0.000000000000000000e+00
2.145200000000000273e+03 4.000000000000000000e+00 0.000000000000000000e+00
2.145400000000000091e+03 5.656854249492380582e+00 0.000000000000000000e+00
2.145599999999999909e+03 5.656854249492380582e+00 0.000000000000000000e+00
2.145800000000000182e+03 5.656854249492380582e+00 0.000000000000000000e+00
2.146000000000000000e+03 5.656854249492380582e+00 0.000000000000000000e+00
2.146200000000000273e+03 4.000000000000000000e+00 0.000000000000000000e+00
2.146400000000000091e+03 4.000000000000000000e+00 0.000000000000000000e+00
2.146599999999999909e+03 4.000000000000000000e+00 0.000000000000000000e+00
2.146800000000000182e+03 4.000000000000000000e+00 0.000000000000000000e+00
2.147000000000000000e+03 0.000000000000000000e+00 0.000000000000000000e+00
2.147200000000000273e+03 0.000000000000000000e+00 0.000000000000000000e+00
2.147400000000000091e+03 0.000000000000000000e+00 0.000000000000000000e+00
2.147599999999999909e+03 0.000000000000000000e+00 0.000000000000000000e+00
2.147800000000000182e+03 4.000000000000000000e+00 0.000000000000000000e+00
2.148000000000000000e+03 4.000000000000000000e+00 1.475000000000000000e+11
2.148200000000000273e+03 4.000000000000000000e+00 1.475000000000000000e+11
2.148400000000000091e+03 4.000000000000000000e+00 1.475000000000000000e+11
2.148599999999999909e+03 5.656854249492380582e+00 1.475000000000000000e+11
2.148800000000000182e+03 5.656854249492380582e+00 1.475000000000000000e+11
2.149000000000000000e+03 5.656854249492380582e+00 1.475000000000000000e+11
2.149200000000000273e+03 5.656854249492380582e+00 1.475000000000000000e+11
2.149400000000000091e+03 4.000000000000000000e+00 1.475000000000000000e+11
2.149599999999999909e+03 4.000000000000000000e+00 1.475000000000000000e+11
2.149800000000000182e+03 4.000000000000000000e+00 1.475000000000000000e+11
2.150000000000000000e+03 4.000000000000000000e+00 1.475000000000000000e+11
2.150200000000000273e+03 0.000000000000000000e+00 1.475000000000000000e+11
2.150400000000000091e+03 0.000000000000000000e+00 1.475000000000000000e+11
2.150599999999999909e+03 0.000000000000000000e+00 1.475000000000000000e+11
2.150800000000000182e+03 4.000000000000000000e+00 1.475000000000000000e+11
2.151000000000000000e+03 4.000000000000000000e+00 1.475000000000000000e+11
2.151200000000000273e+03 4.000000000000000000e+00 1.475000000000000000e+11
2.151400000000000091e+03 4.000000000000000000e+00 1.475000000000000000e+11
2.151599999999999909e+03 5.656854249492380582e+00 1.475000000000000000e+11
2.151800000000000182e+03 5.656854249492380582e+00 1.475000000000000000e+11
2.152000000000000000e+03 5.656854249492380582e+00 0.000000000000000000e+00
2.152200000000000273e+03 4.000000000000000000e+00 0.000000000000000000e+00
2.152400000000000091e+03 4.000000000000000000e+00 0.000000000000000000e+00
2.152599999999999909e+03 4.000000000000000000e+00 0.000000000000000000e+00
2.152800000000000182e+03 4.000000000000000000e+00 0.000000000000000000e+00
2.153000000000000000e+03 0.000000000000000000e+00 0.000000000000000000e+00
2.153200000000000273e+03 0.000000000000000000e+00 0.000000000000000000e+00
2.153400000000000091e+03 0.000000000000000000e+00 0.000000000000000000e+00
2.153599999999999909e+03 4.000000000000000000e+00 0.000000000000000000e+00
2.153800000000000182e+03 4.000000000000000000e+00 0.000000000000000000e+00
2.154000000000000000e+03 4.000000000000000000e+00 0.000000000000000000e+00
2.154200000000000273e+03 5.656854249492380582e+00 0.000000000000000000e+00
2.154400000000000091e+03 5.656854249492380582e+00 0.000000000000000000e+00
2.154599999999999909e+03 5.656854249492380582e+00 0.000000000000000000e+00
2.154800000000000182e+03 5.656854249492380582e+00 0.000000000000000000e+00
2.155000000000000000e+03 4.000000000000000000e+00 0.000000000000000000e+00
2.155200000000000273e+03 4.000000000000000000e+00 0.000000000000000000e+00
2.155400000000000091e+03 4.000000000000000000e+00 0.000000000000000000e+00
2.155599999999999909e+03 0.000000000000000000e+00 0.000000000000000000e+00
2.155800000000000182e+03 0.000000000000000000e+00 0.000000000000000000e+00
2.156000000000000000e+03 0.000000000000000000e+00 1.475000000000000000e+11
2.156200000000000273e+03 0.000000000000000000e+00 1.475000000000000000e+11
2.156400000000000091e+03 4.000000000000000000e+00 1.475000000000000000e+11
2.156599999999999909e+03 4.000000000000000000e+00 1.475000000000000000e+11
2.156800000000000182e+03 4.000000000000000000e+00 1.475000000000000000e+11
2.157000000000000000e+03 5.656854249492380582e+00 1.475000000000000000e+11
2.157200000000000273e+03 5.656854249492380582e+00 1.475000000000000000e+11
2.157400000000000091e+03 5.656854249492380582e+00 1.475000000000000000e+11
2.157599999999999909e+03 5.656854249492380582e+00 1.475000000000000000e+11
2.157800000000000182e+03 4.000000000000000000e+00 1.475000000000000000e+11
2.158000000000000000e+03 4.000000000000000000e+00 1.475000000000000000e+11
2.158200000000000273e+03 4.000000000000000000e+00 1.475000000000000000e+11
2.158400000000000091e+03 0.000000000000000000e+00 1.475000000000000000e+11
2.158599999999999909e+03 0.000000000000000000e+00 1.475000000000000000e+11
2.158800000000000182e+03 0.000000000000000000e+00 1.475000000000000000e+11
2.159000000000000000e+03 4.000000000000000000e+00 1.475000000000000000e+11
2.159200000000000273e+03 4.000000000000000000e+00 1.475000000000000000e+11
2.159400000000000091e+03 4.000000000000000000e+00 1.475000000000000000e+11
2.159599999999999909e+03 4.000000000000000000e+00 1.475000000000000000e+11
2.159800000000000182e+03 5.656854249492380582e+00 1.475000000000000000e+11
2.160000000000000000e+03 5.656854249492380582e+00 0.000000000000000000e+00
2.160200000000000273e+03 5.656854249492380582e+00 0.000000000000000000e+00
2.160400000000000091e+03 4.000000000000000000e+00 0.000000000000000000e+00
2.160599999999999909e+03 4.000000000000000000e+00 0.000000000000000000e+00
2.160800000000000182e+03 4.000000000000000000e+00 0.000000000000000000e+00
2.161000000000000000e+03 4.000000000000000000e+00 0.000000000000000000e+00
2.161200000000000273e+03 0.000000000000000000e+00 0.000000000000000000e+00
2.161400000000000091e+03 0.000000000000000000e+00 0.000000000000000000e+00
2.161599999999999909e+03 0.000000000000000000e+00 0.000000000000000000e+00
2.161800000000000182e+03 4.000000000000000000e+00 0.000000000000000000e+00
2.162000000000000000e+03 4.000000000000000000e+00 0.000000000000000000e+00
2.162200000000000273e+03 4.000000000000000000e+00 0.000000000000000000e+00
2.162400000000000091e+03 5.656854249492380582e+00 0.000000000000000000e+00
2.162599999999999909e+03 5.656854249492380582e+00 0.000000000000000000e+00
2.162800000000000182e+03 5.656854249492380582e+00 0.000000000000000000e+00
2.163000000000000000e+03 5.656854249492380582e+00 0.000000000000000000e+00
2.163200000000000273e+03 4.000000000000000000e+00 0.000000000000000000e+00
2.163400000000000091e+03 4.000000000000000000e+00 0.000000000000000000e+00
2.163599999999999909e+03 4.000000000000000000e+00 0.000000000000000000e+00
2.163800000000000182e+03 0.000000000000000000e+00 0.000000000000000000e+00
2.164000000000000000e+03 0.000000000000000000e+00 1.475000000000000000e+11
2.164200000000000273e+03 0.000000000000000000e+00 1.475000000000000000e+11
2.164400000000000091e+03 0.000000000000000000e+00 1.475000000000000000e+11
2.164599999999999909e+03 4.000000000000000000e+00 1.475000000000000000e+11
2.164800000000000182e+03 4.000000000000000000e+00 1.475000000000000000e+11
2.165000000000000000e+03 4.000000000000000000e+00 1.475000000000000000e+11
2.165200000000000273e+03 5.656854249492380582e+00 1.475000000000000000e+11
2.165400000000000091e+03 5.656854249492380582e+00 1.475000000000000000e+11
2.165599999999999909e+03 5.656854249492380582e+00 1.475000000000000000e+11
2.165800000000000182e+03 4.000000000000000000e+00 1.475000000000000000e+11
2.166000000000000000e+03 4.000000000000000000e+00 1.475000000000000000e+11
2.166200000000000273e+03 4.000000000000000000e+00 1.475000000000000000e+11
2.166400000000000091e+03 4.000000000000000000e+00 1.475000000000000000e+11
2.166599999999999909e+03 0.000000000000000000e+00 1.475000000000000000e+11
2.166800000000000182e+03 0.000000000000000000e+00 1.475000000000000000e+11
2.167000000000000000e+03 0.000000000000000000e+00 1.475000000000000000e+11
2.167200000000000273e+03 4.000000000000000000e+00 1.475000000000000000e+11
2.167400000000000091e+03 4.000000000000000000e+00 1.475000000000000000e+11
2.167599999999999909e+03 4.000000000000000000e+00 1.475000000000000000e+11
2.167800000000000182e+03 4.000000000000000000e+00 1.475000000000000000e+11
2.168000000000000000e+03 5.656854249492380582e+00 0.000000000000000000e+00
2.168200000000000273e+03 5.656854249492380582e+00 0.000000000000000000e+00
2.168400000000000091e+03 5.656854249492380582e+00 0.000000000000000000e+00
2.168599999999999909e+03 4.000000000000000000e+00 0.000000000000000000e+00
2.168800000000000182e+03 4.000000000000000000e+00 0.000000000000000000e+00
2.169000000000000000e+03 4.000000000000000000e+00 0.000000000000000000e+00
2.169200000000000273e+03 4.000000000000000000e+00 0.000000000000000000e+00
2.169400000000000091e+03 0.000000000000000000e+00 0.000000000000000000e+00
2.169599999999999909e+03 0.000000000000000000e+00 0.000000000000000000e+00
2.169800000000000182e+03 0.000000000000000000e+00 0.000000000000000000e+00
2.170000000000000000e+03 4.000000000000000000e+00 0.000000000000000000e+00
2.170200000000000273e+03 4.000000000000000000e+00 0.000000000000000000e+00
2.170400000000000091e+03 4.000000000000000000e+00 0.000000000000000000e+00
2.170599999999999909e+03 5.656854249492380582e+00 0.000000000000000000e+00
2.170800000000000182e+03 5.656854249492380582e+00 0.000000000000000000e+00
2.171000000000000000e+03 5.656854249492380582e+00 0.000000000000000000e+00
2.171200000000000273e+03 5.656854249492380582e+00 0.000000000000000000e+00
2.171400000000000091e+03 4.000000000000000000e+00 0.000000000000000000e+00
2.171599999999999909e+03 4.000000000000000000e+00 0.000000000000000000e+00
2.171800000000000182e+03 4.000000000000000000e+00 0.000000000000000000e+00
2.172000000000000000e+03 0.000000000000000000e+00 1.475000000000000000e+11
2.172200000000000273e+03 0.000000000000000000e+00 1.475000000000000000e+11
2.172400000000000091e+03 0.000000000000000000e+00 1.475000000000000000e+11
2.172599999999999909e+03 4.000000000000000000e+00 1.475000000000000000e+11
2.172800000000000182e+03 4.000000000000000000e+00 1.475000000000000000e+11
2.173000000000000000e+03 4.000000000000000000e+00 1.475000000000000000e+11
2.173200000000000273e+03 4.000000000000000000e+00 1.475000000000000000e+11
2.173400000000000091e+03 5.656854249492380582e+00 1.475000000000000000e+11
2.173599999999999909e+03 5.656854249492380582e+00 1.475000000000000000e+11
2.173800000000000182e+03 5.656854249492380582e+00 1.475000000000000000e+11
2.174000000000000000e+03 4.000000000000000000e+00 1.475000000000000000e+11
2.174200000000000273e+03 4.000000000000000000e+00 1.475000000000000000e+11
2.174400000000000091e+03 4.000000000000000000e+00 1.475000000000000000e+11
2.174599999999999909e+03 4.000000000000000000e+00 1.475000000000000000e+11
2.174800000000000182e+03 0.000000000000000000e+00 1.475000000000000000e+11
2.175000000000000000e+03 0.000000000000000000e+00 1.475000000000000000e+11
2.175200000000000273e+03 0.000000000000000000e+00 1.475000000000000000e+11
2.175400000000000091e+03 4.000000000000000000e+00 1.475000000000000000e+11
2.175599999999999909e+03 4.000000000000000000e+00 1.475000000000000000e+11
2.175800000000000182e+03 4.000000000000000000e+00 1.475000000000000000e+11
2.176000000000000000e+03 4.000000000000000000e+00 0.000000000000000000e+00
2.176200000000000273e+03 5.656854249492380582e+00 0.000000000000000000e+00
2.176400000000000091e+03 5.656854249492380582e+00 0.000000000000000000e+00
2.176599999999999909e+03 5.656854249492380582e+00 0.000000000000000000e+00
2.176800000000000182e+03 4.000000000000000000e+00 0.000000000000000000e+00
2.177000000000000000e+03 4.000000000000000000e+00 0.000000000000000000e+00
2.177200000000000273e+03 4.000000000000000000e+00 0.000000000000000000e+00
2.177400000000000091e+03 0.000000000000000000e+00 0.000000000000000000e+00
2.177599999999999909e+03 0.000000000000000000e+00 0.000000000000000000e+00
2.177800000000000182e+03 0.000000000000000000e+00 0.000000000000000000e+00
2.178000000000000000e+03 0.000000000000000000e+00 0.000000000000000000e+00
2.178200000000000273e+03 4.000000000000000000e+00 0.000000000000000000e+00
2.178400000000000091e+03 4.000000000000000000e+00 0.000000000000000000e+00
2.178599999999999909e+03 4.000000000000000000e+00 0.000000000000000000e+00
2.178800000000000182e+03 5.656854249492380582e+00 0.000000000000000000e+00
2.179000000000000000e+03 5.656854249492380582e+00 0.000000000000000000e+00
2.179200000000000273e+03 5.656854249492380582e+00 0.000000000000000000e+00
2.179400000000000091e+03 5.656854249492380582e+00 0.000000000000000000e+00
2.179599999999999909e+03 4.000000000000000000e+00 0.000000000000000000e+00
2.179800000000000182e+03 4.000000000000000000e+00 0.000000000000000000e+00
2.180000000000000000e+03 4.000000000000000000e+00 1.475000000000000000e+11
2.180200000000000273e+03 0.000000000000000000e+00 1.475000000000000000e+11
2.180400000000000091e+03 0.000000000000000000e+00 1.475000000000000000e+11
2.180599999999999909e+03 0.000000000000000000e+00 1.475000000000000000e+11
2.180800000000000182e+03 4.000000000000000000e+00 1.475000000000000000e+11
2.181000000000000000e+03 4.000000000000000000e+00 1.475000000000000000e+11
2.181200000000000273e+03 4.000000000000000000e+00 1.475000000000000000e+11
2.181400000000000091e+03 4.000000000000000000e+00 1.475000000000000000e+11
2.181599999999999909e+03 5.656854249492380582e+00 1.475000000000000000e+11
2.181800000000000182e+03 5.656854249492380582e+00 1.475000000000000000e+11
2.182000000000000000e+03 5.656854249492380582e+00 1.475000000000000000e+11
2.182200000000000273e+03 4.000000000000000000e+00 1.475000000000000000e+11
2.182400000000000091e+03 4.000000000000000000e+00 1.475000000000000000e+11
2.182599999999999909e+03 4.000000000000000000e+00 1.475000000000000000e+11
2.182800000000000182e+03 4.000000000000000000e+00 1.475000000000000000e+11
2.183000000000000000e+03 0.000000000000000000e+00 1.475000000000000000e+11
2.183200000000000273e+03 0.000000000000000000e+00 1.475000000000000000e+11
2.183400000000000091e+03 0.000000000000000000e+00 1.475000000000000000e+11
2.183599999999999909e+03 4.000000000000000000e+00 1.475000000000000000e+11
2.183800000000000182e+03 4.000000000000000000e+00 1.475000000000000000e+11
2.184000000000000000e+03 4.000000000000000000e+00 0.000000000000000000e+00
2.184200000000000273e+03 5.656854249492380582e+00 0.000000000000000000e+00
2.184400000000000091e+03 5.656854249492380582e+00 0.000000000000000000e+00
2.184599999999999909e+03 5.656854249492380582e+00 0.000000000000000000e+00
2.184800000000000182e+03 5.656854249492380582e+00 0.000000000000000000e+00
2.185000000000000000e+03 4.000000000000000000e+00 0.000000000000000000e+00
2.185200000000000273e+03 4.000000000000000000e+00 0.000000000000000000e+00
2.185400000000000091e+03 4.000000000000000000e+00 0.000000000000000000e+00
2.185599999999999909e+03 0.000000000000000000e+00 0.000000000000000000e+00
2.185800000000000182e+03 0.000000000000000000e+00 0.000000000000000000e+00
2.186000000000000000e+03 0.000000000000000000e+00 0.000000000000000000e+00
2.186200000000000273e+03 0.000000000000000000e+00 0.000000000000000000e+00
2.186400000000000091e+03 4.000000000000000000e+00 0.000000000000000000e+00
2.186599999999999909e+03 4.000000000000000000e+00 0.000000000000000000e+00
2.186800000000000182e+03 4.000000000000000000e+00 0.000000000000000000e+00
2.187000000000000000e+03 5.656854249492380582e+00 0.000000000000000000e+00
2.187200000000000273e+03 5.656854249492380582e+00 0.000000000000000000e+00
2.187400000000000091e+03 5.656854249492380582e+00 0.000000000000000000e+00
2.187599999999999909e+03 4.000000000000000000e+00 0.000000000000000000e+00
2.187800000000000182e+03 4.000000000000000000e+00 0.000000000000000000e+00
2.188000000000000000e+03 4.000000000000000000e+00 1.475000000000000000e+11
2.188200000000000273e+03 4.000000000000000000e+00 1.475000000000000000e+11
2.188400000000000091e+03 0.000000000000000000e+00 1.475000000000000000e+11
2.188599999999999909e+03 0.000000000000000000e+00 1.475000000000000000e+11
2.188800000000000182e+03 0.000000000000000000e+00 1.475000000000000000e+11
2.189000000000000000e+03 4.000000000000000000e+00 1.475000000000000000e+11
2.189200000000000273e+03 4.000000000000000000e+00 1.475000000000000000e+11
2.189400000000000091e+03 4.000000000000000000e+00 1.475000000000000000e+11
2.189599999999999909e+03 4.000000000000000000e+00 1.475000000000000000e+11
2.189800000000000182e+03 5.656854249492380582e+00 1.475000000000000000e+11
2.190000000000000000e+03 5.656854249492380582e+00 1.475000000000000000e+11
2.190200000000000273e+03 5.656854249492380582e+00 1.475000000000000000e+11
2.190400000000000091e+03 4.000000000000000000e+00 1.475000000000000000e+11
2.190599999999999909e+03 4.000000000000000000e+00 1.475000000000000000e+11
2.190800000000000182e+03 4.000000000000000000e+00 1.475000000000000000e+11
2.191000000000000000e+03 4.000000000000000000e+00 1.475000000000000000e+11
2.191200000000000273e+03 0.000000000000000000e+00 1.475000000000000000e+11
2.191400000000000091e+03 0.000000000000000000e+00 1.475000000000000000e+11
2.191599999999999909e+03 0.000000000000000000e+00 1.475000000000000000e+11
2.191800000000000182e+03 4.000000000000000000e+00 1.475000000000000000e+11
2.192000000000000000e+03 4.000000000000000000e+00 0.000000000000000000e+00
2.192200000000000273e+03 4.000000000000000000e+00 0.000000000000000000e+00
2.192400000000000091e+03 4.000000000000000000e+00 0.000000000000000000e+00
2.192599999999999909e+03 5.656854249492380582e+00 0.000000000000000000e+00
2.192800000000000182e+03 5.656854249492380582e+00 0.000000000000000000e+00
2.193000000000000000e+03 5.656854249492380582e+00 0.000000000000000000e+00
2.193200000000000273e+03 4.000000000000000000e+00 0.000000000000000000e+00
2.193400000000000091e+03 4.000000000000000000e+00 0.000000000000000000e+00
2.193599999999999909e+03 4.000000000000000000e+00 0.000000000000000000e+00
2.193800000000000182e+03 0.000000000000000000e+00 0.000000000000000000e+00
2.194000000000000000e+03 0.000000000000000000e+00 0.000000000000000000e+00
2.194200000000000273e+03 0.000000000000000000e+00 0.000000000000000000e+00
2.194400000000000091e+03 4.000000000000000000e+00 0.000000000000000000e+00
2.194599999999999909e+03 4.000000000000000000e+00 0.000000000000000000e+00
2.194800000000000182e+03 4.000000000000000000e+00 0.000000000000000000e+00
2.195000000000000000e+03 4.000000000000000000e+00 0.000000000000000000e+00
2.195200000000000273e+03 5.656854249492380582e+00 0.000000000000000000e+00
2.195400000000000091e+03 5.656854249492380582e+00 0.000000000000000000e+00
2.195599999999999909e+03 5.656854249492380582e+00 0.000000000000000000e+00
2.195800000000000182e+03 4.000000000000000000e+00 0.000000000000000000e+00
2.196000000000000000e+03 4.000000000000000000e+00 1.475000000000000000e+11
2.196200000000000273e+03 4.000000000000000000e+00 1.475000000000000000e+11
2.196400000000000091e+03 4.000000000000000000e+00 1.475000000000000000e+11
2.196599999999999909e+03 0.000000000000000000e+00 1.475000000000000000e+11
2.196800000000000182e+03 0.000000000000000000e+00 1.475000000000000000e+11
2.197000000000000000e+03 0.000000000000000000e+00 1.475000000000000000e+11
2.197200000000000273e+03 4.000000000000000000e+00 1.475000000000000000e+11
2.197400000000000091e+03 4.000000000000000000e+00 1.475000000000000000e+11
2.197599999999999909e+03 4.000000000000000000e+00 1.475000000000000000e+11
2.197800000000000182e+03 5.656854249492380582e+00 1.475000000000000000e+11
2.198000000000000000e+03 5.656854249492380582e+00 1.475000000000000000e+11
2.198200000000000273e+03 5.656854249492380582e+00 1.475000000000000000e+11
2.198400000000000091e+03 5.656854249492380582e+00 1.475000000000000000e+11
2.198599999999999909e+03 4.000000000000000000e+00 1.475000000000000000e+11
2.198800000000000182e+03 4.000000000000000000e+00 1.475000000000000000e+11
2.199000000000000000e+03 4.000000000000000000e+00 1.475000000000000000e+11
2.199200000000000273e+03 4.000000000000000000e+00 1.475000000000000000e+11
2.199400000000000091e+03 0.000000000000000000e+00 1.475000000000000000e+11
2.199599999999999909e+03 4.000000000000000000e+00 1.475000000000000000e+11
2.199800000000000182e+03 4.000000000000000000e+00 1.475000000000000000e+11
