2.200000000000000000e+03 4.000000000000000000e+00 0.000000000000000000e+00
2.200200000000000273e+03 4.000000000000000000e+00 0.000000000000000000e+00
2.200400000000000091e+03 5.656854249492380582e+00 0.000000000000000000e+00
2.200599999999999909e+03 5.656854249492380582e+00 0.000000000000000000e+00
2.200800000000000182e+03 5.656854249492380582e+00 0.000000000000000000e+00
2.201000000000000000e+03 5.656854249492380582e+00 0.000000000000000000e+00
2.201200000000000273e+03 5.656854249492380582e+00 0.000000000000000000e+00
2.201400000000000091e+03 5.656854249492380582e+00 0.000000000000000000e+00
2.201599999999999909e+03 5.656854249492380582e+00 0.000000000000000000e+00
2.201800000000000182e+03 4.000000000000000000e+00 0.000000000000000000e+00
2.202000000000000000e+03 5.656854249492380582e+00 0.000000000000000000e+00
2.202200000000000273e+03 5.656854249492380582e+00 0.000000000000000000e+00
2.202400000000000091e+03 4.000000000000000000e+00 0.000000000000000000e+00
2.202599999999999909e+03 5.656854249492380582e+00 0.000000000000000000e+00
2.202800000000000182e+03 5.656854249492380582e+00 0.000000000000000000e+00
2.203000000000000000e+03 5.656854249492380582e+00 0.000000000000000000e+00
2.203200000000000273e+03 5.656854249492380582e+00 0.000000000000000000e+00
2.203400000000000091e+03 5.656854249492380582e+00 0.000000000000000000e+00
2.203599999999999909e+03 5.656854249492380582e+00 0.000000000000000000e+00
2.203800000000000182e+03 5.656854249492380582e+00 0.000000000000000000e+00
2.204000000000000000e+03 5.656854249492380582e+00 1.499999800000000000e+11
2.204200000000000273e+03 5.656854249492380582e+00 1.499999800000000000e+11
2.204400000000000091e+03 5.656854249492380582e+00 1.499999800000000000e+11
2.204599999999999909e+03 5.656854249492380582e+00 1.499999800000000000e+11
2.204800000000000182e+03 4.000000000000000000e+00 1.499999800000000000e+11
2.205000000000000000e+03 0.000000000000000000e+00 1.499999800000000000e+11
2.205200000000000273e+03 4.000000000000000000e+00 1.499999800000000000e+11
2.205400000000000091e+03 0.000000000000000000e+00 1.499999800000000000e+11
2.205599999999999909e+03 5.656854249492380582e+00 1.499999800000000000e+11
2.205800000000000182e+03 5.656854249492380582e+00 1.499999800000000000e+11
2.206000000000000000e+03 5.656854249492380582e+00 1.499999800000000000e+11
2.206200000000000273e+03 5.656854249492380582e+00 1.499999800000000000e+11
2.206400000000000091e+03 5.656854249492380582e+00 1.499999800000000000e+11
2.206599999999999909e+03 5.656854249492380582e+00 1.499999800000000000e+11
2.206800000000000182e+03 5.656854249492380582e+00 1.499999800000000000e+11
2.207000000000000000e+03 5.656854249492380582e+00 1.499999800000000000e+11
2.207200000000000273e+03 4.000000000000000000e+00 1.499999800000000000e+11
2.207400000000000091e+03 4.000000000000000000e+00 1.499999800000000000e+11
2.207599999999999909e+03 4.000000000000000000e+00 1.499999800000000000e+11
2.207800000000000182e+03 0.000000000000000000e+00 1.499999800000000000e+11
2.208000000000000000e+03 0.000000000000000000e+00 0.000000000000000000e+00
2.208200000000000273e+03 0.000000000000000000e+00 0.000000000000000000e+00
2.208400000000000091e+03 4.000000000000000000e+00 0.000000000000000000e+00
2.208599999999999909e+03 4.000000000000000000e+00 0.000000000000000000e+00
2.208800000000000182e+03 5.656854249492380582e+00 0.000000000000000000e+00
2.209000000000000000e+03 5.656854249492380582e+00 0.000000000000000000e+00
2.209200000000000273e+03 5.656854249492380582e+00 0.000000000000000000e+00
2.209400000000000091e+03 5.656854249492380582e+00 0.000000000000000000e+00
2.209599999999999909e+03 5.656854249492380582e+00 0.000000000000000000e+00
2.209800000000000182e+03 5.656854249492380582e+00 0.000000000000000000e+00
2.210000000000000000e+03 4.000000000000000000e+00 0.000000000000000000e+00
2.210200000000000273e+03 4.000000000000000000e+00 0.000000000000000000e+00
2.210400000000000091e+03 0.000000000000000000e+00 0.000000000000000000e+00
2.210599999999999909e+03 0.000000000000000000e+00 0.000000000000000000e+00
2.210800000000000182e+03 0.000000000000000000e+00 0.000000000000000000e+00
2.211000000000000000e+03 0.000000000000000000e+00 0.000000000000000000e+00
2.211200000000000273e+03 4.000000000000000000e+00 0.000000000000000000e+00
2.211400000000000091e+03 4.000000000000000000e+00 0.000000000000000000e+00
2.211599999999999909e+03 5.656854249492380582e+00 0.000000000000000000e+00
2.211800000000000182e+03 5.656854249492380582e+00 0.000000000000000000e+00
2.212000000000000000e+03 5.656854249492380582e+00 1.499999800000000000e+11
2.212200000000000273e+03 5.656854249492380582e+00 1.499999800000000000e+11
2.212400000000000091e+03 5.656854249492380582e+00 1.499999800000000000e+11
2.212599999999999909e+03 4.000000000000000000e+00 1.499999800000000000e+11
2.212800000000000182e+03 4.000000000000000000e+00 1.499999800000000000e+11
2.213000000000000000e+03 4.000000000000000000e+00 1.499999800000000000e+11
2.213200000000000273e+03 0.000000000000000000e+00 1.499999800000000000e+11
2.213400000000000091e+03 0.000000000000000000e+00 1.499999800000000000e+11
2.213599999999999909e+03 0.000000000000000000e+00 1.499999800000000000e+11
2.213800000000000182e+03 4.000000000000000000e+00 1.499999800000000000e+11
2.214000000000000000e+03 4.000000000000000000e+00 1.499999800000000000e+11
2.214200000000000273e+03 4.000000000000000000e+00 1.499999800000000000e+11
2.214400000000000091e+03 5.656854249492380582e+00 1.499999800000000000e+11
2.214599999999999909e+03 5.656854249492380582e+00 1.499999800000000000e+11
2.214800000000000182e+03 5.656854249492380582e+00 1.499999800000000000e+11
2.215000000000000000e+03 5.656854249492380582e+00 1.499999800000000000e+11
2.215200000000000273e+03 5.656854249492380582e+00 1.499999800000000000e+11
2.215400000000000091e+03 4.000000000000000000e+00 1.499999800000000000e+11
2.215599999999999909e+03 4.000000000000000000e+00 1.499999800000000000e+11
2.215800000000000182e+03 4.000000000000000000e+00 1.499999800000000000e+11
2.216000000000000000e+03 0.000000000000000000e+00 0.000000000000000000e+00
2.216200000000000273e+03 0.000000000000000000e+00 0.000000000000000000e+00
2.216400000000000091e+03 0.000000000000000000e+00 0.000000000000000000e+00
2.216599999999999909e+03 4.000000000000000000e+00 0.000000000000000000e+00
2.216800000000000182e+03 4.000000000000000000e+00 0.000000000000000000e+00
2.217000000000000000e+03 4.000000000000000000e+00 0.000000000000000000e+00
2.217200000000000273e+03 5.656854249492380582e+00 0.000000000000000000e+00
2.217400000000000091e+03 5.656854249492380582e+00 0.000000000000000000e+00
2.217599999999999909e+03 5.656854249492380582e+00 0.000000000000000000e+00
2.217800000000000182e+03 5.656854249492380582e+00 0.000000000000000000e+00
2.218000000000000000e+03 4.000000000000000000e+00 0.000000000000000000e+00
2.218200000000000273e+03 4.000000000000000000e+00 0.000000000000000000e+00
2.218400000000000091e+03 4.000000000000000000e+00 0.000000000000000000e+00
2.218599999999999909e+03 0.000000000000000000e+00 0.000000000000000000e+00
2.218800000000000182e+03 0.000000000000000000e+00 0.000000000000000000e+00
2.219000000000000000e+03 0.000000000000000000e+00 0.000000000000000000e+00
2.219200000000000273e+03 4.000000000000000000e+00 0.000000000000000000e+00
2.219400000000000091e+03 4.000000000000000000e+00 0.000000000000000000e+00
2.219599999999999909e+03 4.000000000000000000e+00 0.000000000000000000e+00
2.219800000000000182e+03 4.000000000000000000e+00 0.000000000000000000e+00
2.220000000000000000e+03 5.656854249492380582e+00 1.499999800000000000e+11
2.220200000000000273e+03 5.656854249492380582e+00 1.499999800000000000e+11
2.220400000000000091e+03 5.656854249492380582e+00 1.499999800000000000e+11
2.220599999999999909e+03 5.656854249492380582e+00 1.499999800000000000e+11
2.220800000000000182e+03 4.000000000000000000e+00 1.499999800000000000e+11
2.221000000000000000e+03 4.000000000000000000e+00 1.499999800000000000e+11
2.221200000000000273e+03 4.000000000000000000e+00 1.499999800000000000e+11
2.221400000000000091e+03 0.000000000000000000e+00 1.499999800000000000e+11
2.221599999999999909e+03 0.000000000000000000e+00 1.499999800000000000e+11
2.221800000000000182e+03 0.000000000000000000e+00 1.499999800000000000e+11
2.222000000000000000e+03 4.000000000000000000e+00 1.499999800000000000e+11
2.222200000000000273e+03 4.000000000000000000e+00 1.499999800000000000e+11
2.222400000000000091e+03 4.000000000000000000e+00 1.499999800000000000e+11
2.222599999999999909e+03 5.656854249492380582e+00 1.499999800000000000e+11
2.222800000000000182e+03 5.656854249492380582e+00 1.499999800000000000e+11
2.223000000000000000e+03 5.656854249492380582e+00 1.499999800000000000e+11
2.223200000000000273e+03 5.656854249492380582e+00 1.499999800000000000e+11
2.223400000000000091e+03 4.000000000000000000e+00 1.499999800000000000e+11
2.223599999999999909e+03 4.000000000000000000e+00 1.499999800000000000e+11
2.223800000000000182e+03 4.000000000000000000e+00 1.499999800000000000e+11
2.224000000000000000e+03 0.000000000000000000e+00 0.000000000000000000e+00
2.224200000000000273e+03 0.000000000000000000e+00 0.000000000000000000e+00
2.224400000000000091e+03 0.000000000000000000e+00 0.000000000000000000e+00
2.224599999999999909e+03 0.000000000000000000e+00 0.000000000000000000e+00
2.224800000000000182e+03 4.000000000000000000e+00 0.000000000000000000e+00
2.225000000000000000e+03 4.000000000000000000e+00 0.000000000000000000e+00
2.225200000000000273e+03 4.000000000000000000e+00 0.000000000000000000e+00
2.225400000000000091e+03 5.656854249492380582e+00 0.000000000000000000e+00
2.225599999999999909e+03 5.656854249492380582e+00 0.000000000000000000e+00
2.225800000000000182e+03 5.656854249492380582e+00 0.000000000000000000e+00
2.226000000000000000e+03 5.656854249492380582e+00 0.000000000000000000e+00
2.226200000000000273e+03 4.000000000000000000e+00 0.000000000000000000e+00
2.226400000000000091e+03 4.000000000000000000e+00 0.000000000000000000e+00
2.226599999999999909e+03 4.000000000000000000e+00 0.000000000000000000e+00
2.226800000000000182e+03 0.000000000000000000e+00 0.000000000000000000e+00
2.227000000000000000e+03 0.000000000000000000e+00 0.000000000000000000e+00
2.227200000000000273e+03 0.000000000000000000e+00 0.000000000000000000e+00
2.227400000000000091e+03 4.000000000000000000e+00 0.000000000000000000e+00
2.227599999999999909e+03 4.000000000000000000e+00 0.000000000000000000e+00
2.227800000000000182e+03 4.000000000000000000e+00 0.000000000000000000e+00
2.228000000000000000e+03 4.000000000000000000e+00 1.499999800000000000e+11
2.228200000000000273e+03 5.656854249492380582e+00 1.499999800000000000e+11
2.228400000000000091e+03 5.656854249492380582e+00 1.499999800000000000e+11
2.228599999999999909e+03 5.656854249492380582e+00 1.499999800000000000e+11
2.228800000000000182e+03 4.000000000000000000e+00 1.499999800000000000e+11
2.229000000000000000e+03 4.000000000000000000e+00 1.499999800000000000e+11
2.229200000000000273e+03 4.000000000000000000e+00 1.499999800000000000e+11
2.229400000000000091e+03 4.000000000000000000e+00 1.499999800000000000e+11
2.229599999999999909e+03 0.000000000000000000e+00 1.499999800000000000e+11
2.229800000000000182e+03 0.000000000000000000e+00 1.499999800000000000e+11
2.230000000000000000e+03 0.000000000000000000e+00 1.499999800000000000e+11
2.230200000000000273e+03 4.000000000000000000e+00 1.499999800000000000e+11
2.230400000000000091e+03 4.000000000000000000e+00 1.499999800000000000e+11
2.230599999999999909e+03 4.000000000000000000e+00 1.499999800000000000e+11
2.230800000000000182e+03 5.656854249492380582e+00 1.499999800000000000e+11
2.231000000000000000e+03 5.656854249492380582e+00 1.499999800000000000e+11
2.231200000000000273e+03 5.656854249492380582e+00 1.499999800000000000e+11
2.231400000000000091e+03 5.656854249492380582e+00 1.499999800000000000e+11
2.231599999999999909e+03 4.000000000000000000e+00 1.499999800000000000e+11
2.231800000000000182e+03 4.000000000000000000e+00 1.499999800000000000e+11
2.232000000000000000e+03 4.000000000000000000e+00 0.000000000000000000e+00
2.232200000000000273e+03 0.000000000000000000e+00 0.000000000000000000e+00
2.232400000000000091e+03 0.000000000000000000e+00 0.000000000000000000e+00
2.232599999999999909e+03 0.000000000000000000e+00 0.000000000000000000e+00
2.232800000000000182e+03 0.000000000000000000e+00 0.000000000000000000e+00
2.233000000000000000e+03 4.000000000000000000e+00 0.000000000000000000e+00
2.233200000000000273e+03 4.000000000000000000e+00 0.000000000000000000e+00
2.233400000000000091e+03 4.000000000000000000e+00 0.000000000000000000e+00
2.233599999999999909e+03 5.656854249492380582e+00 0.000000000000000000e+00
2.233800000000000182e+03 5.656854249492380582e+00 0.000000000000000000e+00
2.234000000000000000e+03 5.656854249492380582e+00 0.000000000000000000e+00
2.234200000000000273e+03 4.000000000000000000e+00 0.000000000000000000e+00
2.234400000000000091e+03 4.000000000000000000e+00 0.000000000000000000e+00
2.234599999999999909e+03 4.000000000000000000e+00 0.000000000000000000e+00
2.234800000000000182e+03 4.000000000000000000e+00 0.000000000000000000e+00
2.235000000000000000e+03 0.000000000000000000e+00 0.000000000000000000e+00
2.235200000000000273e+03 0.000000000000000000e+00 0.000000000000000000e+00
2.235400000000000091e+03 0.000000000000000000e+00 0.000000000000000000e+00
2.235599999999999909e+03 4.000000000000000000e+00 0.000000000000000000e+00
2.235800000000000182e+03 4.000000000000000000e+00 0.000000000000000000e+00
2.236000000000000000e+03 4.000000000000000000e+00 1.499999800000000000e+11
2.236200000000000273e+03 5.656854249492380582e+00 1.499999800000000000e+11
2.236400000000000091e+03 5.656854249492380582e+00 1.499999800000000000e+11
2.236599999999999909e+03 5.656854249492380582e+00 1.499999800000000000e+11
2.236800000000000182e+03 5.656854249492380582e+00 1.499999800000000000e+11
2.237000000000000000e+03 4.000000000000000000e+00 1.499999800000000000e+11
2.237200000000000273e+03 4.000000000000000000e+00 1.499999800000000000e+11
2.237400000000000091e+03 4.000000000000000000e+00 1.499999800000000000e+11
2.237599999999999909e+03 0.000000000000000000e+00 1.499999800000000000e+11
2.237800000000000182e+03 0.000000000000000000e+00 1.499999800000000000e+11
2.238000000000000000e+03 0.000000000000000000e+00 1.499999800000000000e+11
2.238200000000000273e+03 0.000000000000000000e+00 1.499999800000000000e+11
2.238400000000000091e+03 4.000000000000000000e+00 1.499999800000000000e+11
2.238599999999999909e+03 4.000000000000000000e+00 1.499999800000000000e+11
2.238800000000000182e+03 4.000000000000000000e+00 1.499999800000000000e+11
2.239000000000000000e+03 5.656854249492380582e+00 1.499999800000000000e+11
2.239200000000000273e+03 5.656854249492380582e+00 1.499999800000000000e+11
2.239400000000000091e+03 5.656854249492380582e+00 1.499999800000000000e+11
2.239599999999999909e+03 5.656854249492380582e+00 1.499999800000000000e+11
2.239800000000000182e+03 4.000000000000000000e+00 1.499999800000000000e+11
2.240000000000000000e+03 4.000000000000000000e+00 0.000000000000000000e+00
2.240200000000000273e+03 4.000000000000000000e+00 0.000000000000000000e+00
2.240400000000000091e+03 0.000000000000000000e+00 0.000000000000000000e+00
2.240599999999999909e+03 0.000000000000000000e+00 0.000000000000000000e+00
2.240800000000000182e+03 0.000000000000000000e+00 0.000000000000000000e+00
2.241000000000000000e+03 4.000000000000000000e+00 0.000000000000000000e+00
2.241200000000000273e+03 4.000000000000000000e+00 0.000000000000000000e+00
2.241400000000000091e+03 4.000000000000000000e+00 0.000000000000000000e+00
2.241599999999999909e+03 4.000000000000000000e+00 0.000000000000000000e+00
2.241800000000000182e+03 5.656854249492380582e+00 0.000000000000000000e+00
2.242000000000000000e+03 5.656854249492380582e+00 0.000000000000000000e+00
2.242200000000000273e+03 5.656854249492380582e+00 0.000000000000000000e+00
2.242400000000000091e+03 4.000000000000000000e+00 0.000000000000000000e+00
2.242599999999999909e+03 4.000000000000000000e+00 0.000000000000000000e+00
2.242800000000000182e+03 4.000000000000000000e+00 0.000000000000000000e+00
2.243000000000000000e+03 0.000000000000000000e+00 0.000000000000000000e+00
2.243200000000000273e+03 0.000000000000000000e+00 0.000000000000000000e+00
2.243400000000000091e+03 0.000000000000000000e+00 0.000000000000000000e+00
2.243599999999999909e+03 0.000000000000000000e+00 0.000000000000000000e+00
2.243800000000000182e+03 4.000000000000000000e+00 0.000000000000000000e+00
2.244000000000000000e+03 4.000000000000000000e+00 1.499999800000000000e+11
2.244200000000000273e+03 4.000000000000000000e+00 1.499999800000000000e+11
2.244400000000000091e+03 5.656854249492380582e+00 1.499999800000000000e+11
2.244599999999999909e+03 5.656854249492380582e+00 1.499999800000000000e+11
2.244800000000000182e+03 5.656854249492380582e+00 1.499999800000000000e+11
2.245000000000000000e+03 5.656854249492380582e+00 1.499999800000000000e+11
2.245200000000000273e+03 4.000000000000000000e+00 1.499999800000000000e+11
2.245400000000000091e+03 4.000000000000000000e+00 1.499999800000000000e+11
2.245599999999999909e+03 4.000000000000000000e+00 1.499999800000000000e+11
2.245800000000000182e+03 0.000000000000000000e+00 1.499999800000000000e+11
2.246000000000000000e+03 0.000000000000000000e+00 1.499999800000000000e+11
2.246200000000000273e+03 0.000000000000000000e+00 1.499999800000000000e+11
2.246400000000000091e+03 4.000000000000000000e+00 1.499999800000000000e+11
2.246599999999999909e+03 4.000000000000000000e+00 1.499999800000000000e+11
2.246800000000000182e+03 4.000000000000000000e+00 1.499999800000000000e+11
2.247000000000000000e+03 4.000000000000000000e+00 1.499999800000000000e+11
2.247200000000000273e+03 5.656854249492380582e+00 1.499999800000000000e+11
2.247400000000000091e+03 5.656854249492380582e+00 1.499999800000000000e+11
2.247599999999999909e+03 5.656854249492380582e+00 1.499999800000000000e+11
2.247800000000000182e+03 4.000000000000000000e+00 1.499999800000000000e+11
2.248000000000000000e+03 4.000000000000000000e+00 0.000000000000000000e+00
2.248200000000000273e+03 4.000000000000000000e+00 0.000000000000000000e+00
2.248400000000000091e+03 4.000000000000000000e+00 0.000000000000000000e+00
2.248599999999999909e+03 0.000000000000000000e+00 0.000000000000000000e+00
2.248800000000000182e+03 0.000000000000000000e+00 0.000000000000000000e+00
2.249000000000000000e+03 0.000000000000000000e+00 0.000000000000000000e+00
2.249200000000000273e+03 4.000000000000000000e+00 0.000000000000000000e+00
2.249400000000000091e+03 4.000000000000000000e+00 0.000000000000000000e+00
2.249599999999999909e+03 4.000000000000000000e+00 0.000000000000000000e+00
2.249800000000000182e+03 5.656854249492380582e+00 0.000000000000000000e+00
2.250000000000000000e+03 5.656854249492380582e+00 0.000000000000000000e+00
2.250200000000000273e+03 5.656854249492380582e+00 0.000000000000000000e+00
2.250400000000000091e+03 5.656854249492380582e+00 0.000000000000000000e+00
2.250599999999999909e+03 4.000000000000000000e+00 0.000000000000000000e+00
2.250800000000000182e+03 4.000000000000000000e+00 0.000000000000000000e+00
2.251000000000000000e+03 4.000000000000000000e+00 0.000000000000000000e+00
2.251200000000000273e+03 0.000000000000000000e+00 0.000000000000000000e+00
2.251400000000000091e+03 0.000000000000000000e+00 0.000000000000000000e+00
2.251599999999999909e+03 0.000000000000000000e+00 0.000000000000000000e+00
2.251800000000000182e+03 0.000000000000000000e+00 0.000000000000000000e+00
2.252000000000000000e+03 4.000000000000000000e+00 1.499999800000000000e+11
2.252200000000000273e+03 4.000000000000000000e+00 1.499999800000000000e+11
2.252400000000000091e+03 4.000000000000000000e+00 1.499999800000000000e+11
2.252599999999999909e+03 5.656854249492380582e+00 1.499999800000000000e+11
2.252800000000000182e+03 5.656854249492380582e+00 1.499999800000000000e+11
2.253000000000000000e+03 5.656854249492380582e+00 1.499999800000000000e+11
2.253200000000000273e+03 4.000000000000000000e+00 1.499999800000000000e+11
2.253400000000000091e+03 4.000000000000000000e+00 1.499999800000000000e+11
2.253599999999999909e+03 4.000000000000000000e+00 1.499999800000000000e+11
2.253800000000000182e+03 4.000000000000000000e+00 1.499999800000000000e+11
2.254000000000000000e+03 0.000000000000000000e+00 1.499999800000000000e+11
2.254200000000000273e+03 0.000000000000000000e+00 1.499999800000000000e+11
2.254400000000000091e+03 0.000000000000000000e+00 1.499999800000000000e+11
2.254599999999999909e+03 4.000000000000000000e+00 1.499999800000000000e+11
2.254800000000000182e+03 4.000000000000000000e+00 1.499999800000000000e+11
2.255000000000000000e+03 4.000000000000000000e+00 1.499999800000000000e+11
2.255200000000000273e+03 4.000000000000000000e+00 1.499999800000000000e+11
2.255400000000000091e+03 5.656854249492380582e+00 1.499999800000000000e+11
2.255599999999999909e+03 5.656854249492380582e+00 1.499999800000000000e+11
2.255800000000000182e+03 5.656854249492380582e+00 1.499999800000000000e+11
2.256000000000000000e+03 4.000000000000000000e+00 0.000000000000000000e+00
2.256200000000000273e+03 4.000000000000000000e+00 0.000000000000000000e+00
2.256400000000000091e+03 4.000000000000000000e+00 0.000000000000000000e+00
2.256599999999999909e+03 0.000000000000000000e+00 0.000000000000000000e+00
2.256800000000000182e+03 0.000000000000000000e+00 0.000000000000000000e+00
2.257000000000000000e+03 0.000000000000000000e+00 0.000000000000000000e+00
2.257200000000000273e+03 0.000000000000000000e+00 0.000000000000000000e+00
2.257400000000000091e+03 4.000000000000000000e+00 0.000000000000000000e+00
2.257599999999999909e+03 4.000000000000000000e+00 0.000000000000000000e+00
2.257800000000000182e+03 4.000000000000000000e+00 0.000000000000000000e+00
2.258000000000000000e+03 5.656854249492380582e+00 0.000000000000000000e+00
2.258200000000000273e+03 5.656854249492380582e+00 0.000000000000000000e+00
2.258400000000000091e+03 5.656854249492380582e+00 0.000000000000000000e+00
2.258599999999999909e+03 5.656854249492380582e+00 0.000000000000000000e+00
2.258800000000000182e+03 4.000000000000000000e+00 0.000000000000000000e+00
2.259000000000000000e+03 4.000000000000000000e+00 0.000000000000000000e+00
2.259200000000000273e+03 4.000000000000000000e+00 0.000000000000000000e+00
2.259400000000000091e+03 0.000000000000000000e+00 0.000000000000000000e+00
2.259599999999999909e+03 0.000000000000000000e+00 0.000000000000000000e+00
2.259800000000000182e+03 0.000000000000000000e+00 0.000000000000000000e+00
2.260000000000000000e+03 4.000000000000000000e+00 1.499999800000000000e+11
2.260200000000000273e+03 4.000000000000000000e+00 1.499999800000000000e+11
2.260400000000000091e+03 4.000000000000000000e+00 1.499999800000000000e+11
2.260599999999999909e+03 4.000000000000000000e+00 1.499999800000000000e+11
2.260800000000000182e+03 5.656854249492380582e+00 1.499999800000000000e+11
2.261000000000000000e+03 5.656854249492380582e+00 1.499999800000000000e+11
2.261200000000000273e+03 5.656854249492380582e+00 1.499999800000000000e+11
2.261400000000000091e+03 4.000000000000000000e+00 1.499999800000000000e+11
2.261599999999999909e+03 4.000000000000000000e+00 1.499999800000000000e+11
2.261800000000000182e+03 4.000000000000000000e+00 1.499999800000000000e+11
2.262000000000000000e+03 4.000000000000000000e+00 1.499999800000000000e+11
2.262200000000000273e+03 0.000000000000000000e+00 1.499999800000000000e+11
2.262400000000000091e+03 0.000000000000000000e+00 1.499999800000000000e+11
2.262599999999999909e+03 0.000000000000000000e+00 1.499999800000000000e+11
2.262800000000000182e+03 4.000000000000000000e+00 1.499999800000000000e+11
2.263000000000000000e+03 4.000000000000000000e+00 1.499999800000000000e+11
2.263200000000000273e+03 4.000000000000000000e+00 1.499999800000000000e+11
2.263400000000000091e+03 5.656854249492380582e+00 1.499999800000000000e+11
2.263599999999999909e+03 5.656854249492380582e+00 1.499999800000000000e+11
2.263800000000000182e+03 5.656854249492380582e+00 1.499999800000000000e+11
2.264000000000000000e+03 5.656854249492380582e+00 0.000000000000000000e+00
2.264200000000000273e+03 4.000000000000000000e+00 0.000000000000000000e+00
2.264400000000000091e+03 4.000000000000000000e+00 0.000000000000000000e+00
2.264599999999999909e+03 4.000000000000000000e+00 0.000000000000000000e+00
2.264800000000000182e+03 0.000000000000000000e+00 0.000000000000000000e+00
2.265000000000000000e+03 0.000000000000000000e+00 0.000000000000000000e+00
2.265200000000000273e+03 0.000000000000000000e+00 0.000000000000000000e+00
2.265400000000000091e+03 0.000000000000000000e+00 0.000000000000000000e+00
2.265599999999999909e+03 4.000000000000000000e+00 0.000000000000000000e+00
2.265800000000000182e+03 4.000000000000000000e+00 0.000000000000000000e+00
2.266000000000000000e+03 4.000000000000000000e+00 0.000000000000000000e+00
2.266200000000000273e+03 5.656854249492380582e+00 0.000000000000000000e+00
2.266400000000000091e+03 5.656854249492380582e+00 0.000000000000000000e+00
2.266599999999999909e+03 5.656854249492380582e+00 0.000000000000000000e+00
2.266800000000000182e+03 4.000000000000000000e+00 0.000000000000000000e+00
2.267000000000000000e+03 4.000000000000000000e+00 0.000000000000000000e+00
2.267200000000000273e+03 4.000000000000000000e+00 0.000000000000000000e+00
2.267400000000000091e+03 4.000000000000000000e+00 0.000000000000000000e+00
2.267599999999999909e+03 0.000000000000000000e+00 0.000000000000000000e+00
2.267800000000000182e+03 0.000000000000000000e+00 0.000000000000000000e+00
2.268000000000000000e+03 0.000000000000000000e+00 1.499999800000000000e+11
2.268200000000000273e+03 4.000000000000000000e+00 1.499999800000000000e+11
2.268400000000000091e+03 4.000000000000000000e+00 1.499999800000000000e+11
2.268599999999999909e+03 4.000000000000000000e+00 1.499999800000000000e+11
2.268800000000000182e+03 5.656854249492380582e+00 1.499999800000000000e+11
2.269000000000000000e+03 5.656854249492380582e+00 1.499999800000000000e+11
2.269200000000000273e+03 5.656854249492380582e+00 1.499999800000000000e+11
2.269400000000000091e+03 5.656854249492380582e+00 1.499999800000000000e+11
2.269599999999999909e+03 4.000000000000000000e+00 1.499999800000000000e+11
2.269800000000000182e+03 4.000000000000000000e+00 1.499999800000000000e+11
2.270000000000000000e+03 4.000000000000000000e+00 1.499999800000000000e+11
2.270200000000000273e+03 0.000000000000000000e+00 1.499999800000000000e+11
2.270400000000000091e+03 0.000000000000000000e+00 1.499999800000000000e+11
2.270599999999999909e+03 0.000000000000000000e+00 1.499999800000000000e+11
2.270800000000000182e+03 0.000000000000000000e+00 1.499999800000000000e+11
2.271000000000000000e+03 4.000000000000000000e+00 1.499999800000000000e+11
2.271200000000000273e+03 4.000000000000000000e+00 1.499999800000000000e+11
2.271400000000000091e+03 4.000000000000000000e+00 1.499999800000000000e+11
2.271599999999999909e+03 5.656854249492380582e+00 1.499999800000000000e+11
2.271800000000000182e+03 5.656854249492380582e+00 1.499999800000000000e+11
2.272000000000000000e+03 5.656854249492380582e+00 0.000000000000000000e+00
2.272200000000000273e+03 4.000000000000000000e+00 0.000000000000000000e+00
2.272400000000000091e+03 4.000000000000000000e+00 0.000000000000000000e+00
2.272599999999999909e+03 4.000000000000000000e+00 0.000000000000000000e+00
2.272800000000000182e+03 4.000000000000000000e+00 0.000000000000000000e+00
2.273000000000000000e+03 0.000000000000000000e+00 0.000000000000000000e+00
2.273200000000000273e+03 0.000000000000000000e+00 0.000000000000000000e+00
2.273400000000000091e+03 0.000000000000000000e+00 0.000000000000000000e+00
2.273599999999999909e+03 4.000000000000000000e+00 0.000000000000000000e+00
2.273800000000000182e+03 4.000000000000000000e+00 0.000000000000000000e+00
2.274000000000000000e+03 4.000000000000000000e+00 0.000000000000000000e+00
2.274200000000000273e+03 4.000000000000000000e+00 0.000000000000000000e+00
2.274400000000000091e+03 5.656854249492380582e+00 0.000000000000000000e+00
2.274599999999999909e+03 5.656854249492380582e+00 0.000000000000000000e+00
2.274800000000000182e+03 5.656854249492380582e+00 0.000000000000000000e+00
2.275000000000000000e+03 4.000000000000000000e+00 0.000000000000000000e+00
2.275200000000000273e+03 4.000000000000000000e+00 0.000000000000000000e+00
2.275400000000000091e+03 4.000000000000000000e+00 0.000000000000000000e+00
2.275599999999999909e+03 0.000000000000000000e+00 0.000000000000000000e+00
2.275800000000000182e+03 0.000000000000000000e+00 0.000000000000000000e+00
2.276000000000000000e+03 0.000000000000000000e+00 1.499999800000000000e+11
2.276200000000000273e+03 0.000000000000000000e+00 1.499999800000000000e+11
2.276400000000000091e+03 4.000000000000000000e+00 1.499999800000000000e+11
2.276599999999999909e+03 4.000000000000000000e+00 1.499999800000000000e+11
2.276800000000000182e+03 4.000000000000000000e+00 1.499999800000000000e+11
2.277000000000000000e+03 5.656854249492380582e+00 1.499999800000000000e+11
2.277200000000000273e+03 5.656854249492380582e+00 1.499999800000000000e+11
2.277400000000000091e+03 5.656854249492380582e+00 1.499999800000000000e+11
2.277599999999999909e+03 5.656854249492380582e+00 1.499999800000000000e+11
2.277800000000000182e+03 4.000000000000000000e+00 1.499999800000000000e+11
2.278000000000000000e+03 4.000000000000000000e+00 1.499999800000000000e+11
2.278200000000000273e+03 4.000000000000000000e+00 1.499999800000000000e+11
2.278400000000000091e+03 0.000000000000000000e+00 1.499999800000000000e+11
2.278599999999999909e+03 0.000000000000000000e+00 1.499999800000000000e+11
2.278800000000000182e+03 0.000000000000000000e+00 1.499999800000000000e+11
2.279000000000000000e+03 4.000000000000000000e+00 1.499999800000000000e+11
2.279200000000000273e+03 4.000000000000000000e+00 1.499999800000000000e+11
2.279400000000000091e+03 4.000000000000000000e+00 1.499999800000000000e+11
2.279599999999999909e+03 4.000000000000000000e+00 1.499999800000000000e+11
2.279800000000000182e+03 5.656854249492380582e+00 1.499999800000000000e+11
2.280000000000000000e+03 5.656854249492380582e+00 0.000000000000000000e+00
2.280200000000000273e+03 5.656854249492380582e+00 0.000000000000000000e+00
2.280400000000000091e+03 4.000000000000000000e+00 0.000000000000000000e+00
2.280599999999999909e+03 4.000000000000000000e+00 0.000000000000000000e+00
2.280800000000000182e+03 4.000000000000000000e+00 0.000000000000000000e+00
2.281000000000000000e+03 4.000000000000000000e+00 0.000000000000000000e+00
2.281200000000000273e+03 0.000000000000000000e+00 0.000000000000000000e+00
2.281400000000000091e+03 0.000000000000000000e+00 0.000000000000000000e+00
2.281599999999999909e+03 0.000000000000000000e+00 0.000000000000000000e+00
2.281800000000000182e+03 4.000000000000000000e+00 0.000000000000000000e+00
2.282000000000000000e+03 4.000000000000000000e+00 0.000000000000000000e+00
2.282200000000000273e+03 4.000000000000000000e+00 0.000000000000000000e+00
2.282400000000000091e+03 5.656854249492380582e+00 0.000000000000000000e+00
2.282599999999999909e+03 5.656854249492380582e+00 0.000000000000000000e+00
2.282800000000000182e+03 5.656854249492380582e+00 0.000000000000000000e+00
2.283000000000000000e+03 5.656854249492380582e+00 0.000000000000000000e+00
2.283200000000000273e+03 4.000000000000000000e+00 0.000000000000000000e+00
2.283400000000000091e+03 4.000000000000000000e+00 0.000000000000000000e+00
2.283599999999999909e+03 4.000000000000000000e+00 0.000000000000000000e+00
2.283800000000000182e+03 0.000000000000000000e+00 0.000000000000000000e+00
2.284000000000000000e+03 0.000000000000000000e+00 1.499999800000000000e+11
2.284200000000000273e+03 0.000000000000000000e+00 1.499999800000000000e+11
2.284400000000000091e+03 0.000000000000000000e+00 1.499999800000000000e+11
2.284599999999999909e+03 4.000000000000000000e+00 1.499999800000000000e+11
2.284800000000000182e+03 4.000000000000000000e+00 1.499999800000000000e+11
2.285000000000000000e+03 4.000000000000000000e+00 1.499999800000000000e+11
2.285200000000000273e+03 5.656854249492380582e+00 1.499999800000000000e+11
2.285400000000000091e+03 5.656854249492380582e+00 1.499999800000000000e+11
2.285599999999999909e+03 5.656854249492380582e+00 1.499999800000000000e+11
2.285800000000000182e+03 5.656854249492380582e+00 1.499999800000000000e+11
2.286000000000000000e+03 4.000000000000000000e+00 1.499999800000000000e+11
2.286200000000000273e+03 4.000000000000000000e+00 1.499999800000000000e+11
2.286400000000000091e+03 4.000000000000000000e+00 1.499999800000000000e+11
2.286599999999999909e+03 0.000000000000000000e+00 1.499999800000000000e+11
2.286800000000000182e+03 0.000000000000000000e+00 1.499999800000000000e+11
2.287000000000000000e+03 0.000000000000000000e+00 1.499999800000000000e+11
2.287200000000000273e+03 4.000000000000000000e+00 1.499999800000000000e+11
2.287400000000000091e+03 4.000000000000000000e+00 1.499999800000000000e+11
2.287599999999999909e+03 4.000000000000000000e+00 1.499999800000000000e+11
2.287800000000000182e+03 4.000000000000000000e+00 1.499999800000000000e+11
2.288000000000000000e+03 5.656854249492380582e+00 0.000000000000000000e+00
2.288200000000000273e+03 5.656854249492380582e+00 0.000000000000000000e+00
2.288400000000000091e+03 5.656854249492380582e+00 0.000000000000000000e+00
2.288599999999999909e+03 5.656854249492380582e+00 0.000000000000000000e+00
2.288800000000000182e+03 4.000000000000000000e+00 0.000000000000000000e+00
2.289000000000000000e+03 4.000000000000000000e+00 0.000000000000000000e+00
2.289200000000000273e+03 4.000000000000000000e+00 0.000000000000000000e+00
2.289400000000000091e+03 0.000000000000000000e+00 0.000000000000000000e+00
2.289599999999999909e+03 0.000000000000000000e+00 0.000000000000000000e+00
2.289800000000000182e+03 0.000000000000000000e+00 0.000000000000000000e+00
2.290000000000000000e+03 0.000000000000000000e+00 0.000000000000000000e+00
2.290200000000000273e+03 4.000000000000000000e+00 0.000000000000000000e+00
2.290400000000000091e+03 4.000000000000000000e+00 0.000000000000000000e+00
2.290599999999999909e+03 4.000000000000000000e+00 0.000000000000000000e+00
2.290800000000000182e+03 5.656854249492380582e+00 0.000000000000000000e+00
2.291000000000000000e+03 5.656854249492380582e+00 0.000000000000000000e+00
2.291200000000000273e+03 5.656854249492380582e+00 0.000000000000000000e+00
2.291400000000000091e+03 5.656854249492380582e+00 0.000000000000000000e+00
2.291599999999999909e+03 4.000000000000000000e+00 0.000000000000000000e+00
2.291800000000000182e+03 4.000000000000000000e+00 0.000000000000000000e+00
2.292000000000000000e+03 4.000000000000000000e+00 1.499999800000000000e+11
2.292200000000000273e+03 0.000000000000000000e+00 1.499999800000000000e+11
2.292400000000000091e+03 0.000000000000000000e+00 1.499999800000000000e+11
2.292599999999999909e+03 0.000000000000000000e+00 1.499999800000000000e+11
2.292800000000000182e+03 0.000000000000000000e+00 1.499999800000000000e+11
2.293000000000000000e+03 4.000000000000000000e+00 1.499999800000000000e+11
2.293200000000000273e+03 4.000000000000000000e+00 1.499999800000000000e+11
2.293400000000000091e+03 4.000000000000000000e+00 1.499999800000000000e+11
2.293599999999999909e+03 5.656854249492380582e+00 1.499999800000000000e+11
2.293800000000000182e+03 5.656854249492380582e+00 1.499999800000000000e+11
2.294000000000000000e+03 5.656854249492380582e+00 1.499999800000000000e+11
2.294200000000000273e+03 5.656854249492380582e+00 1.499999800000000000e+11
2.294400000000000091e+03 4.000000000000000000e+00 1.499999800000000000e+11
2.294599999999999909e+03 4.000000000000000000e+00 1.499999800000000000e+11
2.294800000000000182e+03 4.000000000000000000e+00 1.499999800000000000e+11
2.295000000000000000e+03 4.000000000000000000e+00 1.499999800000000000e+11
2.295200000000000273e+03 0.000000000000000000e+00 1.499999800000000000e+11
2.295400000000000091e+03 0.000000000000000000e+00 1.499999800000000000e+11
2.295599999999999909e+03 0.000000000000000000e+00 1.499999800000000000e+11
2.295800000000000182e+03 0.000000000000000000e+00 1.499999800000000000e+11
2.296000000000000000e+03 4.000000000000000000e+00 0.000000000000000000e+00
2.296200000000000273e+03 4.000000000000000000e+00 0.000000000000000000e+00
2.296400000000000091e+03 4.000000000000000000e+00 0.000000000000000000e+00
2.296599999999999909e+03 4.000000000000000000e+00 0.000000000000000000e+00
2.296800000000000182e+03 5.656854249492380582e+00 0.000000000000000000e+00
2.297000000000000000e+03 5.656854249492380582e+00 0.000000000000000000e+00
2.297200000000000273e+03 5.656854249492380582e+00 0.000000000000000000e+00
2.297400000000000091e+03 4.000000000000000000e+00 0.000000000000000000e+00
2.297599999999999909e+03 4.000000000000000000e+00 0.000000000000000000e+00
2.297800000000000182e+03 4.000000000000000000e+00 0.000000000000000000e+00
2.298000000000000000e+03 4.000000000000000000e+00 0.000000000000000000e+00
2.298200000000000273e+03 0.000000000000000000e+00 0.000000000000000000e+00
2.298400000000000091e+03 0.000000000000000000e+00 0.000000000000000000e+00
2.298599999999999909e+03 0.000000000000000000e+00 0.000000000000000000e+00
2.298800000000000182e+03 0.000000000000000000e+00 0.000000000000000000e+00
2.299000000000000000e+03 4.000000000000000000e+00 0.000000000000000000e+00
2.299200000000000273e+03 4.000000000000000000e+00 0.000000000000000000e+00
2.299400000000000091e+03 4.000000000000000000e+00 0.000000000000000000e+00
2.299599999999999909e+03 4.000000000000000000e+00 0.000000000000000000e+00
2.299800000000000182e+03 5.656854249492380582e+00 0.000000000000000000e+00
2.300000000000000000e+03 5.656854249492380582e+00 1.499999800000000000e+11
2.300200000000000273e+03 5.656854249492380582e+00 1.499999800000000000e+11
2.300400000000000091e+03 5.656854249492380582e+00 1.499999800000000000e+11
2.300599999999999909e+03 4.000000000000000000e+00 1.499999800000000000e+11
2.300800000000000182e+03 4.000000000000000000e+00 1.499999800000000000e+11
2.301000000000000000e+03 4.000000000000000000e+00 1.499999800000000000e+11
2.301200000000000273e+03 5.656854249492380582e+00 1.499999800000000000e+11
2.301400000000000091e+03 4.000000000000000000e+00 1.499999800000000000e+11
2.301599999999999909e+03 0.000000000000000000e+00 1.499999800000000000e+11
2.301800000000000182e+03 4.000000000000000000e+00 1.499999800000000000e+11
2.302000000000000000e+03 4.000000000000000000e+00 1.499999800000000000e+11
2.302200000000000273e+03 5.656854249492380582e+00 1.499999800000000000e+11
2.302400000000000091e+03 8.944271909999159220e+00 1.499999800000000000e+11
2.302599999999999909e+03 8.000000000000000000e+00 1.499999800000000000e+11
2.302800000000000182e+03 8.944271909999159220e+00 1.499999800000000000e+11
2.303000000000000000e+03 8.944271909999159220e+00 1.499999800000000000e+11
2.303200000000000273e+03 1.131370849898476116e+01 1.499999800000000000e+11
2.303400000000000091e+03 1.264911064067351809e+01 1.499999800000000000e+11
2.303599999999999909e+03 1.200000000000000000e+01 1.499999800000000000e+11
2.303800000000000182e+03 1.264911064067351809e+01 1.499999800000000000e+11
2.304000000000000000e+03 1.131370849898476116e+01 0.000000000000000000e+00
2.304200000000000273e+03 8.944271909999159220e+00 0.000000000000000000e+00
2.304400000000000091e+03 8.000000000000000000e+00 0.000000000000000000e+00
2.304599999999999909e+03 8.944271909999159220e+00 0.000000000000000000e+00
2.304800000000000182e+03 8.944271909999159220e+00 0.000000000000000000e+00
2.305000000000000000e+03 8.000000000000000000e+00 0.000000000000000000e+00
2.305200000000000273e+03 8.944271909999159220e+00 0.000000000000000000e+00
2.305400000000000091e+03 1.131370849898476116e+01 0.000000000000000000e+00
2.305599999999999909e+03 1.264911064067351809e+01 0.000000000000000000e+00
2.305800000000000182e+03 1.200000000000000000e+01 0.000000000000000000e+00
2.306000000000000000e+03 1.264911064067351809e+01 0.000000000000000000e+00
2.306200000000000273e+03 1.131370849898476116e+01 0.000000000000000000e+00
2.306400000000000091e+03 1.442220510185595650e+01 0.000000000000000000e+00
2.306599999999999909e+03 1.264911064067351809e+01 0.000000000000000000e+00
2.306800000000000182e+03 1.200000000000000000e+01 0.000000000000000000e+00
2.307000000000000000e+03 8.944271909999159220e+00 0.000000000000000000e+00
2.307200000000000273e+03 8.944271909999159220e+00 0.000000000000000000e+00
2.307400000000000091e+03 8.000000000000000000e+00 0.000000000000000000e+00
2.307599999999999909e+03 8.944271909999159220e+00 0.000000000000000000e+00
2.307800000000000182e+03 5.656854249492380582e+00 0.000000000000000000e+00
2.308000000000000000e+03 8.000000000000000000e+00 1.499999800000000000e+11
2.308200000000000273e+03 8.944271909999159220e+00 1.499999800000000000e+11
2.308400000000000091e+03 1.131370849898476116e+01 1.499999800000000000e+11
2.308599999999999909e+03 1.264911064067351809e+01 1.499999800000000000e+11
2.308800000000000182e+03 1.600000000000000000e+01 1.499999800000000000e+11
2.309000000000000000e+03 1.649242250247064234e+01 1.499999800000000000e+11
2.309200000000000273e+03 1.697056274847713908e+01 1.499999800000000000e+11
2.309400000000000091e+03 1.788854381999831844e+01 1.499999800000000000e+11
2.309599999999999909e+03 1.649242250247064234e+01 1.499999800000000000e+11
2.309800000000000182e+03 2.039607805437113797e+01 1.499999800000000000e+11
2.310000000000000000e+03 1.788854381999831844e+01 1.499999800000000000e+11
2.310200000000000273e+03 2.000000000000000000e+01 1.499999800000000000e+11
2.310400000000000091e+03 2.039607805437113797e+01 1.499999800000000000e+11
2.310599999999999909e+03 2.039607805437113797e+01 1.499999800000000000e+11
2.310800000000000182e+03 2.262741699796952233e+01 1.499999800000000000e+11
2.311000000000000000e+03 2.154065922853801496e+01 1.499999800000000000e+11
2.311200000000000273e+03 2.433105012119287736e+01 1.499999800000000000e+11
2.311400000000000091e+03 2.683281572999747766e+01 1.499999800000000000e+11
2.311599999999999909e+03 2.884441020371191300e+01 1.499999800000000000e+11
2.311800000000000182e+03 3.298484500494128469e+01 1.499999800000000000e+11
2.312000000000000000e+03 3.622154055254966920e+01 0.000000000000000000e+00
2.312200000000000273e+03 3.773592452822641263e+01 0.000000000000000000e+00
2.312400000000000091e+03 3.440930106817050671e+01 0.000000000000000000e+00
2.312599999999999909e+03 3.687817782917154830e+01 0.000000000000000000e+00
2.312800000000000182e+03 3.622154055254966920e+01 0.000000000000000000e+00
2.313000000000000000e+03 3.224903099319419653e+01 0.000000000000000000e+00
2.313200000000000273e+03 3.124099870362661591e+01 0.000000000000000000e+00
2.313400000000000091e+03 2.912043955712207222e+01 0.000000000000000000e+00
2.313599999999999909e+03 2.912043955712207222e+01 0.000000000000000000e+00
2.313800000000000182e+03 2.884441020371191300e+01 0.000000000000000000e+00
2.314000000000000000e+03 2.683281572999747766e+01 0.000000000000000000e+00
2.314200000000000273e+03 2.800000000000000000e+01 0.000000000000000000e+00
2.314400000000000091e+03 3.046309242345563462e+01 0.000000000000000000e+00
2.314599999999999909e+03 3.124099870362661591e+01 0.000000000000000000e+00
2.314800000000000182e+03 3.298484500494128469e+01 0.000000000000000000e+00
2.315000000000000000e+03 3.224903099319419653e+01 0.000000000000000000e+00
2.315200000000000273e+03 3.224903099319419653e+01 0.000000000000000000e+00
2.315400000000000091e+03 3.124099870362661591e+01 0.000000000000000000e+00
2.315599999999999909e+03 3.417601498127012150e+01 0.000000000000000000e+00
2.315800000000000182e+03 3.200000000000000000e+01 0.000000000000000000e+00
2.316000000000000000e+03 3.046309242345563462e+01 1.499999800000000000e+11
2.316200000000000273e+03 3.124099870362661591e+01 1.499999800000000000e+11
2.316400000000000091e+03 3.298484500494128469e+01 1.499999800000000000e+11
2.316599999999999909e+03 3.224903099319419653e+01 1.499999800000000000e+11
2.316800000000000182e+03 3.440930106817050671e+01 1.499999800000000000e+11
2.317000000000000000e+03 3.773592452822641263e+01 1.499999800000000000e+11
2.317200000000000273e+03 4.019950248448355978e+01 1.499999800000000000e+11
2.317400000000000091e+03 4.176122603564220270e+01 1.499999800000000000e+11
2.317599999999999909e+03 4.816637831516918311e+01 1.499999800000000000e+11
2.317800000000000182e+03 5.200000000000000000e+01 1.499999800000000000e+11
2.318000000000000000e+03 5.600000000000000000e+01 1.499999800000000000e+11
2.318200000000000273e+03 6.092618484691126923e+01 1.499999800000000000e+11
2.318400000000000091e+03 6.511528238439882443e+01 1.499999800000000000e+11
2.318599999999999909e+03 6.985699678629191567e+01 1.499999800000000000e+11
2.318800000000000182e+03 7.200000000000000000e+01 1.499999800000000000e+11
2.319000000000000000e+03 7.515317691222374208e+01 1.499999800000000000e+11
2.319200000000000273e+03 7.939773296511683043e+01 1.499999800000000000e+11
2.319400000000000091e+03 8.352245207128440541e+01 1.499999800000000000e+11
2.319599999999999909e+03 8.881441324469807341e+01 1.499999800000000000e+11
2.319800000000000182e+03 9.541488353501250685e+01 1.499999800000000000e+11
2.320000000000000000e+03 9.879271228182774678e+01 0.000000000000000000e+00
2.320200000000000273e+03 1.007174264961133758e+02 0.000000000000000000e+00
2.320400000000000091e+03 9.740636529508736885e+01 0.000000000000000000e+00
2.320599999999999909e+03 9.903534722511957966e+01 0.000000000000000000e+00
2.320800000000000182e+03 9.879271228182774678e+01 0.000000000000000000e+00
2.321000000000000000e+03 1.000799680255744306e+02 0.000000000000000000e+00
2.321200000000000273e+03 9.838699100999075142e+01 0.000000000000000000e+00
2.321400000000000091e+03 9.935793878699377046e+01 0.000000000000000000e+00
2.321599999999999909e+03 9.616652224137045835e+01 0.000000000000000000e+00
2.321800000000000182e+03 9.732420048477150942e+01 0.000000000000000000e+00
2.322000000000000000e+03 9.541488353501250685e+01 0.000000000000000000e+00
2.322200000000000273e+03 8.988882021697692437e+01 0.000000000000000000e+00
2.322400000000000091e+03 8.881441324469807341e+01 0.000000000000000000e+00
2.322599999999999909e+03 8.854377448471461776e+01 0.000000000000000000e+00
2.322800000000000182e+03 8.772684879784523559e+01 0.000000000000000000e+00
2.323000000000000000e+03 8.616263691415205983e+01 0.000000000000000000e+00
2.323200000000000273e+03 8.809086218218095610e+01 0.000000000000000000e+00
2.323400000000000091e+03 8.588364221433555201e+01 0.000000000000000000e+00
2.323599999999999909e+03 8.560373823613078059e+01 0.000000000000000000e+00
2.323800000000000182e+03 8.634813257969160816e+01 0.000000000000000000e+00
2.324000000000000000e+03 8.944271909999159220e+01 1.499999800000000000e+11
2.324200000000000273e+03 9.208691546577070142e+01 1.499999800000000000e+11
2.324400000000000091e+03 9.879271228182774678e+01 1.499999800000000000e+11
2.324599999999999909e+03 1.052235715037272428e+02 1.499999800000000000e+11
2.324800000000000182e+03 1.126410227226297849e+02 1.499999800000000000e+11
2.325000000000000000e+03 1.162755348299890699e+02 1.499999800000000000e+11
2.325200000000000273e+03 1.218523696938225385e+02 1.499999800000000000e+11
2.325400000000000091e+03 1.280624847486569706e+02 1.499999800000000000e+11
2.325599999999999909e+03 1.360000000000000000e+02 1.499999800000000000e+11
2.325800000000000182e+03 1.432201103197452596e+02 1.499999800000000000e+11
2.326000000000000000e+03 1.538830724933707472e+02 1.499999800000000000e+11
2.326200000000000273e+03 1.593988707613702047e+02 1.499999800000000000e+11
2.326400000000000091e+03 1.322422020385323265e+02 1.499999800000000000e+11
2.326599999999999909e+03 1.200666481584290750e+02 1.499999800000000000e+11
2.326800000000000182e+03 1.120714058089752001e+02 1.499999800000000000e+11
2.327000000000000000e+03 1.019803902718556969e+02 1.499999800000000000e+11
2.327200000000000273e+03 9.507891459203770523e+01 1.499999800000000000e+11
2.327400000000000091e+03 8.809086218218095610e+01 1.499999800000000000e+11
2.327599999999999909e+03 8.409518416651455652e+01 1.499999800000000000e+11
2.327800000000000182e+03 8.009993757800314995e+01 1.499999800000000000e+11
2.328000000000000000e+03 7.211102550927978427e+01 0.000000000000000000e+00
2.328200000000000273e+03 7.353910524340093957e+01 0.000000000000000000e+00
2.328400000000000091e+03 7.353910524340093957e+01 0.000000000000000000e+00
2.328599999999999909e+03 7.200000000000000000e+01 0.000000000000000000e+00
2.328800000000000182e+03 6.985699678629191567e+01 0.000000000000000000e+00
2.329000000000000000e+03 6.511528238439882443e+01 0.000000000000000000e+00
2.329200000000000273e+03 6.705221845696084415e+01 0.000000000000000000e+00
2.329400000000000091e+03 6.449806198638839305e+01 0.000000000000000000e+00
2.329599999999999909e+03 6.105735008989498880e+01 0.000000000000000000e+00
2.329800000000000182e+03 6.324555320336758513e+01 0.000000000000000000e+00
2.330000000000000000e+03 6.449806198638839305e+01 0.000000000000000000e+00
2.330200000000000273e+03 6.324555320336758513e+01 0.000000000000000000e+00
2.330400000000000091e+03 6.511528238439882443e+01 0.000000000000000000e+00
2.330599999999999909e+03 6.621178142898739338e+01 0.000000000000000000e+00
2.330800000000000182e+03 6.400000000000000000e+01 0.000000000000000000e+00
2.331000000000000000e+03 6.462197768561404132e+01 0.000000000000000000e+00
2.331200000000000273e+03 6.222539674441618018e+01 0.000000000000000000e+00
2.331400000000000091e+03 6.462197768561404132e+01 0.000000000000000000e+00
2.331599999999999909e+03 6.400000000000000000e+01 0.000000000000000000e+00
2.331800000000000182e+03 6.092618484691126923e+01 0.000000000000000000e+00
2.332000000000000000e+03 5.946427498927402411e+01 1.499999800000000000e+11
2.332200000000000273e+03 5.440588203494177577e+01 1.499999800000000000e+11
2.332400000000000091e+03 4.816637831516918311e+01 1.499999800000000000e+11
2.332599999999999909e+03 4.664761515876240594e+01 1.499999800000000000e+11
2.332800000000000182e+03 4.326661530556787483e+01 1.499999800000000000e+11
2.333000000000000000e+03 3.622154055254966920e+01 1.499999800000000000e+11
2.333200000000000273e+03 3.687817782917154830e+01 1.499999800000000000e+11
2.333400000000000091e+03 3.687817782917154830e+01 1.499999800000000000e+11
2.333599999999999909e+03 3.224903099319419653e+01 1.499999800000000000e+11
2.333800000000000182e+03 3.200000000000000000e+01 1.499999800000000000e+11
2.334000000000000000e+03 2.912043955712207222e+01 1.499999800000000000e+11
2.334200000000000273e+03 2.828427124746190202e+01 1.499999800000000000e+11
2.334400000000000091e+03 2.683281572999747766e+01 1.499999800000000000e+11
2.334599999999999909e+03 2.433105012119287736e+01 1.499999800000000000e+11
2.334800000000000182e+03 2.039607805437113797e+01 1.499999800000000000e+11
2.335000000000000000e+03 2.000000000000000000e+01 1.499999800000000000e+11
2.335200000000000273e+03 1.442220510185595650e+01 1.499999800000000000e+11
2.335400000000000091e+03 1.264911064067351809e+01 1.499999800000000000e+11
2.335599999999999909e+03 1.264911064067351809e+01 1.499999800000000000e+11
2.335800000000000182e+03 1.131370849898476116e+01 1.499999800000000000e+11
2.336000000000000000e+03 8.944271909999159220e+00 0.000000000000000000e+00
2.336200000000000273e+03 1.264911064067351809e+01 0.000000000000000000e+00
2.336400000000000091e+03 1.131370849898476116e+01 0.000000000000000000e+00
2.336599999999999909e+03 1.264911064067351809e+01 0.000000000000000000e+00
2.336800000000000182e+03 1.200000000000000000e+01 0.000000000000000000e+00
2.337000000000000000e+03 1.264911064067351809e+01 0.000000000000000000e+00
2.337200000000000273e+03 1.442220510185595650e+01 0.000000000000000000e+00
2.337400000000000091e+03 1.442220510185595650e+01 0.000000000000000000e+00
2.337599999999999909e+03 1.264911064067351809e+01 0.000000000000000000e+00
2.337800000000000182e+03 1.200000000000000000e+01 0.000000000000000000e+00
2.338000000000000000e+03 1.264911064067351809e+01 0.000000000000000000e+00
2.338200000000000273e+03 1.131370849898476116e+01 0.000000000000000000e+00
2.338400000000000091e+03 8.944271909999159220e+00 0.000000000000000000e+00
2.338599999999999909e+03 8.000000000000000000e+00 0.000000000000000000e+00
2.338800000000000182e+03 8.944271909999159220e+00 0.000000000000000000e+00
2.339000000000000000e+03 8.944271909999159220e+00 0.000000000000000000e+00
2.339200000000000273e+03 8.000000000000000000e+00 0.000000000000000000e+00
2.339400000000000091e+03 8.944271909999159220e+00 0.000000000000000000e+00
2.339599999999999909e+03 8.944271909999159220e+00 0.000000000000000000e+00
2.339800000000000182e+03 1.264911064067351809e+01 0.000000000000000000e+00
2.340000000000000000e+03 1.264911064067351809e+01 1.499999800000000000e+11
2.340200000000000273e+03 1.264911064067351809e+01 1.499999800000000000e+11
2.340400000000000091e+03 1.131370849898476116e+01 1.499999800000000000e+11
2.340599999999999909e+03 8.944271909999159220e+00 1.499999800000000000e+11
2.340800000000000182e+03 8.000000000000000000e+00 1.499999800000000000e+11
2.341000000000000000e+03 8.000000000000000000e+00 1.499999800000000000e+11
2.341200000000000273e+03 8.944271909999159220e+00 1.499999800000000000e+11
2.341400000000000091e+03 5.656854249492380582e+00 1.499999800000000000e+11
2.341599999999999909e+03 4.000000000000000000e+00 1.499999800000000000e+11
2.341800000000000182e+03 4.000000000000000000e+00 1.499999800000000000e+11
2.342000000000000000e+03 0.000000000000000000e+00 1.499999800000000000e+11
2.342200000000000273e+03 4.000000000000000000e+00 1.499999800000000000e+11
2.342400000000000091e+03 5.656854249492380582e+00 1.499999800000000000e+11
2.342599999999999909e+03 4.000000000000000000e+00 1.499999800000000000e+11
2.342800000000000182e+03 4.000000000000000000e+00 1.499999800000000000e+11
2.343000000000000000e+03 4.000000000000000000e+00 1.499999800000000000e+11
2.343200000000000273e+03 5.656854249492380582e+00 1.499999800000000000e+11
2.343400000000000091e+03 5.656854249492380582e+00 1.499999800000000000e+11
2.343599999999999909e+03 5.656854249492380582e+00 1.499999800000000000e+11
2.343800000000000182e+03 5.656854249492380582e+00 1.499999800000000000e+11
2.344000000000000000e+03 4.000000000000000000e+00 0.000000000000000000e+00
2.344200000000000273e+03 4.000000000000000000e+00 0.000000000000000000e+00
2.344400000000000091e+03 4.000000000000000000e+00 0.000000000000000000e+00
2.344599999999999909e+03 4.000000000000000000e+00 0.000000000000000000e+00
2.344800000000000182e+03 0.000000000000000000e+00 0.000000000000000000e+00
2.345000000000000000e+03 0.000000000000000000e+00 0.000000000000000000e+00
2.345200000000000273e+03 0.000000000000000000e+00 0.000000000000000000e+00
2.345400000000000091e+03 4.000000000000000000e+00 0.000000000000000000e+00
2.345599999999999909e+03 4.000000000000000000e+00 0.000000000000000000e+00
2.345800000000000182e+03 4.000000000000000000e+00 0.000000000000000000e+00
2.346000000000000000e+03 4.000000000000000000e+00 0.000000000000000000e+00
2.346200000000000273e+03 5.656854249492380582e+00 0.000000000000000000e+00
2.346400000000000091e+03 5.656854249492380582e+00 0.000000000000000000e+00
2.346599999999999909e+03 5.656854249492380582e+00 0.000000000000000000e+00
2.346800000000000182e+03 5.656854249492380582e+00 0.000000000000000000e+00
2.347000000000000000e+03 4.000000000000000000e+00 0.000000000000000000e+00
2.347200000000000273e+03 4.000000000000000000e+00 0.000000000000000000e+00
2.347400000000000091e+03 4.000000000000000000e+00 0.000000000000000000e+00
2.347599999999999909e+03 4.000000000000000000e+00 0.000000000000000000e+00
2.347800000000000182e+03 0.000000000000000000e+00 0.000000000000000000e+00
2.348000000000000000e+03 0.000000000000000000e+00 1.499999800000000000e+11
2.348200000000000273e+03 0.000000000000000000e+00 1.499999800000000000e+11
2.348400000000000091e+03 4.000000000000000000e+00 1.499999800000000000e+11
2.348599999999999909e+03 4.000000000000000000e+00 1.499999800000000000e+11
2.348800000000000182e+03 4.000000000000000000e+00 1.499999800000000000e+11
2.349000000000000000e+03 4.000000000000000000e+00 1.499999800000000000e+11
2.349200000000000273e+03 5.656854249492380582e+00 1.499999800000000000e+11
2.349400000000000091e+03 5.656854249492380582e+00 1.499999800000000000e+11
2.349599999999999909e+03 5.656854249492380582e+00 1.499999800000000000e+11
2.349800000000000182e+03 4.000000000000000000e+00 1.499999800000000000e+11
2.350000000000000000e+03 4.000000000000000000e+00 1.499999800000000000e+11
2.350200000000000273e+03 4.000000000000000000e+00 1.499999800000000000e+11
2.350400000000000091e+03 4.000000000000000000e+00 1.499999800000000000e+11
2.350599999999999909e+03 0.000000000000000000e+00 1.499999800000000000e+11
2.350800000000000182e+03 0.000000000000000000e+00 1.499999800000000000e+11
2.351000000000000000e+03 0.000000000000000000e+00 1.499999800000000000e+11
2.351200000000000273e+03 4.000000000000000000e+00 1.499999800000000000e+11
2.351400000000000091e+03 4.000000000000000000e+00 1.499999800000000000e+11
2.351599999999999909e+03 4.000000000000000000e+00 1.499999800000000000e+11
2.351800000000000182e+03 4.000000000000000000e+00 1.499999800000000000e+11
2.352000000000000000e+03 5.656854249492380582e+00 0.000000000000000000e+00
2.352200000000000273e+03 5.656854249492380582e+00 0.000000000000000000e+00
2.352400000000000091e+03 5.656854249492380582e+00 0.000000000000000000e+00
2.352599999999999909e+03 4.000000000000000000e+00 0.000000000000000000e+00
2.352800000000000182e+03 4.000000000000000000e+00 0.000000000000000000e+00
2.353000000000000000e+03 4.000000000000000000e+00 0.000000000000000000e+00
2.353200000000000273e+03 4.000000000000000000e+00 0.000000000000000000e+00
2.353400000000000091e+03 0.000000000000000000e+00 0.000000000000000000e+00
2.353599999999999909e+03 0.000000000000000000e+00 0.000000000000000000e+00
2.353800000000000182e+03 0.000000000000000000e+00 0.000000000000000000e+00
2.354000000000000000e+03 4.000000000000000000e+00 0.000000000000000000e+00
2.354200000000000273e+03 4.000000000000000000e+00 0.000000000000000000e+00
2.354400000000000091e+03 4.000000000000000000e+00 0.000000000000000000e+00
2.354599999999999909e+03 4.000000000000000000e+00 0.000000000000000000e+00
2.354800000000000182e+03 5.656854249492380582e+00 0.000000000000000000e+00
2.355000000000000000e+03 5.656854249492380582e+00 0.000000000000000000e+00
2.355200000000000273e+03 5.656854249492380582e+00 0.000000000000000000e+00
2.355400000000000091e+03 4.000000000000000000e+00 0.000000000000000000e+00
2.355599999999999909e+03 4.000000000000000000e+00 0.000000000000000000e+00
2.355800000000000182e+03 4.000000000000000000e+00 0.000000000000000000e+00
2.356000000000000000e+03 0.000000000000000000e+00 1.499999800000000000e+11
2.356200000000000273e+03 0.000000000000000000e+00 1.499999800000000000e+11
2.356400000000000091e+03 0.000000000000000000e+00 1.499999800000000000e+11
2.356599999999999909e+03 0.000000000000000000e+00 1.499999800000000000e+11
2.356800000000000182e+03 4.000000000000000000e+00 1.499999800000000000e+11
2.357000000000000000e+03 4.000000000000000000e+00 1.499999800000000000e+11
2.357200000000000273e+03 4.000000000000000000e+00 1.499999800000000000e+11
2.357400000000000091e+03 5.656854249492380582e+00 1.499999800000000000e+11
2.357599999999999909e+03 5.656854249492380582e+00 1.499999800000000000e+11
2.357800000000000182e+03 5.656854249492380582e+00 1.499999800000000000e+11
2.358000000000000000e+03 5.656854249492380582e+00 1.499999800000000000e+11
2.358200000000000273e+03 4.000000000000000000e+00 1.499999800000000000e+11
2.358400000000000091e+03 4.000000000000000000e+00 1.499999800000000000e+11
2.358599999999999909e+03 4.000000000000000000e+00 1.499999800000000000e+11
2.358800000000000182e+03 0.000000000000000000e+00 1.499999800000000000e+11
2.359000000000000000e+03 0.000000000000000000e+00 1.499999800000000000e+11
2.359200000000000273e+03 0.000000000000000000e+00 1.499999800000000000e+11
2.359400000000000091e+03 4.000000000000000000e+00 1.499999800000000000e+11
2.359599999999999909e+03 4.000000000000000000e+00 1.499999800000000000e+11
2.359800000000000182e+03 4.000000000000000000e+00 1.499999800000000000e+11
2.360000000000000000e+03 4.000000000000000000e+00 0.000000000000000000e+00
2.360200000000000273e+03 5.656854249492380582e+00 0.000000000000000000e+00
2.360400000000000091e+03 5.656854249492380582e+00 0.000000000000000000e+00
2.360599999999999909e+03 5.656854249492380582e+00 0.000000000000000000e+00
2.360800000000000182e+03 4.000000000000000000e+00 0.000000000000000000e+00
2.361000000000000000e+03 4.000000000000000000e+00 0.000000000000000000e+00
2.361200000000000273e+03 4.000000000000000000e+00 0.000000000000000000e+00
2.361400000000000091e+03 4.000000000000000000e+00 0.000000000000000000e+00
2.361599999999999909e+03 0.000000000000000000e+00 0.000000000000000000e+00
2.361800000000000182e+03 0.000000000000000000e+00 0.000000000000000000e+00
2.362000000000000000e+03 0.000000000000000000e+00 0.000000000000000000e+00
2.362200000000000273e+03 4.000000000000000000e+00 0.000000000000000000e+00
2.362400000000000091e+03 4.000000000000000000e+00 0.000000000000000000e+00
2.362599999999999909e+03 4.000000000000000000e+00 0.000000000000000000e+00
2.362800000000000182e+03 5.656854249492380582e+00 0.000000000000000000e+00
2.363000000000000000e+03 5.656854249492380582e+00 0.000000000000000000e+00
2.363200000000000273e+03 5.656854249492380582e+00 0.000000000000000000e+00
2.363400000000000091e+03 5.656854249492380582e+00 0.000000000000000000e+00
2.363599999999999909e+03 4.000000000000000000e+00 0.000000000000000000e+00
2.363800000000000182e+03 4.000000000000000000e+00 0.000000000000000000e+00
2.364000000000000000e+03 4.000000000000000000e+00 1.499999800000000000e+11
2.364200000000000273e+03 0.000000000000000000e+00 1.499999800000000000e+11
2.364400000000000091e+03 0.000000000000000000e+00 1.499999800000000000e+11
2.364599999999999909e+03 0.000000000000000000e+00 1.499999800000000000e+11
2.364800000000000182e+03 0.000000000000000000e+00 1.499999800000000000e+11
2.365000000000000000e+03 4.000000000000000000e+00 1.499999800000000000e+11
2.365200000000000273e+03 4.000000000000000000e+00 1.499999800000000000e+11
2.365400000000000091e+03 4.000000000000000000e+00 1.499999800000000000e+11
2.365599999999999909e+03 5.656854249492380582e+00 1.499999800000000000e+11
2.365800000000000182e+03 5.656854249492380582e+00 1.499999800000000000e+11
2.366000000000000000e+03 5.656854249492380582e+00 1.499999800000000000e+11
2.366200000000000273e+03 4.000000000000000000e+00 1.499999800000000000e+11
2.366400000000000091e+03 4.000000000000000000e+00 1.499999800000000000e+11
2.366599999999999909e+03 4.000000000000000000e+00 1.499999800000000000e+11
2.366800000000000182e+03 4.000000000000000000e+00 1.499999800000000000e+11
2.367000000000000000e+03 0.000000000000000000e+00 1.499999800000000000e+11
2.367200000000000273e+03 0.000000000000000000e+00 1.499999800000000000e+11
2.367400000000000091e+03 0.000000000000000000e+00 1.499999800000000000e+11
2.367599999999999909e+03 4.000000000000000000e+00 1.499999800000000000e+11
2.367800000000000182e+03 4.000000000000000000e+00 1.499999800000000000e+11
2.368000000000000000e+03 4.000000000000000000e+00 0.000000000000000000e+00
2.368200000000000273e+03 4.000000000000000000e+00 0.000000000000000000e+00
2.368400000000000091e+03 5.656854249492380582e+00 0.000000000000000000e+00
2.368599999999999909e+03 5.656854249492380582e+00 0.000000000000000000e+00
2.368800000000000182e+03 5.656854249492380582e+00 0.000000000000000000e+00
2.369000000000000000e+03 4.000000000000000000e+00 0.000000000000000000e+00
2.369200000000000273e+03 4.000000000000000000e+00 0.000000000000000000e+00
2.369400000000000091e+03 4.000000000000000000e+00 0.000000000000000000e+00
2.369599999999999909e+03 0.000000000000000000e+00 0.000000000000000000e+00
2.369800000000000182e+03 0.000000000000000000e+00 0.000000000000000000e+00
2.370000000000000000e+03 0.000000000000000000e+00 0.000000000000000000e+00
2.370200000000000273e+03 0.000000000000000000e+00 0.000000000000000000e+00
2.370400000000000091e+03 4.000000000000000000e+00 0.000000000000000000e+00
2.370599999999999909e+03 4.000000000000000000e+00 0.000000000000000000e+00
2.370800000000000182e+03 4.000000000000000000e+00 0.000000000000000000e+00
2.371000000000000000e+03 5.656854249492380582e+00 0.000000000000000000e+00
2.371200000000000273e+03 5.656854249492380582e+00 0.000000000000000000e+00
2.371400000000000091e+03 5.656854249492380582e+00 0.000000000000000000e+00
2.371599999999999909e+03 5.656854249492380582e+00 0.000000000000000000e+00
2.371800000000000182e+03 4.000000000000000000e+00 0.000000000000000000e+00
2.372000000000000000e+03 4.000000000000000000e+00 1.499999800000000000e+11
2.372200000000000273e+03 4.000000000000000000e+00 1.499999800000000000e+11
2.372400000000000091e+03 0.000000000000000000e+00 1.499999800000000000e+11
2.372599999999999909e+03 0.000000000000000000e+00 1.499999800000000000e+11
2.372800000000000182e+03 0.000000000000000000e+00 1.499999800000000000e+11
2.373000000000000000e+03 4.000000000000000000e+00 1.499999800000000000e+11
2.373200000000000273e+03 4.000000000000000000e+00 1.499999800000000000e+11
2.373400000000000091e+03 4.000000000000000000e+00 1.499999800000000000e+11
2.373599999999999909e+03 4.000000000000000000e+00 1.499999800000000000e+11
2.373800000000000182e+03 5.656854249492380582e+00 1.499999800000000000e+11
2.374000000000000000e+03 5.656854249492380582e+00 1.499999800000000000e+11
2.374200000000000273e+03 5.656854249492380582e+00 1.499999800000000000e+11
2.374400000000000091e+03 4.000000000000000000e+00 1.499999800000000000e+11
2.374599999999999909e+03 4.000000000000000000e+00 1.499999800000000000e+11
2.374800000000000182e+03 4.000000000000000000e+00 1.499999800000000000e+11
2.375000000000000000e+03 4.000000000000000000e+00 1.499999800000000000e+11
2.375200000000000273e+03 0.000000000000000000e+00 1.499999800000000000e+11
2.375400000000000091e+03 0.000000000000000000e+00 1.499999800000000000e+11
2.375599999999999909e+03 0.000000000000000000e+00 1.499999800000000000e+11
2.375800000000000182e+03 4.000000000000000000e+00 1.499999800000000000e+11
2.376000000000000000e+03 4.000000000000000000e+00 0.000000000000000000e+00
2.376200000000000273e+03 4.000000000000000000e+00 0.000000000000000000e+00
2.376400000000000091e+03 4.000000000000000000e+00 0.000000000000000000e+00
2.376599999999999909e+03 5.656854249492380582e+00 0.000000000000000000e+00
2.376800000000000182e+03 5.656854249492380582e+00 0.000000000000000000e+00
2.377000000000000000e+03 5.656854249492380582e+00 0.000000000000000000e+00
2.377200000000000273e+03 4.000000000000000000e+00 0.000000000000000000e+00
2.377400000000000091e+03 4.000000000000000000e+00 0.000000000000000000e+00
2.377599999999999909e+03 4.000000000000000000e+00 0.000000000000000000e+00
2.377800000000000182e+03 0.000000000000000000e+00 0.000000000000000000e+00
2.378000000000000000e+03 0.000000000000000000e+00 0.000000000000000000e+00
2.378200000000000273e+03 0.000000000000000000e+00 0.000000000000000000e+00
2.378400000000000091e+03 0.000000000000000000e+00 0.000000000000000000e+00
2.378599999999999909e+03 4.000000000000000000e+00 0.000000000000000000e+00
2.378800000000000182e+03 4.000000000000000000e+00 0.000000000000000000e+00
2.379000000000000000e+03 4.000000000000000000e+00 0.000000000000000000e+00
2.379200000000000273e+03 5.656854249492380582e+00 0.000000000000000000e+00
2.379400000000000091e+03 5.656854249492380582e+00 0.000000000000000000e+00
2.379599999999999909e+03 5.656854249492380582e+00 0.000000000000000000e+00
2.379800000000000182e+03 5.656854249492380582e+00 0.000000000000000000e+00
2.380000000000000000e+03 4.000000000000000000e+00 1.499999800000000000e+11
2.380200000000000273e+03 4.000000000000000000e+00 1.499999800000000000e+11
2.380400000000000091e+03 4.000000000000000000e+00 1.499999800000000000e+11
2.380599999999999909e+03 0.000000000000000000e+00 1.499999800000000000e+11
2.380800000000000182e+03 0.000000000000000000e+00 1.499999800000000000e+11
2.381000000000000000e+03 0.000000000000000000e+00 1.499999800000000000e+11
2.381200000000000273e+03 4.000000000000000000e+00 1.499999800000000000e+11
2.381400000000000091e+03 4.000000000000000000e+00 1.499999800000000000e+11
2.381599999999999909e+03 4.000000000000000000e+00 1.499999800000000000e+11
2.381800000000000182e+03 4.000000000000000000e+00 1.499999800000000000e+11
2.382000000000000000e+03 5.656854249492380582e+00 1.499999800000000000e+11
2.382200000000000273e+03 5.656854249492380582e+00 1.499999800000000000e+11
2.382400000000000091e+03 5.656854249492380582e+00 1.499999800000000000e+11
2.382599999999999909e+03 4.000000000000000000e+00 1.499999800000000000e+11
2.382800000000000182e+03 4.000000000000000000e+00 1.499999800000000000e+11
2.383000000000000000e+03 4.000000000000000000e+00 1.499999800000000000e+11
2.383200000000000273e+03 4.000000000000000000e+00 1.499999800000000000e+11
2.383400000000000091e+03 0.000000000000000000e+00 1.499999800000000000e+11
2.383599999999999909e+03 0.000000000000000000e+00 1.499999800000000000e+11
2.383800000000000182e+03 0.000000000000000000e+00 1.499999800000000000e+11
2.384000000000000000e+03 4.000000000000000000e+00 0.000000000000000000e+00
2.384200000000000273e+03 4.000000000000000000e+00 0.000000000000000000e+00
2.384400000000000091e+03 4.000000000000000000e+00 0.000000000000000000e+00
2.384599999999999909e+03 5.656854249492380582e+00 0.000000000000000000e+00
2.384800000000000182e+03 5.656854249492380582e+00 0.000000000000000000e+00
2.385000000000000000e+03 5.656854249492380582e+00 0.000000000000000000e+00
2.385200000000000273e+03 5.656854249492380582e+00 0.000000000000000000e+00
2.385400000000000091e+03 4.000000000000000000e+00 0.000000000000000000e+00
2.385599999999999909e+03 4.000000000000000000e+00 0.000000000000000000e+00
2.385800000000000182e+03 4.000000000000000000e+00 0.000000000000000000e+00
2.386000000000000000e+03 0.000000000000000000e+00 0.000000000000000000e+00
2.386200000000000273e+03 0.000000000000000000e+00 0.000000000000000000e+00
2.386400000000000091e+03 0.000000000000000000e+00 0.000000000000000000e+00
2.386599999999999909e+03 4.000000000000000000e+00 0.000000000000000000e+00
2.386800000000000182e+03 4.000000000000000000e+00 0.000000000000000000e+00
2.387000000000000000e+03 4.000000000000000000e+00 0.000000000000000000e+00
2.387200000000000273e+03 4.000000000000000000e+00 0.000000000000000000e+00
2.387400000000000091e+03 5.656854249492380582e+00 0.000000000000000000e+00
2.387599999999999909e+03 5.656854249492380582e+00 0.000000000000000000e+00
2.387800000000000182e+03 5.656854249492380582e+00 0.000000000000000000e+00
2.388000000000000000e+03 4.000000000000000000e+00 1.499999800000000000e+11
2.388200000000000273e+03 4.000000000000000000e+00 1.499999800000000000e+11
2.388400000000000091e+03 4.000000000000000000e+00 1.499999800000000000e+11
2.388599999999999909e+03 4.000000000000000000e+00 1.499999800000000000e+11
2.388800000000000182e+03 0.000000000000000000e+00 1.499999800000000000e+11
2.389000000000000000e+03 0.000000000000000000e+00 1.499999800000000000e+11
2.389200000000000273e+03 0.000000000000000000e+00 1.499999800000000000e+11
2.389400000000000091e+03 4.000000000000000000e+00 1.499999800000000000e+11
2.389599999999999909e+03 4.000000000000000000e+00 1.499999800000000000e+11
2.389800000000000182e+03 4.000000000000000000e+00 1.499999800000000000e+11
2.390000000000000000e+03 4.000000000000000000e+00 1.499999800000000000e+11
2.390200000000000273e+03 5.656854249492380582e+00 1.499999800000000000e+11
2.390400000000000091e+03 5.656854249492380582e+00 1.499999800000000000e+11
2.390599999999999909e+03 5.656854249492380582e+00 1.499999800000000000e+11
2.390800000000000182e+03 4.000000000000000000e+00 1.499999800000000000e+11
2.391000000000000000e+03 4.000000000000000000e+00 1.499999800000000000e+11
2.391200000000000273e+03 4.000000000000000000e+00 1.499999800000000000e+11
2.391400000000000091e+03 4.000000000000000000e+00 1.499999800000000000e+11
2.391599999999999909e+03 0.000000000000000000e+00 1.499999800000000000e+11
2.391800000000000182e+03 0.000000000000000000e+00 1.499999800000000000e+11
2.392000000000000000e+03 4.000000000000000000e+00 0.000000000000000000e+00
2.392200000000000273e+03 4.000000000000000000e+00 0.000000000000000000e+00
2.392400000000000091e+03 4.000000000000000000e+00 0.000000000000000000e+00
2.392599999999999909e+03 4.000000000000000000e+00 0.000000000000000000e+00
2.392800000000000182e+03 5.656854249492380582e+00 0.000000000000000000e+00
2.393000000000000000e+03 5.656854249492380582e+00 0.000000000000000000e+00
2.393200000000000273e+03 5.656854249492380582e+00 0.000000000000000000e+00
2.393400000000000091e+03 4.000000000000000000e+00 0.000000000000000000e+00
2.393599999999999909e+03 4.000000000000000000e+00 0.000000000000000000e+00
2.393800000000000182e+03 4.000000000000000000e+00 0.000000000000000000e+00
2.394000000000000000e+03 4.000000000000000000e+00 0.000000000000000000e+00
2.394200000000000273e+03 0.000000000000000000e+00 0.000000000000000000e+00
2.394400000000000091e+03 0.000000000000000000e+00 0.000000000000000000e+00
2.394599999999999909e+03 0.000000000000000000e+00 0.000000000000000000e+00
2.394800000000000182e+03 4.000000000000000000e+00 0.000000000000000000e+00
2.395000000000000000e+03 4.000000000000000000e+00 0.000000000000000000e+00
2.395200000000000273e+03 4.000000000000000000e+00 0.000000000000000000e+00
2.395400000000000091e+03 5.656854249492380582e+00 0.000000000000000000e+00
2.395599999999999909e+03 5.656854249492380582e+00 0.000000000000000000e+00
2.395800000000000182e+03 5.656854249492380582e+00 0.000000000000000000e+00
2.396000000000000000e+03 5.656854249492380582e+00 1.499999800000000000e+11
2.396200000000000273e+03 4.000000000000000000e+00 1.499999800000000000e+11
2.396400000000000091e+03 4.000000000000000000e+00 1.499999800000000000e+11
2.396599999999999909e+03 4.000000000000000000e+00 1.499999800000000000e+11
2.396800000000000182e+03 4.000000000000000000e+00 1.499999800000000000e+11
2.397000000000000000e+03 0.000000000000000000e+00 1.499999800000000000e+11
2.397200000000000273e+03 0.000000000000000000e+00 1.499999800000000000e+11
2.397400000000000091e+03 4.000000000000000000e+00 1.499999800000000000e+11
2.397599999999999909e+03 4.000000000000000000e+00 1.499999800000000000e+11
2.397800000000000182e+03 4.000000000000000000e+00 1.499999800000000000e+11
2.398000000000000000e+03 4.000000000000000000e+00 1.499999800000000000e+11
2.398200000000000273e+03 4.000000000000000000e+00 1.499999800000000000e+11
2.398400000000000091e+03 5.656854249492380582e+00 1.499999800000000000e+11
2.398599999999999909e+03 5.656854249492380582e+00 1.499999800000000000e+11
2.398800000000000182e+03 4.000000000000000000e+00 1.499999800000000000e+11
2.399000000000000000e+03 5.656854249492380582e+00 1.499999800000000000e+11
2.399200000000000273e+03 4.000000000000000000e+00 1.499999800000000000e+11
2.399400000000000091e+03 4.000000000000000000e+00 1.499999800000000000e+11
2.399599999999999909e+03 4.000000000000000000e+00 1.499999800000000000e+11
2.399800000000000182e+03 4.000000000000000000e+00 1.499999800000000000e+11
