2.400000000000000000e+03 4.000000000000000000e+00 0.000000000000000000e+00
2.400200000000000273e+03 4.000000000000000000e+00 0.000000000000000000e+00
2.400400000000000091e+03 4.000000000000000000e+00 0.000000000000000000e+00
2.400599999999999909e+03 5.656854249492380582e+00 0.000000000000000000e+00
2.400800000000000182e+03 5.656854249492380582e+00 0.000000000000000000e+00
2.401000000000000000e+03 5.656854249492380582e+00 0.000000000000000000e+00
2.401200000000000273e+03 5.656854249492380582e+00 0.000000000000000000e+00
2.401400000000000091e+03 5.656854249492380582e+00 0.000000000000000000e+00
2.401599999999999909e+03 5.656854249492380582e+00 0.000000000000000000e+00
2.401800000000000182e+03 4.000000000000000000e+00 0.000000000000000000e+00
2.402000000000000000e+03 4.000000000000000000e+00 0.000000000000000000e+00
2.402200000000000273e+03 5.656854249492380582e+00 0.000000000000000000e+00
2.402400000000000091e+03 4.000000000000000000e+00 0.000000000000000000e+00
2.402599999999999909e+03 5.656854249492380582e+00 0.000000000000000000e+00
2.402800000000000182e+03 5.656854249492380582e+00 0.000000000000000000e+00
2.403000000000000000e+03 5.656854249492380582e+00 0.000000000000000000e+00
2.403200000000000273e+03 5.656854249492380582e+00 0.000000000000000000e+00
2.403400000000000091e+03 5.656854249492380582e+00 0.000000000000000000e+00
2.403599999999999909e+03 5.656854249492380582e+00 0.000000000000000000e+00
2.403800000000000182e+03 5.656854249492380582e+00 0.000000000000000000e+00
2.404000000000000000e+03 5.656854249492380582e+00 1.525000000000000000e+11
2.404200000000000273e+03 5.656854249492380582e+00 1.525000000000000000e+11
2.404400000000000091e+03 5.656854249492380582e+00 1.525000000000000000e+11
2.404599999999999909e+03 4.000000000000000000e+00 1.525000000000000000e+11
2.404800000000000182e+03 4.000000000000000000e+00 1.525000000000000000e+11
2.405000000000000000e+03 4.000000000000000000e+00 1.525000000000000000e+11
2.405200000000000273e+03 4.000000000000000000e+00 1.525000000000000000e+11
2.405400000000000091e+03 0.000000000000000000e+00 1.525000000000000000e+11
2.405599999999999909e+03 0.000000000000000000e+00 1.525000000000000000e+11
2.405800000000000182e+03 4.000000000000000000e+00 1.525000000000000000e+11
2.406000000000000000e+03 5.656854249492380582e+00 1.525000000000000000e+11
2.406200000000000273e+03 5.656854249492380582e+00 1.525000000000000000e+11
2.406400000000000091e+03 5.656854249492380582e+00 1.525000000000000000e+11
2.406599999999999909e+03 5.656854249492380582e+00 1.525000000000000000e+11
2.406800000000000182e+03 5.656854249492380582e+00 1.525000000000000000e+11
2.407000000000000000e+03 5.656854249492380582e+00 1.525000000000000000e+11
2.407200000000000273e+03 5.656854249492380582e+00 1.525000000000000000e+11
2.407400000000000091e+03 4.000000000000000000e+00 1.525000000000000000e+11
2.407599999999999909e+03 4.000000000000000000e+00 1.525000000000000000e+11
2.407800000000000182e+03 4.000000000000000000e+00 1.525000000000000000e+11
2.408000000000000000e+03 0.000000000000000000e+00 0.000000000000000000e+00
2.408200000000000273e+03 0.000000000000000000e+00 0.000000000000000000e+00
2.408400000000000091e+03 0.000000000000000000e+00 0.000000000000000000e+00
2.408599999999999909e+03 4.000000000000000000e+00 0.000000000000000000e+00
2.408800000000000182e+03 4.000000000000000000e+00 0.000000000000000000e+00
2.409000000000000000e+03 5.656854249492380582e+00 0.000000000000000000e+00
2.409200000000000273e+03 5.656854249492380582e+00 0.000000000000000000e+00
2.409400000000000091e+03 5.656854249492380582e+00 0.000000000000000000e+00
2.409599999999999909e+03 5.656854249492380582e+00 0.000000000000000000e+00
2.409800000000000182e+03 5.656854249492380582e+00 0.000000000000000000e+00
2.410000000000000000e+03 4.000000000000000000e+00 0.000000000000000000e+00
2.410200000000000273e+03 4.000000000000000000e+00 0.000000000000000000e+00
2.410400000000000091e+03 4.000000000000000000e+00 0.000000000000000000e+00
2.410599999999999909e+03 0.000000000000000000e+00 0.000000000000000000e+00
2.410800000000000182e+03 0.000000000000000000e+00 0.000000000000000000e+00
2.411000000000000000e+03 0.000000000000000000e+00 0.000000000000000000e+00
2.411200000000000273e+03 0.000000000000000000e+00 0.000000000000000000e+00
2.411400000000000091e+03 4.000000000000000000e+00 0.000000000000000000e+00
2.411599999999999909e+03 4.000000000000000000e+00 0.000000000000000000e+00
2.411800000000000182e+03 5.656854249492380582e+00 0.000000000000000000e+00
2.412000000000000000e+03 5.656854249492380582e+00 1.525000000000000000e+11
2.412200000000000273e+03 5.656854249492380582e+00 1.525000000000000000e+11
2.412400000000000091e+03 5.656854249492380582e+00 1.525000000000000000e+11
2.412599999999999909e+03 5.656854249492380582e+00 1.525000000000000000e+11
2.412800000000000182e+03 4.000000000000000000e+00 1.525000000000000000e+11
2.413000000000000000e+03 4.000000000000000000e+00 1.525000000000000000e+11
2.413200000000000273e+03 4.000000000000000000e+00 1.525000000000000000e+11
2.413400000000000091e+03 0.000000000000000000e+00 1.525000000000000000e+11
2.413599999999999909e+03 0.000000000000000000e+00 1.525000000000000000e+11
2.413800000000000182e+03 0.000000000000000000e+00 1.525000000000000000e+11
2.414000000000000000e+03 4.000000000000000000e+00 1.525000000000000000e+11
2.414200000000000273e+03 4.000000000000000000e+00 1.525000000000000000e+11
2.414400000000000091e+03 4.000000000000000000e+00 1.525000000000000000e+11
2.414599999999999909e+03 5.656854249492380582e+00 1.525000000000000000e+11
2.414800000000000182e+03 5.656854249492380582e+00 1.525000000000000000e+11
2.415000000000000000e+03 5.656854249492380582e+00 1.525000000000000000e+11
2.415200000000000273e+03 5.656854249492380582e+00 1.525000000000000000e+11
2.415400000000000091e+03 4.000000000000000000e+00 1.525000000000000000e+11
2.415599999999999909e+03 4.000000000000000000e+00 1.525000000000000000e+11
2.415800000000000182e+03 4.000000000000000000e+00 1.525000000000000000e+11
2.416000000000000000e+03 4.000000000000000000e+00 0.000000000000000000e+00
2.416200000000000273e+03 0.000000000000000000e+00 0.000000000000000000e+00
2.416400000000000091e+03 0.000000000000000000e+00 0.000000000000000000e+00
2.416599999999999909e+03 0.000000000000000000e+00 0.000000000000000000e+00
2.416800000000000182e+03 4.000000000000000000e+00 0.000000000000000000e+00
2.417000000000000000e+03 4.000000000000000000e+00 0.000000000000000000e+00
2.417200000000000273e+03 4.000000000000000000e+00 0.000000000000000000e+00
2.417400000000000091e+03 5.656854249492380582e+00 0.000000000000000000e+00
2.417599999999999909e+03 5.656854249492380582e+00 0.000000000000000000e+00
2.417800000000000182e+03 5.656854249492380582e+00 0.000000000000000000e+00
2.418000000000000000e+03 5.656854249492380582e+00 0.000000000000000000e+00
2.418200000000000273e+03 4.000000000000000000e+00 0.000000000000000000e+00
2.418400000000000091e+03 4.000000000000000000e+00 0.000000000000000000e+00
2.418599999999999909e+03 4.000000000000000000e+00 0.000000000000000000e+00
2.418800000000000182e+03 0.000000000000000000e+00 0.000000000000000000e+00
2.419000000000000000e+03 0.000000000000000000e+00 0.000000000000000000e+00
2.419200000000000273e+03 0.000000000000000000e+00 0.000000000000000000e+00
2.419400000000000091e+03 4.000000000000000000e+00 0.000000000000000000e+00
2.419599999999999909e+03 4.000000000000000000e+00 0.000000000000000000e+00
2.419800000000000182e+03 4.000000000000000000e+00 0.000000000000000000e+00
2.420000000000000000e+03 4.000000000000000000e+00 1.525000000000000000e+11
2.420200000000000273e+03 5.656854249492380582e+00 1.525000000000000000e+11
2.420400000000000091e+03 5.656854249492380582e+00 1.525000000000000000e+11
2.420599999999999909e+03 5.656854249492380582e+00 1.525000000000000000e+11
2.420800000000000182e+03 4.000000000000000000e+00 1.525000000000000000e+11
2.421000000000000000e+03 4.000000000000000000e+00 1.525000000000000000e+11
2.421200000000000273e+03 4.000000000000000000e+00 1.525000000000000000e+11
2.421400000000000091e+03 4.000000000000000000e+00 1.525000000000000000e+11
2.421599999999999909e+03 0.000000000000000000e+00 1.525000000000000000e+11
2.421800000000000182e+03 0.000000000000000000e+00 1.525000000000000000e+11
2.422000000000000000e+03 0.000000000000000000e+00 1.525000000000000000e+11
2.422200000000000273e+03 4.000000000000000000e+00 1.525000000000000000e+11
2.422400000000000091e+03 4.000000000000000000e+00 1.525000000000000000e+11
2.422599999999999909e+03 4.000000000000000000e+00 1.525000000000000000e+11
2.422800000000000182e+03 5.656854249492380582e+00 1.525000000000000000e+11
2.423000000000000000e+03 5.656854249492380582e+00 1.525000000000000000e+11
2.423200000000000273e+03 5.656854249492380582e+00 1.525000000000000000e+11
2.423400000000000091e+03 5.656854249492380582e+00 1.525000000000000000e+11
2.423599999999999909e+03 4.000000000000000000e+00 1.525000000000000000e+11
2.423800000000000182e+03 4.000000000000000000e+00 1.525000000000000000e+11
2.424000000000000000e+03 4.000000000000000000e+00 0.000000000000000000e+00
2.424200000000000273e+03 0.000000000000000000e+00 0.000000000000000000e+00
2.424400000000000091e+03 0.000000000000000000e+00 0.000000000000000000e+00
2.424599999999999909e+03 0.000000000000000000e+00 0.000000000000000000e+00
2.424800000000000182e+03 0.000000000000000000e+00 0.000000000000000000e+00
2.425000000000000000e+03 4.000000000000000000e+00 0.000000000000000000e+00
2.425200000000000273e+03 4.000000000000000000e+00 0.000000000000000000e+00
2.425400000000000091e+03 4.000000000000000000e+00 0.000000000000000000e+00
2.425599999999999909e+03 5.656854249492380582e+00 0.000000000000000000e+00
2.425800000000000182e+03 5.656854249492380582e+00 0.000000000000000000e+00
2.426000000000000000e+03 5.656854249492380582e+00 0.000000000000000000e+00
2.426200000000000273e+03 4.000000000000000000e+00 0.000000000000000000e+00
2.426400000000000091e+03 4.000000000000000000e+00 0.000000000000000000e+00
2.426599999999999909e+03 4.000000000000000000e+00 0.000000000000000000e+00
2.426800000000000182e+03 4.000000000000000000e+00 0.000000000000000000e+00
2.427000000000000000e+03 0.000000000000000000e+00 0.000000000000000000e+00
2.427200000000000273e+03 0.000000000000000000e+00 0.000000000000000000e+00
2.427400000000000091e+03 0.000000000000000000e+00 0.000000000000000000e+00
2.427599999999999909e+03 4.000000000000000000e+00 0.000000000000000000e+00
2.427800000000000182e+03 4.000000000000000000e+00 0.000000000000000000e+00
2.428000000000000000e+03 4.000000000000000000e+00 1.525000000000000000e+11
2.428200000000000273e+03 5.656854249492380582e+00 1.525000000000000000e+11
2.428400000000000091e+03 5.656854249492380582e+00 1.525000000000000000e+11
2.428599999999999909e+03 5.656854249492380582e+00 1.525000000000000000e+11
2.428800000000000182e+03 5.656854249492380582e+00 1.525000000000000000e+11
2.429000000000000000e+03 4.000000000000000000e+00 1.525000000000000000e+11
2.429200000000000273e+03 4.000000000000000000e+00 1.525000000000000000e+11
2.429400000000000091e+03 4.000000000000000000e+00 1.525000000000000000e+11
2.429599999999999909e+03 0.000000000000000000e+00 1.525000000000000000e+11
2.429800000000000182e+03 0.000000000000000000e+00 1.525000000000000000e+11
2.430000000000000000e+03 0.000000000000000000e+00 1.525000000000000000e+11
2.430200000000000273e+03 0.000000000000000000e+00 1.525000000000000000e+11
2.430400000000000091e+03 4.000000000000000000e+00 1.525000000000000000e+11
2.430599999999999909e+03 4.000000000000000000e+00 1.525000000000000000e+11
2.430800000000000182e+03 4.000000000000000000e+00 1.525000000000000000e+11
2.431000000000000000e+03 5.656854249492380582e+00 1.525000000000000000e+11
2.431200000000000273e+03 5.656854249492380582e+00 1.525000000000000000e+11
2.431400000000000091e+03 5.656854249492380582e+00 1.525000000000000000e+11
2.431599999999999909e+03 5.656854249492380582e+00 1.525000000000000000e+11
2.431800000000000182e+03 4.000000000000000000e+00 1.525000000000000000e+11
2.432000000000000000e+03 4.000000000000000000e+00 0.000000000000000000e+00
2.432200000000000273e+03 4.000000000000000000e+00 0.000000000000000000e+00
2.432400000000000091e+03 0.000000000000000000e+00 0.000000000000000000e+00
2.432599999999999909e+03 0.000000000000000000e+00 0.000000000000000000e+00
2.432800000000000182e+03 0.000000000000000000e+00 0.000000000000000000e+00
2.433000000000000000e+03 4.000000000000000000e+00 0.000000000000000000e+00
2.433200000000000273e+03 4.000000000000000000e+00 0.000000000000000000e+00
2.433400000000000091e+03 4.000000000000000000e+00 0.000000000000000000e+00
2.433599999999999909e+03 4.000000000000000000e+00 0.000000000000000000e+00
2.433800000000000182e+03 5.656854249492380582e+00 0.000000000000000000e+00
2.434000000000000000e+03 5.656854249492380582e+00 0.000000000000000000e+00
2.434200000000000273e+03 5.656854249492380582e+00 0.000000000000000000e+00
2.434400000000000091e+03 4.000000000000000000e+00 0.000000000000000000e+00
2.434599999999999909e+03 4.000000000000000000e+00 0.000000000000000000e+00
2.434800000000000182e+03 4.000000000000000000e+00 0.000000000000000000e+00
2.435000000000000000e+03 4.000000000000000000e+00 0.000000000000000000e+00
2.435200000000000273e+03 0.000000000000000000e+00 0.000000000000000000e+00
2.435400000000000091e+03 0.000000000000000000e+00 0.000000000000000000e+00
2.435599999999999909e+03 0.000000000000000000e+00 0.000000000000000000e+00
2.435800000000000182e+03 4.000000000000000000e+00 0.000000000000000000e+00
2.436000000000000000e+03 4.000000000000000000e+00 1.525000000000000000e+11
2.436200000000000273e+03 4.000000000000000000e+00 1.525000000000000000e+11
2.436400000000000091e+03 5.656854249492380582e+00 1.525000000000000000e+11
2.436599999999999909e+03 5.656854249492380582e+00 1.525000000000000000e+11
2.436800000000000182e+03 5.656854249492380582e+00 1.525000000000000000e+11
2.437000000000000000e+03 5.656854249492380582e+00 1.525000000000000000e+11
2.437200000000000273e+03 4.000000000000000000e+00 1.525000000000000000e+11
2.437400000000000091e+03 4.000000000000000000e+00 1.525000000000000000e+11
2.437599999999999909e+03 4.000000000000000000e+00 1.525000000000000000e+11
2.437800000000000182e+03 0.000000000000000000e+00 1.525000000000000000e+11
2.438000000000000000e+03 0.000000000000000000e+00 1.525000000000000000e+11
2.438200000000000273e+03 0.000000000000000000e+00 1.525000000000000000e+11
2.438400000000000091e+03 0.000000000000000000e+00 1.525000000000000000e+11
2.438599999999999909e+03 4.000000000000000000e+00 1.525000000000000000e+11
2.438800000000000182e+03 4.000000000000000000e+00 1.525000000000000000e+11
2.439000000000000000e+03 4.000000000000000000e+00 1.525000000000000000e+11
2.439200000000000273e+03 5.656854249492380582e+00 1.525000000000000000e+11
2.439400000000000091e+03 5.656854249492380582e+00 1.525000000000000000e+11
2.439599999999999909e+03 5.656854249492380582e+00 1.525000000000000000e+11
2.439800000000000182e+03 4.000000000000000000e+00 1.525000000000000000e+11
2.440000000000000000e+03 4.000000000000000000e+00 0.000000000000000000e+00
2.440200000000000273e+03 4.000000000000000000e+00 0.000000000000000000e+00
2.440400000000000091e+03 4.000000000000000000e+00 0.000000000000000000e+00
2.440599999999999909e+03 0.000000000000000000e+00 0.000000000000000000e+00
2.440800000000000182e+03 0.000000000000000000e+00 0.000000000000000000e+00
2.441000000000000000e+03 0.000000000000000000e+00 0.000000000000000000e+00
2.441200000000000273e+03 4.000000000000000000e+00 0.000000000000000000e+00
2.441400000000000091e+03 4.000000000000000000e+00 0.000000000000000000e+00
2.441599999999999909e+03 4.000000000000000000e+00 0.000000000000000000e+00
2.441800000000000182e+03 4.000000000000000000e+00 0.000000000000000000e+00
2.442000000000000000e+03 5.656854249492380582e+00 0.000000000000000000e+00
2.442200000000000273e+03 5.656854249492380582e+00 0.000000000000000000e+00
2.442400000000000091e+03 5.656854249492380582e+00 0.000000000000000000e+00
2.442599999999999909e+03 4.000000000000000000e+00 0.000000000000000000e+00
2.442800000000000182e+03 4.000000000000000000e+00 0.000000000000000000e+00
2.443000000000000000e+03 4.000000000000000000e+00 0.000000000000000000e+00
2.443200000000000273e+03 0.000000000000000000e+00 0.000000000000000000e+00
2.443400000000000091e+03 0.000000000000000000e+00 0.000000000000000000e+00
2.443599999999999909e+03 0.000000000000000000e+00 0.000000000000000000e+00
2.443800000000000182e+03 0.000000000000000000e+00 0.000000000000000000e+00
2.444000000000000000e+03 4.000000000000000000e+00 1.525000000000000000e+11
2.444200000000000273e+03 4.000000000000000000e+00 1.525000000000000000e+11
2.444400000000000091e+03 4.000000000000000000e+00 1.525000000000000000e+11
2.444599999999999909e+03 5.656854249492380582e+00 1.525000000000000000e+11
2.444800000000000182e+03 5.656854249492380582e+00 1.525000000000000000e+11
2.445000000000000000e+03 5.656854249492380582e+00 1.525000000000000000e+11
2.445200000000000273e+03 5.656854249492380582e+00 1.525000000000000000e+11
2.445400000000000091e+03 4.000000000000000000e+00 1.525000000000000000e+11
2.445599999999999909e+03 4.000000000000000000e+00 1.525000000000000000e+11
2.445800000000000182e+03 4.000000000000000000e+00 1.525000000000000000e+11
2.446000000000000000e+03 0.000000000000000000e+00 1.525000000000000000e+11
2.446200000000000273e+03 0.000000000000000000e+00 1.525000000000000000e+11
2.446400000000000091e+03 0.000000000000000000e+00 1.525000000000000000e+11
2.446599999999999909e+03 4.000000000000000000e+00 1.525000000000000000e+11
2.446800000000000182e+03 4.000000000000000000e+00 1.525000000000000000e+11
2.447000000000000000e+03 4.000000000000000000e+00 1.525000000000000000e+11
2.447200000000000273e+03 4.000000000000000000e+00 1.525000000000000000e+11
2.447400000000000091e+03 5.656854249492380582e+00 1.525000000000000000e+11
2.447599999999999909e+03 5.656854249492380582e+00 1.525000000000000000e+11
2.447800000000000182e+03 5.656854249492380582e+00 1.525000000000000000e+11
2.448000000000000000e+03 4.000000000000000000e+00 0.000000000000000000e+00
2.448200000000000273e+03 4.000000000000000000e+00 0.000000000000000000e+00
2.448400000000000091e+03 4.000000000000000000e+00 0.000000000000000000e+00
2.448599999999999909e+03 4.000000000000000000e+00 0.000000000000000000e+00
2.448800000000000182e+03 0.000000000000000000e+00 0.000000000000000000e+00
2.449000000000000000e+03 0.000000000000000000e+00 0.000000000000000000e+00
2.449200000000000273e+03 0.000000000000000000e+00 0.000000000000000000e+00
2.449400000000000091e+03 4.000000000000000000e+00 0.000000000000000000e+00
2.449599999999999909e+03 4.000000000000000000e+00 0.000000000000000000e+00
2.449800000000000182e+03 4.000000000000000000e+00 0.000000000000000000e+00
2.450000000000000000e+03 5.656854249492380582e+00 0.000000000000000000e+00
2.450200000000000273e+03 5.656854249492380582e+00 0.000000000000000000e+00
2.450400000000000091e+03 5.656854249492380582e+00 0.000000000000000000e+00
2.450599999999999909e+03 5.656854249492380582e+00 0.000000000000000000e+00
2.450800000000000182e+03 4.000000000000000000e+00 0.000000000000000000e+00
2.451000000000000000e+03 4.000000000000000000e+00 0.000000000000000000e+00
2.451200000000000273e+03 4.000000000000000000e+00 0.000000000000000000e+00
2.451400000000000091e+03 0.000000000000000000e+00 0.000000000000000000e+00
2.451599999999999909e+03 0.000000000000000000e+00 0.000000000000000000e+00
2.451800000000000182e+03 0.000000000000000000e+00 0.000000000000000000e+00
2.452000000000000000e+03 4.000000000000000000e+00 1.525000000000000000e+11
2.452200000000000273e+03 4.000000000000000000e+00 1.525000000000000000e+11
2.452400000000000091e+03 4.000000000000000000e+00 1.525000000000000000e+11
2.452599999999999909e+03 4.000000000000000000e+00 1.525000000000000000e+11
2.452800000000000182e+03 5.656854249492380582e+00 1.525000000000000000e+11
2.453000000000000000e+03 5.656854249492380582e+00 1.525000000000000000e+11
2.453200000000000273e+03 5.656854249492380582e+00 1.525000000000000000e+11
2.453400000000000091e+03 4.000000000000000000e+00 1.525000000000000000e+11
2.453599999999999909e+03 4.000000000000000000e+00 1.525000000000000000e+11
2.453800000000000182e+03 4.000000000000000000e+00 1.525000000000000000e+11
2.454000000000000000e+03 4.000000000000000000e+00 1.525000000000000000e+11
2.454200000000000273e+03 0.000000000000000000e+00 1.525000000000000000e+11
2.454400000000000091e+03 0.000000000000000000e+00 1.525000000000000000e+11
2.454599999999999909e+03 0.000000000000000000e+00 1.525000000000000000e+11
2.454800000000000182e+03 4.000000000000000000e+00 1.525000000000000000e+11
2.455000000000000000e+03 4.000000000000000000e+00 1.525000000000000000e+11
2.455200000000000273e+03 4.000000000000000000e+00 1.525000000000000000e+11
2.455400000000000091e+03 5.656854249492380582e+00 1.525000000000000000e+11
2.455599999999999909e+03 5.656854249492380582e+00 1.525000000000000000e+11
2.455800000000000182e+03 5.656854249492380582e+00 1.525000000000000000e+11
2.456000000000000000e+03 5.656854249492380582e+00 0.000000000000000000e+00
2.456200000000000273e+03 4.000000000000000000e+00 0.000000000000000000e+00
2.456400000000000091e+03 4.000000000000000000e+00 0.000000000000000000e+00
2.456599999999999909e+03 4.000000000000000000e+00 0.000000000000000000e+00
2.456800000000000182e+03 0.000000000000000000e+00 0.000000000000000000e+00
2.457000000000000000e+03 0.000000000000000000e+00 0.000000000000000000e+00
2.457200000000000273e+03 0.000000000000000000e+00 0.000000000000000000e+00
2.457400000000000091e+03 0.000000000000000000e+00 0.000000000000000000e+00
2.457600000000000364e+03 4.000000000000000000e+00 0.000000000000000000e+00
2.457800000000000182e+03 4.000000000000000000e+00 0.000000000000000000e+00
2.458000000000000000e+03 4.000000000000000000e+00 0.000000000000000000e+00
2.458200000000000273e+03 5.656854249492380582e+00 0.000000000000000000e+00
2.458400000000000091e+03 5.656854249492380582e+00 0.000000000000000000e+00
2.458600000000000364e+03 5.656854249492380582e+00 0.000000000000000000e+00
2.458800000000000182e+03 4.000000000000000000e+00 0.000000000000000000e+00
2.459000000000000000e+03 4.000000000000000000e+00 0.000000000000000000e+00
2.459200000000000273e+03 4.000000000000000000e+00 0.000000000000000000e+00
2.459400000000000091e+03 4.000000000000000000e+00 0.000000000000000000e+00
2.459600000000000364e+03 0.000000000000000000e+00 0.000000000000000000e+00
2.459800000000000182e+03 0.000000000000000000e+00 0.000000000000000000e+00
2.460000000000000000e+03 0.000000000000000000e+00 1.525000000000000000e+11
2.460200000000000273e+03 4.000000000000000000e+00 1.525000000000000000e+11
2.460400000000000091e+03 4.000000000000000000e+00 1.525000000000000000e+11
2.460600000000000364e+03 4.000000000000000000e+00 1.525000000000000000e+11
2.460800000000000182e+03 4.000000000000000000e+00 1.525000000000000000e+11
2.461000000000000000e+03 5.656854249492380582e+00 1.525000000000000000e+11
2.461200000000000273e+03 5.656854249492380582e+00 1.525000000000000000e+11
2.461400000000000091e+03 5.656854249492380582e+00 1.525000000000000000e+11
2.461600000000000364e+03 4.000000000000000000e+00 1.525000000000000000e+11
2.461800000000000182e+03 4.000000000000000000e+00 1.525000000000000000e+11
2.462000000000000000e+03 4.000000000000000000e+00 1.525000000000000000e+11
2.462200000000000273e+03 0.000000000000000000e+00 1.525000000000000000e+11
2.462400000000000091e+03 0.000000000000000000e+00 1.525000000000000000e+11
2.462600000000000364e+03 0.000000000000000000e+00 1.525000000000000000e+11
2.462800000000000182e+03 0.000000000000000000e+00 1.525000000000000000e+11
2.463000000000000000e+03 4.000000000000000000e+00 1.525000000000000000e+11
2.463200000000000273e+03 4.000000000000000000e+00 1.525000000000000000e+11
2.463400000000000091e+03 4.000000000000000000e+00 1.525000000000000000e+11
2.463600000000000364e+03 5.656854249492380582e+00 1.525000000000000000e+11
2.463800000000000182e+03 5.656854249492380582e+00 1.525000000000000000e+11
2.464000000000000000e+03 5.656854249492380582e+00 0.000000000000000000e+00
2.464200000000000273e+03 5.656854249492380582e+00 0.000000000000000000e+00
2.464400000000000091e+03 4.000000000000000000e+00 0.000000000000000000e+00
2.464600000000000364e+03 4.000000000000000000e+00 0.000000000000000000e+00
2.464800000000000182e+03 4.000000000000000000e+00 0.000000000000000000e+00
2.465000000000000000e+03 0.000000000000000000e+00 0.000000000000000000e+00
2.465200000000000273e+03 0.000000000000000000e+00 0.000000000000000000e+00
2.465400000000000091e+03 0.000000000000000000e+00 0.000000000000000000e+00
2.465600000000000364e+03 4.000000000000000000e+00 0.000000000000000000e+00
2.465800000000000182e+03 4.000000000000000000e+00 0.000000000000000000e+00
2.466000000000000000e+03 4.000000000000000000e+00 0.000000000000000000e+00
2.466200000000000273e+03 4.000000000000000000e+00 0.000000000000000000e+00
2.466400000000000091e+03 5.656854249492380582e+00 0.000000000000000000e+00
2.466600000000000364e+03 5.656854249492380582e+00 0.000000000000000000e+00
2.466800000000000182e+03 5.656854249492380582e+00 0.000000000000000000e+00
2.467000000000000000e+03 4.000000000000000000e+00 0.000000000000000000e+00
2.467200000000000273e+03 4.000000000000000000e+00 0.000000000000000000e+00
2.467400000000000091e+03 4.000000000000000000e+00 0.000000000000000000e+00
2.467600000000000364e+03 4.000000000000000000e+00 0.000000000000000000e+00
2.467800000000000182e+03 0.000000000000000000e+00 0.000000000000000000e+00
2.468000000000000000e+03 0.000000000000000000e+00 1.525000000000000000e+11
2.468200000000000273e+03 0.000000000000000000e+00 1.525000000000000000e+11
2.468400000000000091e+03 4.000000000000000000e+00 1.525000000000000000e+11
2.468600000000000364e+03 4.000000000000000000e+00 1.525000000000000000e+11
2.468800000000000182e+03 4.000000000000000000e+00 1.525000000000000000e+11
2.469000000000000000e+03 5.656854249492380582e+00 1.525000000000000000e+11
2.469200000000000273e+03 5.656854249492380582e+00 1.525000000000000000e+11
2.469400000000000091e+03 5.656854249492380582e+00 1.525000000000000000e+11
2.469600000000000364e+03 5.656854249492380582e+00 1.525000000000000000e+11
2.469800000000000182e+03 4.000000000000000000e+00 1.525000000000000000e+11
2.470000000000000000e+03 4.000000000000000000e+00 1.525000000000000000e+11
2.470200000000000273e+03 4.000000000000000000e+00 1.525000000000000000e+11
2.470400000000000091e+03 0.000000000000000000e+00 1.525000000000000000e+11
2.470600000000000364e+03 0.000000000000000000e+00 1.525000000000000000e+11
2.470800000000000182e+03 0.000000000000000000e+00 1.525000000000000000e+11
2.471000000000000000e+03 0.000000000000000000e+00 1.525000000000000000e+11
2.471200000000000273e+03 4.000000000000000000e+00 1.525000000000000000e+11
2.471400000000000091e+03 4.000000000000000000e+00 1.525000000000000000e+11
2.471600000000000364e+03 4.000000000000000000e+00 1.525000000000000000e+11
2.471800000000000182e+03 5.656854249492380582e+00 1.525000000000000000e+11
2.472000000000000000e+03 5.656854249492380582e+00 0.000000000000000000e+00
2.472200000000000273e+03 5.656854249492380582e+00 0.000000000000000000e+00
2.472400000000000091e+03 4.000000000000000000e+00 0.000000000000000000e+00
2.472600000000000364e+03 4.000000000000000000e+00 0.000000000000000000e+00
2.472800000000000182e+03 4.000000000000000000e+00 0.000000000000000000e+00
2.473000000000000000e+03 4.000000000000000000e+00 0.000000000000000000e+00
2.473200000000000273e+03 0.000000000000000000e+00 0.000000000000000000e+00
2.473400000000000091e+03 0.000000000000000000e+00 0.000000000000000000e+00
2.473600000000000364e+03 0.000000000000000000e+00 0.000000000000000000e+00
2.473800000000000182e+03 4.000000000000000000e+00 0.000000000000000000e+00
2.474000000000000000e+03 4.000000000000000000e+00 0.000000000000000000e+00
2.474200000000000273e+03 4.000000000000000000e+00 0.000000000000000000e+00
2.474400000000000091e+03 4.000000000000000000e+00 0.000000000000000000e+00
2.474600000000000364e+03 5.656854249492380582e+00 0.000000000000000000e+00
2.474800000000000182e+03 5.656854249492380582e+00 0.000000000000000000e+00
2.475000000000000000e+03 5.656854249492380582e+00 0.000000000000000000e+00
2.475200000000000273e+03 4.000000000000000000e+00 0.000000000000000000e+00
2.475400000000000091e+03 4.000000000000000000e+00 0.000000000000000000e+00
2.475600000000000364e+03 4.000000000000000000e+00 0.000000000000000000e+00
2.475800000000000182e+03 0.000000000000000000e+00 0.000000000000000000e+00
2.476000000000000000e+03 0.000000000000000000e+00 1.525000000000000000e+11
2.476200000000000273e+03 0.000000000000000000e+00 1.525000000000000000e+11
2.476400000000000091e+03 0.000000000000000000e+00 1.525000000000000000e+11
2.476600000000000364e+03 4.000000000000000000e+00 1.525000000000000000e+11
2.476800000000000182e+03 4.000000000000000000e+00 1.525000000000000000e+11
2.477000000000000000e+03 4.000000000000000000e+00 1.525000000000000000e+11
2.477200000000000273e+03 5.656854249492380582e+00 1.525000000000000000e+11
2.477400000000000091e+03 5.656854249492380582e+00 1.525000000000000000e+11
2.477600000000000364e+03 5.656854249492380582e+00 1.525000000000000000e+11
2.477800000000000182e+03 5.656854249492380582e+00 1.525000000000000000e+11
2.478000000000000000e+03 4.000000000000000000e+00 1.525000000000000000e+11
2.478200000000000273e+03 4.000000000000000000e+00 1.525000000000000000e+11
2.478400000000000091e+03 4.000000000000000000e+00 1.525000000000000000e+11
2.478600000000000364e+03 0.000000000000000000e+00 1.525000000000000000e+11
2.478800000000000182e+03 0.000000000000000000e+00 1.525000000000000000e+11
2.479000000000000000e+03 0.000000000000000000e+00 1.525000000000000000e+11
2.479200000000000273e+03 4.000000000000000000e+00 1.525000000000000000e+11
2.479400000000000091e+03 4.000000000000000000e+00 1.525000000000000000e+11
2.479600000000000364e+03 4.000000000000000000e+00 1.525000000000000000e+11
2.479800000000000182e+03 4.000000000000000000e+00 1.525000000000000000e+11
2.480000000000000000e+03 5.656854249492380582e+00 0.000000000000000000e+00
2.480200000000000273e+03 5.656854249492380582e+00 0.000000000000000000e+00
2.480400000000000091e+03 5.656854249492380582e+00 0.000000000000000000e+00
2.480600000000000364e+03 4.000000000000000000e+00 0.000000000000000000e+00
2.480800000000000182e+03 4.000000000000000000e+00 0.000000000000000000e+00
2.481000000000000000e+03 4.000000000000000000e+00 0.000000000000000000e+00
2.481200000000000273e+03 4.000000000000000000e+00 0.000000000000000000e+00
2.481400000000000091e+03 0.000000000000000000e+00 0.000000000000000000e+00
2.481600000000000364e+03 0.000000000000000000e+00 0.000000000000000000e+00
2.481800000000000182e+03 0.000000000000000000e+00 0.000000000000000000e+00
2.482000000000000000e+03 4.000000000000000000e+00 0.000000000000000000e+00
2.482200000000000273e+03 4.000000000000000000e+00 0.000000000000000000e+00
2.482400000000000091e+03 4.000000000000000000e+00 0.000000000000000000e+00
2.482600000000000364e+03 4.000000000000000000e+00 0.000000000000000000e+00
2.482800000000000182e+03 5.656854249492380582e+00 0.000000000000000000e+00
2.483000000000000000e+03 5.656854249492380582e+00 0.000000000000000000e+00
2.483200000000000273e+03 5.656854249492380582e+00 0.000000000000000000e+00
2.483400000000000091e+03 4.000000000000000000e+00 0.000000000000000000e+00
2.483600000000000364e+03 4.000000000000000000e+00 0.000000000000000000e+00
2.483800000000000182e+03 4.000000000000000000e+00 0.000000000000000000e+00
2.484000000000000000e+03 0.000000000000000000e+00 1.525000000000000000e+11
2.484200000000000273e+03 0.000000000000000000e+00 1.525000000000000000e+11
2.484400000000000091e+03 0.000000000000000000e+00 1.525000000000000000e+11
2.484600000000000364e+03 0.000000000000000000e+00 1.525000000000000000e+11
2.484800000000000182e+03 4.000000000000000000e+00 1.525000000000000000e+11
2.485000000000000000e+03 4.000000000000000000e+00 1.525000000000000000e+11
2.485200000000000273e+03 4.000000000000000000e+00 1.525000000000000000e+11
2.485400000000000091e+03 5.656854249492380582e+00 1.525000000000000000e+11
2.485600000000000364e+03 5.656854249492380582e+00 1.525000000000000000e+11
2.485800000000000182e+03 5.656854249492380582e+00 1.525000000000000000e+11
2.486000000000000000e+03 5.656854249492380582e+00 1.525000000000000000e+11
2.486200000000000273e+03 4.000000000000000000e+00 1.525000000000000000e+11
2.486400000000000091e+03 4.000000000000000000e+00 1.525000000000000000e+11
2.486600000000000364e+03 4.000000000000000000e+00 1.525000000000000000e+11
2.486800000000000182e+03 0.000000000000000000e+00 1.525000000000000000e+11
2.487000000000000000e+03 0.000000000000000000e+00 1.525000000000000000e+11
2.487200000000000273e+03 0.000000000000000000e+00 1.525000000000000000e+11
2.487400000000000091e+03 0.000000000000000000e+00 1.525000000000000000e+11
2.487600000000000364e+03 4.000000000000000000e+00 1.525000000000000000e+11
2.487800000000000182e+03 4.000000000000000000e+00 1.525000000000000000e+11
2.488000000000000000e+03 4.000000000000000000e+00 0.000000000000000000e+00
2.488200000000000273e+03 4.000000000000000000e+00 0.000000000000000000e+00
2.488400000000000091e+03 5.656854249492380582e+00 0.000000000000000000e+00
2.488600000000000364e+03 5.656854249492380582e+00 0.000000000000000000e+00
2.488800000000000182e+03 5.656854249492380582e+00 0.000000000000000000e+00
2.489000000000000000e+03 4.000000000000000000e+00 0.000000000000000000e+00
2.489200000000000273e+03 4.000000000000000000e+00 0.000000000000000000e+00
2.489400000000000091e+03 4.000000000000000000e+00 0.000000000000000000e+00
2.489600000000000364e+03 4.000000000000000000e+00 0.000000000000000000e+00
2.489800000000000182e+03 0.000000000000000000e+00 0.000000000000000000e+00
2.490000000000000000e+03 0.000000000000000000e+00 0.000000000000000000e+00
2.490200000000000273e+03 0.000000000000000000e+00 0.000000000000000000e+00
2.490400000000000091e+03 0.000000000000000000e+00 0.000000000000000000e+00
2.490600000000000364e+03 4.000000000000000000e+00 0.000000000000000000e+00
2.490800000000000182e+03 4.000000000000000000e+00 0.000000000000000000e+00
2.491000000000000000e+03 4.000000000000000000e+00 0.000000000000000000e+00
2.491200000000000273e+03 5.656854249492380582e+00 0.000000000000000000e+00
2.491400000000000091e+03 5.656854249492380582e+00 0.000000000000000000e+00
2.491600000000000364e+03 5.656854249492380582e+00 0.000000000000000000e+00
2.491800000000000182e+03 5.656854249492380582e+00 0.000000000000000000e+00
2.492000000000000000e+03 4.000000000000000000e+00 1.525000000000000000e+11
2.492200000000000273e+03 4.000000000000000000e+00 1.525000000000000000e+11
2.492400000000000091e+03 4.000000000000000000e+00 1.525000000000000000e+11
2.492600000000000364e+03 4.000000000000000000e+00 1.525000000000000000e+11
2.492800000000000182e+03 0.000000000000000000e+00 1.525000000000000000e+11
2.493000000000000000e+03 0.000000000000000000e+00 1.525000000000000000e+11
2.493200000000000273e+03 0.000000000000000000e+00 1.525000000000000000e+11
2.493400000000000091e+03 4.000000000000000000e+00 1.525000000000000000e+11
2.493600000000000364e+03 4.000000000000000000e+00 1.525000000000000000e+11
2.493800000000000182e+03 4.000000000000000000e+00 1.525000000000000000e+11
2.494000000000000000e+03 4.000000000000000000e+00 1.525000000000000000e+11
2.494200000000000273e+03 5.656854249492380582e+00 1.525000000000000000e+11
2.494400000000000091e+03 5.656854249492380582e+00 1.525000000000000000e+11
2.494600000000000364e+03 5.656854249492380582e+00 1.525000000000000000e+11
2.494800000000000182e+03 5.656854249492380582e+00 1.525000000000000000e+11
2.495000000000000000e+03 8.000000000000000000e+00 1.525000000000000000e+11
2.495200000000000273e+03 4.000000000000000000e+00 1.525000000000000000e+11
2.495400000000000091e+03 4.000000000000000000e+00 1.525000000000000000e+11
2.495600000000000364e+03 5.656854249492380582e+00 1.525000000000000000e+11
2.495800000000000182e+03 4.000000000000000000e+00 1.525000000000000000e+11
2.496000000000000000e+03 4.000000000000000000e+00 0.000000000000000000e+00
2.496200000000000273e+03 4.000000000000000000e+00 0.000000000000000000e+00
2.496400000000000091e+03 4.000000000000000000e+00 0.000000000000000000e+00
2.496600000000000364e+03 5.656854249492380582e+00 0.000000000000000000e+00
2.496800000000000182e+03 5.656854249492380582e+00 0.000000000000000000e+00
2.497000000000000000e+03 8.000000000000000000e+00 0.000000000000000000e+00
2.497200000000000273e+03 8.000000000000000000e+00 0.000000000000000000e+00
2.497400000000000091e+03 8.944271909999159220e+00 0.000000000000000000e+00
2.497600000000000364e+03 8.944271909999159220e+00 0.000000000000000000e+00
2.497800000000000182e+03 8.944271909999159220e+00 0.000000000000000000e+00
2.498000000000000000e+03 8.000000000000000000e+00 0.000000000000000000e+00
2.498200000000000273e+03 8.000000000000000000e+00 0.000000000000000000e+00
2.498400000000000091e+03 5.656854249492380582e+00 0.000000000000000000e+00
2.498600000000000364e+03 5.656854249492380582e+00 0.000000000000000000e+00
2.498800000000000182e+03 4.000000000000000000e+00 0.000000000000000000e+00
2.499000000000000000e+03 4.000000000000000000e+00 0.000000000000000000e+00
2.499200000000000273e+03 4.000000000000000000e+00 0.000000000000000000e+00
2.499400000000000091e+03 4.000000000000000000e+00 0.000000000000000000e+00
2.499600000000000364e+03 5.656854249492380582e+00 0.000000000000000000e+00
2.499800000000000182e+03 5.656854249492380582e+00 0.000000000000000000e+00
2.500000000000000000e+03 8.000000000000000000e+00 1.525000000000000000e+11
2.500200000000000273e+03 8.000000000000000000e+00 1.525000000000000000e+11
2.500400000000000091e+03 8.944271909999159220e+00 1.525000000000000000e+11
2.500600000000000364e+03 1.131370849898476116e+01 1.525000000000000000e+11
2.500800000000000182e+03 8.944271909999159220e+00 1.525000000000000000e+11
2.501000000000000000e+03 8.944271909999159220e+00 1.525000000000000000e+11
2.501200000000000273e+03 8.000000000000000000e+00 1.525000000000000000e+11
2.501400000000000091e+03 8.944271909999159220e+00 1.525000000000000000e+11
2.501600000000000364e+03 5.656854249492380582e+00 1.525000000000000000e+11
2.501800000000000182e+03 8.000000000000000000e+00 1.525000000000000000e+11
2.502000000000000000e+03 8.944271909999159220e+00 1.525000000000000000e+11
2.502200000000000273e+03 5.656854249492380582e+00 1.525000000000000000e+11
2.502400000000000091e+03 8.000000000000000000e+00 1.525000000000000000e+11
2.502600000000000364e+03 8.944271909999159220e+00 1.525000000000000000e+11
2.502800000000000182e+03 1.131370849898476116e+01 1.525000000000000000e+11
2.503000000000000000e+03 1.442220510185595650e+01 1.525000000000000000e+11
2.503200000000000273e+03 1.600000000000000000e+01 1.525000000000000000e+11
2.503400000000000091e+03 1.649242250247064234e+01 1.525000000000000000e+11
2.503600000000000364e+03 2.000000000000000000e+01 1.525000000000000000e+11
2.503800000000000182e+03 2.000000000000000000e+01 1.525000000000000000e+11
2.504000000000000000e+03 2.039607805437113797e+01 0.000000000000000000e+00
2.504200000000000273e+03 2.000000000000000000e+01 0.000000000000000000e+00
2.504400000000000091e+03 1.788854381999831844e+01 0.000000000000000000e+00
2.504600000000000364e+03 1.697056274847713908e+01 0.000000000000000000e+00
2.504800000000000182e+03 1.649242250247064234e+01 0.000000000000000000e+00
2.505000000000000000e+03 1.649242250247064234e+01 0.000000000000000000e+00
2.505200000000000273e+03 1.442220510185595650e+01 0.000000000000000000e+00
2.505400000000000091e+03 1.649242250247064234e+01 0.000000000000000000e+00
2.505600000000000364e+03 1.600000000000000000e+01 0.000000000000000000e+00
2.505800000000000182e+03 1.788854381999831844e+01 0.000000000000000000e+00
2.506000000000000000e+03 2.000000000000000000e+01 0.000000000000000000e+00
2.506200000000000273e+03 2.039607805437113797e+01 0.000000000000000000e+00
2.506400000000000091e+03 2.039607805437113797e+01 0.000000000000000000e+00
2.506600000000000364e+03 1.788854381999831844e+01 0.000000000000000000e+00
2.506800000000000182e+03 2.000000000000000000e+01 0.000000000000000000e+00
2.507000000000000000e+03 2.154065922853801496e+01 0.000000000000000000e+00
2.507200000000000273e+03 2.000000000000000000e+01 0.000000000000000000e+00
2.507400000000000091e+03 1.788854381999831844e+01 0.000000000000000000e+00
2.507600000000000364e+03 1.697056274847713908e+01 0.000000000000000000e+00
2.507800000000000182e+03 1.264911064067351809e+01 0.000000000000000000e+00
2.508000000000000000e+03 1.200000000000000000e+01 1.525000000000000000e+11
2.508200000000000273e+03 1.442220510185595650e+01 1.525000000000000000e+11
2.508400000000000091e+03 1.442220510185595650e+01 1.525000000000000000e+11
2.508600000000000364e+03 1.600000000000000000e+01 1.525000000000000000e+11
2.508800000000000182e+03 2.154065922853801496e+01 1.525000000000000000e+11
2.509000000000000000e+03 2.262741699796952233e+01 1.525000000000000000e+11
2.509200000000000273e+03 2.529822128134703618e+01 1.525000000000000000e+11
2.509400000000000091e+03 2.800000000000000000e+01 1.525000000000000000e+11
2.509600000000000364e+03 3.046309242345563462e+01 1.525000000000000000e+11
2.509800000000000182e+03 3.124099870362661591e+01 1.525000000000000000e+11
2.510000000000000000e+03 3.577708763999663688e+01 1.525000000000000000e+11
2.510200000000000273e+03 3.600000000000000000e+01 1.525000000000000000e+11
2.510400000000000091e+03 3.794733192202055250e+01 1.525000000000000000e+11
2.510600000000000364e+03 3.687817782917154830e+01 1.525000000000000000e+11
2.510800000000000182e+03 3.939543120718441571e+01 1.525000000000000000e+11
2.511000000000000000e+03 4.000000000000000000e+01 1.525000000000000000e+11
2.511200000000000273e+03 4.118252056394800320e+01 1.525000000000000000e+11
2.511400000000000091e+03 4.560701700396551672e+01 1.525000000000000000e+11
2.511600000000000364e+03 4.947726750741192348e+01 1.525000000000000000e+11
2.511800000000000182e+03 5.336665625650533684e+01 1.525000000000000000e+11
2.512000000000000000e+03 6.000000000000000000e+01 0.000000000000000000e+00
2.512200000000000273e+03 5.905929224093360119e+01 0.000000000000000000e+00
2.512400000000000091e+03 6.053098380168622583e+01 0.000000000000000000e+00
2.512600000000000364e+03 5.824087911424414443e+01 0.000000000000000000e+00
2.512800000000000182e+03 6.248199740725323181e+01 0.000000000000000000e+00
2.513000000000000000e+03 5.905929224093360119e+01 0.000000000000000000e+00
2.513200000000000273e+03 5.614267539047279598e+01 0.000000000000000000e+00
2.513400000000000091e+03 5.440588203494177577e+01 0.000000000000000000e+00
2.513600000000000364e+03 5.381449618829483938e+01 0.000000000000000000e+00
2.513800000000000182e+03 5.200000000000000000e+01 0.000000000000000000e+00
2.514000000000000000e+03 5.200000000000000000e+01 0.000000000000000000e+00
2.514200000000000273e+03 5.366563145999495532e+01 0.000000000000000000e+00
2.514400000000000091e+03 5.122499389946278825e+01 0.000000000000000000e+00
2.514600000000000364e+03 4.947726750741192348e+01 0.000000000000000000e+00
2.514800000000000182e+03 5.261178575186362139e+01 0.000000000000000000e+00
2.515000000000000000e+03 5.440588203494177577e+01 0.000000000000000000e+00
2.515200000000000273e+03 5.215361924162119323e+01 0.000000000000000000e+00
2.515400000000000091e+03 5.261178575186362139e+01 0.000000000000000000e+00
2.515600000000000364e+03 5.440588203494177577e+01 0.000000000000000000e+00
2.515800000000000182e+03 5.122499389946278825e+01 0.000000000000000000e+00
2.516000000000000000e+03 5.366563145999495532e+01 1.525000000000000000e+11
2.516200000000000273e+03 5.614267539047279598e+01 1.525000000000000000e+11
2.516400000000000091e+03 5.824087911424414443e+01 1.525000000000000000e+11
2.516600000000000364e+03 6.248199740725323181e+01 1.525000000000000000e+11
2.516800000000000182e+03 6.260990336999411454e+01 1.525000000000000000e+11
2.517000000000000000e+03 6.800000000000000000e+01 1.525000000000000000e+11
2.517200000000000273e+03 6.985699678629191567e+01 1.525000000000000000e+11
2.517400000000000091e+03 7.375635565834309659e+01 1.525000000000000000e+11
2.517600000000000364e+03 8.352245207128440541e+01 1.525000000000000000e+11
2.517800000000000182e+03 8.881441324469807341e+01 1.525000000000000000e+11
2.518000000000000000e+03 9.541488353501250685e+01 1.525000000000000000e+11
2.518200000000000273e+03 1.022154587134451020e+02 1.525000000000000000e+11
2.518400000000000091e+03 1.091787525116494493e+02 1.525000000000000000e+11
2.518600000000000364e+03 1.164817582284882889e+02 1.525000000000000000e+11
2.518800000000000182e+03 1.245792920191794906e+02 1.525000000000000000e+11
2.519000000000000000e+03 1.307822617941745307e+02 1.525000000000000000e+11
2.519200000000000273e+03 1.400571312000927833e+02 1.525000000000000000e+11
2.519400000000000091e+03 1.466969665671379914e+02 1.525000000000000000e+11
2.519600000000000364e+03 1.512084653714863975e+02 1.525000000000000000e+11
2.519800000000000182e+03 1.584929020492716063e+02 1.525000000000000000e+11
2.520000000000000000e+03 1.292439553712280826e+02 0.000000000000000000e+00
2.520200000000000273e+03 1.329661611087572908e+02 0.000000000000000000e+00
2.520400000000000091e+03 1.341044369139216883e+02 0.000000000000000000e+00
2.520600000000000364e+03 1.329661611087572908e+02 0.000000000000000000e+00
2.520800000000000182e+03 1.331465358167459101e+02 0.000000000000000000e+00
2.521000000000000000e+03 1.331465358167459101e+02 0.000000000000000000e+00
2.521200000000000273e+03 1.289961239727767861e+02 0.000000000000000000e+00
2.521400000000000091e+03 1.264911064067351703e+02 0.000000000000000000e+00
2.521600000000000364e+03 1.245792920191794906e+02 0.000000000000000000e+00
2.521800000000000182e+03 1.240644993541665855e+02 0.000000000000000000e+00
2.522000000000000000e+03 1.202663710269832649e+02 0.000000000000000000e+00
2.522200000000000273e+03 1.200666481584290750e+02 0.000000000000000000e+00
2.522400000000000091e+03 1.153776408148476520e+02 0.000000000000000000e+00
2.522600000000000364e+03 1.170982493464355798e+02 0.000000000000000000e+00
2.522800000000000182e+03 1.176435293588219366e+02 0.000000000000000000e+00
2.523000000000000000e+03 1.160000000000000000e+02 0.000000000000000000e+00
2.523200000000000273e+03 1.166190378969060077e+02 0.000000000000000000e+00
2.523400000000000091e+03 1.162755348299890699e+02 0.000000000000000000e+00
2.523600000000000364e+03 1.181185844818672024e+02 0.000000000000000000e+00
2.523800000000000182e+03 1.168246549320818701e+02 0.000000000000000000e+00
2.524000000000000000e+03 1.145425685062108272e+02 1.525000000000000000e+11
2.524200000000000273e+03 1.059056183589898126e+02 1.525000000000000000e+11
2.524400000000000091e+03 9.765244492586961655e+01 1.525000000000000000e+11
2.524600000000000364e+03 8.781799360040059810e+01 1.525000000000000000e+11
2.524800000000000182e+03 8.039900496896711957e+01 1.525000000000000000e+11
2.525000000000000000e+03 7.211102550927978427e+01 1.525000000000000000e+11
2.525200000000000273e+03 6.511528238439882443e+01 1.525000000000000000e+11
2.525400000000000091e+03 6.092618484691126923e+01 1.525000000000000000e+11
2.525600000000000364e+03 5.614267539047279598e+01 1.525000000000000000e+11
2.525800000000000182e+03 5.366563145999495532e+01 1.525000000000000000e+11
2.526000000000000000e+03 5.122499389946278825e+01 1.525000000000000000e+11
2.526200000000000273e+03 4.560701700396551672e+01 1.525000000000000000e+11
2.526400000000000091e+03 4.418144406874904462e+01 1.525000000000000000e+11
2.526600000000000364e+03 4.118252056394800320e+01 1.525000000000000000e+11
2.526800000000000182e+03 4.000000000000000000e+01 1.525000000000000000e+11
2.527000000000000000e+03 3.794733192202055250e+01 1.525000000000000000e+11
2.527200000000000273e+03 3.224903099319419653e+01 1.525000000000000000e+11
2.527400000000000091e+03 3.046309242345563462e+01 1.525000000000000000e+11
2.527600000000000364e+03 2.561249694973139412e+01 1.525000000000000000e+11
2.527800000000000182e+03 2.154065922853801496e+01 1.525000000000000000e+11
2.528000000000000000e+03 2.039607805437113797e+01 0.000000000000000000e+00
2.528200000000000273e+03 2.000000000000000000e+01 0.000000000000000000e+00
2.528400000000000091e+03 1.788854381999831844e+01 0.000000000000000000e+00
2.528600000000000364e+03 2.000000000000000000e+01 0.000000000000000000e+00
2.528800000000000182e+03 2.154065922853801496e+01 0.000000000000000000e+00
2.529000000000000000e+03 2.262741699796952233e+01 0.000000000000000000e+00
2.529200000000000273e+03 2.154065922853801496e+01 0.000000000000000000e+00
2.529400000000000091e+03 2.400000000000000000e+01 0.000000000000000000e+00
2.529600000000000364e+03 2.154065922853801496e+01 0.000000000000000000e+00
2.529800000000000182e+03 2.262741699796952233e+01 0.000000000000000000e+00
2.530000000000000000e+03 2.154065922853801496e+01 0.000000000000000000e+00
2.530200000000000273e+03 2.400000000000000000e+01 0.000000000000000000e+00
2.530400000000000091e+03 2.154065922853801496e+01 0.000000000000000000e+00
2.530600000000000364e+03 2.000000000000000000e+01 0.000000000000000000e+00
2.530800000000000182e+03 1.788854381999831844e+01 0.000000000000000000e+00
2.531000000000000000e+03 2.000000000000000000e+01 0.000000000000000000e+00
2.531200000000000273e+03 1.788854381999831844e+01 0.000000000000000000e+00
2.531400000000000091e+03 1.788854381999831844e+01 0.000000000000000000e+00
2.531600000000000364e+03 1.649242250247064234e+01 0.000000000000000000e+00
2.531800000000000182e+03 1.649242250247064234e+01 0.000000000000000000e+00
2.532000000000000000e+03 1.697056274847713908e+01 1.525000000000000000e+11
2.532200000000000273e+03 1.788854381999831844e+01 1.525000000000000000e+11
2.532400000000000091e+03 2.000000000000000000e+01 1.525000000000000000e+11
2.532600000000000364e+03 1.649242250247064234e+01 1.525000000000000000e+11
2.532800000000000182e+03 1.697056274847713908e+01 1.525000000000000000e+11
2.533000000000000000e+03 1.442220510185595650e+01 1.525000000000000000e+11
2.533200000000000273e+03 1.649242250247064234e+01 1.525000000000000000e+11
2.533400000000000091e+03 1.200000000000000000e+01 1.525000000000000000e+11
2.533600000000000364e+03 8.944271909999159220e+00 1.525000000000000000e+11
2.533800000000000182e+03 1.131370849898476116e+01 1.525000000000000000e+11
2.534000000000000000e+03 8.944271909999159220e+00 1.525000000000000000e+11
2.534200000000000273e+03 4.000000000000000000e+00 1.525000000000000000e+11
2.534400000000000091e+03 5.656854249492380582e+00 1.525000000000000000e+11
2.534600000000000364e+03 4.000000000000000000e+00 1.525000000000000000e+11
2.534800000000000182e+03 5.656854249492380582e+00 1.525000000000000000e+11
2.535000000000000000e+03 5.656854249492380582e+00 1.525000000000000000e+11
2.535200000000000273e+03 8.000000000000000000e+00 1.525000000000000000e+11
2.535400000000000091e+03 8.000000000000000000e+00 1.525000000000000000e+11
2.535600000000000364e+03 8.944271909999159220e+00 1.525000000000000000e+11
2.535800000000000182e+03 5.656854249492380582e+00 1.525000000000000000e+11
2.536000000000000000e+03 5.656854249492380582e+00 0.000000000000000000e+00
2.536200000000000273e+03 5.656854249492380582e+00 0.000000000000000000e+00
2.536400000000000091e+03 4.000000000000000000e+00 0.000000000000000000e+00
2.536600000000000364e+03 4.000000000000000000e+00 0.000000000000000000e+00
2.536800000000000182e+03 4.000000000000000000e+00 0.000000000000000000e+00
2.537000000000000000e+03 4.000000000000000000e+00 0.000000000000000000e+00
2.537200000000000273e+03 0.000000000000000000e+00 0.000000000000000000e+00
2.537400000000000091e+03 0.000000000000000000e+00 0.000000000000000000e+00
2.537600000000000364e+03 0.000000000000000000e+00 0.000000000000000000e+00
2.537800000000000182e+03 0.000000000000000000e+00 0.000000000000000000e+00
2.538000000000000000e+03 4.000000000000000000e+00 0.000000000000000000e+00
2.538200000000000273e+03 4.000000000000000000e+00 0.000000000000000000e+00
2.538400000000000091e+03 4.000000000000000000e+00 0.000000000000000000e+00
2.538600000000000364e+03 4.000000000000000000e+00 0.000000000000000000e+00
2.538800000000000182e+03 5.656854249492380582e+00 0.000000000000000000e+00
2.539000000000000000e+03 5.656854249492380582e+00 0.000000000000000000e+00
2.539200000000000273e+03 5.656854249492380582e+00 0.000000000000000000e+00
2.539400000000000091e+03 5.656854249492380582e+00 0.000000000000000000e+00
2.539600000000000364e+03 4.000000000000000000e+00 0.000000000000000000e+00
2.539800000000000182e+03 4.000000000000000000e+00 0.000000000000000000e+00
2.540000000000000000e+03 4.000000000000000000e+00 1.525000000000000000e+11
2.540200000000000273e+03 4.000000000000000000e+00 1.525000000000000000e+11
2.540400000000000091e+03 0.000000000000000000e+00 1.525000000000000000e+11
2.540600000000000364e+03 0.000000000000000000e+00 1.525000000000000000e+11
2.540800000000000182e+03 0.000000000000000000e+00 1.525000000000000000e+11
2.541000000000000000e+03 4.000000000000000000e+00 1.525000000000000000e+11
2.541200000000000273e+03 4.000000000000000000e+00 1.525000000000000000e+11
2.541400000000000091e+03 4.000000000000000000e+00 1.525000000000000000e+11
2.541600000000000364e+03 4.000000000000000000e+00 1.525000000000000000e+11
2.541800000000000182e+03 5.656854249492380582e+00 1.525000000000000000e+11
2.542000000000000000e+03 5.656854249492380582e+00 1.525000000000000000e+11
2.542200000000000273e+03 5.656854249492380582e+00 1.525000000000000000e+11
2.542400000000000091e+03 5.656854249492380582e+00 1.525000000000000000e+11
2.542600000000000364e+03 4.000000000000000000e+00 1.525000000000000000e+11
2.542800000000000182e+03 4.000000000000000000e+00 1.525000000000000000e+11
2.543000000000000000e+03 4.000000000000000000e+00 1.525000000000000000e+11
2.543200000000000273e+03 0.000000000000000000e+00 1.525000000000000000e+11
2.543400000000000091e+03 0.000000000000000000e+00 1.525000000000000000e+11
2.543600000000000364e+03 0.000000000000000000e+00 1.525000000000000000e+11
2.543800000000000182e+03 0.000000000000000000e+00 1.525000000000000000e+11
2.544000000000000000e+03 4.000000000000000000e+00 0.000000000000000000e+00
2.544200000000000273e+03 4.000000000000000000e+00 0.000000000000000000e+00
2.544400000000000091e+03 4.000000000000000000e+00 0.000000000000000000e+00
2.544600000000000364e+03 5.656854249492380582e+00 0.000000000000000000e+00
2.544800000000000182e+03 5.656854249492380582e+00 0.000000000000000000e+00
2.545000000000000000e+03 5.656854249492380582e+00 0.000000000000000000e+00
2.545200000000000273e+03 5.656854249492380582e+00 0.000000000000000000e+00
2.545400000000000091e+03 4.000000000000000000e+00 0.000000000000000000e+00
2.545600000000000364e+03 4.000000000000000000e+00 0.000000000000000000e+00
2.545800000000000182e+03 4.000000000000000000e+00 0.000000000000000000e+00
2.546000000000000000e+03 0.000000000000000000e+00 0.000000000000000000e+00
2.546200000000000273e+03 0.000000000000000000e+00 0.000000000000000000e+00
2.546400000000000091e+03 0.000000000000000000e+00 0.000000000000000000e+00
2.546600000000000364e+03 0.000000000000000000e+00 0.000000000000000000e+00
2.546800000000000182e+03 4.000000000000000000e+00 0.000000000000000000e+00
2.547000000000000000e+03 4.000000000000000000e+00 0.000000000000000000e+00
2.547200000000000273e+03 4.000000000000000000e+00 0.000000000000000000e+00
2.547400000000000091e+03 5.656854249492380582e+00 0.000000000000000000e+00
2.547600000000000364e+03 5.656854249492380582e+00 0.000000000000000000e+00
2.547800000000000182e+03 5.656854249492380582e+00 0.000000000000000000e+00
2.548000000000000000e+03 4.000000000000000000e+00 1.525000000000000000e+11
2.548200000000000273e+03 4.000000000000000000e+00 1.525000000000000000e+11
2.548400000000000091e+03 4.000000000000000000e+00 1.525000000000000000e+11
2.548600000000000364e+03 4.000000000000000000e+00 1.525000000000000000e+11
2.548800000000000182e+03 0.000000000000000000e+00 1.525000000000000000e+11
2.549000000000000000e+03 0.000000000000000000e+00 1.525000000000000000e+11
2.549200000000000273e+03 0.000000000000000000e+00 1.525000000000000000e+11
2.549400000000000091e+03 4.000000000000000000e+00 1.525000000000000000e+11
2.549600000000000364e+03 4.000000000000000000e+00 1.525000000000000000e+11
2.549800000000000182e+03 4.000000000000000000e+00 1.525000000000000000e+11
2.550000000000000000e+03 4.000000000000000000e+00 1.525000000000000000e+11
2.550200000000000273e+03 5.656854249492380582e+00 1.525000000000000000e+11
2.550400000000000091e+03 5.656854249492380582e+00 1.525000000000000000e+11
2.550600000000000364e+03 5.656854249492380582e+00 1.525000000000000000e+11
2.550800000000000182e+03 4.000000000000000000e+00 1.525000000000000000e+11
2.551000000000000000e+03 4.000000000000000000e+00 1.525000000000000000e+11
2.551200000000000273e+03 4.000000000000000000e+00 1.525000000000000000e+11
2.551400000000000091e+03 4.000000000000000000e+00 1.525000000000000000e+11
2.551600000000000364e+03 0.000000000000000000e+00 1.525000000000000000e+11
2.551800000000000182e+03 0.000000000000000000e+00 1.525000000000000000e+11
2.552000000000000000e+03 0.000000000000000000e+00 0.000000000000000000e+00
2.552200000000000273e+03 4.000000000000000000e+00 0.000000000000000000e+00
2.552400000000000091e+03 4.000000000000000000e+00 0.000000000000000000e+00
2.552600000000000364e+03 4.000000000000000000e+00 0.000000000000000000e+00
2.552800000000000182e+03 5.656854249492380582e+00 0.000000000000000000e+00
2.553000000000000000e+03 5.656854249492380582e+00 0.000000000000000000e+00
2.553200000000000273e+03 5.656854249492380582e+00 0.000000000000000000e+00
2.553400000000000091e+03 5.656854249492380582e+00 0.000000000000000000e+00
2.553600000000000364e+03 4.000000000000000000e+00 0.000000000000000000e+00
2.553800000000000182e+03 4.000000000000000000e+00 0.000000000000000000e+00
2.554000000000000000e+03 4.000000000000000000e+00 0.000000000000000000e+00
2.554200000000000273e+03 0.000000000000000000e+00 0.000000000000000000e+00
2.554400000000000091e+03 0.000000000000000000e+00 0.000000000000000000e+00
2.554600000000000364e+03 0.000000000000000000e+00 0.000000000000000000e+00
2.554800000000000182e+03 0.000000000000000000e+00 0.000000000000000000e+00
2.555000000000000000e+03 4.000000000000000000e+00 0.000000000000000000e+00
2.555200000000000273e+03 4.000000000000000000e+00 0.000000000000000000e+00
2.555400000000000091e+03 4.000000000000000000e+00 0.000000000000000000e+00
2.555600000000000364e+03 5.656854249492380582e+00 0.000000000000000000e+00
2.555800000000000182e+03 5.656854249492380582e+00 0.000000000000000000e+00
2.556000000000000000e+03 5.656854249492380582e+00 1.525000000000000000e+11
2.556200000000000273e+03 4.000000000000000000e+00 1.525000000000000000e+11
2.556400000000000091e+03 4.000000000000000000e+00 1.525000000000000000e+11
2.556600000000000364e+03 4.000000000000000000e+00 1.525000000000000000e+11
2.556800000000000182e+03 4.000000000000000000e+00 1.525000000000000000e+11
2.557000000000000000e+03 0.000000000000000000e+00 1.525000000000000000e+11
2.557200000000000273e+03 0.000000000000000000e+00 1.525000000000000000e+11
2.557400000000000091e+03 0.000000000000000000e+00 1.525000000000000000e+11
2.557600000000000364e+03 4.000000000000000000e+00 1.525000000000000000e+11
2.557800000000000182e+03 4.000000000000000000e+00 1.525000000000000000e+11
2.558000000000000000e+03 4.000000000000000000e+00 1.525000000000000000e+11
2.558200000000000273e+03 4.000000000000000000e+00 1.525000000000000000e+11
2.558400000000000091e+03 5.656854249492380582e+00 1.525000000000000000e+11
2.558600000000000364e+03 5.656854249492380582e+00 1.525000000000000000e+11
2.558800000000000182e+03 5.656854249492380582e+00 1.525000000000000000e+11
2.559000000000000000e+03 4.000000000000000000e+00 1.525000000000000000e+11
2.559200000000000273e+03 4.000000000000000000e+00 1.525000000000000000e+11
2.559400000000000091e+03 4.000000000000000000e+00 1.525000000000000000e+11
2.559600000000000364e+03 4.000000000000000000e+00 1.525000000000000000e+11
2.559800000000000182e+03 0.000000000000000000e+00 1.525000000000000000e+11
2.560000000000000000e+03 0.000000000000000000e+00 0.000000000000000000e+00
2.560200000000000273e+03 0.000000000000000000e+00 0.000000000000000000e+00
2.560400000000000091e+03 4.000000000000000000e+00 0.000000000000000000e+00
2.560600000000000364e+03 4.000000000000000000e+00 0.000000000000000000e+00
2.560800000000000182e+03 4.000000000000000000e+00 0.000000000000000000e+00
2.561000000000000000e+03 5.656854249492380582e+00 0.000000000000000000e+00
2.561200000000000273e+03 5.656854249492380582e+00 0.000000000000000000e+00
2.561400000000000091e+03 5.656854249492380582e+00 0.000000000000000000e+00
2.561600000000000364e+03 5.656854249492380582e+00 0.000000000000000000e+00
2.561800000000000182e+03 4.000000000000000000e+00 0.000000000000000000e+00
2.562000000000000000e+03 4.000000000000000000e+00 0.000000000000000000e+00
2.562200000000000273e+03 4.000000000000000000e+00 0.000000000000000000e+00
2.562400000000000091e+03 0.000000000000000000e+00 0.000000000000000000e+00
2.562600000000000364e+03 0.000000000000000000e+00 0.000000000000000000e+00
2.562800000000000182e+03 0.000000000000000000e+00 0.000000000000000000e+00
2.563000000000000000e+03 4.000000000000000000e+00 0.000000000000000000e+00
2.563200000000000273e+03 4.000000000000000000e+00 0.000000000000000000e+00
2.563400000000000091e+03 4.000000000000000000e+00 0.000000000000000000e+00
2.563600000000000364e+03 4.000000000000000000e+00 0.000000000000000000e+00
2.563800000000000182e+03 5.656854249492380582e+00 0.000000000000000000e+00
2.564000000000000000e+03 5.656854249492380582e+00 1.525000000000000000e+11
2.564200000000000273e+03 5.656854249492380582e+00 1.525000000000000000e+11
2.564400000000000091e+03 4.000000000000000000e+00 1.525000000000000000e+11
2.564600000000000364e+03 4.000000000000000000e+00 1.525000000000000000e+11
2.564800000000000182e+03 4.000000000000000000e+00 1.525000000000000000e+11
2.565000000000000000e+03 4.000000000000000000e+00 1.525000000000000000e+11
2.565200000000000273e+03 0.000000000000000000e+00 1.525000000000000000e+11
2.565400000000000091e+03 0.000000000000000000e+00 1.525000000000000000e+11
2.565600000000000364e+03 0.000000000000000000e+00 1.525000000000000000e+11
2.565800000000000182e+03 4.000000000000000000e+00 1.525000000000000000e+11
2.566000000000000000e+03 4.000000000000000000e+00 1.525000000000000000e+11
2.566200000000000273e+03 4.000000000000000000e+00 1.525000000000000000e+11
2.566400000000000091e+03 4.000000000000000000e+00 1.525000000000000000e+11
2.566600000000000364e+03 5.656854249492380582e+00 1.525000000000000000e+11
2.566800000000000182e+03 5.656854249492380582e+00 1.525000000000000000e+11
2.567000000000000000e+03 5.656854249492380582e+00 1.525000000000000000e+11
2.567200000000000273e+03 4.000000000000000000e+00 1.525000000000000000e+11
2.567400000000000091e+03 4.000000000000000000e+00 1.525000000000000000e+11
2.567600000000000364e+03 4.000000000000000000e+00 1.525000000000000000e+11
2.567800000000000182e+03 0.000000000000000000e+00 1.525000000000000000e+11
2.568000000000000000e+03 0.000000000000000000e+00 0.000000000000000000e+00
2.568200000000000273e+03 0.000000000000000000e+00 0.000000000000000000e+00
2.568400000000000091e+03 0.000000000000000000e+00 0.000000000000000000e+00
2.568600000000000364e+03 4.000000000000000000e+00 0.000000000000000000e+00
2.568800000000000182e+03 4.000000000000000000e+00 0.000000000000000000e+00
2.569000000000000000e+03 4.000000000000000000e+00 0.000000000000000000e+00
2.569200000000000273e+03 5.656854249492380582e+00 0.000000000000000000e+00
2.569400000000000091e+03 5.656854249492380582e+00 0.000000000000000000e+00
2.569600000000000364e+03 5.656854249492380582e+00 0.000000000000000000e+00
2.569800000000000182e+03 5.656854249492380582e+00 0.000000000000000000e+00
2.570000000000000000e+03 4.000000000000000000e+00 0.000000000000000000e+00
2.570200000000000273e+03 4.000000000000000000e+00 0.000000000000000000e+00
2.570400000000000091e+03 4.000000000000000000e+00 0.000000000000000000e+00
2.570600000000000364e+03 0.000000000000000000e+00 0.000000000000000000e+00
2.570800000000000182e+03 0.000000000000000000e+00 0.000000000000000000e+00
2.571000000000000000e+03 0.000000000000000000e+00 0.000000000000000000e+00
2.571200000000000273e+03 4.000000000000000000e+00 0.000000000000000000e+00
2.571400000000000091e+03 4.000000000000000000e+00 0.000000000000000000e+00
2.571600000000000364e+03 4.000000000000000000e+00 0.000000000000000000e+00
2.571800000000000182e+03 4.000000000000000000e+00 0.000000000000000000e+00
2.572000000000000000e+03 5.656854249492380582e+00 1.525000000000000000e+11
2.572200000000000273e+03 5.656854249492380582e+00 1.525000000000000000e+11
2.572400000000000091e+03 5.656854249492380582e+00 1.525000000000000000e+11
2.572600000000000364e+03 4.000000000000000000e+00 1.525000000000000000e+11
2.572800000000000182e+03 4.000000000000000000e+00 1.525000000000000000e+11
2.573000000000000000e+03 4.000000000000000000e+00 1.525000000000000000e+11
2.573200000000000273e+03 4.000000000000000000e+00 1.525000000000000000e+11
2.573400000000000091e+03 0.000000000000000000e+00 1.525000000000000000e+11
2.573600000000000364e+03 0.000000000000000000e+00 1.525000000000000000e+11
2.573800000000000182e+03 0.000000000000000000e+00 1.525000000000000000e+11
2.574000000000000000e+03 4.000000000000000000e+00 1.525000000000000000e+11
2.574200000000000273e+03 4.000000000000000000e+00 1.525000000000000000e+11
2.574400000000000091e+03 4.000000000000000000e+00 1.525000000000000000e+11
2.574600000000000364e+03 5.656854249492380582e+00 1.525000000000000000e+11
2.574800000000000182e+03 5.656854249492380582e+00 1.525000000000000000e+11
2.575000000000000000e+03 5.656854249492380582e+00 1.525000000000000000e+11
2.575200000000000273e+03 5.656854249492380582e+00 1.525000000000000000e+11
2.575400000000000091e+03 4.000000000000000000e+00 1.525000000000000000e+11
2.575600000000000364e+03 4.000000000000000000e+00 1.525000000000000000e+11
2.575800000000000182e+03 4.000000000000000000e+00 1.525000000000000000e+11
2.576000000000000000e+03 0.000000000000000000e+00 0.000000000000000000e+00
2.576200000000000273e+03 0.000000000000000000e+00 0.000000000000000000e+00
2.576400000000000091e+03 0.000000000000000000e+00 0.000000000000000000e+00
2.576600000000000364e+03 0.000000000000000000e+00 0.000000000000000000e+00
2.576800000000000182e+03 4.000000000000000000e+00 0.000000000000000000e+00
2.577000000000000000e+03 4.000000000000000000e+00 0.000000000000000000e+00
2.577200000000000273e+03 4.000000000000000000e+00 0.000000000000000000e+00
2.577400000000000091e+03 5.656854249492380582e+00 0.000000000000000000e+00
2.577600000000000364e+03 5.656854249492380582e+00 0.000000000000000000e+00
2.577800000000000182e+03 5.656854249492380582e+00 0.000000000000000000e+00
2.578000000000000000e+03 4.000000000000000000e+00 0.000000000000000000e+00
2.578200000000000273e+03 4.000000000000000000e+00 0.000000000000000000e+00
2.578400000000000091e+03 4.000000000000000000e+00 0.000000000000000000e+00
2.578600000000000364e+03 4.000000000000000000e+00 0.000000000000000000e+00
2.578800000000000182e+03 0.000000000000000000e+00 0.000000000000000000e+00
2.579000000000000000e+03 0.000000000000000000e+00 0.000000000000000000e+00
2.579200000000000273e+03 0.000000000000000000e+00 0.000000000000000000e+00
2.579400000000000091e+03 4.000000000000000000e+00 0.000000000000000000e+00
2.579600000000000364e+03 4.000000000000000000e+00 0.000000000000000000e+00
2.579800000000000182e+03 4.000000000000000000e+00 0.000000000000000000e+00
2.580000000000000000e+03 4.000000000000000000e+00 1.525000000000000000e+11
2.580200000000000273e+03 5.656854249492380582e+00 1.525000000000000000e+11
2.580400000000000091e+03 5.656854249492380582e+00 1.525000000000000000e+11
2.580600000000000364e+03 5.656854249492380582e+00 1.525000000000000000e+11
2.580800000000000182e+03 4.000000000000000000e+00 1.525000000000000000e+11
2.581000000000000000e+03 4.000000000000000000e+00 1.525000000000000000e+11
2.581200000000000273e+03 4.000000000000000000e+00 1.525000000000000000e+11
2.581400000000000091e+03 0.000000000000000000e+00 1.525000000000000000e+11
2.581600000000000364e+03 0.000000000000000000e+00 1.525000000000000000e+11
2.581800000000000182e+03 0.000000000000000000e+00 1.525000000000000000e+11
2.582000000000000000e+03 0.000000000000000000e+00 1.525000000000000000e+11
2.582200000000000273e+03 4.000000000000000000e+00 1.525000000000000000e+11
2.582400000000000091e+03 4.000000000000000000e+00 1.525000000000000000e+11
2.582600000000000364e+03 4.000000000000000000e+00 1.525000000000000000e+11
2.582800000000000182e+03 5.656854249492380582e+00 1.525000000000000000e+11
2.583000000000000000e+03 5.656854249492380582e+00 1.525000000000000000e+11
2.583200000000000273e+03 5.656854249492380582e+00 1.525000000000000000e+11
2.583400000000000091e+03 5.656854249492380582e+00 1.525000000000000000e+11
2.583600000000000364e+03 4.000000000000000000e+00 1.525000000000000000e+11
2.583800000000000182e+03 4.000000000000000000e+00 1.525000000000000000e+11
2.584000000000000000e+03 4.000000000000000000e+00 0.000000000000000000e+00
2.584200000000000273e+03 0.000000000000000000e+00 0.000000000000000000e+00
2.584400000000000091e+03 0.000000000000000000e+00 0.000000000000000000e+00
2.584600000000000364e+03 0.000000000000000000e+00 0.000000000000000000e+00
2.584800000000000182e+03 4.000000000000000000e+00 0.000000000000000000e+00
2.585000000000000000e+03 4.000000000000000000e+00 0.000000000000000000e+00
2.585200000000000273e+03 4.000000000000000000e+00 0.000000000000000000e+00
2.585400000000000091e+03 4.000000000000000000e+00 0.000000000000000000e+00
2.585600000000000364e+03 5.656854249492380582e+00 0.000000000000000000e+00
2.585800000000000182e+03 5.656854249492380582e+00 0.000000000000000000e+00
2.586000000000000000e+03 5.656854249492380582e+00 0.000000000000000000e+00
2.586200000000000273e+03 4.000000000000000000e+00 0.000000000000000000e+00
2.586400000000000091e+03 4.000000000000000000e+00 0.000000000000000000e+00
2.586600000000000364e+03 4.000000000000000000e+00 0.000000000000000000e+00
2.586800000000000182e+03 4.000000000000000000e+00 0.000000000000000000e+00
2.587000000000000000e+03 0.000000000000000000e+00 0.000000000000000000e+00
2.587200000000000273e+03 0.000000000000000000e+00 0.000000000000000000e+00
2.587400000000000091e+03 0.000000000000000000e+00 0.000000000000000000e+00
2.587600000000000364e+03 4.000000000000000000e+00 0.000000000000000000e+00
2.587800000000000182e+03 4.000000000000000000e+00 0.000000000000000000e+00
2.588000000000000000e+03 4.000000000000000000e+00 1.525000000000000000e+11
2.588200000000000273e+03 5.656854249492380582e+00 1.525000000000000000e+11
2.588400000000000091e+03 5.656854249492380582e+00 1.525000000000000000e+11
2.588600000000000364e+03 5.656854249492380582e+00 1.525000000000000000e+11
2.588800000000000182e+03 5.656854249492380582e+00 1.525000000000000000e+11
2.589000000000000000e+03 4.000000000000000000e+00 1.525000000000000000e+11
2.589200000000000273e+03 4.000000000000000000e+00 1.525000000000000000e+11
2.589400000000000091e+03 4.000000000000000000e+00 1.525000000000000000e+11
2.589600000000000364e+03 4.000000000000000000e+00 1.525000000000000000e+11
2.589800000000000182e+03 0.000000000000000000e+00 1.525000000000000000e+11
2.590000000000000000e+03 0.000000000000000000e+00 1.525000000000000000e+11
2.590200000000000273e+03 4.000000000000000000e+00 1.525000000000000000e+11
2.590400000000000091e+03 4.000000000000000000e+00 1.525000000000000000e+11
2.590600000000000364e+03 4.000000000000000000e+00 1.525000000000000000e+11
2.590800000000000182e+03 4.000000000000000000e+00 1.525000000000000000e+11
2.591000000000000000e+03 4.000000000000000000e+00 1.525000000000000000e+11
2.591200000000000273e+03 5.656854249492380582e+00 1.525000000000000000e+11
2.591400000000000091e+03 5.656854249492380582e+00 1.525000000000000000e+11
2.591600000000000364e+03 4.000000000000000000e+00 1.525000000000000000e+11
2.591800000000000182e+03 4.000000000000000000e+00 1.525000000000000000e+11
2.592000000000000000e+03 4.000000000000000000e+00 0.000000000000000000e+00
2.592200000000000273e+03 4.000000000000000000e+00 0.000000000000000000e+00
2.592400000000000091e+03 0.000000000000000000e+00 0.000000000000000000e+00
2.592600000000000364e+03 0.000000000000000000e+00 0.000000000000000000e+00
2.592800000000000182e+03 0.000000000000000000e+00 0.000000000000000000e+00
2.593000000000000000e+03 4.000000000000000000e+00 0.000000000000000000e+00
2.593200000000000273e+03 4.000000000000000000e+00 0.000000000000000000e+00
2.593400000000000091e+03 4.000000000000000000e+00 0.000000000000000000e+00
2.593600000000000364e+03 4.000000000000000000e+00 0.000000000000000000e+00
2.593800000000000182e+03 5.656854249492380582e+00 0.000000000000000000e+00
2.594000000000000000e+03 5.656854249492380582e+00 0.000000000000000000e+00
2.594200000000000273e+03 4.000000000000000000e+00 0.000000000000000000e+00
2.594400000000000091e+03 4.000000000000000000e+00 0.000000000000000000e+00
2.594600000000000364e+03 4.000000000000000000e+00 0.000000000000000000e+00
2.594800000000000182e+03 4.000000000000000000e+00 0.000000000000000000e+00
2.595000000000000000e+03 0.000000000000000000e+00 0.000000000000000000e+00
2.595200000000000273e+03 0.000000000000000000e+00 0.000000000000000000e+00
2.595400000000000091e+03 0.000000000000000000e+00 0.000000000000000000e+00
2.595600000000000364e+03 4.000000000000000000e+00 0.000000000000000000e+00
2.595800000000000182e+03 4.000000000000000000e+00 0.000000000000000000e+00
2.596000000000000000e+03 4.000000000000000000e+00 1.525000000000000000e+11
2.596200000000000273e+03 5.656854249492380582e+00 1.525000000000000000e+11
2.596400000000000091e+03 5.656854249492380582e+00 1.525000000000000000e+11
2.596600000000000364e+03 4.000000000000000000e+00 1.525000000000000000e+11
2.596800000000000182e+03 4.000000000000000000e+00 1.525000000000000000e+11
2.597000000000000000e+03 4.000000000000000000e+00 1.525000000000000000e+11
2.597200000000000273e+03 4.000000000000000000e+00 1.525000000000000000e+11
2.597400000000000091e+03 5.656854249492380582e+00 1.525000000000000000e+11
2.597600000000000364e+03 5.656854249492380582e+00 1.525000000000000000e+11
2.597800000000000182e+03 4.000000000000000000e+00 1.525000000000000000e+11
2.598000000000000000e+03 4.000000000000000000e+00 1.525000000000000000e+11
2.598200000000000273e+03 4.000000000000000000e+00 1.525000000000000000e+11
2.598400000000000091e+03 4.000000000000000000e+00 1.525000000000000000e+11
2.598600000000000364e+03 5.656854249492380582e+00 1.525000000000000000e+11
2.598800000000000182e+03 5.656854249492380582e+00 1.525000000000000000e+11
2.599000000000000000e+03 4.000000000000000000e+00 1.525000000000000000e+11
2.599200000000000273e+03 4.000000000000000000e+00 1.525000000000000000e+11
2.599400000000000091e+03 4.000000000000000000e+00 1.525000000000000000e+11
2.599600000000000364e+03 4.000000000000000000e+00 1.525000000000000000e+11
2.599800000000000182e+03 5.656854249492380582e+00 1.525000000000000000e+11
