2.600000000000000000e+03 5.656854249492380582e+00 0.000000000000000000e+00
2.600200000000000273e+03 4.000000000000000000e+00 0.000000000000000000e+00
2.600400000000000091e+03 4.000000000000000000e+00 0.000000000000000000e+00
2.600600000000000364e+03 5.656854249492380582e+00 0.000000000000000000e+00
2.600800000000000182e+03 5.656854249492380582e+00 0.000000000000000000e+00
2.601000000000000000e+03 5.656854249492380582e+00 0.000000000000000000e+00
2.601200000000000273e+03 5.656854249492380582e+00 0.000000000000000000e+00
2.601400000000000091e+03 5.656854249492380582e+00 0.000000000000000000e+00
2.601600000000000364e+03 5.656854249492380582e+00 0.000000000000000000e+00
2.601800000000000182e+03 4.000000000000000000e+00 0.000000000000000000e+00
2.602000000000000000e+03 5.656854249492380582e+00 0.000000000000000000e+00
2.602200000000000273e+03 0.000000000000000000e+00 0.000000000000000000e+00
2.602400000000000091e+03 4.000000000000000000e+00 0.000000000000000000e+00
2.602600000000000364e+03 5.656854249492380582e+00 0.000000000000000000e+00
2.602800000000000182e+03 5.656854249492380582e+00 0.000000000000000000e+00
2.603000000000000000e+03 5.656854249492380582e+00 0.000000000000000000e+00
2.603200000000000273e+03 5.656854249492380582e+00 0.000000000000000000e+00
2.603400000000000091e+03 5.656854249492380582e+00 0.000000000000000000e+00
2.603600000000000364e+03 5.656854249492380582e+00 0.000000000000000000e+00
2.603800000000000182e+03 5.656854249492380582e+00 0.000000000000000000e+00
2.604000000000000000e+03 5.656854249492380582e+00 1.550000100000000000e+11
2.604200000000000273e+03 5.656854249492380582e+00 1.550000100000000000e+11
2.604400000000000091e+03 5.656854249492380582e+00 1.550000100000000000e+11
2.604600000000000364e+03 4.000000000000000000e+00 1.550000100000000000e+11
2.604800000000000182e+03 4.000000000000000000e+00 1.550000100000000000e+11
2.605000000000000000e+03 5.656854249492380582e+00 1.550000100000000000e+11
2.605200000000000273e+03 4.000000000000000000e+00 1.550000100000000000e+11
2.605400000000000091e+03 0.000000000000000000e+00 1.550000100000000000e+11
2.605600000000000364e+03 0.000000000000000000e+00 1.550000100000000000e+11
2.605800000000000182e+03 5.656854249492380582e+00 1.550000100000000000e+11
2.606000000000000000e+03 5.656854249492380582e+00 1.550000100000000000e+11
2.606200000000000273e+03 5.656854249492380582e+00 1.550000100000000000e+11
2.606400000000000091e+03 5.656854249492380582e+00 1.550000100000000000e+11
2.606600000000000364e+03 5.656854249492380582e+00 1.550000100000000000e+11
2.606800000000000182e+03 5.656854249492380582e+00 1.550000100000000000e+11
2.607000000000000000e+03 5.656854249492380582e+00 1.550000100000000000e+11
2.607200000000000273e+03 4.000000000000000000e+00 1.550000100000000000e+11
2.607400000000000091e+03 4.000000000000000000e+00 1.550000100000000000e+11
2.607600000000000364e+03 4.000000000000000000e+00 1.550000100000000000e+11
2.607800000000000182e+03 0.000000000000000000e+00 1.550000100000000000e+11
2.608000000000000000e+03 0.000000000000000000e+00 0.000000000000000000e+00
2.608200000000000273e+03 0.000000000000000000e+00 0.000000000000000000e+00
2.608400000000000091e+03 0.000000000000000000e+00 0.000000000000000000e+00
2.608600000000000364e+03 4.000000000000000000e+00 0.000000000000000000e+00
2.608800000000000182e+03 5.656854249492380582e+00 0.000000000000000000e+00
2.609000000000000000e+03 5.656854249492380582e+00 0.000000000000000000e+00
2.609200000000000273e+03 5.656854249492380582e+00 0.000000000000000000e+00
2.609400000000000091e+03 5.656854249492380582e+00 0.000000000000000000e+00
2.609600000000000364e+03 5.656854249492380582e+00 0.000000000000000000e+00
2.609800000000000182e+03 5.656854249492380582e+00 0.000000000000000000e+00
2.610000000000000000e+03 4.000000000000000000e+00 0.000000000000000000e+00
2.610200000000000273e+03 4.000000000000000000e+00 0.000000000000000000e+00
2.610400000000000091e+03 4.000000000000000000e+00 0.000000000000000000e+00
2.610600000000000364e+03 0.000000000000000000e+00 0.000000000000000000e+00
2.610800000000000182e+03 0.000000000000000000e+00 0.000000000000000000e+00
2.611000000000000000e+03 0.000000000000000000e+00 0.000000000000000000e+00
2.611200000000000273e+03 4.000000000000000000e+00 0.000000000000000000e+00
2.611400000000000091e+03 4.000000000000000000e+00 0.000000000000000000e+00
2.611600000000000364e+03 5.656854249492380582e+00 0.000000000000000000e+00
2.611800000000000182e+03 5.656854249492380582e+00 0.000000000000000000e+00
2.612000000000000000e+03 5.656854249492380582e+00 1.550000100000000000e+11
2.612200000000000273e+03 5.656854249492380582e+00 1.550000100000000000e+11
2.612400000000000091e+03 5.656854249492380582e+00 1.550000100000000000e+11
2.612600000000000364e+03 5.656854249492380582e+00 1.550000100000000000e+11
2.612800000000000182e+03 4.000000000000000000e+00 1.550000100000000000e+11
2.613000000000000000e+03 4.000000000000000000e+00 1.550000100000000000e+11
2.613200000000000273e+03 4.000000000000000000e+00 1.550000100000000000e+11
2.613400000000000091e+03 0.000000000000000000e+00 1.550000100000000000e+11
2.613600000000000364e+03 0.000000000000000000e+00 1.550000100000000000e+11
2.613800000000000182e+03 0.000000000000000000e+00 1.550000100000000000e+11
2.614000000000000000e+03 4.000000000000000000e+00 1.550000100000000000e+11
2.614200000000000273e+03 4.000000000000000000e+00 1.550000100000000000e+11
2.614400000000000091e+03 4.000000000000000000e+00 1.550000100000000000e+11
2.614600000000000364e+03 5.656854249492380582e+00 1.550000100000000000e+11
2.614800000000000182e+03 5.656854249492380582e+00 1.550000100000000000e+11
2.615000000000000000e+03 5.656854249492380582e+00 1.550000100000000000e+11
2.615200000000000273e+03 5.656854249492380582e+00 1.550000100000000000e+11
2.615400000000000091e+03 4.000000000000000000e+00 1.550000100000000000e+11
2.615600000000000364e+03 4.000000000000000000e+00 1.550000100000000000e+11
2.615800000000000182e+03 4.000000000000000000e+00 1.550000100000000000e+11
2.616000000000000000e+03 0.000000000000000000e+00 0.000000000000000000e+00
2.616200000000000273e+03 0.000000000000000000e+00 0.000000000000000000e+00
2.616400000000000091e+03 0.000000000000000000e+00 0.000000000000000000e+00
2.616600000000000364e+03 0.000000000000000000e+00 0.000000000000000000e+00
2.616800000000000182e+03 4.000000000000000000e+00 0.000000000000000000e+00
2.617000000000000000e+03 4.000000000000000000e+00 0.000000000000000000e+00
2.617200000000000273e+03 5.656854249492380582e+00 0.000000000000000000e+00
2.617400000000000091e+03 5.656854249492380582e+00 0.000000000000000000e+00
2.617600000000000364e+03 5.656854249492380582e+00 0.000000000000000000e+00
2.617800000000000182e+03 5.656854249492380582e+00 0.000000000000000000e+00
2.618000000000000000e+03 4.000000000000000000e+00 0.000000000000000000e+00
2.618200000000000273e+03 4.000000000000000000e+00 0.000000000000000000e+00
2.618400000000000091e+03 4.000000000000000000e+00 0.000000000000000000e+00
2.618600000000000364e+03 4.000000000000000000e+00 0.000000000000000000e+00
2.618800000000000182e+03 0.000000000000000000e+00 0.000000000000000000e+00
2.619000000000000000e+03 0.000000000000000000e+00 0.000000000000000000e+00
2.619200000000000273e+03 0.000000000000000000e+00 0.000000000000000000e+00
2.619400000000000091e+03 4.000000000000000000e+00 0.000000000000000000e+00
2.619600000000000364e+03 4.000000000000000000e+00 0.000000000000000000e+00
2.619800000000000182e+03 4.000000000000000000e+00 0.000000000000000000e+00
2.620000000000000000e+03 5.656854249492380582e+00 1.550000100000000000e+11
2.620200000000000273e+03 5.656854249492380582e+00 1.550000100000000000e+11
2.620400000000000091e+03 5.656854249492380582e+00 1.550000100000000000e+11
2.620600000000000364e+03 5.656854249492380582e+00 1.550000100000000000e+11
2.620800000000000182e+03 4.000000000000000000e+00 1.550000100000000000e+11
2.621000000000000000e+03 4.000000000000000000e+00 1.550000100000000000e+11
2.621200000000000273e+03 4.000000000000000000e+00 1.550000100000000000e+11
2.621400000000000091e+03 0.000000000000000000e+00 1.550000100000000000e+11
2.621600000000000364e+03 0.000000000000000000e+00 1.550000100000000000e+11
2.621800000000000182e+03 0.000000000000000000e+00 1.550000100000000000e+11
2.622000000000000000e+03 0.000000000000000000e+00 1.550000100000000000e+11
2.622200000000000273e+03 4.000000000000000000e+00 1.550000100000000000e+11
2.622400000000000091e+03 4.000000000000000000e+00 1.550000100000000000e+11
2.622600000000000364e+03 4.000000000000000000e+00 1.550000100000000000e+11
2.622800000000000182e+03 5.656854249492380582e+00 1.550000100000000000e+11
2.623000000000000000e+03 5.656854249492380582e+00 1.550000100000000000e+11
2.623200000000000273e+03 5.656854249492380582e+00 1.550000100000000000e+11
2.623400000000000091e+03 5.656854249492380582e+00 1.550000100000000000e+11
2.623600000000000364e+03 4.000000000000000000e+00 1.550000100000000000e+11
2.623800000000000182e+03 4.000000000000000000e+00 1.550000100000000000e+11
2.624000000000000000e+03 4.000000000000000000e+00 0.000000000000000000e+00
2.624200000000000273e+03 0.000000000000000000e+00 0.000000000000000000e+00
2.624400000000000091e+03 0.000000000000000000e+00 0.000000000000000000e+00
2.624600000000000364e+03 0.000000000000000000e+00 0.000000000000000000e+00
2.624800000000000182e+03 4.000000000000000000e+00 0.000000000000000000e+00
2.625000000000000000e+03 4.000000000000000000e+00 0.000000000000000000e+00
2.625200000000000273e+03 4.000000000000000000e+00 0.000000000000000000e+00
2.625400000000000091e+03 4.000000000000000000e+00 0.000000000000000000e+00
2.625600000000000364e+03 5.656854249492380582e+00 0.000000000000000000e+00
2.625800000000000182e+03 5.656854249492380582e+00 0.000000000000000000e+00
2.626000000000000000e+03 5.656854249492380582e+00 0.000000000000000000e+00
2.626200000000000273e+03 4.000000000000000000e+00 0.000000000000000000e+00
2.626400000000000091e+03 4.000000000000000000e+00 0.000000000000000000e+00
2.626600000000000364e+03 4.000000000000000000e+00 0.000000000000000000e+00
2.626800000000000182e+03 4.000000000000000000e+00 0.000000000000000000e+00
2.627000000000000000e+03 0.000000000000000000e+00 0.000000000000000000e+00
2.627200000000000273e+03 0.000000000000000000e+00 0.000000000000000000e+00
2.627400000000000091e+03 0.000000000000000000e+00 0.000000000000000000e+00
2.627600000000000364e+03 4.000000000000000000e+00 0.000000000000000000e+00
2.627800000000000182e+03 4.000000000000000000e+00 0.000000000000000000e+00
2.628000000000000000e+03 4.000000000000000000e+00 1.550000100000000000e+11
2.628200000000000273e+03 5.656854249492380582e+00 1.550000100000000000e+11
2.628400000000000091e+03 5.656854249492380582e+00 1.550000100000000000e+11
2.628600000000000364e+03 5.656854249492380582e+00 1.550000100000000000e+11
2.628800000000000182e+03 5.656854249492380582e+00 1.550000100000000000e+11
2.629000000000000000e+03 4.000000000000000000e+00 1.550000100000000000e+11
2.629200000000000273e+03 4.000000000000000000e+00 1.550000100000000000e+11
2.629400000000000091e+03 4.000000000000000000e+00 1.550000100000000000e+11
2.629600000000000364e+03 0.000000000000000000e+00 1.550000100000000000e+11
2.629800000000000182e+03 0.000000000000000000e+00 1.550000100000000000e+11
2.630000000000000000e+03 0.000000000000000000e+00 1.550000100000000000e+11
2.630200000000000273e+03 4.000000000000000000e+00 1.550000100000000000e+11
2.630400000000000091e+03 4.000000000000000000e+00 1.550000100000000000e+11
2.630600000000000364e+03 4.000000000000000000e+00 1.550000100000000000e+11
2.630800000000000182e+03 4.000000000000000000e+00 1.550000100000000000e+11
2.631000000000000000e+03 5.656854249492380582e+00 1.550000100000000000e+11
2.631200000000000273e+03 5.656854249492380582e+00 1.550000100000000000e+11
2.631400000000000091e+03 5.656854249492380582e+00 1.550000100000000000e+11
2.631600000000000364e+03 4.000000000000000000e+00 1.550000100000000000e+11
2.631800000000000182e+03 4.000000000000000000e+00 1.550000100000000000e+11
2.632000000000000000e+03 4.000000000000000000e+00 0.000000000000000000e+00
2.632200000000000273e+03 4.000000000000000000e+00 0.000000000000000000e+00
2.632400000000000091e+03 0.000000000000000000e+00 0.000000000000000000e+00
2.632600000000000364e+03 0.000000000000000000e+00 0.000000000000000000e+00
2.632800000000000182e+03 0.000000000000000000e+00 0.000000000000000000e+00
2.633000000000000000e+03 4.000000000000000000e+00 0.000000000000000000e+00
2.633200000000000273e+03 4.000000000000000000e+00 0.000000000000000000e+00
2.633400000000000091e+03 4.000000000000000000e+00 0.000000000000000000e+00
2.633600000000000364e+03 5.656854249492380582e+00 0.000000000000000000e+00
2.633800000000000182e+03 5.656854249492380582e+00 0.000000000000000000e+00
2.634000000000000000e+03 5.656854249492380582e+00 0.000000000000000000e+00
2.634200000000000273e+03 5.656854249492380582e+00 0.000000000000000000e+00
2.634400000000000091e+03 4.000000000000000000e+00 0.000000000000000000e+00
2.634600000000000364e+03 4.000000000000000000e+00 0.000000000000000000e+00
2.634800000000000182e+03 4.000000000000000000e+00 0.000000000000000000e+00
2.635000000000000000e+03 0.000000000000000000e+00 0.000000000000000000e+00
2.635200000000000273e+03 0.000000000000000000e+00 0.000000000000000000e+00
2.635400000000000091e+03 0.000000000000000000e+00 0.000000000000000000e+00
2.635600000000000364e+03 0.000000000000000000e+00 0.000000000000000000e+00
2.635800000000000182e+03 4.000000000000000000e+00 0.000000000000000000e+00
2.636000000000000000e+03 4.000000000000000000e+00 1.550000100000000000e+11
2.636200000000000273e+03 4.000000000000000000e+00 1.550000100000000000e+11
2.636400000000000091e+03 5.656854249492380582e+00 1.550000100000000000e+11
2.636600000000000364e+03 5.656854249492380582e+00 1.550000100000000000e+11
2.636800000000000182e+03 5.656854249492380582e+00 1.550000100000000000e+11
2.637000000000000000e+03 4.000000000000000000e+00 1.550000100000000000e+11
2.637200000000000273e+03 4.000000000000000000e+00 1.550000100000000000e+11
2.637400000000000091e+03 4.000000000000000000e+00 1.550000100000000000e+11
2.637600000000000364e+03 4.000000000000000000e+00 1.550000100000000000e+11
2.637800000000000182e+03 0.000000000000000000e+00 1.550000100000000000e+11
2.638000000000000000e+03 0.000000000000000000e+00 1.550000100000000000e+11
2.638200000000000273e+03 0.000000000000000000e+00 1.550000100000000000e+11
2.638400000000000091e+03 4.000000000000000000e+00 1.550000100000000000e+11
2.638600000000000364e+03 4.000000000000000000e+00 1.550000100000000000e+11
2.638800000000000182e+03 4.000000000000000000e+00 1.550000100000000000e+11
2.639000000000000000e+03 4.000000000000000000e+00 1.550000100000000000e+11
2.639200000000000273e+03 5.656854249492380582e+00 1.550000100000000000e+11
2.639400000000000091e+03 5.656854249492380582e+00 1.550000100000000000e+11
2.639600000000000364e+03 5.656854249492380582e+00 1.550000100000000000e+11
2.639800000000000182e+03 4.000000000000000000e+00 1.550000100000000000e+11
2.640000000000000000e+03 4.000000000000000000e+00 0.000000000000000000e+00
2.640200000000000273e+03 4.000000000000000000e+00 0.000000000000000000e+00
2.640400000000000091e+03 0.000000000000000000e+00 0.000000000000000000e+00
2.640600000000000364e+03 0.000000000000000000e+00 0.000000000000000000e+00
2.640800000000000182e+03 0.000000000000000000e+00 0.000000000000000000e+00
2.641000000000000000e+03 0.000000000000000000e+00 0.000000000000000000e+00
2.641200000000000273e+03 4.000000000000000000e+00 0.000000000000000000e+00
2.641400000000000091e+03 4.000000000000000000e+00 0.000000000000000000e+00
2.641600000000000364e+03 4.000000000000000000e+00 0.000000000000000000e+00
2.641800000000000182e+03 5.656854249492380582e+00 0.000000000000000000e+00
2.642000000000000000e+03 5.656854249492380582e+00 0.000000000000000000e+00
2.642200000000000273e+03 5.656854249492380582e+00 0.000000000000000000e+00
2.642400000000000091e+03 5.656854249492380582e+00 0.000000000000000000e+00
2.642600000000000364e+03 4.000000000000000000e+00 0.000000000000000000e+00
2.642800000000000182e+03 4.000000000000000000e+00 0.000000000000000000e+00
2.643000000000000000e+03 4.000000000000000000e+00 0.000000000000000000e+00
2.643200000000000273e+03 0.000000000000000000e+00 0.000000000000000000e+00
2.643400000000000091e+03 0.000000000000000000e+00 0.000000000000000000e+00
2.643600000000000364e+03 0.000000000000000000e+00 0.000000000000000000e+00
2.643800000000000182e+03 4.000000000000000000e+00 0.000000000000000000e+00
2.644000000000000000e+03 4.000000000000000000e+00 1.550000100000000000e+11
2.644200000000000273e+03 4.000000000000000000e+00 1.550000100000000000e+11
2.644400000000000091e+03 4.000000000000000000e+00 1.550000100000000000e+11
2.644600000000000364e+03 5.656854249492380582e+00 1.550000100000000000e+11
2.644800000000000182e+03 5.656854249492380582e+00 1.550000100000000000e+11
2.645000000000000000e+03 5.656854249492380582e+00 1.550000100000000000e+11
2.645200000000000273e+03 4.000000000000000000e+00 1.550000100000000000e+11
2.645400000000000091e+03 4.000000000000000000e+00 1.550000100000000000e+11
2.645600000000000364e+03 4.000000000000000000e+00 1.550000100000000000e+11
2.645800000000000182e+03 4.000000000000000000e+00 1.550000100000000000e+11
2.646000000000000000e+03 0.000000000000000000e+00 1.550000100000000000e+11
2.646200000000000273e+03 0.000000000000000000e+00 1.550000100000000000e+11
2.646400000000000091e+03 0.000000000000000000e+00 1.550000100000000000e+11
2.646600000000000364e+03 4.000000000000000000e+00 1.550000100000000000e+11
2.646800000000000182e+03 4.000000000000000000e+00 1.550000100000000000e+11
2.647000000000000000e+03 4.000000000000000000e+00 1.550000100000000000e+11
2.647200000000000273e+03 5.656854249492380582e+00 1.550000100000000000e+11
2.647400000000000091e+03 5.656854249492380582e+00 1.550000100000000000e+11
2.647600000000000364e+03 5.656854249492380582e+00 1.550000100000000000e+11
2.647800000000000182e+03 5.656854249492380582e+00 1.550000100000000000e+11
2.648000000000000000e+03 4.000000000000000000e+00 0.000000000000000000e+00
2.648200000000000273e+03 4.000000000000000000e+00 0.000000000000000000e+00
2.648400000000000091e+03 4.000000000000000000e+00 0.000000000000000000e+00
2.648600000000000364e+03 0.000000000000000000e+00 0.000000000000000000e+00
2.648800000000000182e+03 0.000000000000000000e+00 0.000000000000000000e+00
2.649000000000000000e+03 0.000000000000000000e+00 0.000000000000000000e+00
2.649200000000000273e+03 4.000000000000000000e+00 0.000000000000000000e+00
2.649400000000000091e+03 4.000000000000000000e+00 0.000000000000000000e+00
2.649600000000000364e+03 4.000000000000000000e+00 0.000000000000000000e+00
2.649800000000000182e+03 4.000000000000000000e+00 0.000000000000000000e+00
2.650000000000000000e+03 5.656854249492380582e+00 0.000000000000000000e+00
2.650200000000000273e+03 5.656854249492380582e+00 0.000000000000000000e+00
2.650400000000000091e+03 5.656854249492380582e+00 0.000000000000000000e+00
2.650600000000000364e+03 4.000000000000000000e+00 0.000000000000000000e+00
2.650800000000000182e+03 4.000000000000000000e+00 0.000000000000000000e+00
2.651000000000000000e+03 4.000000000000000000e+00 0.000000000000000000e+00
2.651200000000000273e+03 4.000000000000000000e+00 0.000000000000000000e+00
2.651400000000000091e+03 0.000000000000000000e+00 0.000000000000000000e+00
2.651600000000000364e+03 0.000000000000000000e+00 0.000000000000000000e+00
2.651800000000000182e+03 0.000000000000000000e+00 0.000000000000000000e+00
2.652000000000000000e+03 4.000000000000000000e+00 1.550000100000000000e+11
2.652200000000000273e+03 4.000000000000000000e+00 1.550000100000000000e+11
2.652400000000000091e+03 4.000000000000000000e+00 1.550000100000000000e+11
2.652600000000000364e+03 5.656854249492380582e+00 1.550000100000000000e+11
2.652800000000000182e+03 5.656854249492380582e+00 1.550000100000000000e+11
2.653000000000000000e+03 5.656854249492380582e+00 1.550000100000000000e+11
2.653200000000000273e+03 5.656854249492380582e+00 1.550000100000000000e+11
2.653400000000000091e+03 4.000000000000000000e+00 1.550000100000000000e+11
2.653600000000000364e+03 4.000000000000000000e+00 1.550000100000000000e+11
2.653800000000000182e+03 4.000000000000000000e+00 1.550000100000000000e+11
2.654000000000000000e+03 0.000000000000000000e+00 1.550000100000000000e+11
2.654200000000000273e+03 0.000000000000000000e+00 1.550000100000000000e+11
2.654400000000000091e+03 0.000000000000000000e+00 1.550000100000000000e+11
2.654600000000000364e+03 0.000000000000000000e+00 1.550000100000000000e+11
2.654800000000000182e+03 4.000000000000000000e+00 1.550000100000000000e+11
2.655000000000000000e+03 4.000000000000000000e+00 1.550000100000000000e+11
2.655200000000000273e+03 4.000000000000000000e+00 1.550000100000000000e+11
2.655400000000000091e+03 5.656854249492380582e+00 1.550000100000000000e+11
2.655600000000000364e+03 5.656854249492380582e+00 1.550000100000000000e+11
2.655800000000000182e+03 5.656854249492380582e+00 1.550000100000000000e+11
2.656000000000000000e+03 4.000000000000000000e+00 0.000000000000000000e+00
2.656200000000000273e+03 4.000000000000000000e+00 0.000000000000000000e+00
2.656400000000000091e+03 4.000000000000000000e+00 0.000000000000000000e+00
2.656600000000000364e+03 4.000000000000000000e+00 0.000000000000000000e+00
2.656800000000000182e+03 0.000000000000000000e+00 0.000000000000000000e+00
2.657000000000000000e+03 0.000000000000000000e+00 0.000000000000000000e+00
2.657200000000000273e+03 0.000000000000000000e+00 0.000000000000000000e+00
2.657400000000000091e+03 4.000000000000000000e+00 0.000000000000000000e+00
2.657600000000000364e+03 4.000000000000000000e+00 0.000000000000000000e+00
2.657800000000000182e+03 4.000000000000000000e+00 0.000000000000000000e+00
2.658000000000000000e+03 4.000000000000000000e+00 0.000000000000000000e+00
2.658200000000000273e+03 5.656854249492380582e+00 0.000000000000000000e+00
2.658400000000000091e+03 5.656854249492380582e+00 0.000000000000000000e+00
2.658600000000000364e+03 5.656854249492380582e+00 0.000000000000000000e+00
2.658800000000000182e+03 4.000000000000000000e+00 0.000000000000000000e+00
2.659000000000000000e+03 4.000000000000000000e+00 0.000000000000000000e+00
2.659200000000000273e+03 4.000000000000000000e+00 0.000000000000000000e+00
2.659400000000000091e+03 0.000000000000000000e+00 0.000000000000000000e+00
2.659600000000000364e+03 0.000000000000000000e+00 0.000000000000000000e+00
2.659800000000000182e+03 0.000000000000000000e+00 0.000000000000000000e+00
2.660000000000000000e+03 0.000000000000000000e+00 1.550000100000000000e+11
2.660200000000000273e+03 4.000000000000000000e+00 1.550000100000000000e+11
2.660400000000000091e+03 4.000000000000000000e+00 1.550000100000000000e+11
2.660600000000000364e+03 4.000000000000000000e+00 1.550000100000000000e+11
2.660800000000000182e+03 5.656854249492380582e+00 1.550000100000000000e+11
2.661000000000000000e+03 5.656854249492380582e+00 1.550000100000000000e+11
2.661200000000000273e+03 5.656854249492380582e+00 1.550000100000000000e+11
2.661400000000000091e+03 5.656854249492380582e+00 1.550000100000000000e+11
2.661600000000000364e+03 4.000000000000000000e+00 1.550000100000000000e+11
2.661800000000000182e+03 4.000000000000000000e+00 1.550000100000000000e+11
2.662000000000000000e+03 4.000000000000000000e+00 1.550000100000000000e+11
2.662200000000000273e+03 0.000000000000000000e+00 1.550000100000000000e+11
2.662400000000000091e+03 0.000000000000000000e+00 1.550000100000000000e+11
2.662600000000000364e+03 0.000000000000000000e+00 1.550000100000000000e+11
2.662800000000000182e+03 4.000000000000000000e+00 1.550000100000000000e+11
2.663000000000000000e+03 4.000000000000000000e+00 1.550000100000000000e+11
2.663200000000000273e+03 4.000000000000000000e+00 1.550000100000000000e+11
2.663400000000000091e+03 4.000000000000000000e+00 1.550000100000000000e+11
2.663600000000000364e+03 5.656854249492380582e+00 1.550000100000000000e+11
2.663800000000000182e+03 5.656854249492380582e+00 1.550000100000000000e+11
2.664000000000000000e+03 5.656854249492380582e+00 0.000000000000000000e+00
2.664200000000000273e+03 4.000000000000000000e+00 0.000000000000000000e+00
2.664400000000000091e+03 4.000000000000000000e+00 0.000000000000000000e+00
2.664600000000000364e+03 4.000000000000000000e+00 0.000000000000000000e+00
2.664800000000000182e+03 4.000000000000000000e+00 0.000000000000000000e+00
2.665000000000000000e+03 0.000000000000000000e+00 0.000000000000000000e+00
2.665200000000000273e+03 0.000000000000000000e+00 0.000000000000000000e+00
2.665400000000000091e+03 0.000000000000000000e+00 0.000000000000000000e+00
2.665600000000000364e+03 4.000000000000000000e+00 0.000000000000000000e+00
2.665800000000000182e+03 4.000000000000000000e+00 0.000000000000000000e+00
2.666000000000000000e+03 4.000000000000000000e+00 0.000000000000000000e+00
2.666200000000000273e+03 5.656854249492380582e+00 0.000000000000000000e+00
2.666400000000000091e+03 5.656854249492380582e+00 0.000000000000000000e+00
2.666600000000000364e+03 5.656854249492380582e+00 0.000000000000000000e+00
2.666800000000000182e+03 5.656854249492380582e+00 0.000000000000000000e+00
2.667000000000000000e+03 4.000000000000000000e+00 0.000000000000000000e+00
2.667200000000000273e+03 4.000000000000000000e+00 0.000000000000000000e+00
2.667400000000000091e+03 4.000000000000000000e+00 0.000000000000000000e+00
2.667600000000000364e+03 0.000000000000000000e+00 0.000000000000000000e+00
2.667800000000000182e+03 0.000000000000000000e+00 0.000000000000000000e+00
2.668000000000000000e+03 0.000000000000000000e+00 1.550000100000000000e+11
2.668200000000000273e+03 0.000000000000000000e+00 1.550000100000000000e+11
2.668400000000000091e+03 4.000000000000000000e+00 1.550000100000000000e+11
2.668600000000000364e+03 4.000000000000000000e+00 1.550000100000000000e+11
2.668800000000000182e+03 4.000000000000000000e+00 1.550000100000000000e+11
2.669000000000000000e+03 5.656854249492380582e+00 1.550000100000000000e+11
2.669200000000000273e+03 5.656854249492380582e+00 1.550000100000000000e+11
2.669400000000000091e+03 5.656854249492380582e+00 1.550000100000000000e+11
2.669600000000000364e+03 4.000000000000000000e+00 1.550000100000000000e+11
2.669800000000000182e+03 4.000000000000000000e+00 1.550000100000000000e+11
2.670000000000000000e+03 4.000000000000000000e+00 1.550000100000000000e+11
2.670200000000000273e+03 4.000000000000000000e+00 1.550000100000000000e+11
2.670400000000000091e+03 0.000000000000000000e+00 1.550000100000000000e+11
2.670600000000000364e+03 0.000000000000000000e+00 1.550000100000000000e+11
2.670800000000000182e+03 0.000000000000000000e+00 1.550000100000000000e+11
2.671000000000000000e+03 4.000000000000000000e+00 1.550000100000000000e+11
2.671200000000000273e+03 4.000000000000000000e+00 1.550000100000000000e+11
2.671400000000000091e+03 4.000000000000000000e+00 1.550000100000000000e+11
2.671600000000000364e+03 4.000000000000000000e+00 1.550000100000000000e+11
2.671800000000000182e+03 5.656854249492380582e+00 1.550000100000000000e+11
2.672000000000000000e+03 5.656854249492380582e+00 0.000000000000000000e+00
2.672200000000000273e+03 5.656854249492380582e+00 0.000000000000000000e+00
2.672400000000000091e+03 4.000000000000000000e+00 0.000000000000000000e+00
2.672600000000000364e+03 4.000000000000000000e+00 0.000000000000000000e+00
2.672800000000000182e+03 4.000000000000000000e+00 0.000000000000000000e+00
2.673000000000000000e+03 0.000000000000000000e+00 0.000000000000000000e+00
2.673200000000000273e+03 0.000000000000000000e+00 0.000000000000000000e+00
2.673400000000000091e+03 0.000000000000000000e+00 0.000000000000000000e+00
2.673600000000000364e+03 0.000000000000000000e+00 0.000000000000000000e+00
2.673800000000000182e+03 4.000000000000000000e+00 0.000000000000000000e+00
2.674000000000000000e+03 4.000000000000000000e+00 0.000000000000000000e+00
2.674200000000000273e+03 4.000000000000000000e+00 0.000000000000000000e+00
2.674400000000000091e+03 5.656854249492380582e+00 0.000000000000000000e+00
2.674600000000000364e+03 5.656854249492380582e+00 0.000000000000000000e+00
2.674800000000000182e+03 5.656854249492380582e+00 0.000000000000000000e+00
2.675000000000000000e+03 5.656854249492380582e+00 0.000000000000000000e+00
2.675200000000000273e+03 4.000000000000000000e+00 0.000000000000000000e+00
2.675400000000000091e+03 4.000000000000000000e+00 0.000000000000000000e+00
2.675600000000000364e+03 4.000000000000000000e+00 0.000000000000000000e+00
2.675800000000000182e+03 0.000000000000000000e+00 0.000000000000000000e+00
2.676000000000000000e+03 0.000000000000000000e+00 1.550000100000000000e+11
2.676200000000000273e+03 0.000000000000000000e+00 1.550000100000000000e+11
2.676400000000000091e+03 4.000000000000000000e+00 1.550000100000000000e+11
2.676600000000000364e+03 4.000000000000000000e+00 1.550000100000000000e+11
2.676800000000000182e+03 4.000000000000000000e+00 1.550000100000000000e+11
2.677000000000000000e+03 4.000000000000000000e+00 1.550000100000000000e+11
2.677200000000000273e+03 5.656854249492380582e+00 1.550000100000000000e+11
2.677400000000000091e+03 5.656854249492380582e+00 1.550000100000000000e+11
2.677600000000000364e+03 5.656854249492380582e+00 1.550000100000000000e+11
2.677800000000000182e+03 4.000000000000000000e+00 1.550000100000000000e+11
2.678000000000000000e+03 4.000000000000000000e+00 1.550000100000000000e+11
2.678200000000000273e+03 4.000000000000000000e+00 1.550000100000000000e+11
2.678400000000000091e+03 4.000000000000000000e+00 1.550000100000000000e+11
2.678600000000000364e+03 0.000000000000000000e+00 1.550000100000000000e+11
2.678800000000000182e+03 0.000000000000000000e+00 1.550000100000000000e+11
2.679000000000000000e+03 0.000000000000000000e+00 1.550000100000000000e+11
2.679200000000000273e+03 4.000000000000000000e+00 1.550000100000000000e+11
2.679400000000000091e+03 4.000000000000000000e+00 1.550000100000000000e+11
2.679600000000000364e+03 4.000000000000000000e+00 1.550000100000000000e+11
2.679800000000000182e+03 5.656854249492380582e+00 1.550000100000000000e+11
2.680000000000000000e+03 5.656854249492380582e+00 0.000000000000000000e+00
2.680200000000000273e+03 5.656854249492380582e+00 0.000000000000000000e+00
2.680400000000000091e+03 5.656854249492380582e+00 0.000000000000000000e+00
2.680600000000000364e+03 4.000000000000000000e+00 0.000000000000000000e+00
2.680800000000000182e+03 4.000000000000000000e+00 0.000000000000000000e+00
2.681000000000000000e+03 4.000000000000000000e+00 0.000000000000000000e+00
2.681200000000000273e+03 0.000000000000000000e+00 0.000000000000000000e+00
2.681400000000000091e+03 0.000000000000000000e+00 0.000000000000000000e+00
2.681600000000000364e+03 0.000000000000000000e+00 0.000000000000000000e+00
2.681800000000000182e+03 0.000000000000000000e+00 0.000000000000000000e+00
2.682000000000000000e+03 4.000000000000000000e+00 0.000000000000000000e+00
2.682200000000000273e+03 4.000000000000000000e+00 0.000000000000000000e+00
2.682400000000000091e+03 4.000000000000000000e+00 0.000000000000000000e+00
2.682600000000000364e+03 5.656854249492380582e+00 0.000000000000000000e+00
2.682800000000000182e+03 5.656854249492380582e+00 0.000000000000000000e+00
2.683000000000000000e+03 5.656854249492380582e+00 0.000000000000000000e+00
2.683200000000000273e+03 4.000000000000000000e+00 0.000000000000000000e+00
2.683400000000000091e+03 4.000000000000000000e+00 0.000000000000000000e+00
2.683600000000000364e+03 4.000000000000000000e+00 0.000000000000000000e+00
2.683800000000000182e+03 4.000000000000000000e+00 0.000000000000000000e+00
2.684000000000000000e+03 0.000000000000000000e+00 1.550000100000000000e+11
2.684200000000000273e+03 0.000000000000000000e+00 1.550000100000000000e+11
2.684400000000000091e+03 0.000000000000000000e+00 1.550000100000000000e+11
2.684600000000000364e+03 4.000000000000000000e+00 1.550000100000000000e+11
2.684800000000000182e+03 4.000000000000000000e+00 1.550000100000000000e+11
2.685000000000000000e+03 4.000000000000000000e+00 1.550000100000000000e+11
2.685200000000000273e+03 4.000000000000000000e+00 1.550000100000000000e+11
2.685400000000000091e+03 5.656854249492380582e+00 1.550000100000000000e+11
2.685600000000000364e+03 5.656854249492380582e+00 1.550000100000000000e+11
2.685800000000000182e+03 5.656854249492380582e+00 1.550000100000000000e+11
2.686000000000000000e+03 4.000000000000000000e+00 1.550000100000000000e+11
2.686200000000000273e+03 4.000000000000000000e+00 1.550000100000000000e+11
2.686400000000000091e+03 4.000000000000000000e+00 1.550000100000000000e+11
2.686600000000000364e+03 4.000000000000000000e+00 1.550000100000000000e+11
2.686800000000000182e+03 0.000000000000000000e+00 1.550000100000000000e+11
2.687000000000000000e+03 0.000000000000000000e+00 1.550000100000000000e+11
2.687200000000000273e+03 0.000000000000000000e+00 1.550000100000000000e+11
2.687400000000000091e+03 4.000000000000000000e+00 1.550000100000000000e+11
2.687600000000000364e+03 4.000000000000000000e+00 1.550000100000000000e+11
2.687800000000000182e+03 4.000000000000000000e+00 1.550000100000000000e+11
2.688000000000000000e+03 4.000000000000000000e+00 0.000000000000000000e+00
2.688200000000000273e+03 5.656854249492380582e+00 0.000000000000000000e+00
2.688400000000000091e+03 5.656854249492380582e+00 0.000000000000000000e+00
2.688600000000000364e+03 5.656854249492380582e+00 0.000000000000000000e+00
2.688800000000000182e+03 4.000000000000000000e+00 0.000000000000000000e+00
2.689000000000000000e+03 4.000000000000000000e+00 0.000000000000000000e+00
2.689200000000000273e+03 4.000000000000000000e+00 0.000000000000000000e+00
2.689400000000000091e+03 4.000000000000000000e+00 0.000000000000000000e+00
2.689600000000000364e+03 0.000000000000000000e+00 0.000000000000000000e+00
2.689800000000000182e+03 0.000000000000000000e+00 0.000000000000000000e+00
2.690000000000000000e+03 0.000000000000000000e+00 0.000000000000000000e+00
2.690200000000000273e+03 0.000000000000000000e+00 0.000000000000000000e+00
2.690400000000000091e+03 4.000000000000000000e+00 0.000000000000000000e+00
2.690600000000000364e+03 4.000000000000000000e+00 0.000000000000000000e+00
2.690800000000000182e+03 4.000000000000000000e+00 0.000000000000000000e+00
2.691000000000000000e+03 5.656854249492380582e+00 0.000000000000000000e+00
2.691200000000000273e+03 5.656854249492380582e+00 0.000000000000000000e+00
2.691400000000000091e+03 5.656854249492380582e+00 0.000000000000000000e+00
2.691600000000000364e+03 5.656854249492380582e+00 0.000000000000000000e+00
2.691800000000000182e+03 4.000000000000000000e+00 0.000000000000000000e+00
2.692000000000000000e+03 4.000000000000000000e+00 1.550000100000000000e+11
2.692200000000000273e+03 4.000000000000000000e+00 1.550000100000000000e+11
2.692400000000000091e+03 0.000000000000000000e+00 1.550000100000000000e+11
2.692600000000000364e+03 0.000000000000000000e+00 1.550000100000000000e+11
2.692800000000000182e+03 0.000000000000000000e+00 1.550000100000000000e+11
2.693000000000000000e+03 0.000000000000000000e+00 1.550000100000000000e+11
2.693200000000000273e+03 4.000000000000000000e+00 1.550000100000000000e+11
2.693400000000000091e+03 4.000000000000000000e+00 1.550000100000000000e+11
2.693600000000000364e+03 4.000000000000000000e+00 1.550000100000000000e+11
2.693800000000000182e+03 4.000000000000000000e+00 1.550000100000000000e+11
2.694000000000000000e+03 5.656854249492380582e+00 1.550000100000000000e+11
2.694200000000000273e+03 5.656854249492380582e+00 1.550000100000000000e+11
2.694400000000000091e+03 5.656854249492380582e+00 1.550000100000000000e+11
2.694600000000000364e+03 5.656854249492380582e+00 1.550000100000000000e+11
2.694800000000000182e+03 4.000000000000000000e+00 1.550000100000000000e+11
2.695000000000000000e+03 4.000000000000000000e+00 1.550000100000000000e+11
2.695200000000000273e+03 4.000000000000000000e+00 1.550000100000000000e+11
2.695400000000000091e+03 0.000000000000000000e+00 1.550000100000000000e+11
2.695600000000000364e+03 0.000000000000000000e+00 1.550000100000000000e+11
2.695800000000000182e+03 0.000000000000000000e+00 1.550000100000000000e+11
2.696000000000000000e+03 4.000000000000000000e+00 0.000000000000000000e+00
2.696200000000000273e+03 5.656854249492380582e+00 0.000000000000000000e+00
2.696400000000000091e+03 5.656854249492380582e+00 0.000000000000000000e+00
2.696600000000000364e+03 4.000000000000000000e+00 0.000000000000000000e+00
2.696800000000000182e+03 8.000000000000000000e+00 0.000000000000000000e+00
2.697000000000000000e+03 8.944271909999159220e+00 0.000000000000000000e+00
2.697200000000000273e+03 5.656854249492380582e+00 0.000000000000000000e+00
2.697400000000000091e+03 5.656854249492380582e+00 0.000000000000000000e+00
2.697600000000000364e+03 8.944271909999159220e+00 0.000000000000000000e+00
2.697800000000000182e+03 8.000000000000000000e+00 0.000000000000000000e+00
2.698000000000000000e+03 4.000000000000000000e+00 0.000000000000000000e+00
2.698200000000000273e+03 4.000000000000000000e+00 0.000000000000000000e+00
2.698400000000000091e+03 5.656854249492380582e+00 0.000000000000000000e+00
2.698600000000000364e+03 4.000000000000000000e+00 0.000000000000000000e+00
2.698800000000000182e+03 0.000000000000000000e+00 0.000000000000000000e+00
2.699000000000000000e+03 0.000000000000000000e+00 0.000000000000000000e+00
2.699200000000000273e+03 4.000000000000000000e+00 0.000000000000000000e+00
2.699400000000000091e+03 4.000000000000000000e+00 0.000000000000000000e+00
2.699600000000000364e+03 4.000000000000000000e+00 0.000000000000000000e+00
2.699800000000000182e+03 4.000000000000000000e+00 0.000000000000000000e+00
2.700000000000000000e+03 8.944271909999159220e+00 1.550000100000000000e+11
2.700200000000000273e+03 5.656854249492380582e+00 1.550000100000000000e+11
2.700400000000000091e+03 5.656854249492380582e+00 1.550000100000000000e+11
2.700600000000000364e+03 8.944271909999159220e+00 1.550000100000000000e+11
2.700800000000000182e+03 8.000000000000000000e+00 1.550000100000000000e+11
2.701000000000000000e+03 8.000000000000000000e+00 1.550000100000000000e+11
2.701200000000000273e+03 5.656854249492380582e+00 1.550000100000000000e+11
2.701400000000000091e+03 5.656854249492380582e+00 1.550000100000000000e+11
2.701600000000000364e+03 4.000000000000000000e+00 1.550000100000000000e+11
2.701800000000000182e+03 5.656854249492380582e+00 1.550000100000000000e+11
2.702000000000000000e+03 5.656854249492380582e+00 1.550000100000000000e+11
2.702200000000000273e+03 8.000000000000000000e+00 1.550000100000000000e+11
2.702400000000000091e+03 8.944271909999159220e+00 1.550000100000000000e+11
2.702600000000000364e+03 8.944271909999159220e+00 1.550000100000000000e+11
2.702800000000000182e+03 1.264911064067351809e+01 1.550000100000000000e+11
2.703000000000000000e+03 1.200000000000000000e+01 1.550000100000000000e+11
2.703200000000000273e+03 1.264911064067351809e+01 1.550000100000000000e+11
2.703400000000000091e+03 1.697056274847713908e+01 1.550000100000000000e+11
2.703600000000000364e+03 1.788854381999831844e+01 1.550000100000000000e+11
2.703800000000000182e+03 1.649242250247064234e+01 1.550000100000000000e+11
2.704000000000000000e+03 1.649242250247064234e+01 0.000000000000000000e+00
2.704200000000000273e+03 1.442220510185595650e+01 0.000000000000000000e+00
2.704400000000000091e+03 1.442220510185595650e+01 0.000000000000000000e+00
2.704600000000000364e+03 1.200000000000000000e+01 0.000000000000000000e+00
2.704800000000000182e+03 1.264911064067351809e+01 0.000000000000000000e+00
2.705000000000000000e+03 1.131370849898476116e+01 0.000000000000000000e+00
2.705200000000000273e+03 1.264911064067351809e+01 0.000000000000000000e+00
2.705400000000000091e+03 1.264911064067351809e+01 0.000000000000000000e+00
2.705600000000000364e+03 1.442220510185595650e+01 0.000000000000000000e+00
2.705800000000000182e+03 1.442220510185595650e+01 0.000000000000000000e+00
2.706000000000000000e+03 1.600000000000000000e+01 0.000000000000000000e+00
2.706200000000000273e+03 1.649242250247064234e+01 0.000000000000000000e+00
2.706400000000000091e+03 1.697056274847713908e+01 0.000000000000000000e+00
2.706600000000000364e+03 1.788854381999831844e+01 0.000000000000000000e+00
2.706800000000000182e+03 1.649242250247064234e+01 0.000000000000000000e+00
2.707000000000000000e+03 1.600000000000000000e+01 0.000000000000000000e+00
2.707200000000000273e+03 1.442220510185595650e+01 0.000000000000000000e+00
2.707400000000000091e+03 1.442220510185595650e+01 0.000000000000000000e+00
2.707600000000000364e+03 1.264911064067351809e+01 0.000000000000000000e+00
2.707800000000000182e+03 1.264911064067351809e+01 0.000000000000000000e+00
2.708000000000000000e+03 1.131370849898476116e+01 1.550000100000000000e+11
2.708200000000000273e+03 1.264911064067351809e+01 1.550000100000000000e+11
2.708400000000000091e+03 1.264911064067351809e+01 1.550000100000000000e+11
2.708600000000000364e+03 1.442220510185595650e+01 1.550000100000000000e+11
2.708800000000000182e+03 1.788854381999831844e+01 1.550000100000000000e+11
2.709000000000000000e+03 2.039607805437113797e+01 1.550000100000000000e+11
2.709200000000000273e+03 2.039607805437113797e+01 1.550000100000000000e+11
2.709400000000000091e+03 2.332380757938120297e+01 1.550000100000000000e+11
2.709600000000000364e+03 2.561249694973139412e+01 1.550000100000000000e+11
2.709800000000000182e+03 2.529822128134703618e+01 1.550000100000000000e+11
2.710000000000000000e+03 2.828427124746190202e+01 1.550000100000000000e+11
2.710200000000000273e+03 2.683281572999747766e+01 1.550000100000000000e+11
2.710400000000000091e+03 3.124099870362661591e+01 1.550000100000000000e+11
2.710600000000000364e+03 2.912043955712207222e+01 1.550000100000000000e+11
2.710800000000000182e+03 3.298484500494128469e+01 1.550000100000000000e+11
2.711000000000000000e+03 3.440930106817050671e+01 1.550000100000000000e+11
2.711200000000000273e+03 3.577708763999663688e+01 1.550000100000000000e+11
2.711400000000000091e+03 4.000000000000000000e+01 1.550000100000000000e+11
2.711600000000000364e+03 4.308131845707602992e+01 1.550000100000000000e+11
2.711800000000000182e+03 4.525483399593904466e+01 1.550000100000000000e+11
2.712000000000000000e+03 5.200000000000000000e+01 0.000000000000000000e+00
2.712200000000000273e+03 5.200000000000000000e+01 0.000000000000000000e+00
2.712400000000000091e+03 5.200000000000000000e+01 0.000000000000000000e+00
2.712600000000000364e+03 5.091168824543142080e+01 0.000000000000000000e+00
2.712800000000000182e+03 5.059644256269407236e+01 0.000000000000000000e+00
2.713000000000000000e+03 4.800000000000000000e+01 0.000000000000000000e+00
2.713200000000000273e+03 4.833218389437828932e+01 0.000000000000000000e+00
2.713400000000000091e+03 4.816637831516918311e+01 0.000000000000000000e+00
2.713600000000000364e+03 4.560701700396551672e+01 0.000000000000000000e+00
2.713800000000000182e+03 4.472135954999579610e+01 0.000000000000000000e+00
2.714000000000000000e+03 4.326661530556787483e+01 0.000000000000000000e+00
2.714200000000000273e+03 4.326661530556787483e+01 0.000000000000000000e+00
2.714400000000000091e+03 4.418144406874904462e+01 0.000000000000000000e+00
2.714600000000000364e+03 4.308131845707602992e+01 0.000000000000000000e+00
2.714800000000000182e+03 4.525483399593904466e+01 0.000000000000000000e+00
2.715000000000000000e+03 4.308131845707602992e+01 0.000000000000000000e+00
2.715200000000000273e+03 4.400000000000000000e+01 0.000000000000000000e+00
2.715400000000000091e+03 4.681879964287850271e+01 0.000000000000000000e+00
2.715600000000000364e+03 4.525483399593904466e+01 0.000000000000000000e+00
2.715800000000000182e+03 4.308131845707602992e+01 0.000000000000000000e+00
2.716000000000000000e+03 4.400000000000000000e+01 1.550000100000000000e+11
2.716200000000000273e+03 4.833218389437828932e+01 1.550000100000000000e+11
2.716400000000000091e+03 4.816637831516918311e+01 1.550000100000000000e+11
2.716600000000000364e+03 5.059644256269407236e+01 1.550000100000000000e+11
2.716800000000000182e+03 5.215361924162119323e+01 1.550000100000000000e+11
2.717000000000000000e+03 5.556977595779921586e+01 1.550000100000000000e+11
2.717200000000000273e+03 6.000000000000000000e+01 1.550000100000000000e+11
2.717400000000000091e+03 6.511528238439882443e+01 1.550000100000000000e+11
2.717600000000000364e+03 6.985699678629191567e+01 1.550000100000000000e+11
2.717800000000000182e+03 7.683749084919418237e+01 1.550000100000000000e+11
2.718000000000000000e+03 8.049844718999243298e+01 1.550000100000000000e+11
2.718200000000000273e+03 8.809086218218095610e+01 1.550000100000000000e+11
2.718400000000000091e+03 9.363759928575700542e+01 1.550000100000000000e+11
2.718600000000000364e+03 1.018233764908628416e+02 1.550000100000000000e+11
2.718800000000000182e+03 1.077032961426900783e+02 1.550000100000000000e+11
2.719000000000000000e+03 1.120714058089752001e+02 1.550000100000000000e+11
2.719200000000000273e+03 1.216552506059643974e+02 1.550000100000000000e+11
2.719400000000000091e+03 1.256025477448606580e+02 1.550000100000000000e+11
2.719600000000000364e+03 1.349370223474639943e+02 1.550000100000000000e+11
2.719800000000000182e+03 1.406840431605517949e+02 1.550000100000000000e+11
2.720000000000000000e+03 1.475127113166861932e+02 0.000000000000000000e+00
2.720200000000000273e+03 1.433875866314793655e+02 0.000000000000000000e+00
2.720400000000000091e+03 1.442220510185595685e+02 0.000000000000000000e+00
2.720600000000000364e+03 1.433875866314793655e+02 0.000000000000000000e+00
2.720800000000000182e+03 1.442220510185595685e+02 0.000000000000000000e+00
2.721000000000000000e+03 1.453822547630899749e+02 0.000000000000000000e+00
2.721200000000000273e+03 1.429405470816450929e+02 0.000000000000000000e+00
2.721400000000000091e+03 1.415344481036330535e+02 0.000000000000000000e+00
2.721600000000000364e+03 1.418731828077455930e+02 0.000000000000000000e+00
2.721800000000000182e+03 1.405133445620023736e+02 0.000000000000000000e+00
2.722000000000000000e+03 1.379275171965333300e+02 0.000000000000000000e+00
2.722200000000000273e+03 1.353513945255090505e+02 0.000000000000000000e+00
2.722400000000000091e+03 1.295530779256131666e+02 0.000000000000000000e+00
2.722600000000000364e+03 1.302919797992186375e+02 0.000000000000000000e+00
2.722800000000000182e+03 1.273106437027163906e+02 0.000000000000000000e+00
2.723000000000000000e+03 1.278123624693636629e+02 0.000000000000000000e+00
2.723200000000000273e+03 1.245792920191794906e+02 0.000000000000000000e+00
2.723400000000000091e+03 1.276244490683505290e+02 0.000000000000000000e+00
2.723600000000000364e+03 1.276244490683505290e+02 0.000000000000000000e+00
2.723800000000000182e+03 1.250279968647022741e+02 0.000000000000000000e+00
2.724000000000000000e+03 1.264911064067351703e+02 1.550000100000000000e+11
2.724200000000000273e+03 1.332066064427737047e+02 1.550000100000000000e+11
2.724400000000000091e+03 1.433875866314793655e+02 1.550000100000000000e+11
2.724600000000000364e+03 1.482160585091912424e+02 1.550000100000000000e+11
2.724800000000000182e+03 1.557947367532035798e+02 1.550000100000000000e+11
2.725000000000000000e+03 1.608974828889501225e+02 1.550000100000000000e+11
2.725200000000000273e+03 1.331465358167459101e+02 1.550000100000000000e+11
2.725400000000000091e+03 1.250279968647022741e+02 1.550000100000000000e+11
2.725600000000000364e+03 1.164817582284882889e+02 1.550000100000000000e+11
2.725800000000000182e+03 1.106345334875146449e+02 1.550000100000000000e+11
2.726000000000000000e+03 1.019803902718556969e+02 1.550000100000000000e+11
2.726200000000000273e+03 9.208691546577070142e+01 1.550000100000000000e+11
2.726400000000000091e+03 8.616263691415205983e+01 1.550000100000000000e+11
2.726600000000000364e+03 7.641989269817119634e+01 1.550000100000000000e+11
2.726800000000000182e+03 6.835202996254024299e+01 1.550000100000000000e+11
2.727000000000000000e+03 6.412487816752559411e+01 1.550000100000000000e+11
2.727200000000000273e+03 5.905929224093360119e+01 1.550000100000000000e+11
2.727400000000000091e+03 5.122499389946278825e+01 1.550000100000000000e+11
2.727600000000000364e+03 4.947726750741192348e+01 1.550000100000000000e+11
2.727800000000000182e+03 4.472135954999579610e+01 1.550000100000000000e+11
2.728000000000000000e+03 4.326661530556787483e+01 0.000000000000000000e+00
2.728200000000000273e+03 4.664761515876240594e+01 0.000000000000000000e+00
2.728400000000000091e+03 4.418144406874904462e+01 0.000000000000000000e+00
2.728600000000000364e+03 4.560701700396551672e+01 0.000000000000000000e+00
2.728800000000000182e+03 4.560701700396551672e+01 0.000000000000000000e+00
2.729000000000000000e+03 4.472135954999579610e+01 0.000000000000000000e+00
2.729200000000000273e+03 4.418144406874904462e+01 0.000000000000000000e+00
2.729400000000000091e+03 4.176122603564220270e+01 0.000000000000000000e+00
2.729600000000000364e+03 4.000000000000000000e+01 0.000000000000000000e+00
2.729800000000000182e+03 4.118252056394800320e+01 0.000000000000000000e+00
2.730000000000000000e+03 4.000000000000000000e+01 0.000000000000000000e+00
2.730200000000000273e+03 3.939543120718441571e+01 0.000000000000000000e+00
2.730400000000000091e+03 3.687817782917154830e+01 0.000000000000000000e+00
2.730600000000000364e+03 3.794733192202055250e+01 0.000000000000000000e+00
2.730800000000000182e+03 3.622154055254966920e+01 0.000000000000000000e+00
2.731000000000000000e+03 3.773592452822641263e+01 0.000000000000000000e+00
2.731200000000000273e+03 3.773592452822641263e+01 0.000000000000000000e+00
2.731400000000000091e+03 4.079215610874227593e+01 0.000000000000000000e+00
2.731600000000000364e+03 4.079215610874227593e+01 0.000000000000000000e+00
2.731800000000000182e+03 4.000000000000000000e+01 0.000000000000000000e+00
2.732000000000000000e+03 3.773592452822641263e+01 1.550000100000000000e+11
2.732200000000000273e+03 3.687817782917154830e+01 1.550000100000000000e+11
2.732400000000000091e+03 3.298484500494128469e+01 1.550000100000000000e+11
2.732600000000000364e+03 2.884441020371191300e+01 1.550000100000000000e+11
2.732800000000000182e+03 2.561249694973139412e+01 1.550000100000000000e+11
2.733000000000000000e+03 2.433105012119287736e+01 1.550000100000000000e+11
2.733200000000000273e+03 2.039607805437113797e+01 1.550000100000000000e+11
2.733400000000000091e+03 1.697056274847713908e+01 1.550000100000000000e+11
2.733600000000000364e+03 1.788854381999831844e+01 1.550000100000000000e+11
2.733800000000000182e+03 1.600000000000000000e+01 1.550000100000000000e+11
2.734000000000000000e+03 1.442220510185595650e+01 1.550000100000000000e+11
2.734200000000000273e+03 1.442220510185595650e+01 1.550000100000000000e+11
2.734400000000000091e+03 1.649242250247064234e+01 1.550000100000000000e+11
2.734600000000000364e+03 1.649242250247064234e+01 1.550000100000000000e+11
2.734800000000000182e+03 1.442220510185595650e+01 1.550000100000000000e+11
2.735000000000000000e+03 1.442220510185595650e+01 1.550000100000000000e+11
2.735200000000000273e+03 1.264911064067351809e+01 1.550000100000000000e+11
2.735400000000000091e+03 1.200000000000000000e+01 1.550000100000000000e+11
2.735600000000000364e+03 8.944271909999159220e+00 1.550000100000000000e+11
2.735800000000000182e+03 8.944271909999159220e+00 1.550000100000000000e+11
2.736000000000000000e+03 5.656854249492380582e+00 0.000000000000000000e+00
2.736200000000000273e+03 4.000000000000000000e+00 0.000000000000000000e+00
2.736400000000000091e+03 4.000000000000000000e+00 0.000000000000000000e+00
2.736600000000000364e+03 5.656854249492380582e+00 0.000000000000000000e+00
2.736800000000000182e+03 4.000000000000000000e+00 0.000000000000000000e+00
2.737000000000000000e+03 5.656854249492380582e+00 0.000000000000000000e+00
2.737200000000000273e+03 8.944271909999159220e+00 0.000000000000000000e+00
2.737400000000000091e+03 8.000000000000000000e+00 0.000000000000000000e+00
2.737600000000000364e+03 8.000000000000000000e+00 0.000000000000000000e+00
2.737800000000000182e+03 8.944271909999159220e+00 0.000000000000000000e+00
2.738000000000000000e+03 1.131370849898476116e+01 0.000000000000000000e+00
2.738200000000000273e+03 8.944271909999159220e+00 0.000000000000000000e+00
2.738400000000000091e+03 8.944271909999159220e+00 0.000000000000000000e+00
2.738600000000000364e+03 8.000000000000000000e+00 0.000000000000000000e+00
2.738800000000000182e+03 8.944271909999159220e+00 0.000000000000000000e+00
2.739000000000000000e+03 5.656854249492380582e+00 0.000000000000000000e+00
2.739200000000000273e+03 4.000000000000000000e+00 0.000000000000000000e+00
2.739400000000000091e+03 4.000000000000000000e+00 0.000000000000000000e+00
2.739600000000000364e+03 5.656854249492380582e+00 0.000000000000000000e+00
2.739800000000000182e+03 4.000000000000000000e+00 0.000000000000000000e+00
2.740000000000000000e+03 5.656854249492380582e+00 1.550000100000000000e+11
2.740200000000000273e+03 5.656854249492380582e+00 1.550000100000000000e+11
2.740400000000000091e+03 8.000000000000000000e+00 1.550000100000000000e+11
2.740600000000000364e+03 8.000000000000000000e+00 1.550000100000000000e+11
2.740800000000000182e+03 8.944271909999159220e+00 1.550000100000000000e+11
2.741000000000000000e+03 5.656854249492380582e+00 1.550000100000000000e+11
2.741200000000000273e+03 5.656854249492380582e+00 1.550000100000000000e+11
2.741400000000000091e+03 5.656854249492380582e+00 1.550000100000000000e+11
2.741600000000000364e+03 4.000000000000000000e+00 1.550000100000000000e+11
2.741800000000000182e+03 4.000000000000000000e+00 1.550000100000000000e+11
2.742000000000000000e+03 4.000000000000000000e+00 1.550000100000000000e+11
2.742200000000000273e+03 4.000000000000000000e+00 1.550000100000000000e+11
2.742400000000000091e+03 0.000000000000000000e+00 1.550000100000000000e+11
2.742600000000000364e+03 0.000000000000000000e+00 1.550000100000000000e+11
2.742800000000000182e+03 0.000000000000000000e+00 1.550000100000000000e+11
2.743000000000000000e+03 0.000000000000000000e+00 1.550000100000000000e+11
2.743200000000000273e+03 4.000000000000000000e+00 1.550000100000000000e+11
2.743400000000000091e+03 4.000000000000000000e+00 1.550000100000000000e+11
2.743600000000000364e+03 4.000000000000000000e+00 1.550000100000000000e+11
2.743800000000000182e+03 5.656854249492380582e+00 1.550000100000000000e+11
2.744000000000000000e+03 5.656854249492380582e+00 0.000000000000000000e+00
2.744200000000000273e+03 5.656854249492380582e+00 0.000000000000000000e+00
2.744400000000000091e+03 5.656854249492380582e+00 0.000000000000000000e+00
2.744600000000000364e+03 4.000000000000000000e+00 0.000000000000000000e+00
2.744800000000000182e+03 4.000000000000000000e+00 0.000000000000000000e+00
2.745000000000000000e+03 4.000000000000000000e+00 0.000000000000000000e+00
2.745200000000000273e+03 0.000000000000000000e+00 0.000000000000000000e+00
2.745400000000000091e+03 0.000000000000000000e+00 0.000000000000000000e+00
2.745600000000000364e+03 0.000000000000000000e+00 0.000000000000000000e+00
2.745800000000000182e+03 0.000000000000000000e+00 0.000000000000000000e+00
2.746000000000000000e+03 4.000000000000000000e+00 0.000000000000000000e+00
2.746200000000000273e+03 4.000000000000000000e+00 0.000000000000000000e+00
2.746400000000000091e+03 4.000000000000000000e+00 0.000000000000000000e+00
2.746600000000000364e+03 4.000000000000000000e+00 0.000000000000000000e+00
2.746800000000000182e+03 5.656854249492380582e+00 0.000000000000000000e+00
2.747000000000000000e+03 5.656854249492380582e+00 0.000000000000000000e+00
2.747200000000000273e+03 5.656854249492380582e+00 0.000000000000000000e+00
2.747400000000000091e+03 4.000000000000000000e+00 0.000000000000000000e+00
2.747600000000000364e+03 4.000000000000000000e+00 0.000000000000000000e+00
2.747800000000000182e+03 4.000000000000000000e+00 0.000000000000000000e+00
2.748000000000000000e+03 4.000000000000000000e+00 1.550000100000000000e+11
2.748200000000000273e+03 0.000000000000000000e+00 1.550000100000000000e+11
2.748400000000000091e+03 0.000000000000000000e+00 1.550000100000000000e+11
2.748600000000000364e+03 0.000000000000000000e+00 1.550000100000000000e+11
2.748800000000000182e+03 4.000000000000000000e+00 1.550000100000000000e+11
2.749000000000000000e+03 4.000000000000000000e+00 1.550000100000000000e+11
2.749200000000000273e+03 4.000000000000000000e+00 1.550000100000000000e+11
2.749400000000000091e+03 4.000000000000000000e+00 1.550000100000000000e+11
2.749600000000000364e+03 5.656854249492380582e+00 1.550000100000000000e+11
2.749800000000000182e+03 5.656854249492380582e+00 1.550000100000000000e+11
2.750000000000000000e+03 5.656854249492380582e+00 1.550000100000000000e+11
2.750200000000000273e+03 4.000000000000000000e+00 1.550000100000000000e+11
2.750400000000000091e+03 4.000000000000000000e+00 1.550000100000000000e+11
2.750600000000000364e+03 4.000000000000000000e+00 1.550000100000000000e+11
2.750800000000000182e+03 0.000000000000000000e+00 1.550000100000000000e+11
2.751000000000000000e+03 0.000000000000000000e+00 1.550000100000000000e+11
2.751200000000000273e+03 0.000000000000000000e+00 1.550000100000000000e+11
2.751400000000000091e+03 0.000000000000000000e+00 1.550000100000000000e+11
2.751600000000000364e+03 4.000000000000000000e+00 1.550000100000000000e+11
2.751800000000000182e+03 4.000000000000000000e+00 1.550000100000000000e+11
2.752000000000000000e+03 4.000000000000000000e+00 0.000000000000000000e+00
2.752200000000000273e+03 5.656854249492380582e+00 0.000000000000000000e+00
2.752400000000000091e+03 5.656854249492380582e+00 0.000000000000000000e+00
2.752600000000000364e+03 5.656854249492380582e+00 0.000000000000000000e+00
2.752800000000000182e+03 5.656854249492380582e+00 0.000000000000000000e+00
2.753000000000000000e+03 4.000000000000000000e+00 0.000000000000000000e+00
2.753200000000000273e+03 4.000000000000000000e+00 0.000000000000000000e+00
2.753400000000000091e+03 4.000000000000000000e+00 0.000000000000000000e+00
2.753600000000000364e+03 0.000000000000000000e+00 0.000000000000000000e+00
2.753800000000000182e+03 0.000000000000000000e+00 0.000000000000000000e+00
2.754000000000000000e+03 0.000000000000000000e+00 0.000000000000000000e+00
2.754200000000000273e+03 0.000000000000000000e+00 0.000000000000000000e+00
2.754400000000000091e+03 4.000000000000000000e+00 0.000000000000000000e+00
2.754600000000000364e+03 4.000000000000000000e+00 0.000000000000000000e+00
2.754800000000000182e+03 4.000000000000000000e+00 0.000000000000000000e+00
2.755000000000000000e+03 5.656854249492380582e+00 0.000000000000000000e+00
2.755200000000000273e+03 5.656854249492380582e+00 0.000000000000000000e+00
2.755400000000000091e+03 5.656854249492380582e+00 0.000000000000000000e+00
2.755600000000000364e+03 4.000000000000000000e+00 0.000000000000000000e+00
2.755800000000000182e+03 4.000000000000000000e+00 0.000000000000000000e+00
2.756000000000000000e+03 4.000000000000000000e+00 1.550000100000000000e+11
2.756200000000000273e+03 4.000000000000000000e+00 1.550000100000000000e+11
2.756400000000000091e+03 0.000000000000000000e+00 1.550000100000000000e+11
2.756600000000000364e+03 0.000000000000000000e+00 1.550000100000000000e+11
2.756800000000000182e+03 0.000000000000000000e+00 1.550000100000000000e+11
2.757000000000000000e+03 4.000000000000000000e+00 1.550000100000000000e+11
2.757200000000000273e+03 4.000000000000000000e+00 1.550000100000000000e+11
2.757400000000000091e+03 4.000000000000000000e+00 1.550000100000000000e+11
2.757600000000000364e+03 4.000000000000000000e+00 1.550000100000000000e+11
2.757800000000000182e+03 5.656854249492380582e+00 1.550000100000000000e+11
2.758000000000000000e+03 5.656854249492380582e+00 1.550000100000000000e+11
2.758200000000000273e+03 5.656854249492380582e+00 1.550000100000000000e+11
2.758400000000000091e+03 4.000000000000000000e+00 1.550000100000000000e+11
2.758600000000000364e+03 4.000000000000000000e+00 1.550000100000000000e+11
2.758800000000000182e+03 4.000000000000000000e+00 1.550000100000000000e+11
2.759000000000000000e+03 0.000000000000000000e+00 1.550000100000000000e+11
2.759200000000000273e+03 0.000000000000000000e+00 1.550000100000000000e+11
2.759400000000000091e+03 0.000000000000000000e+00 1.550000100000000000e+11
2.759600000000000364e+03 0.000000000000000000e+00 1.550000100000000000e+11
2.759800000000000182e+03 4.000000000000000000e+00 1.550000100000000000e+11
2.760000000000000000e+03 4.000000000000000000e+00 0.000000000000000000e+00
2.760200000000000273e+03 4.000000000000000000e+00 0.000000000000000000e+00
2.760400000000000091e+03 5.656854249492380582e+00 0.000000000000000000e+00
2.760600000000000364e+03 5.656854249492380582e+00 0.000000000000000000e+00
2.760800000000000182e+03 5.656854249492380582e+00 0.000000000000000000e+00
2.761000000000000000e+03 5.656854249492380582e+00 0.000000000000000000e+00
2.761200000000000273e+03 4.000000000000000000e+00 0.000000000000000000e+00
2.761400000000000091e+03 4.000000000000000000e+00 0.000000000000000000e+00
2.761600000000000364e+03 4.000000000000000000e+00 0.000000000000000000e+00
2.761800000000000182e+03 0.000000000000000000e+00 0.000000000000000000e+00
2.762000000000000000e+03 0.000000000000000000e+00 0.000000000000000000e+00
2.762200000000000273e+03 0.000000000000000000e+00 0.000000000000000000e+00
2.762400000000000091e+03 4.000000000000000000e+00 0.000000000000000000e+00
2.762600000000000364e+03 4.000000000000000000e+00 0.000000000000000000e+00
2.762800000000000182e+03 4.000000000000000000e+00 0.000000000000000000e+00
2.763000000000000000e+03 4.000000000000000000e+00 0.000000000000000000e+00
2.763200000000000273e+03 5.656854249492380582e+00 0.000000000000000000e+00
2.763400000000000091e+03 5.656854249492380582e+00 0.000000000000000000e+00
2.763600000000000364e+03 5.656854249492380582e+00 0.000000000000000000e+00
2.763800000000000182e+03 4.000000000000000000e+00 0.000000000000000000e+00
2.764000000000000000e+03 4.000000000000000000e+00 1.550000100000000000e+11
2.764200000000000273e+03 4.000000000000000000e+00 1.550000100000000000e+11
2.764400000000000091e+03 4.000000000000000000e+00 1.550000100000000000e+11
2.764600000000000364e+03 0.000000000000000000e+00 1.550000100000000000e+11
2.764800000000000182e+03 0.000000000000000000e+00 1.550000100000000000e+11
2.765000000000000000e+03 0.000000000000000000e+00 1.550000100000000000e+11
2.765200000000000273e+03 4.000000000000000000e+00 1.550000100000000000e+11
2.765400000000000091e+03 4.000000000000000000e+00 1.550000100000000000e+11
2.765600000000000364e+03 4.000000000000000000e+00 1.550000100000000000e+11
2.765800000000000182e+03 5.656854249492380582e+00 1.550000100000000000e+11
2.766000000000000000e+03 5.656854249492380582e+00 1.550000100000000000e+11
2.766200000000000273e+03 5.656854249492380582e+00 1.550000100000000000e+11
2.766400000000000091e+03 5.656854249492380582e+00 1.550000100000000000e+11
2.766600000000000364e+03 4.000000000000000000e+00 1.550000100000000000e+11
2.766800000000000182e+03 4.000000000000000000e+00 1.550000100000000000e+11
2.767000000000000000e+03 4.000000000000000000e+00 1.550000100000000000e+11
2.767200000000000273e+03 0.000000000000000000e+00 1.550000100000000000e+11
2.767400000000000091e+03 0.000000000000000000e+00 1.550000100000000000e+11
2.767600000000000364e+03 0.000000000000000000e+00 1.550000100000000000e+11
2.767800000000000182e+03 0.000000000000000000e+00 1.550000100000000000e+11
2.768000000000000000e+03 4.000000000000000000e+00 0.000000000000000000e+00
2.768200000000000273e+03 4.000000000000000000e+00 0.000000000000000000e+00
2.768400000000000091e+03 4.000000000000000000e+00 0.000000000000000000e+00
2.768600000000000364e+03 5.656854249492380582e+00 0.000000000000000000e+00
2.768800000000000182e+03 5.656854249492380582e+00 0.000000000000000000e+00
2.769000000000000000e+03 5.656854249492380582e+00 0.000000000000000000e+00
2.769200000000000273e+03 4.000000000000000000e+00 0.000000000000000000e+00
2.769400000000000091e+03 4.000000000000000000e+00 0.000000000000000000e+00
2.769600000000000364e+03 4.000000000000000000e+00 0.000000000000000000e+00
2.769800000000000182e+03 4.000000000000000000e+00 0.000000000000000000e+00
2.770000000000000000e+03 0.000000000000000000e+00 0.000000000000000000e+00
2.770200000000000273e+03 0.000000000000000000e+00 0.000000000000000000e+00
2.770400000000000091e+03 0.000000000000000000e+00 0.000000000000000000e+00
2.770600000000000364e+03 4.000000000000000000e+00 0.000000000000000000e+00
2.770800000000000182e+03 4.000000000000000000e+00 0.000000000000000000e+00
2.771000000000000000e+03 4.000000000000000000e+00 0.000000000000000000e+00
2.771200000000000273e+03 4.000000000000000000e+00 0.000000000000000000e+00
2.771400000000000091e+03 5.656854249492380582e+00 0.000000000000000000e+00
2.771600000000000364e+03 5.656854249492380582e+00 0.000000000000000000e+00
2.771800000000000182e+03 5.656854249492380582e+00 0.000000000000000000e+00
2.772000000000000000e+03 4.000000000000000000e+00 1.550000100000000000e+11
2.772200000000000273e+03 4.000000000000000000e+00 1.550000100000000000e+11
2.772400000000000091e+03 4.000000000000000000e+00 1.550000100000000000e+11
2.772600000000000364e+03 0.000000000000000000e+00 1.550000100000000000e+11
2.772800000000000182e+03 0.000000000000000000e+00 1.550000100000000000e+11
2.773000000000000000e+03 0.000000000000000000e+00 1.550000100000000000e+11
2.773200000000000273e+03 0.000000000000000000e+00 1.550000100000000000e+11
2.773400000000000091e+03 4.000000000000000000e+00 1.550000100000000000e+11
2.773600000000000364e+03 4.000000000000000000e+00 1.550000100000000000e+11
2.773800000000000182e+03 4.000000000000000000e+00 1.550000100000000000e+11
2.774000000000000000e+03 5.656854249492380582e+00 1.550000100000000000e+11
2.774200000000000273e+03 5.656854249492380582e+00 1.550000100000000000e+11
2.774400000000000091e+03 5.656854249492380582e+00 1.550000100000000000e+11
2.774600000000000364e+03 5.656854249492380582e+00 1.550000100000000000e+11
2.774800000000000182e+03 4.000000000000000000e+00 1.550000100000000000e+11
2.775000000000000000e+03 4.000000000000000000e+00 1.550000100000000000e+11
2.775200000000000273e+03 4.000000000000000000e+00 1.550000100000000000e+11
2.775400000000000091e+03 0.000000000000000000e+00 1.550000100000000000e+11
2.775600000000000364e+03 0.000000000000000000e+00 1.550000100000000000e+11
2.775800000000000182e+03 0.000000000000000000e+00 1.550000100000000000e+11
2.776000000000000000e+03 0.000000000000000000e+00 0.000000000000000000e+00
2.776200000000000273e+03 4.000000000000000000e+00 0.000000000000000000e+00
2.776400000000000091e+03 4.000000000000000000e+00 0.000000000000000000e+00
2.776600000000000364e+03 4.000000000000000000e+00 0.000000000000000000e+00
2.776800000000000182e+03 5.656854249492380582e+00 0.000000000000000000e+00
2.777000000000000000e+03 5.656854249492380582e+00 0.000000000000000000e+00
2.777200000000000273e+03 5.656854249492380582e+00 0.000000000000000000e+00
2.777400000000000091e+03 4.000000000000000000e+00 0.000000000000000000e+00
2.777600000000000364e+03 4.000000000000000000e+00 0.000000000000000000e+00
2.777800000000000182e+03 4.000000000000000000e+00 0.000000000000000000e+00
2.778000000000000000e+03 4.000000000000000000e+00 0.000000000000000000e+00
2.778200000000000273e+03 0.000000000000000000e+00 0.000000000000000000e+00
2.778400000000000091e+03 0.000000000000000000e+00 0.000000000000000000e+00
2.778600000000000364e+03 0.000000000000000000e+00 0.000000000000000000e+00
2.778800000000000182e+03 4.000000000000000000e+00 0.000000000000000000e+00
2.779000000000000000e+03 4.000000000000000000e+00 0.000000000000000000e+00
2.779200000000000273e+03 4.000000000000000000e+00 0.000000000000000000e+00
2.779400000000000091e+03 5.656854249492380582e+00 0.000000000000000000e+00
2.779600000000000364e+03 5.656854249492380582e+00 0.000000000000000000e+00
2.779800000000000182e+03 5.656854249492380582e+00 0.000000000000000000e+00
2.780000000000000000e+03 5.656854249492380582e+00 1.550000100000000000e+11
2.780200000000000273e+03 4.000000000000000000e+00 1.550000100000000000e+11
2.780400000000000091e+03 4.000000000000000000e+00 1.550000100000000000e+11
2.780600000000000364e+03 4.000000000000000000e+00 1.550000100000000000e+11
2.780800000000000182e+03 0.000000000000000000e+00 1.550000100000000000e+11
2.781000000000000000e+03 0.000000000000000000e+00 1.550000100000000000e+11
2.781200000000000273e+03 0.000000000000000000e+00 1.550000100000000000e+11
2.781400000000000091e+03 0.000000000000000000e+00 1.550000100000000000e+11
2.781600000000000364e+03 4.000000000000000000e+00 1.550000100000000000e+11
2.781800000000000182e+03 4.000000000000000000e+00 1.550000100000000000e+11
2.782000000000000000e+03 4.000000000000000000e+00 1.550000100000000000e+11
2.782200000000000273e+03 5.656854249492380582e+00 1.550000100000000000e+11
2.782400000000000091e+03 5.656854249492380582e+00 1.550000100000000000e+11
2.782600000000000364e+03 5.656854249492380582e+00 1.550000100000000000e+11
2.782800000000000182e+03 5.656854249492380582e+00 1.550000100000000000e+11
2.783000000000000000e+03 4.000000000000000000e+00 1.550000100000000000e+11
2.783200000000000273e+03 4.000000000000000000e+00 1.550000100000000000e+11
2.783400000000000091e+03 4.000000000000000000e+00 1.550000100000000000e+11
2.783600000000000364e+03 0.000000000000000000e+00 1.550000100000000000e+11
2.783800000000000182e+03 0.000000000000000000e+00 1.550000100000000000e+11
2.784000000000000000e+03 0.000000000000000000e+00 0.000000000000000000e+00
2.784200000000000273e+03 4.000000000000000000e+00 0.000000000000000000e+00
2.784400000000000091e+03 4.000000000000000000e+00 0.000000000000000000e+00
2.784600000000000364e+03 4.000000000000000000e+00 0.000000000000000000e+00
2.784800000000000182e+03 4.000000000000000000e+00 0.000000000000000000e+00
2.785000000000000000e+03 5.656854249492380582e+00 0.000000000000000000e+00
2.785200000000000273e+03 5.656854249492380582e+00 0.000000000000000000e+00
2.785400000000000091e+03 5.656854249492380582e+00 0.000000000000000000e+00
2.785600000000000364e+03 4.000000000000000000e+00 0.000000000000000000e+00
2.785800000000000182e+03 4.000000000000000000e+00 0.000000000000000000e+00
2.786000000000000000e+03 4.000000000000000000e+00 0.000000000000000000e+00
2.786200000000000273e+03 0.000000000000000000e+00 0.000000000000000000e+00
2.786400000000000091e+03 0.000000000000000000e+00 0.000000000000000000e+00
2.786600000000000364e+03 0.000000000000000000e+00 0.000000000000000000e+00
2.786800000000000182e+03 0.000000000000000000e+00 0.000000000000000000e+00
2.787000000000000000e+03 4.000000000000000000e+00 0.000000000000000000e+00
2.787200000000000273e+03 4.000000000000000000e+00 0.000000000000000000e+00
2.787400000000000091e+03 4.000000000000000000e+00 0.000000000000000000e+00
2.787600000000000364e+03 5.656854249492380582e+00 0.000000000000000000e+00
2.787800000000000182e+03 5.656854249492380582e+00 0.000000000000000000e+00
2.788000000000000000e+03 5.656854249492380582e+00 1.550000100000000000e+11
2.788200000000000273e+03 5.656854249492380582e+00 1.550000100000000000e+11
2.788400000000000091e+03 4.000000000000000000e+00 1.550000100000000000e+11
2.788600000000000364e+03 4.000000000000000000e+00 1.550000100000000000e+11
2.788800000000000182e+03 4.000000000000000000e+00 1.550000100000000000e+11
2.789000000000000000e+03 0.000000000000000000e+00 1.550000100000000000e+11
2.789200000000000273e+03 0.000000000000000000e+00 1.550000100000000000e+11
2.789400000000000091e+03 0.000000000000000000e+00 1.550000100000000000e+11
2.789600000000000364e+03 4.000000000000000000e+00 1.550000100000000000e+11
2.789800000000000182e+03 4.000000000000000000e+00 1.550000100000000000e+11
2.790000000000000000e+03 4.000000000000000000e+00 1.550000100000000000e+11
2.790200000000000273e+03 4.000000000000000000e+00 1.550000100000000000e+11
2.790400000000000091e+03 5.656854249492380582e+00 1.550000100000000000e+11
2.790600000000000364e+03 5.656854249492380582e+00 1.550000100000000000e+11
2.790800000000000182e+03 5.656854249492380582e+00 1.550000100000000000e+11
2.791000000000000000e+03 5.656854249492380582e+00 1.550000100000000000e+11
2.791200000000000273e+03 4.000000000000000000e+00 1.550000100000000000e+11
2.791400000000000091e+03 4.000000000000000000e+00 1.550000100000000000e+11
2.791600000000000364e+03 4.000000000000000000e+00 1.550000100000000000e+11
2.791800000000000182e+03 4.000000000000000000e+00 1.550000100000000000e+11
2.792000000000000000e+03 0.000000000000000000e+00 0.000000000000000000e+00
2.792200000000000273e+03 0.000000000000000000e+00 0.000000000000000000e+00
2.792400000000000091e+03 4.000000000000000000e+00 0.000000000000000000e+00
2.792600000000000364e+03 4.000000000000000000e+00 0.000000000000000000e+00
2.792800000000000182e+03 4.000000000000000000e+00 0.000000000000000000e+00
2.793000000000000000e+03 4.000000000000000000e+00 0.000000000000000000e+00
2.793200000000000273e+03 5.656854249492380582e+00 0.000000000000000000e+00
2.793400000000000091e+03 5.656854249492380582e+00 0.000000000000000000e+00
2.793600000000000364e+03 5.656854249492380582e+00 0.000000000000000000e+00
2.793800000000000182e+03 5.656854249492380582e+00 0.000000000000000000e+00
2.794000000000000000e+03 4.000000000000000000e+00 0.000000000000000000e+00
2.794200000000000273e+03 4.000000000000000000e+00 0.000000000000000000e+00
2.794400000000000091e+03 4.000000000000000000e+00 0.000000000000000000e+00
2.794600000000000364e+03 0.000000000000000000e+00 0.000000000000000000e+00
2.794800000000000182e+03 0.000000000000000000e+00 0.000000000000000000e+00
2.795000000000000000e+03 4.000000000000000000e+00 0.000000000000000000e+00
2.795200000000000273e+03 4.000000000000000000e+00 0.000000000000000000e+00
2.795400000000000091e+03 4.000000000000000000e+00 0.000000000000000000e+00
2.795600000000000364e+03 4.000000000000000000e+00 0.000000000000000000e+00
2.795800000000000182e+03 4.000000000000000000e+00 0.000000000000000000e+00
2.796000000000000000e+03 5.656854249492380582e+00 1.550000100000000000e+11
2.796200000000000273e+03 5.656854249492380582e+00 1.550000100000000000e+11
2.796400000000000091e+03 5.656854249492380582e+00 1.550000100000000000e+11
2.796600000000000364e+03 4.000000000000000000e+00 1.550000100000000000e+11
2.796800000000000182e+03 4.000000000000000000e+00 1.550000100000000000e+11
2.797000000000000000e+03 4.000000000000000000e+00 1.550000100000000000e+11
2.797200000000000273e+03 4.000000000000000000e+00 1.550000100000000000e+11
2.797400000000000091e+03 0.000000000000000000e+00 1.550000100000000000e+11
2.797600000000000364e+03 4.000000000000000000e+00 1.550000100000000000e+11
2.797800000000000182e+03 4.000000000000000000e+00 1.550000100000000000e+11
2.798000000000000000e+03 4.000000000000000000e+00 1.550000100000000000e+11
2.798200000000000273e+03 4.000000000000000000e+00 1.550000100000000000e+11
2.798400000000000091e+03 4.000000000000000000e+00 1.550000100000000000e+11
2.798600000000000364e+03 5.656854249492380582e+00 1.550000100000000000e+11
2.798800000000000182e+03 5.656854249492380582e+00 1.550000100000000000e+11
2.799000000000000000e+03 4.000000000000000000e+00 1.550000100000000000e+11
2.799200000000000273e+03 4.000000000000000000e+00 1.550000100000000000e+11
2.799400000000000091e+03 4.000000000000000000e+00 1.550000100000000000e+11
2.799600000000000364e+03 5.656854249492380582e+00 1.550000100000000000e+11
2.799800000000000182e+03 0.000000000000000000e+00 1.550000100000000000e+11
