2.800000000000000000e+03 0.000000000000000000e+00 0.000000000000000000e+00
2.800200000000000273e+03 4.000000000000000000e+00 0.000000000000000000e+00
2.800400000000000091e+03 4.000000000000000000e+00 0.000000000000000000e+00
2.800600000000000364e+03 5.656854249492380582e+00 0.000000000000000000e+00
2.800800000000000182e+03 5.656854249492380582e+00 0.000000000000000000e+00
2.801000000000000000e+03 5.656854249492380582e+00 0.000000000000000000e+00
2.801200000000000273e+03 5.656854249492380582e+00 0.000000000000000000e+00
2.801400000000000091e+03 5.656854249492380582e+00 0.000000000000000000e+00
2.801600000000000364e+03 5.656854249492380582e+00 0.000000000000000000e+00
2.801800000000000182e+03 5.656854249492380582e+00 0.000000000000000000e+00
2.802000000000000000e+03 5.656854249492380582e+00 0.000000000000000000e+00
2.802200000000000273e+03 5.656854249492380582e+00 0.000000000000000000e+00
2.802400000000000091e+03 4.000000000000000000e+00 0.000000000000000000e+00
2.802600000000000364e+03 5.656854249492380582e+00 0.000000000000000000e+00
2.802800000000000182e+03 5.656854249492380582e+00 0.000000000000000000e+00
2.803000000000000000e+03 5.656854249492380582e+00 0.000000000000000000e+00
2.803200000000000273e+03 5.656854249492380582e+00 0.000000000000000000e+00
2.803400000000000091e+03 5.656854249492380582e+00 0.000000000000000000e+00
2.803600000000000364e+03 5.656854249492380582e+00 0.000000000000000000e+00
2.803800000000000182e+03 5.656854249492380582e+00 0.000000000000000000e+00
2.804000000000000000e+03 5.656854249492380582e+00 1.575000100000000000e+11
2.804200000000000273e+03 5.656854249492380582e+00 1.575000100000000000e+11
2.804400000000000091e+03 5.656854249492380582e+00 1.575000100000000000e+11
2.804600000000000364e+03 5.656854249492380582e+00 1.575000100000000000e+11
2.804800000000000182e+03 4.000000000000000000e+00 1.575000100000000000e+11
2.805000000000000000e+03 0.000000000000000000e+00 1.575000100000000000e+11
2.805200000000000273e+03 0.000000000000000000e+00 1.575000100000000000e+11
2.805400000000000091e+03 0.000000000000000000e+00 1.575000100000000000e+11
2.805600000000000364e+03 5.656854249492380582e+00 1.575000100000000000e+11
2.805800000000000182e+03 5.656854249492380582e+00 1.575000100000000000e+11
2.806000000000000000e+03 5.656854249492380582e+00 1.575000100000000000e+11
2.806200000000000273e+03 5.656854249492380582e+00 1.575000100000000000e+11
2.806400000000000091e+03 5.656854249492380582e+00 1.575000100000000000e+11
2.806600000000000364e+03 5.656854249492380582e+00 1.575000100000000000e+11
2.806800000000000182e+03 5.656854249492380582e+00 1.575000100000000000e+11
2.807000000000000000e+03 4.000000000000000000e+00 1.575000100000000000e+11
2.807200000000000273e+03 4.000000000000000000e+00 1.575000100000000000e+11
2.807400000000000091e+03 4.000000000000000000e+00 1.575000100000000000e+11
2.807600000000000364e+03 4.000000000000000000e+00 1.575000100000000000e+11
2.807800000000000182e+03 0.000000000000000000e+00 1.575000100000000000e+11
2.808000000000000000e+03 0.000000000000000000e+00 0.000000000000000000e+00
2.808200000000000273e+03 0.000000000000000000e+00 0.000000000000000000e+00
2.808400000000000091e+03 4.000000000000000000e+00 0.000000000000000000e+00
2.808600000000000364e+03 4.000000000000000000e+00 0.000000000000000000e+00
2.808800000000000182e+03 5.656854249492380582e+00 0.000000000000000000e+00
2.809000000000000000e+03 5.656854249492380582e+00 0.000000000000000000e+00
2.809200000000000273e+03 5.656854249492380582e+00 0.000000000000000000e+00
2.809400000000000091e+03 5.656854249492380582e+00 0.000000000000000000e+00
2.809600000000000364e+03 5.656854249492380582e+00 0.000000000000000000e+00
2.809800000000000182e+03 4.000000000000000000e+00 0.000000000000000000e+00
2.810000000000000000e+03 4.000000000000000000e+00 0.000000000000000000e+00
2.810200000000000273e+03 4.000000000000000000e+00 0.000000000000000000e+00
2.810400000000000091e+03 0.000000000000000000e+00 0.000000000000000000e+00
2.810600000000000364e+03 0.000000000000000000e+00 0.000000000000000000e+00
2.810800000000000182e+03 0.000000000000000000e+00 0.000000000000000000e+00
2.811000000000000000e+03 4.000000000000000000e+00 0.000000000000000000e+00
2.811200000000000273e+03 4.000000000000000000e+00 0.000000000000000000e+00
2.811400000000000091e+03 4.000000000000000000e+00 0.000000000000000000e+00
2.811600000000000364e+03 5.656854249492380582e+00 0.000000000000000000e+00
2.811800000000000182e+03 5.656854249492380582e+00 0.000000000000000000e+00
2.812000000000000000e+03 5.656854249492380582e+00 1.575000100000000000e+11
2.812200000000000273e+03 5.656854249492380582e+00 1.575000100000000000e+11
2.812400000000000091e+03 5.656854249492380582e+00 1.575000100000000000e+11
2.812600000000000364e+03 4.000000000000000000e+00 1.575000100000000000e+11
2.812800000000000182e+03 4.000000000000000000e+00 1.575000100000000000e+11
2.813000000000000000e+03 4.000000000000000000e+00 1.575000100000000000e+11
2.813200000000000273e+03 0.000000000000000000e+00 1.575000100000000000e+11
2.813400000000000091e+03 0.000000000000000000e+00 1.575000100000000000e+11
2.813600000000000364e+03 0.000000000000000000e+00 1.575000100000000000e+11
2.813800000000000182e+03 4.000000000000000000e+00 1.575000100000000000e+11
2.814000000000000000e+03 4.000000000000000000e+00 1.575000100000000000e+11
2.814200000000000273e+03 4.000000000000000000e+00 1.575000100000000000e+11
2.814400000000000091e+03 5.656854249492380582e+00 1.575000100000000000e+11
2.814600000000000364e+03 5.656854249492380582e+00 1.575000100000000000e+11
2.814800000000000182e+03 5.656854249492380582e+00 1.575000100000000000e+11
2.815000000000000000e+03 5.656854249492380582e+00 1.575000100000000000e+11
2.815200000000000273e+03 4.000000000000000000e+00 1.575000100000000000e+11
2.815400000000000091e+03 4.000000000000000000e+00 1.575000100000000000e+11
2.815600000000000364e+03 4.000000000000000000e+00 1.575000100000000000e+11
2.815800000000000182e+03 0.000000000000000000e+00 1.575000100000000000e+11
2.816000000000000000e+03 0.000000000000000000e+00 0.000000000000000000e+00
2.816200000000000273e+03 0.000000000000000000e+00 0.000000000000000000e+00
2.816400000000000091e+03 0.000000000000000000e+00 0.000000000000000000e+00
2.816600000000000364e+03 4.000000000000000000e+00 0.000000000000000000e+00
2.816800000000000182e+03 4.000000000000000000e+00 0.000000000000000000e+00
2.817000000000000000e+03 4.000000000000000000e+00 0.000000000000000000e+00
2.817200000000000273e+03 5.656854249492380582e+00 0.000000000000000000e+00
2.817400000000000091e+03 5.656854249492380582e+00 0.000000000000000000e+00
2.817600000000000364e+03 5.656854249492380582e+00 0.000000000000000000e+00
2.817800000000000182e+03 5.656854249492380582e+00 0.000000000000000000e+00
2.818000000000000000e+03 4.000000000000000000e+00 0.000000000000000000e+00
2.818200000000000273e+03 4.000000000000000000e+00 0.000000000000000000e+00
2.818400000000000091e+03 4.000000000000000000e+00 0.000000000000000000e+00
2.818600000000000364e+03 0.000000000000000000e+00 0.000000000000000000e+00
2.818800000000000182e+03 0.000000000000000000e+00 0.000000000000000000e+00
2.819000000000000000e+03 0.000000000000000000e+00 0.000000000000000000e+00
2.819200000000000273e+03 4.000000000000000000e+00 0.000000000000000000e+00
2.819400000000000091e+03 4.000000000000000000e+00 0.000000000000000000e+00
2.819600000000000364e+03 4.000000000000000000e+00 0.000000000000000000e+00
2.819800000000000182e+03 5.656854249492380582e+00 0.000000000000000000e+00
2.820000000000000000e+03 5.656854249492380582e+00 1.575000100000000000e+11
2.820200000000000273e+03 5.656854249492380582e+00 1.575000100000000000e+11
2.820400000000000091e+03 5.656854249492380582e+00 1.575000100000000000e+11
2.820600000000000364e+03 4.000000000000000000e+00 1.575000100000000000e+11
2.820800000000000182e+03 4.000000000000000000e+00 1.575000100000000000e+11
2.821000000000000000e+03 4.000000000000000000e+00 1.575000100000000000e+11
2.821200000000000273e+03 4.000000000000000000e+00 1.575000100000000000e+11
2.821400000000000091e+03 0.000000000000000000e+00 1.575000100000000000e+11
2.821600000000000364e+03 0.000000000000000000e+00 1.575000100000000000e+11
2.821800000000000182e+03 0.000000000000000000e+00 1.575000100000000000e+11
2.822000000000000000e+03 4.000000000000000000e+00 1.575000100000000000e+11
2.822200000000000273e+03 4.000000000000000000e+00 1.575000100000000000e+11
2.822400000000000091e+03 4.000000000000000000e+00 1.575000100000000000e+11
2.822600000000000364e+03 5.656854249492380582e+00 1.575000100000000000e+11
2.822800000000000182e+03 5.656854249492380582e+00 1.575000100000000000e+11
2.823000000000000000e+03 5.656854249492380582e+00 1.575000100000000000e+11
2.823200000000000273e+03 5.656854249492380582e+00 1.575000100000000000e+11
2.823400000000000091e+03 4.000000000000000000e+00 1.575000100000000000e+11
2.823600000000000364e+03 4.000000000000000000e+00 1.575000100000000000e+11
2.823800000000000182e+03 4.000000000000000000e+00 1.575000100000000000e+11
2.824000000000000000e+03 0.000000000000000000e+00 0.000000000000000000e+00
2.824200000000000273e+03 0.000000000000000000e+00 0.000000000000000000e+00
2.824400000000000091e+03 0.000000000000000000e+00 0.000000000000000000e+00
2.824600000000000364e+03 0.000000000000000000e+00 0.000000000000000000e+00
2.824800000000000182e+03 4.000000000000000000e+00 0.000000000000000000e+00
2.825000000000000000e+03 4.000000000000000000e+00 0.000000000000000000e+00
2.825200000000000273e+03 4.000000000000000000e+00 0.000000000000000000e+00
2.825400000000000091e+03 5.656854249492380582e+00 0.000000000000000000e+00
2.825600000000000364e+03 5.656854249492380582e+00 0.000000000000000000e+00
2.825800000000000182e+03 5.656854249492380582e+00 0.000000000000000000e+00
2.826000000000000000e+03 4.000000000000000000e+00 0.000000000000000000e+00
2.826200000000000273e+03 4.000000000000000000e+00 0.000000000000000000e+00
2.826400000000000091e+03 4.000000000000000000e+00 0.000000000000000000e+00
2.826600000000000364e+03 4.000000000000000000e+00 0.000000000000000000e+00
2.826800000000000182e+03 0.000000000000000000e+00 0.000000000000000000e+00
2.827000000000000000e+03 0.000000000000000000e+00 0.000000000000000000e+00
2.827200000000000273e+03 0.000000000000000000e+00 0.000000000000000000e+00
2.827400000000000091e+03 4.000000000000000000e+00 0.000000000000000000e+00
2.827600000000000364e+03 4.000000000000000000e+00 0.000000000000000000e+00
2.827800000000000182e+03 4.000000000000000000e+00 0.000000000000000000e+00
2.828000000000000000e+03 5.656854249492380582e+00 1.575000100000000000e+11
2.828200000000000273e+03 5.656854249492380582e+00 1.575000100000000000e+11
2.828400000000000091e+03 5.656854249492380582e+00 1.575000100000000000e+11
2.828600000000000364e+03 5.656854249492380582e+00 1.575000100000000000e+11
2.828800000000000182e+03 4.000000000000000000e+00 1.575000100000000000e+11
2.829000000000000000e+03 4.000000000000000000e+00 1.575000100000000000e+11
2.829200000000000273e+03 4.000000000000000000e+00 1.575000100000000000e+11
2.829400000000000091e+03 0.000000000000000000e+00 1.575000100000000000e+11
2.829600000000000364e+03 0.000000000000000000e+00 1.575000100000000000e+11
2.829800000000000182e+03 0.000000000000000000e+00 1.575000100000000000e+11
2.830000000000000000e+03 0.000000000000000000e+00 1.575000100000000000e+11
2.830200000000000273e+03 4.000000000000000000e+00 1.575000100000000000e+11
2.830400000000000091e+03 4.000000000000000000e+00 1.575000100000000000e+11
2.830600000000000364e+03 4.000000000000000000e+00 1.575000100000000000e+11
2.830800000000000182e+03 5.656854249492380582e+00 1.575000100000000000e+11
2.831000000000000000e+03 5.656854249492380582e+00 1.575000100000000000e+11
2.831200000000000273e+03 5.656854249492380582e+00 1.575000100000000000e+11
2.831400000000000091e+03 5.656854249492380582e+00 1.575000100000000000e+11
2.831600000000000364e+03 4.000000000000000000e+00 1.575000100000000000e+11
2.831800000000000182e+03 4.000000000000000000e+00 1.575000100000000000e+11
2.832000000000000000e+03 4.000000000000000000e+00 0.000000000000000000e+00
2.832200000000000273e+03 0.000000000000000000e+00 0.000000000000000000e+00
2.832400000000000091e+03 0.000000000000000000e+00 0.000000000000000000e+00
2.832600000000000364e+03 0.000000000000000000e+00 0.000000000000000000e+00
2.832800000000000182e+03 4.000000000000000000e+00 0.000000000000000000e+00
2.833000000000000000e+03 4.000000000000000000e+00 0.000000000000000000e+00
2.833200000000000273e+03 4.000000000000000000e+00 0.000000000000000000e+00
2.833400000000000091e+03 4.000000000000000000e+00 0.000000000000000000e+00
2.833600000000000364e+03 5.656854249492380582e+00 0.000000000000000000e+00
2.833800000000000182e+03 5.656854249492380582e+00 0.000000000000000000e+00
2.834000000000000000e+03 5.656854249492380582e+00 0.000000000000000000e+00
2.834200000000000273e+03 4.000000000000000000e+00 0.000000000000000000e+00
2.834400000000000091e+03 4.000000000000000000e+00 0.000000000000000000e+00
2.834600000000000364e+03 4.000000000000000000e+00 0.000000000000000000e+00
2.834800000000000182e+03 0.000000000000000000e+00 0.000000000000000000e+00
2.835000000000000000e+03 0.000000000000000000e+00 0.000000000000000000e+00
2.835200000000000273e+03 0.000000000000000000e+00 0.000000000000000000e+00
2.835400000000000091e+03 0.000000000000000000e+00 0.000000000000000000e+00
2.835600000000000364e+03 4.000000000000000000e+00 0.000000000000000000e+00
2.835800000000000182e+03 4.000000000000000000e+00 0.000000000000000000e+00
2.836000000000000000e+03 4.000000000000000000e+00 1.575000100000000000e+11
2.836200000000000273e+03 5.656854249492380582e+00 1.575000100000000000e+11
2.836400000000000091e+03 5.656854249492380582e+00 1.575000100000000000e+11
2.836600000000000364e+03 5.656854249492380582e+00 1.575000100000000000e+11
2.836800000000000182e+03 5.656854249492380582e+00 1.575000100000000000e+11
2.837000000000000000e+03 4.000000000000000000e+00 1.575000100000000000e+11
2.837200000000000273e+03 4.000000000000000000e+00 1.575000100000000000e+11
2.837400000000000091e+03 4.000000000000000000e+00 1.575000100000000000e+11
2.837600000000000364e+03 0.000000000000000000e+00 1.575000100000000000e+11
2.837800000000000182e+03 0.000000000000000000e+00 1.575000100000000000e+11
2.838000000000000000e+03 0.000000000000000000e+00 1.575000100000000000e+11
2.838200000000000273e+03 4.000000000000000000e+00 1.575000100000000000e+11
2.838400000000000091e+03 4.000000000000000000e+00 1.575000100000000000e+11
2.838600000000000364e+03 4.000000000000000000e+00 1.575000100000000000e+11
2.838800000000000182e+03 4.000000000000000000e+00 1.575000100000000000e+11
2.839000000000000000e+03 5.656854249492380582e+00 1.575000100000000000e+11
2.839200000000000273e+03 5.656854249492380582e+00 1.575000100000000000e+11
2.839400000000000091e+03 5.656854249492380582e+00 1.575000100000000000e+11
2.839600000000000364e+03 4.000000000000000000e+00 1.575000100000000000e+11
2.839800000000000182e+03 4.000000000000000000e+00 1.575000100000000000e+11
2.840000000000000000e+03 4.000000000000000000e+00 0.000000000000000000e+00
2.840200000000000273e+03 4.000000000000000000e+00 0.000000000000000000e+00
2.840400000000000091e+03 0.000000000000000000e+00 0.000000000000000000e+00
2.840600000000000364e+03 0.000000000000000000e+00 0.000000000000000000e+00
2.840800000000000182e+03 0.000000000000000000e+00 0.000000000000000000e+00
2.841000000000000000e+03 4.000000000000000000e+00 0.000000000000000000e+00
2.841200000000000273e+03 4.000000000000000000e+00 0.000000000000000000e+00
2.841400000000000091e+03 4.000000000000000000e+00 0.000000000000000000e+00
2.841600000000000364e+03 5.656854249492380582e+00 0.000000000000000000e+00
2.841800000000000182e+03 5.656854249492380582e+00 0.000000000000000000e+00
2.842000000000000000e+03 5.656854249492380582e+00 0.000000000000000000e+00
2.842200000000000273e+03 5.656854249492380582e+00 0.000000000000000000e+00
2.842400000000000091e+03 4.000000000000000000e+00 0.000000000000000000e+00
2.842600000000000364e+03 4.000000000000000000e+00 0.000000000000000000e+00
2.842800000000000182e+03 4.000000000000000000e+00 0.000000000000000000e+00
2.843000000000000000e+03 0.000000000000000000e+00 0.000000000000000000e+00
2.843200000000000273e+03 0.000000000000000000e+00 0.000000000000000000e+00
2.843400000000000091e+03 0.000000000000000000e+00 0.000000000000000000e+00
2.843600000000000364e+03 0.000000000000000000e+00 0.000000000000000000e+00
2.843800000000000182e+03 4.000000000000000000e+00 0.000000000000000000e+00
2.844000000000000000e+03 4.000000000000000000e+00 1.575000100000000000e+11
2.844200000000000273e+03 4.000000000000000000e+00 1.575000100000000000e+11
2.844400000000000091e+03 5.656854249492380582e+00 1.575000100000000000e+11
2.844600000000000364e+03 5.656854249492380582e+00 1.575000100000000000e+11
2.844800000000000182e+03 5.656854249492380582e+00 1.575000100000000000e+11
2.845000000000000000e+03 4.000000000000000000e+00 1.575000100000000000e+11
2.845200000000000273e+03 4.000000000000000000e+00 1.575000100000000000e+11
2.845400000000000091e+03 4.000000000000000000e+00 1.575000100000000000e+11
2.845600000000000364e+03 4.000000000000000000e+00 1.575000100000000000e+11
2.845800000000000182e+03 0.000000000000000000e+00 1.575000100000000000e+11
2.846000000000000000e+03 0.000000000000000000e+00 1.575000100000000000e+11
2.846200000000000273e+03 0.000000000000000000e+00 1.575000100000000000e+11
2.846400000000000091e+03 4.000000000000000000e+00 1.575000100000000000e+11
2.846600000000000364e+03 4.000000000000000000e+00 1.575000100000000000e+11
2.846800000000000182e+03 4.000000000000000000e+00 1.575000100000000000e+11
2.847000000000000000e+03 4.000000000000000000e+00 1.575000100000000000e+11
2.847200000000000273e+03 5.656854249492380582e+00 1.575000100000000000e+11
2.847400000000000091e+03 5.656854249492380582e+00 1.575000100000000000e+11
2.847600000000000364e+03 5.656854249492380582e+00 1.575000100000000000e+11
2.847800000000000182e+03 4.000000000000000000e+00 1.575000100000000000e+11
2.848000000000000000e+03 4.000000000000000000e+00 0.000000000000000000e+00
2.848200000000000273e+03 4.000000000000000000e+00 0.000000000000000000e+00
2.848400000000000091e+03 0.000000000000000000e+00 0.000000000000000000e+00
2.848600000000000364e+03 0.000000000000000000e+00 0.000000000000000000e+00
2.848800000000000182e+03 0.000000000000000000e+00 0.000000000000000000e+00
2.849000000000000000e+03 0.000000000000000000e+00 0.000000000000000000e+00
2.849200000000000273e+03 4.000000000000000000e+00 0.000000000000000000e+00
2.849400000000000091e+03 4.000000000000000000e+00 0.000000000000000000e+00
2.849600000000000364e+03 4.000000000000000000e+00 0.000000000000000000e+00
2.849800000000000182e+03 5.656854249492380582e+00 0.000000000000000000e+00
2.850000000000000000e+03 5.656854249492380582e+00 0.000000000000000000e+00
2.850200000000000273e+03 5.656854249492380582e+00 0.000000000000000000e+00
2.850400000000000091e+03 5.656854249492380582e+00 0.000000000000000000e+00
2.850600000000000364e+03 4.000000000000000000e+00 0.000000000000000000e+00
2.850800000000000182e+03 4.000000000000000000e+00 0.000000000000000000e+00
2.851000000000000000e+03 4.000000000000000000e+00 0.000000000000000000e+00
2.851200000000000273e+03 0.000000000000000000e+00 0.000000000000000000e+00
2.851400000000000091e+03 0.000000000000000000e+00 0.000000000000000000e+00
2.851600000000000364e+03 0.000000000000000000e+00 0.000000000000000000e+00
2.851800000000000182e+03 4.000000000000000000e+00 0.000000000000000000e+00
2.852000000000000000e+03 4.000000000000000000e+00 1.575000100000000000e+11
2.852200000000000273e+03 4.000000000000000000e+00 1.575000100000000000e+11
2.852400000000000091e+03 4.000000000000000000e+00 1.575000100000000000e+11
2.852600000000000364e+03 5.656854249492380582e+00 1.575000100000000000e+11
2.852800000000000182e+03 5.656854249492380582e+00 1.575000100000000000e+11
2.853000000000000000e+03 5.656854249492380582e+00 1.575000100000000000e+11
2.853200000000000273e+03 4.000000000000000000e+00 1.575000100000000000e+11
2.853400000000000091e+03 4.000000000000000000e+00 1.575000100000000000e+11
2.853600000000000364e+03 4.000000000000000000e+00 1.575000100000000000e+11
2.853800000000000182e+03 4.000000000000000000e+00 1.575000100000000000e+11
2.854000000000000000e+03 0.000000000000000000e+00 1.575000100000000000e+11
2.854200000000000273e+03 0.000000000000000000e+00 1.575000100000000000e+11
2.854400000000000091e+03 0.000000000000000000e+00 1.575000100000000000e+11
2.854600000000000364e+03 4.000000000000000000e+00 1.575000100000000000e+11
2.854800000000000182e+03 4.000000000000000000e+00 1.575000100000000000e+11
2.855000000000000000e+03 4.000000000000000000e+00 1.575000100000000000e+11
2.855200000000000273e+03 5.656854249492380582e+00 1.575000100000000000e+11
2.855400000000000091e+03 5.656854249492380582e+00 1.575000100000000000e+11
2.855600000000000364e+03 5.656854249492380582e+00 1.575000100000000000e+11
2.855800000000000182e+03 5.656854249492380582e+00 1.575000100000000000e+11
2.856000000000000000e+03 4.000000000000000000e+00 0.000000000000000000e+00
2.856200000000000273e+03 4.000000000000000000e+00 0.000000000000000000e+00
2.856400000000000091e+03 4.000000000000000000e+00 0.000000000000000000e+00
2.856600000000000364e+03 0.000000000000000000e+00 0.000000000000000000e+00
2.856800000000000182e+03 0.000000000000000000e+00 0.000000000000000000e+00
2.857000000000000000e+03 0.000000000000000000e+00 0.000000000000000000e+00
2.857200000000000273e+03 0.000000000000000000e+00 0.000000000000000000e+00
2.857400000000000091e+03 4.000000000000000000e+00 0.000000000000000000e+00
2.857600000000000364e+03 4.000000000000000000e+00 0.000000000000000000e+00
2.857800000000000182e+03 4.000000000000000000e+00 0.000000000000000000e+00
2.858000000000000000e+03 5.656854249492380582e+00 0.000000000000000000e+00
2.858200000000000273e+03 5.656854249492380582e+00 0.000000000000000000e+00
2.858400000000000091e+03 5.656854249492380582e+00 0.000000000000000000e+00
2.858600000000000364e+03 4.000000000000000000e+00 0.000000000000000000e+00
2.858800000000000182e+03 4.000000000000000000e+00 0.000000000000000000e+00
2.859000000000000000e+03 4.000000000000000000e+00 0.000000000000000000e+00
2.859200000000000273e+03 4.000000000000000000e+00 0.000000000000000000e+00
2.859400000000000091e+03 0.000000000000000000e+00 0.000000000000000000e+00
2.859600000000000364e+03 0.000000000000000000e+00 0.000000000000000000e+00
2.859800000000000182e+03 0.000000000000000000e+00 0.000000000000000000e+00
2.860000000000000000e+03 4.000000000000000000e+00 1.575000100000000000e+11
2.860200000000000273e+03 4.000000000000000000e+00 1.575000100000000000e+11
2.860400000000000091e+03 4.000000000000000000e+00 1.575000100000000000e+11
2.860600000000000364e+03 5.656854249492380582e+00 1.575000100000000000e+11
2.860800000000000182e+03 5.656854249492380582e+00 1.575000100000000000e+11
2.861000000000000000e+03 5.656854249492380582e+00 1.575000100000000000e+11
2.861200000000000273e+03 5.656854249492380582e+00 1.575000100000000000e+11
2.861400000000000091e+03 4.000000000000000000e+00 1.575000100000000000e+11
2.861600000000000364e+03 4.000000000000000000e+00 1.575000100000000000e+11
2.861800000000000182e+03 4.000000000000000000e+00 1.575000100000000000e+11
2.862000000000000000e+03 0.000000000000000000e+00 1.575000100000000000e+11
2.862200000000000273e+03 0.000000000000000000e+00 1.575000100000000000e+11
2.862400000000000091e+03 0.000000000000000000e+00 1.575000100000000000e+11
2.862600000000000364e+03 0.000000000000000000e+00 1.575000100000000000e+11
2.862800000000000182e+03 4.000000000000000000e+00 1.575000100000000000e+11
2.863000000000000000e+03 4.000000000000000000e+00 1.575000100000000000e+11
2.863200000000000273e+03 4.000000000000000000e+00 1.575000100000000000e+11
2.863400000000000091e+03 5.656854249492380582e+00 1.575000100000000000e+11
2.863600000000000364e+03 5.656854249492380582e+00 1.575000100000000000e+11
2.863800000000000182e+03 5.656854249492380582e+00 1.575000100000000000e+11
2.864000000000000000e+03 5.656854249492380582e+00 0.000000000000000000e+00
2.864200000000000273e+03 4.000000000000000000e+00 0.000000000000000000e+00
2.864400000000000091e+03 4.000000000000000000e+00 0.000000000000000000e+00
2.864600000000000364e+03 4.000000000000000000e+00 0.000000000000000000e+00
2.864800000000000182e+03 0.000000000000000000e+00 0.000000000000000000e+00
2.865000000000000000e+03 0.000000000000000000e+00 0.000000000000000000e+00
2.865200000000000273e+03 0.000000000000000000e+00 0.000000000000000000e+00
2.865400000000000091e+03 4.000000000000000000e+00 0.000000000000000000e+00
2.865600000000000364e+03 4.000000000000000000e+00 0.000000000000000000e+00
2.865800000000000182e+03 4.000000000000000000e+00 0.000000000000000000e+00
2.866000000000000000e+03 4.000000000000000000e+00 0.000000000000000000e+00
2.866200000000000273e+03 5.656854249492380582e+00 0.000000000000000000e+00
2.866400000000000091e+03 5.656854249492380582e+00 0.000000000000000000e+00
2.866600000000000364e+03 5.656854249492380582e+00 0.000000000000000000e+00
2.866800000000000182e+03 4.000000000000000000e+00 0.000000000000000000e+00
2.867000000000000000e+03 4.000000000000000000e+00 0.000000000000000000e+00
2.867200000000000273e+03 4.000000000000000000e+00 0.000000000000000000e+00
2.867400000000000091e+03 0.000000000000000000e+00 0.000000000000000000e+00
2.867600000000000364e+03 0.000000000000000000e+00 0.000000000000000000e+00
2.867800000000000182e+03 0.000000000000000000e+00 0.000000000000000000e+00
2.868000000000000000e+03 0.000000000000000000e+00 1.575000100000000000e+11
2.868200000000000273e+03 4.000000000000000000e+00 1.575000100000000000e+11
2.868400000000000091e+03 4.000000000000000000e+00 1.575000100000000000e+11
2.868600000000000364e+03 4.000000000000000000e+00 1.575000100000000000e+11
2.868800000000000182e+03 5.656854249492380582e+00 1.575000100000000000e+11
2.869000000000000000e+03 5.656854249492380582e+00 1.575000100000000000e+11
2.869200000000000273e+03 5.656854249492380582e+00 1.575000100000000000e+11
2.869400000000000091e+03 5.656854249492380582e+00 1.575000100000000000e+11
2.869600000000000364e+03 4.000000000000000000e+00 1.575000100000000000e+11
2.869800000000000182e+03 4.000000000000000000e+00 1.575000100000000000e+11
2.870000000000000000e+03 4.000000000000000000e+00 1.575000100000000000e+11
2.870200000000000273e+03 0.000000000000000000e+00 1.575000100000000000e+11
2.870400000000000091e+03 0.000000000000000000e+00 1.575000100000000000e+11
2.870600000000000364e+03 0.000000000000000000e+00 1.575000100000000000e+11
2.870800000000000182e+03 4.000000000000000000e+00 1.575000100000000000e+11
2.871000000000000000e+03 4.000000000000000000e+00 1.575000100000000000e+11
2.871200000000000273e+03 4.000000000000000000e+00 1.575000100000000000e+11
2.871400000000000091e+03 4.000000000000000000e+00 1.575000100000000000e+11
2.871600000000000364e+03 5.656854249492380582e+00 1.575000100000000000e+11
2.871800000000000182e+03 5.656854249492380582e+00 1.575000100000000000e+11
2.872000000000000000e+03 5.656854249492380582e+00 0.000000000000000000e+00
2.872200000000000273e+03 4.000000000000000000e+00 0.000000000000000000e+00
2.872400000000000091e+03 4.000000000000000000e+00 0.000000000000000000e+00
2.872600000000000364e+03 4.000000000000000000e+00 0.000000000000000000e+00
2.872800000000000182e+03 4.000000000000000000e+00 0.000000000000000000e+00
2.873000000000000000e+03 0.000000000000000000e+00 0.000000000000000000e+00
2.873200000000000273e+03 0.000000000000000000e+00 0.000000000000000000e+00
2.873400000000000091e+03 0.000000000000000000e+00 0.000000000000000000e+00
2.873600000000000364e+03 4.000000000000000000e+00 0.000000000000000000e+00
2.873800000000000182e+03 4.000000000000000000e+00 0.000000000000000000e+00
2.874000000000000000e+03 4.000000000000000000e+00 0.000000000000000000e+00
2.874200000000000273e+03 4.000000000000000000e+00 0.000000000000000000e+00
2.874400000000000091e+03 5.656854249492380582e+00 0.000000000000000000e+00
2.874600000000000364e+03 5.656854249492380582e+00 0.000000000000000000e+00
2.874800000000000182e+03 5.656854249492380582e+00 0.000000000000000000e+00
2.875000000000000000e+03 4.000000000000000000e+00 0.000000000000000000e+00
2.875200000000000273e+03 4.000000000000000000e+00 0.000000000000000000e+00
2.875400000000000091e+03 4.000000000000000000e+00 0.000000000000000000e+00
2.875600000000000364e+03 0.000000000000000000e+00 0.000000000000000000e+00
2.875800000000000182e+03 0.000000000000000000e+00 0.000000000000000000e+00
2.876000000000000000e+03 0.000000000000000000e+00 1.575000100000000000e+11
2.876200000000000273e+03 0.000000000000000000e+00 1.575000100000000000e+11
2.876400000000000091e+03 4.000000000000000000e+00 1.575000100000000000e+11
2.876600000000000364e+03 4.000000000000000000e+00 1.575000100000000000e+11
2.876800000000000182e+03 4.000000000000000000e+00 1.575000100000000000e+11
2.877000000000000000e+03 5.656854249492380582e+00 1.575000100000000000e+11
2.877200000000000273e+03 5.656854249492380582e+00 1.575000100000000000e+11
2.877400000000000091e+03 5.656854249492380582e+00 1.575000100000000000e+11
2.877600000000000364e+03 5.656854249492380582e+00 1.575000100000000000e+11
2.877800000000000182e+03 4.000000000000000000e+00 1.575000100000000000e+11
2.878000000000000000e+03 4.000000000000000000e+00 1.575000100000000000e+11
2.878200000000000273e+03 4.000000000000000000e+00 1.575000100000000000e+11
2.878400000000000091e+03 0.000000000000000000e+00 1.575000100000000000e+11
2.878600000000000364e+03 0.000000000000000000e+00 1.575000100000000000e+11
2.878800000000000182e+03 0.000000000000000000e+00 1.575000100000000000e+11
2.879000000000000000e+03 4.000000000000000000e+00 1.575000100000000000e+11
2.879200000000000273e+03 4.000000000000000000e+00 1.575000100000000000e+11
2.879400000000000091e+03 4.000000000000000000e+00 1.575000100000000000e+11
2.879600000000000364e+03 4.000000000000000000e+00 1.575000100000000000e+11
2.879800000000000182e+03 5.656854249492380582e+00 1.575000100000000000e+11
2.880000000000000000e+03 5.656854249492380582e+00 0.000000000000000000e+00
2.880200000000000273e+03 5.656854249492380582e+00 0.000000000000000000e+00
2.880400000000000091e+03 4.000000000000000000e+00 0.000000000000000000e+00
2.880600000000000364e+03 4.000000000000000000e+00 0.000000000000000000e+00
2.880800000000000182e+03 4.000000000000000000e+00 0.000000000000000000e+00
2.881000000000000000e+03 4.000000000000000000e+00 0.000000000000000000e+00
2.881200000000000273e+03 0.000000000000000000e+00 0.000000000000000000e+00
2.881400000000000091e+03 0.000000000000000000e+00 0.000000000000000000e+00
2.881600000000000364e+03 0.000000000000000000e+00 0.000000000000000000e+00
2.881800000000000182e+03 4.000000000000000000e+00 0.000000000000000000e+00
2.882000000000000000e+03 4.000000000000000000e+00 0.000000000000000000e+00
2.882200000000000273e+03 4.000000000000000000e+00 0.000000000000000000e+00
2.882400000000000091e+03 4.000000000000000000e+00 0.000000000000000000e+00
2.882600000000000364e+03 5.656854249492380582e+00 0.000000000000000000e+00
2.882800000000000182e+03 5.656854249492380582e+00 0.000000000000000000e+00
2.883000000000000000e+03 5.656854249492380582e+00 0.000000000000000000e+00
2.883200000000000273e+03 4.000000000000000000e+00 0.000000000000000000e+00
2.883400000000000091e+03 4.000000000000000000e+00 0.000000000000000000e+00
2.883600000000000364e+03 4.000000000000000000e+00 0.000000000000000000e+00
2.883800000000000182e+03 4.000000000000000000e+00 0.000000000000000000e+00
2.884000000000000000e+03 0.000000000000000000e+00 1.575000100000000000e+11
2.884200000000000273e+03 0.000000000000000000e+00 1.575000100000000000e+11
2.884400000000000091e+03 0.000000000000000000e+00 1.575000100000000000e+11
2.884600000000000364e+03 4.000000000000000000e+00 1.575000100000000000e+11
2.884800000000000182e+03 4.000000000000000000e+00 1.575000100000000000e+11
2.885000000000000000e+03 4.000000000000000000e+00 1.575000100000000000e+11
2.885200000000000273e+03 4.000000000000000000e+00 1.575000100000000000e+11
2.885400000000000091e+03 5.656854249492380582e+00 1.575000100000000000e+11
2.885600000000000364e+03 5.656854249492380582e+00 1.575000100000000000e+11
2.885800000000000182e+03 5.656854249492380582e+00 1.575000100000000000e+11
2.886000000000000000e+03 4.000000000000000000e+00 1.575000100000000000e+11
2.886200000000000273e+03 4.000000000000000000e+00 1.575000100000000000e+11
2.886400000000000091e+03 4.000000000000000000e+00 1.575000100000000000e+11
2.886600000000000364e+03 4.000000000000000000e+00 1.575000100000000000e+11
2.886800000000000182e+03 0.000000000000000000e+00 1.575000100000000000e+11
2.887000000000000000e+03 0.000000000000000000e+00 1.575000100000000000e+11
2.887200000000000273e+03 0.000000000000000000e+00 1.575000100000000000e+11
2.887400000000000091e+03 0.000000000000000000e+00 1.575000100000000000e+11
2.887600000000000364e+03 4.000000000000000000e+00 1.575000100000000000e+11
2.887800000000000182e+03 4.000000000000000000e+00 1.575000100000000000e+11
2.888000000000000000e+03 4.000000000000000000e+00 0.000000000000000000e+00
2.888200000000000273e+03 4.000000000000000000e+00 0.000000000000000000e+00
2.888400000000000091e+03 5.656854249492380582e+00 0.000000000000000000e+00
2.888600000000000364e+03 5.656854249492380582e+00 0.000000000000000000e+00
2.888800000000000182e+03 5.656854249492380582e+00 0.000000000000000000e+00
2.889000000000000000e+03 5.656854249492380582e+00 0.000000000000000000e+00
2.889200000000000273e+03 4.000000000000000000e+00 0.000000000000000000e+00
2.889400000000000091e+03 4.000000000000000000e+00 0.000000000000000000e+00
2.889600000000000364e+03 4.000000000000000000e+00 0.000000000000000000e+00
2.889800000000000182e+03 0.000000000000000000e+00 0.000000000000000000e+00
2.890000000000000000e+03 0.000000000000000000e+00 0.000000000000000000e+00
2.890200000000000273e+03 0.000000000000000000e+00 0.000000000000000000e+00
2.890400000000000091e+03 0.000000000000000000e+00 0.000000000000000000e+00
2.890600000000000364e+03 4.000000000000000000e+00 0.000000000000000000e+00
2.890800000000000182e+03 4.000000000000000000e+00 0.000000000000000000e+00
2.891000000000000000e+03 4.000000000000000000e+00 0.000000000000000000e+00
2.891200000000000273e+03 4.000000000000000000e+00 0.000000000000000000e+00
2.891400000000000091e+03 5.656854249492380582e+00 0.000000000000000000e+00
2.891600000000000364e+03 5.656854249492380582e+00 0.000000000000000000e+00
2.891800000000000182e+03 5.656854249492380582e+00 0.000000000000000000e+00
2.892000000000000000e+03 5.656854249492380582e+00 1.575000100000000000e+11
2.892200000000000273e+03 4.000000000000000000e+00 1.575000100000000000e+11
2.892400000000000091e+03 4.000000000000000000e+00 1.575000100000000000e+11
2.892600000000000364e+03 4.000000000000000000e+00 1.575000100000000000e+11
2.892800000000000182e+03 4.000000000000000000e+00 1.575000100000000000e+11
2.893000000000000000e+03 0.000000000000000000e+00 1.575000100000000000e+11
2.893200000000000273e+03 0.000000000000000000e+00 1.575000100000000000e+11
2.893400000000000091e+03 0.000000000000000000e+00 1.575000100000000000e+11
2.893600000000000364e+03 4.000000000000000000e+00 1.575000100000000000e+11
2.893800000000000182e+03 5.656854249492380582e+00 1.575000100000000000e+11
2.894000000000000000e+03 4.000000000000000000e+00 1.575000100000000000e+11
2.894200000000000273e+03 8.000000000000000000e+00 1.575000100000000000e+11
2.894400000000000091e+03 8.000000000000000000e+00 1.575000100000000000e+11
2.894600000000000364e+03 8.944271909999159220e+00 1.575000100000000000e+11
2.894800000000000182e+03 1.131370849898476116e+01 1.575000100000000000e+11
2.895000000000000000e+03 8.944271909999159220e+00 1.575000100000000000e+11
2.895200000000000273e+03 8.000000000000000000e+00 1.575000100000000000e+11
2.895400000000000091e+03 8.000000000000000000e+00 1.575000100000000000e+11
2.895600000000000364e+03 8.944271909999159220e+00 1.575000100000000000e+11
2.895800000000000182e+03 8.944271909999159220e+00 1.575000100000000000e+11
2.896000000000000000e+03 8.000000000000000000e+00 0.000000000000000000e+00
2.896200000000000273e+03 8.944271909999159220e+00 0.000000000000000000e+00
2.896400000000000091e+03 8.944271909999159220e+00 0.000000000000000000e+00
2.896600000000000364e+03 8.000000000000000000e+00 0.000000000000000000e+00
2.896800000000000182e+03 8.944271909999159220e+00 0.000000000000000000e+00
2.897000000000000000e+03 8.944271909999159220e+00 0.000000000000000000e+00
2.897200000000000273e+03 1.264911064067351809e+01 0.000000000000000000e+00
2.897400000000000091e+03 1.200000000000000000e+01 0.000000000000000000e+00
2.897600000000000364e+03 1.264911064067351809e+01 0.000000000000000000e+00
2.897800000000000182e+03 1.131370849898476116e+01 0.000000000000000000e+00
2.898000000000000000e+03 1.442220510185595650e+01 0.000000000000000000e+00
2.898200000000000273e+03 1.264911064067351809e+01 0.000000000000000000e+00
2.898400000000000091e+03 1.200000000000000000e+01 0.000000000000000000e+00
2.898600000000000364e+03 8.944271909999159220e+00 0.000000000000000000e+00
2.898800000000000182e+03 8.944271909999159220e+00 0.000000000000000000e+00
2.899000000000000000e+03 8.000000000000000000e+00 0.000000000000000000e+00
2.899200000000000273e+03 8.000000000000000000e+00 0.000000000000000000e+00
2.899400000000000091e+03 5.656854249492380582e+00 0.000000000000000000e+00
2.899600000000000364e+03 8.000000000000000000e+00 0.000000000000000000e+00
2.899800000000000182e+03 8.944271909999159220e+00 0.000000000000000000e+00
2.900000000000000000e+03 8.944271909999159220e+00 1.575000100000000000e+11
2.900200000000000273e+03 8.944271909999159220e+00 1.575000100000000000e+11
2.900400000000000091e+03 1.200000000000000000e+01 1.575000100000000000e+11
2.900600000000000364e+03 1.264911064067351809e+01 1.575000100000000000e+11
2.900800000000000182e+03 1.442220510185595650e+01 1.575000100000000000e+11
2.901000000000000000e+03 1.442220510185595650e+01 1.575000100000000000e+11
2.901200000000000273e+03 1.649242250247064234e+01 1.575000100000000000e+11
2.901400000000000091e+03 1.600000000000000000e+01 1.575000100000000000e+11
2.901600000000000364e+03 1.442220510185595650e+01 1.575000100000000000e+11
2.901800000000000182e+03 1.442220510185595650e+01 1.575000100000000000e+11
2.902000000000000000e+03 1.649242250247064234e+01 1.575000100000000000e+11
2.902200000000000273e+03 1.649242250247064234e+01 1.575000100000000000e+11
2.902400000000000091e+03 1.697056274847713908e+01 1.575000100000000000e+11
2.902600000000000364e+03 1.788854381999831844e+01 1.575000100000000000e+11
2.902800000000000182e+03 2.000000000000000000e+01 1.575000100000000000e+11
2.903000000000000000e+03 2.332380757938120297e+01 1.575000100000000000e+11
2.903200000000000273e+03 2.561249694973139412e+01 1.575000100000000000e+11
2.903400000000000091e+03 2.912043955712207222e+01 1.575000100000000000e+11
2.903600000000000364e+03 3.224903099319419653e+01 1.575000100000000000e+11
2.903800000000000182e+03 3.224903099319419653e+01 1.575000100000000000e+11
2.904000000000000000e+03 3.687817782917154830e+01 0.000000000000000000e+00
2.904200000000000273e+03 3.417601498127012150e+01 0.000000000000000000e+00
2.904400000000000091e+03 3.622154055254966920e+01 0.000000000000000000e+00
2.904600000000000364e+03 3.224903099319419653e+01 0.000000000000000000e+00
2.904800000000000182e+03 3.124099870362661591e+01 0.000000000000000000e+00
2.905000000000000000e+03 2.912043955712207222e+01 0.000000000000000000e+00
2.905200000000000273e+03 2.828427124746190202e+01 0.000000000000000000e+00
2.905400000000000091e+03 2.884441020371191300e+01 0.000000000000000000e+00
2.905600000000000364e+03 2.683281572999747766e+01 0.000000000000000000e+00
2.905800000000000182e+03 2.800000000000000000e+01 0.000000000000000000e+00
2.906000000000000000e+03 3.046309242345563462e+01 0.000000000000000000e+00
2.906200000000000273e+03 3.124099870362661591e+01 0.000000000000000000e+00
2.906400000000000091e+03 3.046309242345563462e+01 0.000000000000000000e+00
2.906600000000000364e+03 3.200000000000000000e+01 0.000000000000000000e+00
2.906800000000000182e+03 3.046309242345563462e+01 0.000000000000000000e+00
2.907000000000000000e+03 3.394112549695427816e+01 0.000000000000000000e+00
2.907200000000000273e+03 3.046309242345563462e+01 0.000000000000000000e+00
2.907400000000000091e+03 3.200000000000000000e+01 0.000000000000000000e+00
2.907600000000000364e+03 3.046309242345563462e+01 0.000000000000000000e+00
2.907800000000000182e+03 2.828427124746190202e+01 0.000000000000000000e+00
2.908000000000000000e+03 2.529822128134703618e+01 1.575000100000000000e+11
2.908200000000000273e+03 2.828427124746190202e+01 1.575000100000000000e+11
2.908400000000000091e+03 3.224903099319419653e+01 1.575000100000000000e+11
2.908600000000000364e+03 3.224903099319419653e+01 1.575000100000000000e+11
2.908800000000000182e+03 3.622154055254966920e+01 1.575000100000000000e+11
2.909000000000000000e+03 3.794733192202055250e+01 1.575000100000000000e+11
2.909200000000000273e+03 4.252058325093859992e+01 1.575000100000000000e+11
2.909400000000000091e+03 4.472135954999579610e+01 1.575000100000000000e+11
2.909600000000000364e+03 5.215361924162119323e+01 1.575000100000000000e+11
2.909800000000000182e+03 5.440588203494177577e+01 1.575000100000000000e+11
2.910000000000000000e+03 5.946427498927402411e+01 1.575000100000000000e+11
2.910200000000000273e+03 6.260990336999411454e+01 1.575000100000000000e+11
2.910400000000000091e+03 6.412487816752559411e+01 1.575000100000000000e+11
2.910600000000000364e+03 6.835202996254024299e+01 1.575000100000000000e+11
2.910800000000000182e+03 7.353910524340093957e+01 1.575000100000000000e+11
2.911000000000000000e+03 7.725283166331186635e+01 1.575000100000000000e+11
2.911200000000000273e+03 8.009993757800314995e+01 1.575000100000000000e+11
2.911400000000000091e+03 8.588364221433555201e+01 1.575000100000000000e+11
2.911600000000000364e+03 9.121403400793103344e+01 1.575000100000000000e+11
2.911800000000000182e+03 9.806120537705010065e+01 1.575000100000000000e+11
2.912000000000000000e+03 1.067333125130106737e+02 0.000000000000000000e+00
2.912200000000000273e+03 1.080740486888503682e+02 0.000000000000000000e+00
2.912400000000000091e+03 1.073312629199899106e+02 0.000000000000000000e+00
2.912600000000000364e+03 1.080740486888503682e+02 0.000000000000000000e+00
2.912800000000000182e+03 1.077032961426900783e+02 0.000000000000000000e+00
2.913000000000000000e+03 1.046900186264192030e+02 0.000000000000000000e+00
2.913200000000000273e+03 1.062826420446913858e+02 0.000000000000000000e+00
2.913400000000000091e+03 1.043072384832423865e+02 0.000000000000000000e+00
2.913600000000000364e+03 1.002397126891333414e+02 0.000000000000000000e+00
2.913800000000000182e+03 9.765244492586961655e+01 0.000000000000000000e+00
2.914000000000000000e+03 9.806120537705010065e+01 0.000000000000000000e+00
2.914200000000000273e+03 9.507891459203770523e+01 0.000000000000000000e+00
2.914400000000000091e+03 9.372299611087984772e+01 0.000000000000000000e+00
2.914600000000000364e+03 9.303762679690406401e+01 0.000000000000000000e+00
2.914800000000000182e+03 9.200000000000000000e+01 0.000000000000000000e+00
2.915000000000000000e+03 9.303762679690406401e+01 0.000000000000000000e+00
2.915200000000000273e+03 9.372299611087984772e+01 0.000000000000000000e+00
2.915400000000000091e+03 9.507891459203770523e+01 0.000000000000000000e+00
2.915600000000000364e+03 9.338094023943001787e+01 0.000000000000000000e+00
2.915800000000000182e+03 9.541488353501250685e+01 0.000000000000000000e+00
2.916000000000000000e+03 9.208691546577070142e+01 1.575000100000000000e+11
2.916200000000000273e+03 9.732420048477150942e+01 1.575000100000000000e+11
2.916400000000000091e+03 1.028396810574595293e+02 1.575000100000000000e+11
2.916600000000000364e+03 1.080740486888503682e+02 1.575000100000000000e+11
2.916800000000000182e+03 1.162755348299890699e+02 1.575000100000000000e+11
2.917000000000000000e+03 1.240000000000000000e+02 1.575000100000000000e+11
2.917200000000000273e+03 1.288099375048369382e+02 1.575000100000000000e+11
2.917400000000000091e+03 1.368210510118965715e+02 1.575000100000000000e+11
2.917600000000000364e+03 1.475127113166861932e+02 1.575000100000000000e+11
2.917800000000000182e+03 1.533101431738944029e+02 1.575000100000000000e+11
2.918000000000000000e+03 1.420422472365176247e+02 1.575000100000000000e+11
2.918200000000000273e+03 1.080740486888503682e+02 1.575000100000000000e+11
2.918400000000000091e+03 1.162755348299890699e+02 1.575000100000000000e+11
2.918600000000000364e+03 1.240644993541665855e+02 1.575000100000000000e+11
2.918800000000000182e+03 1.344618905117728787e+02 1.575000100000000000e+11
2.919000000000000000e+03 1.415344481036330535e+02 1.575000100000000000e+11
2.919200000000000273e+03 1.505722417977496832e+02 1.575000100000000000e+11
2.919400000000000091e+03 1.578353572555908784e+02 1.575000100000000000e+11
2.919600000000000364e+03 1.302305647687976489e+02 1.575000100000000000e+11
2.919800000000000182e+03 1.280624847486569706e+02 1.575000100000000000e+11
2.920000000000000000e+03 1.168246549320818701e+02 0.000000000000000000e+00
2.920200000000000273e+03 1.127120224288429711e+02 0.000000000000000000e+00
2.920400000000000091e+03 1.122853507809455920e+02 0.000000000000000000e+00
2.920600000000000364e+03 1.114271062174729536e+02 0.000000000000000000e+00
2.920800000000000182e+03 1.103449137930697788e+02 0.000000000000000000e+00
2.921000000000000000e+03 1.100545319375808333e+02 0.000000000000000000e+00
2.921200000000000273e+03 1.046900186264192030e+02 0.000000000000000000e+00
2.921400000000000091e+03 1.043072384832423865e+02 0.000000000000000000e+00
2.921600000000000364e+03 1.043072384832423865e+02 0.000000000000000000e+00
2.921800000000000182e+03 1.046900186264192030e+02 0.000000000000000000e+00
2.922000000000000000e+03 1.011928851253881447e+02 0.000000000000000000e+00
2.922200000000000273e+03 1.046900186264192030e+02 0.000000000000000000e+00
2.922400000000000091e+03 1.025280449438103716e+02 0.000000000000000000e+00
2.922600000000000364e+03 1.040768946500615044e+02 0.000000000000000000e+00
2.922800000000000182e+03 1.037689741685827727e+02 0.000000000000000000e+00
2.923000000000000000e+03 1.024499877989255765e+02 0.000000000000000000e+00
2.923200000000000273e+03 1.028396810574595293e+02 0.000000000000000000e+00
2.923400000000000091e+03 1.012719112093773077e+02 0.000000000000000000e+00
2.923600000000000364e+03 9.765244492586961655e+01 0.000000000000000000e+00
2.923800000000000182e+03 9.674709297958258958e+01 0.000000000000000000e+00
2.924000000000000000e+03 9.234717104492156636e+01 1.575000100000000000e+11
2.924200000000000273e+03 8.475848040166836483e+01 1.575000100000000000e+11
2.924400000000000091e+03 7.641989269817119634e+01 1.575000100000000000e+11
2.924600000000000364e+03 7.353910524340093957e+01 1.575000100000000000e+11
2.924800000000000182e+03 6.811754546370561059e+01 1.575000100000000000e+11
2.925000000000000000e+03 6.260990336999411454e+01 1.575000100000000000e+11
2.925200000000000273e+03 5.685068161420758059e+01 1.575000100000000000e+11
2.925400000000000091e+03 5.440588203494177577e+01 1.575000100000000000e+11
2.925600000000000364e+03 5.261178575186362139e+01 1.575000100000000000e+11
2.925800000000000182e+03 4.664761515876240594e+01 1.575000100000000000e+11
2.926000000000000000e+03 4.560701700396551672e+01 1.575000100000000000e+11
2.926200000000000273e+03 4.176122603564220270e+01 1.575000100000000000e+11
2.926400000000000091e+03 3.622154055254966920e+01 1.575000100000000000e+11
2.926600000000000364e+03 3.224903099319419653e+01 1.575000100000000000e+11
2.926800000000000182e+03 3.124099870362661591e+01 1.575000100000000000e+11
2.927000000000000000e+03 2.529822128134703618e+01 1.575000100000000000e+11
2.927200000000000273e+03 2.433105012119287736e+01 1.575000100000000000e+11
2.927400000000000091e+03 2.000000000000000000e+01 1.575000100000000000e+11
2.927600000000000364e+03 1.788854381999831844e+01 1.575000100000000000e+11
2.927800000000000182e+03 1.600000000000000000e+01 1.575000100000000000e+11
2.928000000000000000e+03 1.788854381999831844e+01 0.000000000000000000e+00
2.928200000000000273e+03 2.000000000000000000e+01 0.000000000000000000e+00
2.928400000000000091e+03 2.154065922853801496e+01 0.000000000000000000e+00
2.928600000000000364e+03 2.000000000000000000e+01 0.000000000000000000e+00
2.928800000000000182e+03 2.154065922853801496e+01 0.000000000000000000e+00
2.929000000000000000e+03 2.262741699796952233e+01 0.000000000000000000e+00
2.929200000000000273e+03 2.154065922853801496e+01 0.000000000000000000e+00
2.929400000000000091e+03 2.000000000000000000e+01 0.000000000000000000e+00
2.929600000000000364e+03 1.649242250247064234e+01 0.000000000000000000e+00
2.929800000000000182e+03 1.697056274847713908e+01 0.000000000000000000e+00
2.930000000000000000e+03 1.788854381999831844e+01 0.000000000000000000e+00
2.930200000000000273e+03 1.600000000000000000e+01 0.000000000000000000e+00
2.930400000000000091e+03 1.442220510185595650e+01 0.000000000000000000e+00
2.930600000000000364e+03 1.442220510185595650e+01 0.000000000000000000e+00
2.930800000000000182e+03 1.600000000000000000e+01 0.000000000000000000e+00
2.931000000000000000e+03 1.649242250247064234e+01 0.000000000000000000e+00
2.931200000000000273e+03 1.697056274847713908e+01 0.000000000000000000e+00
2.931400000000000091e+03 1.788854381999831844e+01 0.000000000000000000e+00
2.931600000000000364e+03 2.000000000000000000e+01 0.000000000000000000e+00
2.931800000000000182e+03 1.788854381999831844e+01 0.000000000000000000e+00
2.932000000000000000e+03 2.000000000000000000e+01 1.575000100000000000e+11
2.932200000000000273e+03 1.788854381999831844e+01 1.575000100000000000e+11
2.932400000000000091e+03 1.649242250247064234e+01 1.575000100000000000e+11
2.932600000000000364e+03 1.264911064067351809e+01 1.575000100000000000e+11
2.932800000000000182e+03 1.264911064067351809e+01 1.575000100000000000e+11
2.933000000000000000e+03 1.131370849898476116e+01 1.575000100000000000e+11
2.933200000000000273e+03 8.944271909999159220e+00 1.575000100000000000e+11
2.933400000000000091e+03 8.000000000000000000e+00 1.575000100000000000e+11
2.933600000000000364e+03 5.656854249492380582e+00 1.575000100000000000e+11
2.933800000000000182e+03 4.000000000000000000e+00 1.575000100000000000e+11
2.934000000000000000e+03 5.656854249492380582e+00 1.575000100000000000e+11
2.934200000000000273e+03 5.656854249492380582e+00 1.575000100000000000e+11
2.934400000000000091e+03 8.000000000000000000e+00 1.575000100000000000e+11
2.934600000000000364e+03 8.000000000000000000e+00 1.575000100000000000e+11
2.934800000000000182e+03 8.944271909999159220e+00 1.575000100000000000e+11
2.935000000000000000e+03 8.944271909999159220e+00 1.575000100000000000e+11
2.935200000000000273e+03 5.656854249492380582e+00 1.575000100000000000e+11
2.935400000000000091e+03 5.656854249492380582e+00 1.575000100000000000e+11
2.935600000000000364e+03 4.000000000000000000e+00 1.575000100000000000e+11
2.935800000000000182e+03 4.000000000000000000e+00 1.575000100000000000e+11
2.936000000000000000e+03 4.000000000000000000e+00 0.000000000000000000e+00
2.936200000000000273e+03 4.000000000000000000e+00 0.000000000000000000e+00
2.936400000000000091e+03 0.000000000000000000e+00 0.000000000000000000e+00
2.936600000000000364e+03 0.000000000000000000e+00 0.000000000000000000e+00
2.936800000000000182e+03 0.000000000000000000e+00 0.000000000000000000e+00
2.937000000000000000e+03 0.000000000000000000e+00 0.000000000000000000e+00
2.937200000000000273e+03 4.000000000000000000e+00 0.000000000000000000e+00
2.937400000000000091e+03 4.000000000000000000e+00 0.000000000000000000e+00
2.937600000000000364e+03 4.000000000000000000e+00 0.000000000000000000e+00
2.937800000000000182e+03 4.000000000000000000e+00 0.000000000000000000e+00
2.938000000000000000e+03 5.656854249492380582e+00 0.000000000000000000e+00
2.938200000000000273e+03 5.656854249492380582e+00 0.000000000000000000e+00
2.938400000000000091e+03 5.656854249492380582e+00 0.000000000000000000e+00
2.938600000000000364e+03 5.656854249492380582e+00 0.000000000000000000e+00
2.938800000000000182e+03 4.000000000000000000e+00 0.000000000000000000e+00
2.939000000000000000e+03 4.000000000000000000e+00 0.000000000000000000e+00
2.939200000000000273e+03 4.000000000000000000e+00 0.000000000000000000e+00
2.939400000000000091e+03 0.000000000000000000e+00 0.000000000000000000e+00
2.939600000000000364e+03 0.000000000000000000e+00 0.000000000000000000e+00
2.939800000000000182e+03 0.000000000000000000e+00 0.000000000000000000e+00
2.940000000000000000e+03 0.000000000000000000e+00 1.575000100000000000e+11
2.940200000000000273e+03 4.000000000000000000e+00 1.575000100000000000e+11
2.940400000000000091e+03 4.000000000000000000e+00 1.575000100000000000e+11
2.940600000000000364e+03 4.000000000000000000e+00 1.575000100000000000e+11
2.940800000000000182e+03 4.000000000000000000e+00 1.575000100000000000e+11
2.941000000000000000e+03 5.656854249492380582e+00 1.575000100000000000e+11
2.941200000000000273e+03 5.656854249492380582e+00 1.575000100000000000e+11
2.941400000000000091e+03 5.656854249492380582e+00 1.575000100000000000e+11
2.941600000000000364e+03 5.656854249492380582e+00 1.575000100000000000e+11
2.941800000000000182e+03 4.000000000000000000e+00 1.575000100000000000e+11
2.942000000000000000e+03 4.000000000000000000e+00 1.575000100000000000e+11
2.942200000000000273e+03 4.000000000000000000e+00 1.575000100000000000e+11
2.942400000000000091e+03 0.000000000000000000e+00 1.575000100000000000e+11
2.942600000000000364e+03 0.000000000000000000e+00 1.575000100000000000e+11
2.942800000000000182e+03 0.000000000000000000e+00 1.575000100000000000e+11
2.943000000000000000e+03 0.000000000000000000e+00 1.575000100000000000e+11
2.943200000000000273e+03 4.000000000000000000e+00 1.575000100000000000e+11
2.943400000000000091e+03 4.000000000000000000e+00 1.575000100000000000e+11
2.943600000000000364e+03 4.000000000000000000e+00 1.575000100000000000e+11
2.943800000000000182e+03 5.656854249492380582e+00 1.575000100000000000e+11
2.944000000000000000e+03 5.656854249492380582e+00 0.000000000000000000e+00
2.944200000000000273e+03 5.656854249492380582e+00 0.000000000000000000e+00
2.944400000000000091e+03 5.656854249492380582e+00 0.000000000000000000e+00
2.944600000000000364e+03 4.000000000000000000e+00 0.000000000000000000e+00
2.944800000000000182e+03 4.000000000000000000e+00 0.000000000000000000e+00
2.945000000000000000e+03 4.000000000000000000e+00 0.000000000000000000e+00
2.945200000000000273e+03 0.000000000000000000e+00 0.000000000000000000e+00
2.945400000000000091e+03 0.000000000000000000e+00 0.000000000000000000e+00
2.945600000000000364e+03 0.000000000000000000e+00 0.000000000000000000e+00
2.945800000000000182e+03 0.000000000000000000e+00 0.000000000000000000e+00
2.946000000000000000e+03 4.000000000000000000e+00 0.000000000000000000e+00
2.946200000000000273e+03 4.000000000000000000e+00 0.000000000000000000e+00
2.946400000000000091e+03 4.000000000000000000e+00 0.000000000000000000e+00
2.946600000000000364e+03 5.656854249492380582e+00 0.000000000000000000e+00
2.946800000000000182e+03 5.656854249492380582e+00 0.000000000000000000e+00
2.947000000000000000e+03 5.656854249492380582e+00 0.000000000000000000e+00
2.947200000000000273e+03 4.000000000000000000e+00 0.000000000000000000e+00
2.947400000000000091e+03 4.000000000000000000e+00 0.000000000000000000e+00
2.947600000000000364e+03 4.000000000000000000e+00 0.000000000000000000e+00
2.947800000000000182e+03 4.000000000000000000e+00 0.000000000000000000e+00
2.948000000000000000e+03 0.000000000000000000e+00 1.575000100000000000e+11
2.948200000000000273e+03 0.000000000000000000e+00 1.575000100000000000e+11
2.948400000000000091e+03 0.000000000000000000e+00 1.575000100000000000e+11
2.948600000000000364e+03 4.000000000000000000e+00 1.575000100000000000e+11
2.948800000000000182e+03 4.000000000000000000e+00 1.575000100000000000e+11
2.949000000000000000e+03 4.000000000000000000e+00 1.575000100000000000e+11
2.949200000000000273e+03 4.000000000000000000e+00 1.575000100000000000e+11
2.949400000000000091e+03 5.656854249492380582e+00 1.575000100000000000e+11
2.949600000000000364e+03 5.656854249492380582e+00 1.575000100000000000e+11
2.949800000000000182e+03 5.656854249492380582e+00 1.575000100000000000e+11
2.950000000000000000e+03 4.000000000000000000e+00 1.575000100000000000e+11
2.950200000000000273e+03 4.000000000000000000e+00 1.575000100000000000e+11
2.950400000000000091e+03 4.000000000000000000e+00 1.575000100000000000e+11
2.950600000000000364e+03 4.000000000000000000e+00 1.575000100000000000e+11
2.950800000000000182e+03 0.000000000000000000e+00 1.575000100000000000e+11
2.951000000000000000e+03 0.000000000000000000e+00 1.575000100000000000e+11
2.951200000000000273e+03 0.000000000000000000e+00 1.575000100000000000e+11
2.951400000000000091e+03 4.000000000000000000e+00 1.575000100000000000e+11
2.951600000000000364e+03 4.000000000000000000e+00 1.575000100000000000e+11
2.951800000000000182e+03 4.000000000000000000e+00 1.575000100000000000e+11
2.952000000000000000e+03 5.656854249492380582e+00 0.000000000000000000e+00
2.952200000000000273e+03 5.656854249492380582e+00 0.000000000000000000e+00
2.952400000000000091e+03 5.656854249492380582e+00 0.000000000000000000e+00
2.952600000000000364e+03 5.656854249492380582e+00 0.000000000000000000e+00
2.952800000000000182e+03 4.000000000000000000e+00 0.000000000000000000e+00
2.953000000000000000e+03 4.000000000000000000e+00 0.000000000000000000e+00
2.953200000000000273e+03 4.000000000000000000e+00 0.000000000000000000e+00
2.953400000000000091e+03 0.000000000000000000e+00 0.000000000000000000e+00
2.953600000000000364e+03 0.000000000000000000e+00 0.000000000000000000e+00
2.953800000000000182e+03 0.000000000000000000e+00 0.000000000000000000e+00
2.954000000000000000e+03 0.000000000000000000e+00 0.000000000000000000e+00
2.954200000000000273e+03 4.000000000000000000e+00 0.000000000000000000e+00
2.954400000000000091e+03 4.000000000000000000e+00 0.000000000000000000e+00
2.954600000000000364e+03 4.000000000000000000e+00 0.000000000000000000e+00
2.954800000000000182e+03 5.656854249492380582e+00 0.000000000000000000e+00
2.955000000000000000e+03 5.656854249492380582e+00 0.000000000000000000e+00
2.955200000000000273e+03 5.656854249492380582e+00 0.000000000000000000e+00
2.955400000000000091e+03 4.000000000000000000e+00 0.000000000000000000e+00
2.955600000000000364e+03 4.000000000000000000e+00 0.000000000000000000e+00
2.955800000000000182e+03 4.000000000000000000e+00 0.000000000000000000e+00
2.956000000000000000e+03 4.000000000000000000e+00 1.575000100000000000e+11
2.956200000000000273e+03 0.000000000000000000e+00 1.575000100000000000e+11
2.956400000000000091e+03 0.000000000000000000e+00 1.575000100000000000e+11
2.956600000000000364e+03 0.000000000000000000e+00 1.575000100000000000e+11
2.956800000000000182e+03 4.000000000000000000e+00 1.575000100000000000e+11
2.957000000000000000e+03 4.000000000000000000e+00 1.575000100000000000e+11
2.957200000000000273e+03 4.000000000000000000e+00 1.575000100000000000e+11
2.957400000000000091e+03 4.000000000000000000e+00 1.575000100000000000e+11
2.957600000000000364e+03 5.656854249492380582e+00 1.575000100000000000e+11
2.957800000000000182e+03 5.656854249492380582e+00 1.575000100000000000e+11
2.958000000000000000e+03 5.656854249492380582e+00 1.575000100000000000e+11
2.958200000000000273e+03 4.000000000000000000e+00 1.575000100000000000e+11
2.958400000000000091e+03 4.000000000000000000e+00 1.575000100000000000e+11
2.958600000000000364e+03 4.000000000000000000e+00 1.575000100000000000e+11
2.958800000000000182e+03 0.000000000000000000e+00 1.575000100000000000e+11
2.959000000000000000e+03 0.000000000000000000e+00 1.575000100000000000e+11
2.959200000000000273e+03 0.000000000000000000e+00 1.575000100000000000e+11
2.959400000000000091e+03 0.000000000000000000e+00 1.575000100000000000e+11
2.959600000000000364e+03 4.000000000000000000e+00 1.575000100000000000e+11
2.959800000000000182e+03 4.000000000000000000e+00 1.575000100000000000e+11
2.960000000000000000e+03 4.000000000000000000e+00 0.000000000000000000e+00
2.960200000000000273e+03 5.656854249492380582e+00 0.000000000000000000e+00
2.960400000000000091e+03 5.656854249492380582e+00 0.000000000000000000e+00
2.960600000000000364e+03 5.656854249492380582e+00 0.000000000000000000e+00
2.960800000000000182e+03 5.656854249492380582e+00 0.000000000000000000e+00
2.961000000000000000e+03 4.000000000000000000e+00 0.000000000000000000e+00
2.961200000000000273e+03 4.000000000000000000e+00 0.000000000000000000e+00
2.961400000000000091e+03 4.000000000000000000e+00 0.000000000000000000e+00
2.961600000000000364e+03 0.000000000000000000e+00 0.000000000000000000e+00
2.961800000000000182e+03 0.000000000000000000e+00 0.000000000000000000e+00
2.962000000000000000e+03 0.000000000000000000e+00 0.000000000000000000e+00
2.962200000000000273e+03 4.000000000000000000e+00 0.000000000000000000e+00
2.962400000000000091e+03 4.000000000000000000e+00 0.000000000000000000e+00
2.962600000000000364e+03 4.000000000000000000e+00 0.000000000000000000e+00
2.962800000000000182e+03 4.000000000000000000e+00 0.000000000000000000e+00
2.963000000000000000e+03 5.656854249492380582e+00 0.000000000000000000e+00
2.963200000000000273e+03 5.656854249492380582e+00 0.000000000000000000e+00
2.963400000000000091e+03 5.656854249492380582e+00 0.000000000000000000e+00
2.963600000000000364e+03 4.000000000000000000e+00 0.000000000000000000e+00
2.963800000000000182e+03 4.000000000000000000e+00 0.000000000000000000e+00
2.964000000000000000e+03 4.000000000000000000e+00 1.575000100000000000e+11
2.964200000000000273e+03 4.000000000000000000e+00 1.575000100000000000e+11
2.964400000000000091e+03 0.000000000000000000e+00 1.575000100000000000e+11
2.964600000000000364e+03 0.000000000000000000e+00 1.575000100000000000e+11
2.964800000000000182e+03 0.000000000000000000e+00 1.575000100000000000e+11
2.965000000000000000e+03 4.000000000000000000e+00 1.575000100000000000e+11
2.965200000000000273e+03 4.000000000000000000e+00 1.575000100000000000e+11
2.965400000000000091e+03 4.000000000000000000e+00 1.575000100000000000e+11
2.965600000000000364e+03 5.656854249492380582e+00 1.575000100000000000e+11
2.965800000000000182e+03 5.656854249492380582e+00 1.575000100000000000e+11
2.966000000000000000e+03 5.656854249492380582e+00 1.575000100000000000e+11
2.966200000000000273e+03 5.656854249492380582e+00 1.575000100000000000e+11
2.966400000000000091e+03 4.000000000000000000e+00 1.575000100000000000e+11
2.966600000000000364e+03 4.000000000000000000e+00 1.575000100000000000e+11
2.966800000000000182e+03 4.000000000000000000e+00 1.575000100000000000e+11
2.967000000000000000e+03 0.000000000000000000e+00 1.575000100000000000e+11
2.967200000000000273e+03 0.000000000000000000e+00 1.575000100000000000e+11
2.967400000000000091e+03 0.000000000000000000e+00 1.575000100000000000e+11
2.967600000000000364e+03 0.000000000000000000e+00 1.575000100000000000e+11
2.967800000000000182e+03 4.000000000000000000e+00 1.575000100000000000e+11
2.968000000000000000e+03 4.000000000000000000e+00 0.000000000000000000e+00
2.968200000000000273e+03 4.000000000000000000e+00 0.000000000000000000e+00
2.968400000000000091e+03 5.656854249492380582e+00 0.000000000000000000e+00
2.968600000000000364e+03 5.656854249492380582e+00 0.000000000000000000e+00
2.968800000000000182e+03 5.656854249492380582e+00 0.000000000000000000e+00
2.969000000000000000e+03 5.656854249492380582e+00 0.000000000000000000e+00
2.969200000000000273e+03 4.000000000000000000e+00 0.000000000000000000e+00
2.969400000000000091e+03 4.000000000000000000e+00 0.000000000000000000e+00
2.969600000000000364e+03 4.000000000000000000e+00 0.000000000000000000e+00
2.969800000000000182e+03 0.000000000000000000e+00 0.000000000000000000e+00
2.970000000000000000e+03 0.000000000000000000e+00 0.000000000000000000e+00
2.970200000000000273e+03 0.000000000000000000e+00 0.000000000000000000e+00
2.970400000000000091e+03 4.000000000000000000e+00 0.000000000000000000e+00
2.970600000000000364e+03 4.000000000000000000e+00 0.000000000000000000e+00
2.970800000000000182e+03 4.000000000000000000e+00 0.000000000000000000e+00
2.971000000000000000e+03 4.000000000000000000e+00 0.000000000000000000e+00
2.971200000000000273e+03 5.656854249492380582e+00 0.000000000000000000e+00
2.971400000000000091e+03 5.656854249492380582e+00 0.000000000000000000e+00
2.971600000000000364e+03 5.656854249492380582e+00 0.000000000000000000e+00
2.971800000000000182e+03 4.000000000000000000e+00 0.000000000000000000e+00
2.972000000000000000e+03 4.000000000000000000e+00 1.575000100000000000e+11
2.972200000000000273e+03 4.000000000000000000e+00 1.575000100000000000e+11
2.972400000000000091e+03 0.000000000000000000e+00 1.575000100000000000e+11
2.972600000000000364e+03 0.000000000000000000e+00 1.575000100000000000e+11
2.972800000000000182e+03 0.000000000000000000e+00 1.575000100000000000e+11
2.973000000000000000e+03 0.000000000000000000e+00 1.575000100000000000e+11
2.973200000000000273e+03 4.000000000000000000e+00 1.575000100000000000e+11
2.973400000000000091e+03 4.000000000000000000e+00 1.575000100000000000e+11
2.973600000000000364e+03 4.000000000000000000e+00 1.575000100000000000e+11
2.973800000000000182e+03 5.656854249492380582e+00 1.575000100000000000e+11
2.974000000000000000e+03 5.656854249492380582e+00 1.575000100000000000e+11
2.974200000000000273e+03 5.656854249492380582e+00 1.575000100000000000e+11
2.974400000000000091e+03 5.656854249492380582e+00 1.575000100000000000e+11
2.974600000000000364e+03 4.000000000000000000e+00 1.575000100000000000e+11
2.974800000000000182e+03 4.000000000000000000e+00 1.575000100000000000e+11
2.975000000000000000e+03 4.000000000000000000e+00 1.575000100000000000e+11
2.975200000000000273e+03 0.000000000000000000e+00 1.575000100000000000e+11
2.975400000000000091e+03 0.000000000000000000e+00 1.575000100000000000e+11
2.975600000000000364e+03 0.000000000000000000e+00 1.575000100000000000e+11
2.975800000000000182e+03 0.000000000000000000e+00 1.575000100000000000e+11
2.976000000000000000e+03 4.000000000000000000e+00 0.000000000000000000e+00
2.976200000000000273e+03 4.000000000000000000e+00 0.000000000000000000e+00
2.976400000000000091e+03 4.000000000000000000e+00 0.000000000000000000e+00
2.976600000000000364e+03 5.656854249492380582e+00 0.000000000000000000e+00
2.976800000000000182e+03 5.656854249492380582e+00 0.000000000000000000e+00
2.977000000000000000e+03 5.656854249492380582e+00 0.000000000000000000e+00
2.977200000000000273e+03 4.000000000000000000e+00 0.000000000000000000e+00
2.977400000000000091e+03 4.000000000000000000e+00 0.000000000000000000e+00
2.977600000000000364e+03 4.000000000000000000e+00 0.000000000000000000e+00
2.977800000000000182e+03 4.000000000000000000e+00 0.000000000000000000e+00
2.978000000000000000e+03 0.000000000000000000e+00 0.000000000000000000e+00
2.978200000000000273e+03 0.000000000000000000e+00 0.000000000000000000e+00
2.978400000000000091e+03 0.000000000000000000e+00 0.000000000000000000e+00
2.978600000000000364e+03 4.000000000000000000e+00 0.000000000000000000e+00
2.978800000000000182e+03 4.000000000000000000e+00 0.000000000000000000e+00
2.979000000000000000e+03 4.000000000000000000e+00 0.000000000000000000e+00
2.979200000000000273e+03 4.000000000000000000e+00 0.000000000000000000e+00
2.979400000000000091e+03 5.656854249492380582e+00 0.000000000000000000e+00
2.979600000000000364e+03 5.656854249492380582e+00 0.000000000000000000e+00
2.979800000000000182e+03 5.656854249492380582e+00 0.000000000000000000e+00
2.980000000000000000e+03 4.000000000000000000e+00 1.575000100000000000e+11
2.980200000000000273e+03 4.000000000000000000e+00 1.575000100000000000e+11
2.980400000000000091e+03 4.000000000000000000e+00 1.575000100000000000e+11
2.980600000000000364e+03 0.000000000000000000e+00 1.575000100000000000e+11
2.980800000000000182e+03 0.000000000000000000e+00 1.575000100000000000e+11
2.981000000000000000e+03 0.000000000000000000e+00 1.575000100000000000e+11
2.981200000000000273e+03 0.000000000000000000e+00 1.575000100000000000e+11
2.981400000000000091e+03 4.000000000000000000e+00 1.575000100000000000e+11
2.981600000000000364e+03 4.000000000000000000e+00 1.575000100000000000e+11
2.981800000000000182e+03 4.000000000000000000e+00 1.575000100000000000e+11
2.982000000000000000e+03 5.656854249492380582e+00 1.575000100000000000e+11
2.982200000000000273e+03 5.656854249492380582e+00 1.575000100000000000e+11
2.982400000000000091e+03 5.656854249492380582e+00 1.575000100000000000e+11
2.982600000000000364e+03 5.656854249492380582e+00 1.575000100000000000e+11
2.982800000000000182e+03 4.000000000000000000e+00 1.575000100000000000e+11
2.983000000000000000e+03 4.000000000000000000e+00 1.575000100000000000e+11
2.983200000000000273e+03 4.000000000000000000e+00 1.575000100000000000e+11
2.983400000000000091e+03 0.000000000000000000e+00 1.575000100000000000e+11
2.983600000000000364e+03 0.000000000000000000e+00 1.575000100000000000e+11
2.983800000000000182e+03 0.000000000000000000e+00 1.575000100000000000e+11
2.984000000000000000e+03 4.000000000000000000e+00 0.000000000000000000e+00
2.984200000000000273e+03 4.000000000000000000e+00 0.000000000000000000e+00
2.984400000000000091e+03 4.000000000000000000e+00 0.000000000000000000e+00
2.984600000000000364e+03 4.000000000000000000e+00 0.000000000000000000e+00
2.984800000000000182e+03 5.656854249492380582e+00 0.000000000000000000e+00
2.985000000000000000e+03 5.656854249492380582e+00 0.000000000000000000e+00
2.985200000000000273e+03 5.656854249492380582e+00 0.000000000000000000e+00
2.985400000000000091e+03 4.000000000000000000e+00 0.000000000000000000e+00
2.985600000000000364e+03 4.000000000000000000e+00 0.000000000000000000e+00
2.985800000000000182e+03 4.000000000000000000e+00 0.000000000000000000e+00
2.986000000000000000e+03 4.000000000000000000e+00 0.000000000000000000e+00
2.986200000000000273e+03 0.000000000000000000e+00 0.000000000000000000e+00
2.986400000000000091e+03 0.000000000000000000e+00 0.000000000000000000e+00
2.986600000000000364e+03 0.000000000000000000e+00 0.000000000000000000e+00
2.986800000000000182e+03 4.000000000000000000e+00 0.000000000000000000e+00
2.987000000000000000e+03 4.000000000000000000e+00 0.000000000000000000e+00
2.987200000000000273e+03 4.000000000000000000e+00 0.000000000000000000e+00
2.987400000000000091e+03 4.000000000000000000e+00 0.000000000000000000e+00
2.987600000000000364e+03 5.656854249492380582e+00 0.000000000000000000e+00
2.987800000000000182e+03 5.656854249492380582e+00 0.000000000000000000e+00
2.988000000000000000e+03 5.656854249492380582e+00 1.575000100000000000e+11
2.988200000000000273e+03 4.000000000000000000e+00 1.575000100000000000e+11
2.988400000000000091e+03 4.000000000000000000e+00 1.575000100000000000e+11
2.988600000000000364e+03 4.000000000000000000e+00 1.575000100000000000e+11
2.988800000000000182e+03 4.000000000000000000e+00 1.575000100000000000e+11
2.989000000000000000e+03 0.000000000000000000e+00 1.575000100000000000e+11
2.989200000000000273e+03 0.000000000000000000e+00 1.575000100000000000e+11
2.989400000000000091e+03 4.000000000000000000e+00 1.575000100000000000e+11
2.989600000000000364e+03 4.000000000000000000e+00 1.575000100000000000e+11
2.989800000000000182e+03 4.000000000000000000e+00 1.575000100000000000e+11
2.990000000000000000e+03 4.000000000000000000e+00 1.575000100000000000e+11
2.990200000000000273e+03 5.656854249492380582e+00 1.575000100000000000e+11
2.990400000000000091e+03 5.656854249492380582e+00 1.575000100000000000e+11
2.990600000000000364e+03 5.656854249492380582e+00 1.575000100000000000e+11
2.990800000000000182e+03 5.656854249492380582e+00 1.575000100000000000e+11
2.991000000000000000e+03 4.000000000000000000e+00 1.575000100000000000e+11
2.991200000000000273e+03 4.000000000000000000e+00 1.575000100000000000e+11
2.991400000000000091e+03 4.000000000000000000e+00 1.575000100000000000e+11
2.991600000000000364e+03 0.000000000000000000e+00 1.575000100000000000e+11
2.991800000000000182e+03 4.000000000000000000e+00 1.575000100000000000e+11
2.992000000000000000e+03 0.000000000000000000e+00 0.000000000000000000e+00
2.992200000000000273e+03 4.000000000000000000e+00 0.000000000000000000e+00
2.992400000000000091e+03 4.000000000000000000e+00 0.000000000000000000e+00
2.992600000000000364e+03 4.000000000000000000e+00 0.000000000000000000e+00
2.992800000000000182e+03 5.656854249492380582e+00 0.000000000000000000e+00
2.993000000000000000e+03 5.656854249492380582e+00 0.000000000000000000e+00
2.993200000000000273e+03 5.656854249492380582e+00 0.000000000000000000e+00
2.993400000000000091e+03 4.000000000000000000e+00 0.000000000000000000e+00
2.993600000000000364e+03 5.656854249492380582e+00 0.000000000000000000e+00
2.993800000000000182e+03 4.000000000000000000e+00 0.000000000000000000e+00
2.994000000000000000e+03 5.656854249492380582e+00 0.000000000000000000e+00
2.994200000000000273e+03 0.000000000000000000e+00 0.000000000000000000e+00
2.994400000000000091e+03 4.000000000000000000e+00 0.000000000000000000e+00
2.994600000000000364e+03 4.000000000000000000e+00 0.000000000000000000e+00
2.994800000000000182e+03 4.000000000000000000e+00 0.000000000000000000e+00
2.995000000000000000e+03 4.000000000000000000e+00 0.000000000000000000e+00
2.995200000000000273e+03 4.000000000000000000e+00 0.000000000000000000e+00
2.995400000000000091e+03 4.000000000000000000e+00 0.000000000000000000e+00
2.995600000000000364e+03 4.000000000000000000e+00 0.000000000000000000e+00
2.995800000000000182e+03 5.656854249492380582e+00 0.000000000000000000e+00
2.996000000000000000e+03 5.656854249492380582e+00 1.575000100000000000e+11
2.996200000000000273e+03 5.656854249492380582e+00 1.575000100000000000e+11
2.996400000000000091e+03 5.656854249492380582e+00 1.575000100000000000e+11
2.996600000000000364e+03 5.656854249492380582e+00 1.575000100000000000e+11
2.996800000000000182e+03 0.000000000000000000e+00 1.575000100000000000e+11
2.997000000000000000e+03 4.000000000000000000e+00 1.575000100000000000e+11
2.997200000000000273e+03 4.000000000000000000e+00 1.575000100000000000e+11
2.997400000000000091e+03 4.000000000000000000e+00 1.575000100000000000e+11
2.997600000000000364e+03 4.000000000000000000e+00 1.575000100000000000e+11
2.997800000000000182e+03 4.000000000000000000e+00 1.575000100000000000e+11
2.998000000000000000e+03 4.000000000000000000e+00 1.575000100000000000e+11
2.998200000000000273e+03 4.000000000000000000e+00 1.575000100000000000e+11
2.998400000000000091e+03 4.000000000000000000e+00 1.575000100000000000e+11
2.998600000000000364e+03 4.000000000000000000e+00 1.575000100000000000e+11
2.998800000000000182e+03 5.656854249492380582e+00 1.575000100000000000e+11
2.999000000000000000e+03 5.656854249492380582e+00 1.575000100000000000e+11
2.999200000000000273e+03 4.000000000000000000e+00 1.575000100000000000e+11
2.999400000000000091e+03 4.000000000000000000e+00 1.575000100000000000e+11
2.999600000000000364e+03 4.000000000000000000e+00 1.575000100000000000e+11
2.999800000000000182e+03 4.000000000000000000e+00 1.575000100000000000e+11
