3.000000000000000000e+03 4.000000000000000000e+00 0.000000000000000000e+00
3.000200000000000273e+03 4.000000000000000000e+00 0.000000000000000000e+00
3.000400000000000091e+03 5.656854249492380582e+00 0.000000000000000000e+00
3.000600000000000364e+03 5.656854249492380582e+00 0.000000000000000000e+00
3.000800000000000182e+03 5.656854249492380582e+00 0.000000000000000000e+00
3.001000000000000000e+03 5.656854249492380582e+00 0.000000000000000000e+00
3.001200000000000273e+03 5.656854249492380582e+00 0.000000000000000000e+00
3.001400000000000091e+03 5.656854249492380582e+00 0.000000000000000000e+00
3.001600000000000364e+03 5.656854249492380582e+00 0.000000000000000000e+00
3.001800000000000182e+03 5.656854249492380582e+00 0.000000000000000000e+00
3.002000000000000000e+03 5.656854249492380582e+00 0.000000000000000000e+00
3.002200000000000273e+03 5.656854249492380582e+00 0.000000000000000000e+00
3.002400000000000091e+03 4.000000000000000000e+00 0.000000000000000000e+00
3.002600000000000364e+03 0.000000000000000000e+00 0.000000000000000000e+00
3.002800000000000182e+03 0.000000000000000000e+00 0.000000000000000000e+00
3.003000000000000000e+03 0.000000000000000000e+00 0.000000000000000000e+00
3.003200000000000273e+03 5.656854249492380582e+00 0.000000000000000000e+00
3.003400000000000091e+03 5.656854249492380582e+00 0.000000000000000000e+00
3.003600000000000364e+03 5.656854249492380582e+00 0.000000000000000000e+00
3.003800000000000182e+03 5.656854249492380582e+00 0.000000000000000000e+00
3.004000000000000000e+03 5.656854249492380582e+00 1.600000000000000000e+11
3.004200000000000273e+03 5.656854249492380582e+00 1.600000000000000000e+11
3.004400000000000091e+03 5.656854249492380582e+00 1.600000000000000000e+11
3.004600000000000364e+03 4.000000000000000000e+00 1.600000000000000000e+11
3.004800000000000182e+03 4.000000000000000000e+00 1.600000000000000000e+11
3.005000000000000000e+03 4.000000000000000000e+00 1.600000000000000000e+11
3.005200000000000273e+03 0.000000000000000000e+00 1.599999800000000000e+11
3.005400000000000091e+03 0.000000000000000000e+00 1.600000000000000000e+11
3.005600000000000364e+03 0.000000000000000000e+00 1.600000000000000000e+11
3.005800000000000182e+03 0.000000000000000000e+00 1.599999800000000000e+11
3.006000000000000000e+03 4.000000000000000000e+00 1.600000000000000000e+11
3.006200000000000273e+03 4.000000000000000000e+00 1.600000000000000000e+11
3.006400000000000091e+03 5.656854249492380582e+00 1.600000000000000000e+11
3.006600000000000364e+03 5.656854249492380582e+00 1.600000000000000000e+11
3.006800000000000182e+03 5.656854249492380582e+00 1.600000000000000000e+11
3.007000000000000000e+03 5.656854249492380582e+00 1.600000000000000000e+11
3.007200000000000273e+03 4.000000000000000000e+00 1.599999800000000000e+11
3.007400000000000091e+03 4.000000000000000000e+00 1.600000000000000000e+11
3.007600000000000364e+03 4.000000000000000000e+00 1.600000000000000000e+11
3.007800000000000182e+03 4.000000000000000000e+00 1.600000000000000000e+11
3.008000000000000000e+03 0.000000000000000000e+00 0.000000000000000000e+00
3.008200000000000273e+03 0.000000000000000000e+00 0.000000000000000000e+00
3.008400000000000091e+03 0.000000000000000000e+00 0.000000000000000000e+00
3.008600000000000364e+03 4.000000000000000000e+00 0.000000000000000000e+00
3.008800000000000182e+03 4.000000000000000000e+00 0.000000000000000000e+00
3.009000000000000000e+03 4.000000000000000000e+00 0.000000000000000000e+00
3.009200000000000273e+03 5.656854249492380582e+00 0.000000000000000000e+00
3.009400000000000091e+03 5.656854249492380582e+00 0.000000000000000000e+00
3.009600000000000364e+03 5.656854249492380582e+00 0.000000000000000000e+00
3.009800000000000182e+03 5.656854249492380582e+00 0.000000000000000000e+00
3.010000000000000000e+03 4.000000000000000000e+00 0.000000000000000000e+00
3.010200000000000273e+03 4.000000000000000000e+00 0.000000000000000000e+00
3.010400000000000091e+03 4.000000000000000000e+00 0.000000000000000000e+00
3.010600000000000364e+03 0.000000000000000000e+00 0.000000000000000000e+00
3.010800000000000182e+03 0.000000000000000000e+00 0.000000000000000000e+00
3.011000000000000000e+03 0.000000000000000000e+00 0.000000000000000000e+00
3.011200000000000273e+03 0.000000000000000000e+00 0.000000000000000000e+00
3.011400000000000091e+03 4.000000000000000000e+00 0.000000000000000000e+00
3.011600000000000364e+03 4.000000000000000000e+00 0.000000000000000000e+00
3.011800000000000182e+03 5.656854249492380582e+00 0.000000000000000000e+00
3.012000000000000000e+03 5.656854249492380582e+00 1.600000000000000000e+11
3.012200000000000273e+03 5.656854249492380582e+00 1.600000000000000000e+11
3.012400000000000091e+03 5.656854249492380582e+00 1.600000000000000000e+11
3.012600000000000364e+03 4.000000000000000000e+00 1.600000000000000000e+11
3.012800000000000182e+03 4.000000000000000000e+00 1.600000000000000000e+11
3.013000000000000000e+03 4.000000000000000000e+00 1.600000000000000000e+11
3.013200000000000273e+03 4.000000000000000000e+00 1.599999800000000000e+11
3.013400000000000091e+03 0.000000000000000000e+00 1.600000000000000000e+11
3.013600000000000364e+03 0.000000000000000000e+00 1.600000000000000000e+11
3.013800000000000182e+03 0.000000000000000000e+00 1.600000000000000000e+11
3.014000000000000000e+03 4.000000000000000000e+00 1.600000000000000000e+11
3.014200000000000273e+03 4.000000000000000000e+00 1.599999800000000000e+11
3.014400000000000091e+03 4.000000000000000000e+00 1.600000000000000000e+11
3.014600000000000364e+03 5.656854249492380582e+00 1.599999800000000000e+11
3.014800000000000182e+03 5.656854249492380582e+00 1.600000000000000000e+11
3.015000000000000000e+03 5.656854249492380582e+00 1.600000000000000000e+11
3.015200000000000273e+03 5.656854249492380582e+00 1.600000000000000000e+11
3.015400000000000091e+03 4.000000000000000000e+00 1.600000000000000000e+11
3.015600000000000364e+03 4.000000000000000000e+00 1.599999800000000000e+11
3.015800000000000182e+03 4.000000000000000000e+00 1.600000000000000000e+11
3.016000000000000000e+03 0.000000000000000000e+00 0.000000000000000000e+00
3.016200000000000273e+03 0.000000000000000000e+00 0.000000000000000000e+00
3.016400000000000091e+03 0.000000000000000000e+00 0.000000000000000000e+00
3.016600000000000364e+03 0.000000000000000000e+00 0.000000000000000000e+00
3.016800000000000182e+03 4.000000000000000000e+00 0.000000000000000000e+00
3.017000000000000000e+03 4.000000000000000000e+00 0.000000000000000000e+00
3.017200000000000273e+03 4.000000000000000000e+00 0.000000000000000000e+00
3.017400000000000091e+03 5.656854249492380582e+00 0.000000000000000000e+00
3.017600000000000364e+03 5.656854249492380582e+00 0.000000000000000000e+00
3.017800000000000182e+03 5.656854249492380582e+00 0.000000000000000000e+00
3.018000000000000000e+03 5.656854249492380582e+00 0.000000000000000000e+00
3.018200000000000273e+03 4.000000000000000000e+00 0.000000000000000000e+00
3.018400000000000091e+03 4.000000000000000000e+00 0.000000000000000000e+00
3.018600000000000364e+03 4.000000000000000000e+00 0.000000000000000000e+00
3.018800000000000182e+03 0.000000000000000000e+00 0.000000000000000000e+00
3.019000000000000000e+03 0.000000000000000000e+00 0.000000000000000000e+00
3.019200000000000273e+03 0.000000000000000000e+00 0.000000000000000000e+00
3.019400000000000091e+03 4.000000000000000000e+00 0.000000000000000000e+00
3.019600000000000364e+03 4.000000000000000000e+00 0.000000000000000000e+00
3.019800000000000182e+03 4.000000000000000000e+00 0.000000000000000000e+00
3.020000000000000000e+03 5.656854249492380582e+00 1.600000000000000000e+11
3.020200000000000273e+03 5.656854249492380582e+00 1.600000000000000000e+11
3.020400000000000091e+03 5.656854249492380582e+00 1.600000000000000000e+11
3.020600000000000364e+03 5.656854249492380582e+00 1.600000000000000000e+11
3.020800000000000182e+03 4.000000000000000000e+00 1.600000000000000000e+11
3.021000000000000000e+03 4.000000000000000000e+00 1.600000000000000000e+11
3.021200000000000273e+03 4.000000000000000000e+00 1.600000000000000000e+11
3.021400000000000091e+03 4.000000000000000000e+00 1.599999800000000000e+11
3.021600000000000364e+03 0.000000000000000000e+00 1.600000000000000000e+11
3.021800000000000182e+03 0.000000000000000000e+00 1.599999800000000000e+11
3.022000000000000000e+03 0.000000000000000000e+00 1.600000000000000000e+11
3.022200000000000273e+03 4.000000000000000000e+00 1.600000000000000000e+11
3.022400000000000091e+03 4.000000000000000000e+00 1.600000000000000000e+11
3.022600000000000364e+03 4.000000000000000000e+00 1.600000000000000000e+11
3.022800000000000182e+03 5.656854249492380582e+00 1.600000000000000000e+11
3.023000000000000000e+03 5.656854249492380582e+00 1.600000000000000000e+11
3.023200000000000273e+03 5.656854249492380582e+00 1.600000000000000000e+11
3.023400000000000091e+03 5.656854249492380582e+00 1.600000000000000000e+11
3.023600000000000364e+03 4.000000000000000000e+00 1.600000000000000000e+11
3.023800000000000182e+03 4.000000000000000000e+00 1.600000000000000000e+11
3.024000000000000000e+03 4.000000000000000000e+00 0.000000000000000000e+00
3.024200000000000273e+03 0.000000000000000000e+00 0.000000000000000000e+00
3.024400000000000091e+03 0.000000000000000000e+00 0.000000000000000000e+00
3.024600000000000364e+03 0.000000000000000000e+00 0.000000000000000000e+00
3.024800000000000182e+03 4.000000000000000000e+00 0.000000000000000000e+00
3.025000000000000000e+03 4.000000000000000000e+00 0.000000000000000000e+00
3.025200000000000273e+03 4.000000000000000000e+00 0.000000000000000000e+00
3.025400000000000091e+03 4.000000000000000000e+00 0.000000000000000000e+00
3.025600000000000364e+03 5.656854249492380582e+00 0.000000000000000000e+00
3.025800000000000182e+03 5.656854249492380582e+00 0.000000000000000000e+00
3.026000000000000000e+03 5.656854249492380582e+00 0.000000000000000000e+00
3.026200000000000273e+03 4.000000000000000000e+00 0.000000000000000000e+00
3.026400000000000091e+03 4.000000000000000000e+00 0.000000000000000000e+00
3.026600000000000364e+03 4.000000000000000000e+00 0.000000000000000000e+00
3.026800000000000182e+03 4.000000000000000000e+00 0.000000000000000000e+00
3.027000000000000000e+03 0.000000000000000000e+00 0.000000000000000000e+00
3.027200000000000273e+03 0.000000000000000000e+00 0.000000000000000000e+00
3.027400000000000091e+03 0.000000000000000000e+00 0.000000000000000000e+00
3.027600000000000364e+03 4.000000000000000000e+00 0.000000000000000000e+00
3.027800000000000182e+03 4.000000000000000000e+00 0.000000000000000000e+00
3.028000000000000000e+03 4.000000000000000000e+00 1.600000000000000000e+11
3.028200000000000273e+03 5.656854249492380582e+00 1.600000000000000000e+11
3.028400000000000091e+03 5.656854249492380582e+00 1.599999800000000000e+11
3.028600000000000364e+03 5.656854249492380582e+00 1.600000000000000000e+11
3.028800000000000182e+03 5.656854249492380582e+00 1.600000000000000000e+11
3.029000000000000000e+03 4.000000000000000000e+00 1.599999800000000000e+11
3.029200000000000273e+03 4.000000000000000000e+00 1.600000000000000000e+11
3.029400000000000091e+03 4.000000000000000000e+00 1.600000000000000000e+11
3.029600000000000364e+03 0.000000000000000000e+00 1.600000000000000000e+11
3.029800000000000182e+03 0.000000000000000000e+00 1.599999800000000000e+11
3.030000000000000000e+03 0.000000000000000000e+00 1.600000000000000000e+11
3.030200000000000273e+03 0.000000000000000000e+00 1.600000000000000000e+11
3.030400000000000091e+03 4.000000000000000000e+00 1.600000000000000000e+11
3.030600000000000364e+03 4.000000000000000000e+00 1.600000000000000000e+11
3.030800000000000182e+03 4.000000000000000000e+00 1.600000000000000000e+11
3.031000000000000000e+03 5.656854249492380582e+00 1.600000000000000000e+11
3.031200000000000273e+03 5.656854249492380582e+00 1.600000000000000000e+11
3.031400000000000091e+03 5.656854249492380582e+00 1.600000000000000000e+11
3.031600000000000364e+03 4.000000000000000000e+00 1.600000000000000000e+11
3.031800000000000182e+03 4.000000000000000000e+00 1.599999800000000000e+11
3.032000000000000000e+03 4.000000000000000000e+00 0.000000000000000000e+00
3.032200000000000273e+03 4.000000000000000000e+00 0.000000000000000000e+00
3.032400000000000091e+03 0.000000000000000000e+00 0.000000000000000000e+00
3.032600000000000364e+03 0.000000000000000000e+00 0.000000000000000000e+00
3.032800000000000182e+03 0.000000000000000000e+00 0.000000000000000000e+00
3.033000000000000000e+03 4.000000000000000000e+00 0.000000000000000000e+00
3.033200000000000273e+03 4.000000000000000000e+00 0.000000000000000000e+00
3.033400000000000091e+03 4.000000000000000000e+00 0.000000000000000000e+00
3.033600000000000364e+03 4.000000000000000000e+00 0.000000000000000000e+00
3.033800000000000182e+03 5.656854249492380582e+00 0.000000000000000000e+00
3.034000000000000000e+03 5.656854249492380582e+00 0.000000000000000000e+00
3.034200000000000273e+03 5.656854249492380582e+00 0.000000000000000000e+00
3.034400000000000091e+03 4.000000000000000000e+00 0.000000000000000000e+00
3.034600000000000364e+03 4.000000000000000000e+00 0.000000000000000000e+00
3.034800000000000182e+03 4.000000000000000000e+00 0.000000000000000000e+00
3.035000000000000000e+03 0.000000000000000000e+00 0.000000000000000000e+00
3.035200000000000273e+03 0.000000000000000000e+00 0.000000000000000000e+00
3.035400000000000091e+03 0.000000000000000000e+00 0.000000000000000000e+00
3.035600000000000364e+03 0.000000000000000000e+00 0.000000000000000000e+00
3.035800000000000182e+03 4.000000000000000000e+00 0.000000000000000000e+00
3.036000000000000000e+03 4.000000000000000000e+00 1.600000000000000000e+11
3.036200000000000273e+03 4.000000000000000000e+00 1.600000000000000000e+11
3.036400000000000091e+03 5.656854249492380582e+00 1.600000000000000000e+11
3.036600000000000364e+03 5.656854249492380582e+00 1.600000000000000000e+11
3.036800000000000182e+03 5.656854249492380582e+00 1.600000000000000000e+11
3.037000000000000000e+03 4.000000000000000000e+00 1.600000000000000000e+11
3.037200000000000273e+03 4.000000000000000000e+00 1.600000000000000000e+11
3.037400000000000091e+03 4.000000000000000000e+00 1.599999800000000000e+11
3.037600000000000364e+03 4.000000000000000000e+00 1.600000000000000000e+11
3.037800000000000182e+03 0.000000000000000000e+00 1.599999800000000000e+11
3.038000000000000000e+03 0.000000000000000000e+00 1.600000000000000000e+11
3.038200000000000273e+03 0.000000000000000000e+00 1.599999800000000000e+11
3.038400000000000091e+03 4.000000000000000000e+00 1.600000000000000000e+11
3.038600000000000364e+03 4.000000000000000000e+00 1.600000000000000000e+11
3.038800000000000182e+03 4.000000000000000000e+00 1.600000000000000000e+11
3.039000000000000000e+03 4.000000000000000000e+00 1.600000000000000000e+11
3.039200000000000273e+03 5.656854249492380582e+00 1.600000000000000000e+11
3.039400000000000091e+03 5.656854249492380582e+00 1.600000000000000000e+11
3.039600000000000364e+03 5.656854249492380582e+00 1.599999800000000000e+11
3.039800000000000182e+03 4.000000000000000000e+00 1.600000000000000000e+11
3.040000000000000000e+03 4.000000000000000000e+00 0.000000000000000000e+00
3.040200000000000273e+03 4.000000000000000000e+00 0.000000000000000000e+00
3.040400000000000091e+03 4.000000000000000000e+00 0.000000000000000000e+00
3.040600000000000364e+03 0.000000000000000000e+00 0.000000000000000000e+00
3.040800000000000182e+03 0.000000000000000000e+00 0.000000000000000000e+00
3.041000000000000000e+03 0.000000000000000000e+00 0.000000000000000000e+00
3.041200000000000273e+03 4.000000000000000000e+00 0.000000000000000000e+00
3.041400000000000091e+03 4.000000000000000000e+00 0.000000000000000000e+00
3.041600000000000364e+03 4.000000000000000000e+00 0.000000000000000000e+00
3.041800000000000182e+03 5.656854249492380582e+00 0.000000000000000000e+00
3.042000000000000000e+03 5.656854249492380582e+00 0.000000000000000000e+00
3.042200000000000273e+03 5.656854249492380582e+00 0.000000000000000000e+00
3.042400000000000091e+03 5.656854249492380582e+00 0.000000000000000000e+00
3.042600000000000364e+03 4.000000000000000000e+00 0.000000000000000000e+00
3.042800000000000182e+03 4.000000000000000000e+00 0.000000000000000000e+00
3.043000000000000000e+03 4.000000000000000000e+00 0.000000000000000000e+00
3.043200000000000273e+03 0.000000000000000000e+00 0.000000000000000000e+00
3.043400000000000091e+03 0.000000000000000000e+00 0.000000000000000000e+00
3.043600000000000364e+03 0.000000000000000000e+00 0.000000000000000000e+00
3.043800000000000182e+03 4.000000000000000000e+00 0.000000000000000000e+00
3.044000000000000000e+03 4.000000000000000000e+00 1.600000000000000000e+11
3.044200000000000273e+03 4.000000000000000000e+00 1.600000000000000000e+11
3.044400000000000091e+03 4.000000000000000000e+00 1.600000000000000000e+11
3.044600000000000364e+03 5.656854249492380582e+00 1.600000000000000000e+11
3.044800000000000182e+03 5.656854249492380582e+00 1.600000000000000000e+11
3.045000000000000000e+03 5.656854249492380582e+00 1.600000000000000000e+11
3.045200000000000273e+03 4.000000000000000000e+00 1.600000000000000000e+11
3.045400000000000091e+03 4.000000000000000000e+00 1.600000000000000000e+11
3.045600000000000364e+03 4.000000000000000000e+00 1.600000000000000000e+11
3.045800000000000182e+03 4.000000000000000000e+00 1.600000000000000000e+11
3.046000000000000000e+03 0.000000000000000000e+00 1.600000000000000000e+11
3.046200000000000273e+03 0.000000000000000000e+00 1.600000000000000000e+11
3.046400000000000091e+03 0.000000000000000000e+00 1.599999800000000000e+11
3.046600000000000364e+03 4.000000000000000000e+00 1.600000000000000000e+11
3.046800000000000182e+03 4.000000000000000000e+00 1.600000000000000000e+11
3.047000000000000000e+03 4.000000000000000000e+00 1.600000000000000000e+11
3.047200000000000273e+03 5.656854249492380582e+00 1.600000000000000000e+11
3.047400000000000091e+03 5.656854249492380582e+00 1.599999800000000000e+11
3.047600000000000364e+03 5.656854249492380582e+00 1.600000000000000000e+11
3.047800000000000182e+03 5.656854249492380582e+00 1.599999800000000000e+11
3.048000000000000000e+03 4.000000000000000000e+00 0.000000000000000000e+00
3.048200000000000273e+03 4.000000000000000000e+00 0.000000000000000000e+00
3.048400000000000091e+03 4.000000000000000000e+00 0.000000000000000000e+00
3.048600000000000364e+03 0.000000000000000000e+00 0.000000000000000000e+00
3.048800000000000182e+03 0.000000000000000000e+00 0.000000000000000000e+00
3.049000000000000000e+03 0.000000000000000000e+00 0.000000000000000000e+00
3.049200000000000273e+03 0.000000000000000000e+00 0.000000000000000000e+00
3.049400000000000091e+03 4.000000000000000000e+00 0.000000000000000000e+00
3.049600000000000364e+03 4.000000000000000000e+00 0.000000000000000000e+00
3.049800000000000182e+03 4.000000000000000000e+00 0.000000000000000000e+00
3.050000000000000000e+03 5.656854249492380582e+00 0.000000000000000000e+00
3.050200000000000273e+03 5.656854249492380582e+00 0.000000000000000000e+00
3.050400000000000091e+03 5.656854249492380582e+00 0.000000000000000000e+00
3.050600000000000364e+03 4.000000000000000000e+00 0.000000000000000000e+00
3.050800000000000182e+03 4.000000000000000000e+00 0.000000000000000000e+00
3.051000000000000000e+03 4.000000000000000000e+00 0.000000000000000000e+00
3.051200000000000273e+03 4.000000000000000000e+00 0.000000000000000000e+00
3.051400000000000091e+03 0.000000000000000000e+00 0.000000000000000000e+00
3.051600000000000364e+03 0.000000000000000000e+00 0.000000000000000000e+00
3.051800000000000182e+03 0.000000000000000000e+00 0.000000000000000000e+00
3.052000000000000000e+03 4.000000000000000000e+00 1.599999800000000000e+11
3.052200000000000273e+03 4.000000000000000000e+00 1.600000000000000000e+11
3.052400000000000091e+03 4.000000000000000000e+00 1.600000000000000000e+11
3.052600000000000364e+03 4.000000000000000000e+00 1.600000000000000000e+11
3.052800000000000182e+03 5.656854249492380582e+00 1.600000000000000000e+11
3.053000000000000000e+03 5.656854249492380582e+00 1.600000000000000000e+11
3.053200000000000273e+03 5.656854249492380582e+00 1.600000000000000000e+11
3.053400000000000091e+03 4.000000000000000000e+00 1.600000000000000000e+11
3.053600000000000364e+03 4.000000000000000000e+00 1.600000000000000000e+11
3.053800000000000182e+03 4.000000000000000000e+00 1.600000000000000000e+11
3.054000000000000000e+03 0.000000000000000000e+00 1.600000000000000000e+11
3.054200000000000273e+03 0.000000000000000000e+00 1.600000000000000000e+11
3.054400000000000091e+03 0.000000000000000000e+00 1.600000000000000000e+11
3.054600000000000364e+03 0.000000000000000000e+00 1.600000000000000000e+11
3.054800000000000182e+03 4.000000000000000000e+00 1.600000000000000000e+11
3.055000000000000000e+03 4.000000000000000000e+00 1.599999800000000000e+11
3.055200000000000273e+03 4.000000000000000000e+00 1.600000000000000000e+11
3.055400000000000091e+03 5.656854249492380582e+00 1.600000000000000000e+11
3.055600000000000364e+03 5.656854249492380582e+00 1.600000000000000000e+11
3.055800000000000182e+03 5.656854249492380582e+00 1.600000000000000000e+11
3.056000000000000000e+03 5.656854249492380582e+00 0.000000000000000000e+00
3.056200000000000273e+03 4.000000000000000000e+00 0.000000000000000000e+00
3.056400000000000091e+03 4.000000000000000000e+00 0.000000000000000000e+00
3.056600000000000364e+03 4.000000000000000000e+00 0.000000000000000000e+00
3.056800000000000182e+03 0.000000000000000000e+00 0.000000000000000000e+00
3.057000000000000000e+03 0.000000000000000000e+00 0.000000000000000000e+00
3.057200000000000273e+03 0.000000000000000000e+00 0.000000000000000000e+00
3.057400000000000091e+03 4.000000000000000000e+00 0.000000000000000000e+00
3.057600000000000364e+03 4.000000000000000000e+00 0.000000000000000000e+00
3.057800000000000182e+03 4.000000000000000000e+00 0.000000000000000000e+00
3.058000000000000000e+03 4.000000000000000000e+00 0.000000000000000000e+00
3.058200000000000273e+03 5.656854249492380582e+00 0.000000000000000000e+00
3.058400000000000091e+03 5.656854249492380582e+00 0.000000000000000000e+00
3.058600000000000364e+03 5.656854249492380582e+00 0.000000000000000000e+00
3.058800000000000182e+03 4.000000000000000000e+00 0.000000000000000000e+00
3.059000000000000000e+03 4.000000000000000000e+00 0.000000000000000000e+00
3.059200000000000273e+03 4.000000000000000000e+00 0.000000000000000000e+00
3.059400000000000091e+03 4.000000000000000000e+00 0.000000000000000000e+00
3.059600000000000364e+03 0.000000000000000000e+00 0.000000000000000000e+00
3.059800000000000182e+03 0.000000000000000000e+00 0.000000000000000000e+00
3.060000000000000000e+03 0.000000000000000000e+00 1.600000000000000000e+11
3.060200000000000273e+03 4.000000000000000000e+00 1.600000000000000000e+11
3.060400000000000091e+03 4.000000000000000000e+00 1.599999800000000000e+11
3.060600000000000364e+03 4.000000000000000000e+00 1.600000000000000000e+11
3.060800000000000182e+03 5.656854249492380582e+00 1.600000000000000000e+11
3.061000000000000000e+03 5.656854249492380582e+00 1.600000000000000000e+11
3.061200000000000273e+03 5.656854249492380582e+00 1.600000000000000000e+11
3.061400000000000091e+03 5.656854249492380582e+00 1.600000000000000000e+11
3.061600000000000364e+03 4.000000000000000000e+00 1.600000000000000000e+11
3.061800000000000182e+03 4.000000000000000000e+00 1.600000000000000000e+11
3.062000000000000000e+03 4.000000000000000000e+00 1.600000000000000000e+11
3.062200000000000273e+03 0.000000000000000000e+00 1.600000000000000000e+11
3.062400000000000091e+03 0.000000000000000000e+00 1.600000000000000000e+11
3.062600000000000364e+03 0.000000000000000000e+00 1.600000000000000000e+11
3.062800000000000182e+03 0.000000000000000000e+00 1.600000000000000000e+11
3.063000000000000000e+03 4.000000000000000000e+00 1.599999800000000000e+11
3.063200000000000273e+03 4.000000000000000000e+00 1.599999800000000000e+11
3.063400000000000091e+03 4.000000000000000000e+00 1.600000000000000000e+11
3.063600000000000364e+03 5.656854249492380582e+00 1.600000000000000000e+11
3.063800000000000182e+03 5.656854249492380582e+00 1.600000000000000000e+11
3.064000000000000000e+03 5.656854249492380582e+00 0.000000000000000000e+00
3.064200000000000273e+03 4.000000000000000000e+00 0.000000000000000000e+00
3.064400000000000091e+03 4.000000000000000000e+00 0.000000000000000000e+00
3.064600000000000364e+03 4.000000000000000000e+00 0.000000000000000000e+00
3.064800000000000182e+03 4.000000000000000000e+00 0.000000000000000000e+00
3.065000000000000000e+03 0.000000000000000000e+00 0.000000000000000000e+00
3.065200000000000273e+03 0.000000000000000000e+00 0.000000000000000000e+00
3.065400000000000091e+03 0.000000000000000000e+00 0.000000000000000000e+00
3.065600000000000364e+03 4.000000000000000000e+00 0.000000000000000000e+00
3.065800000000000182e+03 4.000000000000000000e+00 0.000000000000000000e+00
3.066000000000000000e+03 4.000000000000000000e+00 0.000000000000000000e+00
3.066200000000000273e+03 4.000000000000000000e+00 0.000000000000000000e+00
3.066400000000000091e+03 5.656854249492380582e+00 0.000000000000000000e+00
3.066600000000000364e+03 5.656854249492380582e+00 0.000000000000000000e+00
3.066800000000000182e+03 5.656854249492380582e+00 0.000000000000000000e+00
3.067000000000000000e+03 4.000000000000000000e+00 0.000000000000000000e+00
3.067200000000000273e+03 4.000000000000000000e+00 0.000000000000000000e+00
3.067400000000000091e+03 4.000000000000000000e+00 0.000000000000000000e+00
3.067600000000000364e+03 0.000000000000000000e+00 0.000000000000000000e+00
3.067800000000000182e+03 0.000000000000000000e+00 0.000000000000000000e+00
3.068000000000000000e+03 0.000000000000000000e+00 1.600000000000000000e+11
3.068200000000000273e+03 0.000000000000000000e+00 1.599999800000000000e+11
3.068400000000000091e+03 4.000000000000000000e+00 1.600000000000000000e+11
3.068600000000000364e+03 4.000000000000000000e+00 1.600000000000000000e+11
3.068800000000000182e+03 4.000000000000000000e+00 1.600000000000000000e+11
3.069000000000000000e+03 5.656854249492380582e+00 1.600000000000000000e+11
3.069200000000000273e+03 5.656854249492380582e+00 1.600000000000000000e+11
3.069400000000000091e+03 5.656854249492380582e+00 1.600000000000000000e+11
3.069600000000000364e+03 5.656854249492380582e+00 1.600000000000000000e+11
3.069800000000000182e+03 4.000000000000000000e+00 1.600000000000000000e+11
3.070000000000000000e+03 4.000000000000000000e+00 1.600000000000000000e+11
3.070200000000000273e+03 4.000000000000000000e+00 1.600000000000000000e+11
3.070400000000000091e+03 0.000000000000000000e+00 1.599999800000000000e+11
3.070600000000000364e+03 0.000000000000000000e+00 1.600000000000000000e+11
3.070800000000000182e+03 0.000000000000000000e+00 1.600000000000000000e+11
3.071000000000000000e+03 4.000000000000000000e+00 1.600000000000000000e+11
3.071200000000000273e+03 4.000000000000000000e+00 1.600000000000000000e+11
3.071400000000000091e+03 4.000000000000000000e+00 1.600000000000000000e+11
3.071600000000000364e+03 4.000000000000000000e+00 1.600000000000000000e+11
3.071800000000000182e+03 5.656854249492380582e+00 1.600000000000000000e+11
3.072000000000000000e+03 5.656854249492380582e+00 0.000000000000000000e+00
3.072200000000000273e+03 5.656854249492380582e+00 0.000000000000000000e+00
3.072400000000000091e+03 4.000000000000000000e+00 0.000000000000000000e+00
3.072600000000000364e+03 4.000000000000000000e+00 0.000000000000000000e+00
3.072800000000000182e+03 4.000000000000000000e+00 0.000000000000000000e+00
3.073000000000000000e+03 4.000000000000000000e+00 0.000000000000000000e+00
3.073200000000000273e+03 0.000000000000000000e+00 0.000000000000000000e+00
3.073400000000000091e+03 0.000000000000000000e+00 0.000000000000000000e+00
3.073600000000000364e+03 0.000000000000000000e+00 0.000000000000000000e+00
3.073800000000000182e+03 4.000000000000000000e+00 0.000000000000000000e+00
3.074000000000000000e+03 4.000000000000000000e+00 0.000000000000000000e+00
3.074200000000000273e+03 4.000000000000000000e+00 0.000000000000000000e+00
3.074400000000000091e+03 5.656854249492380582e+00 0.000000000000000000e+00
3.074600000000000364e+03 5.656854249492380582e+00 0.000000000000000000e+00
3.074800000000000182e+03 5.656854249492380582e+00 0.000000000000000000e+00
3.075000000000000000e+03 5.656854249492380582e+00 0.000000000000000000e+00
3.075200000000000273e+03 4.000000000000000000e+00 0.000000000000000000e+00
3.075400000000000091e+03 4.000000000000000000e+00 0.000000000000000000e+00
3.075600000000000364e+03 4.000000000000000000e+00 0.000000000000000000e+00
3.075800000000000182e+03 0.000000000000000000e+00 0.000000000000000000e+00
3.076000000000000000e+03 0.000000000000000000e+00 1.600000000000000000e+11
3.076200000000000273e+03 0.000000000000000000e+00 1.599999800000000000e+11
3.076400000000000091e+03 0.000000000000000000e+00 1.599999800000000000e+11
3.076600000000000364e+03 4.000000000000000000e+00 1.599999800000000000e+11
3.076800000000000182e+03 4.000000000000000000e+00 1.600000000000000000e+11
3.077000000000000000e+03 4.000000000000000000e+00 1.600000000000000000e+11
3.077200000000000273e+03 5.656854249492380582e+00 1.600000000000000000e+11
3.077400000000000091e+03 5.656854249492380582e+00 1.599999800000000000e+11
3.077600000000000364e+03 5.656854249492380582e+00 1.600000000000000000e+11
3.077800000000000182e+03 5.656854249492380582e+00 1.600000000000000000e+11
3.078000000000000000e+03 4.000000000000000000e+00 1.600000000000000000e+11
3.078200000000000273e+03 4.000000000000000000e+00 1.600000000000000000e+11
3.078400000000000091e+03 4.000000000000000000e+00 1.599999800000000000e+11
3.078600000000000364e+03 0.000000000000000000e+00 1.600000000000000000e+11
3.078800000000000182e+03 0.000000000000000000e+00 1.599999800000000000e+11
3.079000000000000000e+03 0.000000000000000000e+00 1.600000000000000000e+11
3.079200000000000273e+03 0.000000000000000000e+00 1.600000000000000000e+11
3.079400000000000091e+03 4.000000000000000000e+00 1.600000000000000000e+11
3.079600000000000364e+03 4.000000000000000000e+00 1.599999800000000000e+11
3.079800000000000182e+03 4.000000000000000000e+00 1.600000000000000000e+11
3.080000000000000000e+03 5.656854249492380582e+00 0.000000000000000000e+00
3.080200000000000273e+03 5.656854249492380582e+00 0.000000000000000000e+00
3.080400000000000091e+03 5.656854249492380582e+00 0.000000000000000000e+00
3.080600000000000364e+03 5.656854249492380582e+00 0.000000000000000000e+00
3.080800000000000182e+03 4.000000000000000000e+00 0.000000000000000000e+00
3.081000000000000000e+03 4.000000000000000000e+00 0.000000000000000000e+00
3.081200000000000273e+03 4.000000000000000000e+00 0.000000000000000000e+00
3.081400000000000091e+03 0.000000000000000000e+00 0.000000000000000000e+00
3.081600000000000364e+03 0.000000000000000000e+00 0.000000000000000000e+00
3.081800000000000182e+03 0.000000000000000000e+00 0.000000000000000000e+00
3.082000000000000000e+03 0.000000000000000000e+00 0.000000000000000000e+00
3.082200000000000273e+03 4.000000000000000000e+00 0.000000000000000000e+00
3.082400000000000091e+03 4.000000000000000000e+00 0.000000000000000000e+00
3.082600000000000364e+03 4.000000000000000000e+00 0.000000000000000000e+00
3.082800000000000182e+03 5.656854249492380582e+00 0.000000000000000000e+00
3.083000000000000000e+03 5.656854249492380582e+00 0.000000000000000000e+00
3.083200000000000273e+03 5.656854249492380582e+00 0.000000000000000000e+00
3.083400000000000091e+03 5.656854249492380582e+00 0.000000000000000000e+00
3.083600000000000364e+03 4.000000000000000000e+00 0.000000000000000000e+00
3.083800000000000182e+03 4.000000000000000000e+00 0.000000000000000000e+00
3.084000000000000000e+03 4.000000000000000000e+00 1.600000000000000000e+11
3.084200000000000273e+03 4.000000000000000000e+00 1.600000000000000000e+11
3.084400000000000091e+03 0.000000000000000000e+00 1.600000000000000000e+11
3.084600000000000364e+03 0.000000000000000000e+00 1.599999800000000000e+11
3.084800000000000182e+03 0.000000000000000000e+00 1.600000000000000000e+11
3.085000000000000000e+03 4.000000000000000000e+00 1.600000000000000000e+11
3.085200000000000273e+03 4.000000000000000000e+00 1.600000000000000000e+11
3.085400000000000091e+03 4.000000000000000000e+00 1.600000000000000000e+11
3.085600000000000364e+03 4.000000000000000000e+00 1.600000000000000000e+11
3.085800000000000182e+03 5.656854249492380582e+00 1.600000000000000000e+11
3.086000000000000000e+03 5.656854249492380582e+00 1.600000000000000000e+11
3.086200000000000273e+03 5.656854249492380582e+00 1.600000000000000000e+11
3.086400000000000091e+03 5.656854249492380582e+00 1.600000000000000000e+11
3.086600000000000364e+03 4.000000000000000000e+00 1.600000000000000000e+11
3.086800000000000182e+03 4.000000000000000000e+00 1.600000000000000000e+11
3.087000000000000000e+03 4.000000000000000000e+00 1.600000000000000000e+11
3.087200000000000273e+03 4.000000000000000000e+00 1.600000000000000000e+11
3.087400000000000091e+03 0.000000000000000000e+00 1.599999800000000000e+11
3.087600000000000364e+03 0.000000000000000000e+00 1.600000000000000000e+11
3.087800000000000182e+03 4.000000000000000000e+00 1.600000000000000000e+11
3.088000000000000000e+03 4.000000000000000000e+00 0.000000000000000000e+00
3.088200000000000273e+03 5.656854249492380582e+00 0.000000000000000000e+00
3.088400000000000091e+03 4.000000000000000000e+00 0.000000000000000000e+00
3.088600000000000364e+03 8.000000000000000000e+00 0.000000000000000000e+00
3.088800000000000182e+03 8.944271909999159220e+00 0.000000000000000000e+00
3.089000000000000000e+03 8.944271909999159220e+00 0.000000000000000000e+00
3.089200000000000273e+03 5.656854249492380582e+00 0.000000000000000000e+00
3.089400000000000091e+03 8.944271909999159220e+00 0.000000000000000000e+00
3.089600000000000364e+03 8.000000000000000000e+00 0.000000000000000000e+00
3.089800000000000182e+03 4.000000000000000000e+00 0.000000000000000000e+00
3.090000000000000000e+03 4.000000000000000000e+00 0.000000000000000000e+00
3.090200000000000273e+03 5.656854249492380582e+00 0.000000000000000000e+00
3.090400000000000091e+03 4.000000000000000000e+00 0.000000000000000000e+00
3.090600000000000364e+03 0.000000000000000000e+00 0.000000000000000000e+00
3.090800000000000182e+03 0.000000000000000000e+00 0.000000000000000000e+00
3.091000000000000000e+03 4.000000000000000000e+00 0.000000000000000000e+00
3.091200000000000273e+03 5.656854249492380582e+00 0.000000000000000000e+00
3.091400000000000091e+03 4.000000000000000000e+00 0.000000000000000000e+00
3.091600000000000364e+03 4.000000000000000000e+00 0.000000000000000000e+00
3.091800000000000182e+03 8.000000000000000000e+00 0.000000000000000000e+00
3.092000000000000000e+03 5.656854249492380582e+00 1.600000000000000000e+11
3.092200000000000273e+03 5.656854249492380582e+00 1.600000000000000000e+11
3.092400000000000091e+03 8.944271909999159220e+00 1.600000000000000000e+11
3.092600000000000364e+03 8.000000000000000000e+00 1.600000000000000000e+11
3.092800000000000182e+03 8.000000000000000000e+00 1.600000000000000000e+11
3.093000000000000000e+03 5.656854249492380582e+00 1.600000000000000000e+11
3.093200000000000273e+03 5.656854249492380582e+00 1.599999800000000000e+11
3.093400000000000091e+03 4.000000000000000000e+00 1.599999800000000000e+11
3.093600000000000364e+03 4.000000000000000000e+00 1.600000000000000000e+11
3.093800000000000182e+03 5.656854249492380582e+00 1.600000000000000000e+11
3.094000000000000000e+03 8.000000000000000000e+00 1.600000000000000000e+11
3.094200000000000273e+03 8.944271909999159220e+00 1.600000000000000000e+11
3.094400000000000091e+03 1.131370849898476116e+01 1.600000000000000000e+11
3.094600000000000364e+03 1.264911064067351809e+01 1.599999800000000000e+11
3.094800000000000182e+03 1.200000000000000000e+01 1.600000000000000000e+11
3.095000000000000000e+03 1.264911064067351809e+01 1.600000000000000000e+11
3.095200000000000273e+03 1.442220510185595650e+01 1.599999800000000000e+11
3.095400000000000091e+03 1.442220510185595650e+01 1.599999800000000000e+11
3.095600000000000364e+03 1.649242250247064234e+01 1.600000000000000000e+11
3.095800000000000182e+03 1.649242250247064234e+01 1.599999800000000000e+11
3.096000000000000000e+03 1.788854381999831844e+01 0.000000000000000000e+00
3.096200000000000273e+03 1.442220510185595650e+01 0.000000000000000000e+00
3.096400000000000091e+03 1.649242250247064234e+01 0.000000000000000000e+00
3.096600000000000364e+03 1.264911064067351809e+01 0.000000000000000000e+00
3.096800000000000182e+03 1.131370849898476116e+01 0.000000000000000000e+00
3.097000000000000000e+03 1.264911064067351809e+01 0.000000000000000000e+00
3.097200000000000273e+03 1.264911064067351809e+01 0.000000000000000000e+00
3.097400000000000091e+03 1.442220510185595650e+01 0.000000000000000000e+00
3.097600000000000364e+03 1.442220510185595650e+01 0.000000000000000000e+00
3.097800000000000182e+03 1.649242250247064234e+01 0.000000000000000000e+00
3.098000000000000000e+03 1.649242250247064234e+01 0.000000000000000000e+00
3.098200000000000273e+03 1.788854381999831844e+01 0.000000000000000000e+00
3.098400000000000091e+03 2.000000000000000000e+01 0.000000000000000000e+00
3.098600000000000364e+03 1.649242250247064234e+01 0.000000000000000000e+00
3.098800000000000182e+03 1.600000000000000000e+01 0.000000000000000000e+00
3.099000000000000000e+03 1.788854381999831844e+01 0.000000000000000000e+00
3.099200000000000273e+03 1.442220510185595650e+01 0.000000000000000000e+00
3.099400000000000091e+03 1.264911064067351809e+01 0.000000000000000000e+00
3.099600000000000364e+03 1.200000000000000000e+01 0.000000000000000000e+00
3.099800000000000182e+03 1.131370849898476116e+01 0.000000000000000000e+00
3.100000000000000000e+03 1.264911064067351809e+01 1.600000000000000000e+11
3.100200000000000273e+03 1.200000000000000000e+01 1.600000000000000000e+11
3.100400000000000091e+03 1.442220510185595650e+01 1.600000000000000000e+11
3.100600000000000364e+03 1.697056274847713908e+01 1.600000000000000000e+11
3.100800000000000182e+03 2.039607805437113797e+01 1.600000000000000000e+11
3.101000000000000000e+03 2.400000000000000000e+01 1.600000000000000000e+11
3.101200000000000273e+03 2.332380757938120297e+01 1.600000000000000000e+11
3.101400000000000091e+03 2.561249694973139412e+01 1.600000000000000000e+11
3.101600000000000364e+03 2.683281572999747766e+01 1.600000000000000000e+11
3.101800000000000182e+03 2.800000000000000000e+01 1.600000000000000000e+11
3.102000000000000000e+03 3.046309242345563462e+01 1.600000000000000000e+11
3.102200000000000273e+03 2.828427124746190202e+01 1.599999800000000000e+11
3.102400000000000091e+03 3.046309242345563462e+01 1.600000000000000000e+11
3.102600000000000364e+03 3.224903099319419653e+01 1.600000000000000000e+11
3.102800000000000182e+03 3.224903099319419653e+01 1.600000000000000000e+11
3.103000000000000000e+03 3.773592452822641263e+01 1.600000000000000000e+11
3.103200000000000273e+03 4.079215610874227593e+01 1.600000000000000000e+11
3.103400000000000091e+03 4.560701700396551672e+01 1.600000000000000000e+11
3.103600000000000364e+03 4.816637831516918311e+01 1.600000000000000000e+11
3.103800000000000182e+03 5.366563145999495532e+01 1.600000000000000000e+11
3.104000000000000000e+03 5.614267539047279598e+01 0.000000000000000000e+00
3.104200000000000273e+03 5.824087911424414443e+01 0.000000000000000000e+00
3.104400000000000091e+03 5.685068161420758059e+01 0.000000000000000000e+00
3.104600000000000364e+03 5.727128425310541360e+01 0.000000000000000000e+00
3.104800000000000182e+03 5.614267539047279598e+01 0.000000000000000000e+00
3.105000000000000000e+03 5.571355310873647682e+01 0.000000000000000000e+00
3.105200000000000273e+03 5.381449618829483938e+01 0.000000000000000000e+00
3.105400000000000091e+03 5.200000000000000000e+01 0.000000000000000000e+00
3.105600000000000364e+03 5.200000000000000000e+01 0.000000000000000000e+00
3.105800000000000182e+03 5.011985634456667071e+01 0.000000000000000000e+00
3.106000000000000000e+03 4.882622246293480828e+01 0.000000000000000000e+00
3.106200000000000273e+03 4.947726750741192348e+01 0.000000000000000000e+00
3.106400000000000091e+03 4.947726750741192348e+01 0.000000000000000000e+00
3.106600000000000364e+03 4.882622246293480828e+01 0.000000000000000000e+00
3.106800000000000182e+03 5.011985634456667071e+01 0.000000000000000000e+00
3.107000000000000000e+03 5.215361924162119323e+01 0.000000000000000000e+00
3.107200000000000273e+03 5.059644256269407236e+01 0.000000000000000000e+00
3.107400000000000091e+03 5.122499389946278825e+01 0.000000000000000000e+00
3.107600000000000364e+03 5.011985634456667071e+01 0.000000000000000000e+00
3.107800000000000182e+03 5.215361924162119323e+01 0.000000000000000000e+00
3.108000000000000000e+03 5.059644256269407236e+01 1.599999800000000000e+11
3.108200000000000273e+03 5.381449618829483938e+01 1.600000000000000000e+11
3.108400000000000091e+03 5.366563145999495532e+01 1.599999800000000000e+11
3.108600000000000364e+03 5.600000000000000000e+01 1.600000000000000000e+11
3.108800000000000182e+03 6.092618484691126923e+01 1.600000000000000000e+11
3.109000000000000000e+03 6.248199740725323181e+01 1.600000000000000000e+11
3.109200000000000273e+03 7.088018058667739751e+01 1.600000000000000000e+11
3.109400000000000091e+03 7.694153624668537361e+01 1.600000000000000000e+11
3.109600000000000364e+03 8.099382692526634742e+01 1.600000000000000000e+11
3.109800000000000182e+03 8.988882021697692437e+01 1.600000000000000000e+11
3.110000000000000000e+03 9.674709297958258958e+01 1.600000000000000000e+11
3.110200000000000273e+03 1.038460398859773619e+02 1.600000000000000000e+11
3.110400000000000091e+03 1.106345334875146449e+02 1.600000000000000000e+11
3.110600000000000364e+03 1.162755348299890699e+02 1.599999800000000000e+11
3.110800000000000182e+03 1.240644993541665855e+02 1.600000000000000000e+11
3.111000000000000000e+03 1.307822617941745307e+02 1.600000000000000000e+11
3.111200000000000273e+03 1.388524396616782610e+02 1.599999800000000000e+11
3.111400000000000091e+03 1.445544879967412157e+02 1.600000000000000000e+11
3.111600000000000364e+03 1.514199458459816015e+02 1.599999800000000000e+11
3.111800000000000182e+03 1.568183662713012723e+02 1.599999800000000000e+11
3.112000000000000000e+03 1.138419957660616575e+02 0.000000000000000000e+00
3.112200000000000273e+03 1.103449137930697788e+02 0.000000000000000000e+00
3.112400000000000091e+03 1.114271062174729536e+02 0.000000000000000000e+00
3.112600000000000364e+03 1.082958909654470716e+02 0.000000000000000000e+00
3.112800000000000182e+03 1.077032961426900783e+02 0.000000000000000000e+00
3.113000000000000000e+03 1.098362417419678536e+02 0.000000000000000000e+00
3.113200000000000273e+03 1.098362417419678536e+02 0.000000000000000000e+00
3.113400000000000091e+03 1.115706054478508236e+02 0.000000000000000000e+00
3.113600000000000364e+03 1.080740486888503682e+02 0.000000000000000000e+00
3.113800000000000182e+03 1.073312629199899106e+02 0.000000000000000000e+00
3.114000000000000000e+03 1.080740486888503682e+02 0.000000000000000000e+00
3.114200000000000273e+03 1.040000000000000000e+02 0.000000000000000000e+00
3.114400000000000091e+03 1.019803902718556969e+02 0.000000000000000000e+00
3.114600000000000364e+03 1.011928851253881447e+02 0.000000000000000000e+00
3.114800000000000182e+03 9.674709297958258958e+01 0.000000000000000000e+00
3.115000000000000000e+03 9.541488353501250685e+01 0.000000000000000000e+00
3.115200000000000273e+03 9.541488353501250685e+01 0.000000000000000000e+00
3.115400000000000091e+03 9.674709297958258958e+01 0.000000000000000000e+00
3.115600000000000364e+03 9.740636529508736885e+01 0.000000000000000000e+00
3.115800000000000182e+03 9.616652224137045835e+01 0.000000000000000000e+00
3.116000000000000000e+03 9.507891459203770523e+01 1.600000000000000000e+11
3.116200000000000273e+03 1.040768946500615044e+02 1.599999800000000000e+11
3.116400000000000091e+03 1.109233969908963786e+02 1.600000000000000000e+11
3.116600000000000364e+03 1.193314711214103880e+02 1.600000000000000000e+11
3.116800000000000182e+03 1.241933975700801938e+02 1.600000000000000000e+11
3.117000000000000000e+03 1.341640786499873741e+02 1.600000000000000000e+11
3.117200000000000273e+03 1.409113196304682845e+02 1.600000000000000000e+11
3.117400000000000091e+03 1.468604780054865557e+02 1.600000000000000000e+11
3.117600000000000364e+03 1.560512736250492765e+02 1.600000000000000000e+11
3.117800000000000182e+03 1.329661611087572908e+02 1.600000000000000000e+11
3.118000000000000000e+03 1.059056183589898126e+02 1.600000000000000000e+11
3.118200000000000273e+03 1.144027971686007277e+02 1.600000000000000000e+11
3.118400000000000091e+03 1.216552506059643974e+02 1.600000000000000000e+11
3.118600000000000364e+03 1.280624847486569706e+02 1.600000000000000000e+11
3.118800000000000182e+03 1.397139935725838313e+02 1.600000000000000000e+11
3.119000000000000000e+03 1.475127113166861932e+02 1.600000000000000000e+11
3.119200000000000273e+03 1.571750616351079941e+02 1.600000000000000000e+11
3.119400000000000091e+03 1.358234147707971715e+02 1.599999800000000000e+11
3.119600000000000364e+03 1.280624847486569706e+02 1.599999800000000000e+11
3.119800000000000182e+03 1.162755348299890699e+02 1.600000000000000000e+11
3.120000000000000000e+03 1.040768946500615044e+02 0.000000000000000000e+00
3.120200000000000273e+03 1.040000000000000000e+02 0.000000000000000000e+00
3.120400000000000091e+03 1.019803902718556969e+02 0.000000000000000000e+00
3.120600000000000364e+03 1.038460398859773619e+02 0.000000000000000000e+00
3.120800000000000182e+03 1.012719112093773077e+02 0.000000000000000000e+00
3.121000000000000000e+03 1.032279032045115201e+02 0.000000000000000000e+00
3.121200000000000273e+03 1.022154587134451020e+02 0.000000000000000000e+00
3.121400000000000091e+03 1.046900186264192030e+02 0.000000000000000000e+00
3.121600000000000364e+03 1.011928851253881447e+02 0.000000000000000000e+00
3.121800000000000182e+03 1.019803902718556969e+02 0.000000000000000000e+00
3.122000000000000000e+03 1.003194896318756264e+02 0.000000000000000000e+00
3.122200000000000273e+03 1.000000000000000000e+02 0.000000000000000000e+00
3.122400000000000091e+03 9.666436778875657865e+01 0.000000000000000000e+00
3.122600000000000364e+03 9.633275663033836622e+01 0.000000000000000000e+00
3.122800000000000182e+03 9.507891459203770523e+01 0.000000000000000000e+00
3.123000000000000000e+03 9.338094023943001787e+01 0.000000000000000000e+00
3.123200000000000273e+03 9.208691546577070142e+01 0.000000000000000000e+00
3.123400000000000091e+03 8.781799360040059810e+01 0.000000000000000000e+00
3.123600000000000364e+03 8.836288813749808924e+01 0.000000000000000000e+00
3.123800000000000182e+03 8.988882021697692437e+01 0.000000000000000000e+00
3.124000000000000000e+03 9.050966799187808931e+01 1.600000000000000000e+11
3.124200000000000273e+03 8.616263691415205983e+01 1.600000000000000000e+11
3.124400000000000091e+03 8.009993757800314995e+01 1.600000000000000000e+11
3.124600000000000364e+03 7.155417527999327376e+01 1.600000000000000000e+11
3.124800000000000182e+03 6.811754546370561059e+01 1.599999800000000000e+11
3.125000000000000000e+03 6.324555320336758513e+01 1.600000000000000000e+11
3.125200000000000273e+03 5.614267539047279598e+01 1.600000000000000000e+11
3.125400000000000091e+03 5.011985634456667071e+01 1.600000000000000000e+11
3.125600000000000364e+03 4.560701700396551672e+01 1.600000000000000000e+11
3.125800000000000182e+03 4.176122603564220270e+01 1.600000000000000000e+11
3.126000000000000000e+03 3.622154055254966920e+01 1.600000000000000000e+11
3.126200000000000273e+03 3.224903099319419653e+01 1.599999800000000000e+11
3.126400000000000091e+03 2.884441020371191300e+01 1.600000000000000000e+11
3.126600000000000364e+03 2.828427124746190202e+01 1.600000000000000000e+11
3.126800000000000182e+03 2.529822128134703618e+01 1.600000000000000000e+11
3.127000000000000000e+03 2.561249694973139412e+01 1.600000000000000000e+11
3.127200000000000273e+03 2.529822128134703618e+01 1.600000000000000000e+11
3.127400000000000091e+03 2.400000000000000000e+01 1.600000000000000000e+11
3.127600000000000364e+03 2.154065922853801496e+01 1.600000000000000000e+11
3.127800000000000182e+03 2.000000000000000000e+01 1.600000000000000000e+11
3.128000000000000000e+03 1.788854381999831844e+01 0.000000000000000000e+00
3.128200000000000273e+03 2.039607805437113797e+01 0.000000000000000000e+00
3.128400000000000091e+03 1.649242250247064234e+01 0.000000000000000000e+00
3.128600000000000364e+03 1.442220510185595650e+01 0.000000000000000000e+00
3.128800000000000182e+03 1.442220510185595650e+01 0.000000000000000000e+00
3.129000000000000000e+03 1.600000000000000000e+01 0.000000000000000000e+00
3.129200000000000273e+03 1.264911064067351809e+01 0.000000000000000000e+00
3.129400000000000091e+03 1.442220510185595650e+01 0.000000000000000000e+00
3.129600000000000364e+03 1.264911064067351809e+01 0.000000000000000000e+00
3.129800000000000182e+03 1.264911064067351809e+01 0.000000000000000000e+00
3.130000000000000000e+03 1.442220510185595650e+01 0.000000000000000000e+00
3.130200000000000273e+03 1.788854381999831844e+01 0.000000000000000000e+00
3.130400000000000091e+03 1.600000000000000000e+01 0.000000000000000000e+00
3.130600000000000364e+03 1.649242250247064234e+01 0.000000000000000000e+00
3.130800000000000182e+03 2.000000000000000000e+01 0.000000000000000000e+00
3.131000000000000000e+03 2.000000000000000000e+01 0.000000000000000000e+00
3.131200000000000273e+03 1.649242250247064234e+01 0.000000000000000000e+00
3.131400000000000091e+03 1.600000000000000000e+01 0.000000000000000000e+00
3.131600000000000364e+03 1.442220510185595650e+01 0.000000000000000000e+00
3.131800000000000182e+03 1.442220510185595650e+01 0.000000000000000000e+00
3.132000000000000000e+03 1.264911064067351809e+01 1.599999800000000000e+11
3.132200000000000273e+03 1.264911064067351809e+01 1.600000000000000000e+11
3.132400000000000091e+03 1.131370849898476116e+01 1.599999800000000000e+11
3.132600000000000364e+03 8.944271909999159220e+00 1.600000000000000000e+11
3.132800000000000182e+03 8.000000000000000000e+00 1.600000000000000000e+11
3.133000000000000000e+03 8.944271909999159220e+00 1.600000000000000000e+11
3.133200000000000273e+03 8.944271909999159220e+00 1.600000000000000000e+11
3.133400000000000091e+03 8.000000000000000000e+00 1.600000000000000000e+11
3.133600000000000364e+03 8.944271909999159220e+00 1.600000000000000000e+11
3.133800000000000182e+03 8.944271909999159220e+00 1.599999800000000000e+11
3.134000000000000000e+03 1.131370849898476116e+01 1.600000000000000000e+11
3.134200000000000273e+03 8.944271909999159220e+00 1.600000000000000000e+11
3.134400000000000091e+03 8.000000000000000000e+00 1.599999800000000000e+11
3.134600000000000364e+03 8.000000000000000000e+00 1.600000000000000000e+11
3.134800000000000182e+03 4.000000000000000000e+00 1.599999800000000000e+11
3.135000000000000000e+03 5.656854249492380582e+00 1.600000000000000000e+11
3.135200000000000273e+03 0.000000000000000000e+00 1.600000000000000000e+11
3.135400000000000091e+03 0.000000000000000000e+00 1.600000000000000000e+11
3.135600000000000364e+03 0.000000000000000000e+00 1.600000000000000000e+11
3.135800000000000182e+03 0.000000000000000000e+00 1.600000000000000000e+11
3.136000000000000000e+03 4.000000000000000000e+00 0.000000000000000000e+00
3.136200000000000273e+03 4.000000000000000000e+00 0.000000000000000000e+00
3.136400000000000091e+03 4.000000000000000000e+00 0.000000000000000000e+00
3.136600000000000364e+03 4.000000000000000000e+00 0.000000000000000000e+00
3.136800000000000182e+03 5.656854249492380582e+00 0.000000000000000000e+00
3.137000000000000000e+03 5.656854249492380582e+00 0.000000000000000000e+00
3.137200000000000273e+03 5.656854249492380582e+00 0.000000000000000000e+00
3.137400000000000091e+03 5.656854249492380582e+00 0.000000000000000000e+00
3.137600000000000364e+03 4.000000000000000000e+00 0.000000000000000000e+00
3.137800000000000182e+03 4.000000000000000000e+00 0.000000000000000000e+00
3.138000000000000000e+03 4.000000000000000000e+00 0.000000000000000000e+00
3.138200000000000273e+03 4.000000000000000000e+00 0.000000000000000000e+00
3.138400000000000091e+03 0.000000000000000000e+00 0.000000000000000000e+00
3.138600000000000364e+03 0.000000000000000000e+00 0.000000000000000000e+00
3.138800000000000182e+03 0.000000000000000000e+00 0.000000000000000000e+00
3.139000000000000000e+03 4.000000000000000000e+00 0.000000000000000000e+00
3.139200000000000273e+03 4.000000000000000000e+00 0.000000000000000000e+00
3.139400000000000091e+03 4.000000000000000000e+00 0.000000000000000000e+00
3.139600000000000364e+03 4.000000000000000000e+00 0.000000000000000000e+00
3.139800000000000182e+03 5.656854249492380582e+00 0.000000000000000000e+00
3.140000000000000000e+03 5.656854249492380582e+00 1.600000000000000000e+11
3.140200000000000273e+03 5.656854249492380582e+00 1.600000000000000000e+11
3.140400000000000091e+03 5.656854249492380582e+00 1.600000000000000000e+11
3.140600000000000364e+03 4.000000000000000000e+00 1.600000000000000000e+11
3.140800000000000182e+03 4.000000000000000000e+00 1.600000000000000000e+11
3.141000000000000000e+03 4.000000000000000000e+00 1.600000000000000000e+11
3.141200000000000273e+03 4.000000000000000000e+00 1.600000000000000000e+11
3.141400000000000091e+03 0.000000000000000000e+00 1.600000000000000000e+11
3.141600000000000364e+03 0.000000000000000000e+00 1.599999800000000000e+11
3.141800000000000182e+03 0.000000000000000000e+00 1.599999800000000000e+11
3.142000000000000000e+03 4.000000000000000000e+00 1.600000000000000000e+11
3.142200000000000273e+03 4.000000000000000000e+00 1.600000000000000000e+11
3.142400000000000091e+03 4.000000000000000000e+00 1.600000000000000000e+11
3.142600000000000364e+03 4.000000000000000000e+00 1.599999800000000000e+11
3.142800000000000182e+03 5.656854249492380582e+00 1.600000000000000000e+11
3.143000000000000000e+03 5.656854249492380582e+00 1.600000000000000000e+11
3.143200000000000273e+03 5.656854249492380582e+00 1.599999800000000000e+11
3.143400000000000091e+03 4.000000000000000000e+00 1.600000000000000000e+11
3.143600000000000364e+03 4.000000000000000000e+00 1.600000000000000000e+11
3.143800000000000182e+03 4.000000000000000000e+00 1.600000000000000000e+11
3.144000000000000000e+03 4.000000000000000000e+00 0.000000000000000000e+00
3.144200000000000273e+03 0.000000000000000000e+00 0.000000000000000000e+00
3.144400000000000091e+03 0.000000000000000000e+00 0.000000000000000000e+00
3.144600000000000364e+03 0.000000000000000000e+00 0.000000000000000000e+00
3.144800000000000182e+03 4.000000000000000000e+00 0.000000000000000000e+00
3.145000000000000000e+03 4.000000000000000000e+00 0.000000000000000000e+00
3.145200000000000273e+03 4.000000000000000000e+00 0.000000000000000000e+00
3.145400000000000091e+03 4.000000000000000000e+00 0.000000000000000000e+00
3.145600000000000364e+03 5.656854249492380582e+00 0.000000000000000000e+00
3.145800000000000182e+03 5.656854249492380582e+00 0.000000000000000000e+00
3.146000000000000000e+03 5.656854249492380582e+00 0.000000000000000000e+00
3.146200000000000273e+03 4.000000000000000000e+00 0.000000000000000000e+00
3.146400000000000091e+03 4.000000000000000000e+00 0.000000000000000000e+00
3.146600000000000364e+03 4.000000000000000000e+00 0.000000000000000000e+00
3.146800000000000182e+03 0.000000000000000000e+00 0.000000000000000000e+00
3.147000000000000000e+03 0.000000000000000000e+00 0.000000000000000000e+00
3.147200000000000273e+03 0.000000000000000000e+00 0.000000000000000000e+00
3.147400000000000091e+03 0.000000000000000000e+00 0.000000000000000000e+00
3.147600000000000364e+03 4.000000000000000000e+00 0.000000000000000000e+00
3.147800000000000182e+03 4.000000000000000000e+00 0.000000000000000000e+00
3.148000000000000000e+03 4.000000000000000000e+00 1.600000000000000000e+11
3.148200000000000273e+03 5.656854249492380582e+00 1.600000000000000000e+11
3.148400000000000091e+03 5.656854249492380582e+00 1.600000000000000000e+11
3.148600000000000364e+03 5.656854249492380582e+00 1.599999800000000000e+11
3.148800000000000182e+03 5.656854249492380582e+00 1.600000000000000000e+11
3.149000000000000000e+03 4.000000000000000000e+00 1.600000000000000000e+11
3.149200000000000273e+03 4.000000000000000000e+00 1.599999800000000000e+11
3.149400000000000091e+03 4.000000000000000000e+00 1.600000000000000000e+11
3.149600000000000364e+03 0.000000000000000000e+00 1.600000000000000000e+11
3.149800000000000182e+03 0.000000000000000000e+00 1.600000000000000000e+11
3.150000000000000000e+03 0.000000000000000000e+00 1.600000000000000000e+11
3.150200000000000273e+03 0.000000000000000000e+00 1.600000000000000000e+11
3.150400000000000091e+03 4.000000000000000000e+00 1.599999800000000000e+11
3.150600000000000364e+03 4.000000000000000000e+00 1.600000000000000000e+11
3.150800000000000182e+03 4.000000000000000000e+00 1.600000000000000000e+11
3.151000000000000000e+03 5.656854249492380582e+00 1.600000000000000000e+11
3.151200000000000273e+03 5.656854249492380582e+00 1.599999800000000000e+11
3.151400000000000091e+03 5.656854249492380582e+00 1.600000000000000000e+11
3.151600000000000364e+03 4.000000000000000000e+00 1.599999800000000000e+11
3.151800000000000182e+03 4.000000000000000000e+00 1.599999800000000000e+11
3.152000000000000000e+03 4.000000000000000000e+00 0.000000000000000000e+00
3.152200000000000273e+03 4.000000000000000000e+00 0.000000000000000000e+00
3.152400000000000091e+03 0.000000000000000000e+00 0.000000000000000000e+00
3.152600000000000364e+03 0.000000000000000000e+00 0.000000000000000000e+00
3.152800000000000182e+03 0.000000000000000000e+00 0.000000000000000000e+00
3.153000000000000000e+03 4.000000000000000000e+00 0.000000000000000000e+00
3.153200000000000273e+03 4.000000000000000000e+00 0.000000000000000000e+00
3.153400000000000091e+03 4.000000000000000000e+00 0.000000000000000000e+00
3.153600000000000364e+03 4.000000000000000000e+00 0.000000000000000000e+00
3.153800000000000182e+03 5.656854249492380582e+00 0.000000000000000000e+00
3.154000000000000000e+03 5.656854249492380582e+00 0.000000000000000000e+00
3.154200000000000273e+03 5.656854249492380582e+00 0.000000000000000000e+00
3.154400000000000091e+03 4.000000000000000000e+00 0.000000000000000000e+00
3.154600000000000364e+03 4.000000000000000000e+00 0.000000000000000000e+00
3.154800000000000182e+03 4.000000000000000000e+00 0.000000000000000000e+00
3.155000000000000000e+03 0.000000000000000000e+00 0.000000000000000000e+00
3.155200000000000273e+03 0.000000000000000000e+00 0.000000000000000000e+00
3.155400000000000091e+03 0.000000000000000000e+00 0.000000000000000000e+00
3.155600000000000364e+03 0.000000000000000000e+00 0.000000000000000000e+00
3.155800000000000182e+03 4.000000000000000000e+00 0.000000000000000000e+00
3.156000000000000000e+03 4.000000000000000000e+00 1.600000000000000000e+11
3.156200000000000273e+03 4.000000000000000000e+00 1.600000000000000000e+11
3.156400000000000091e+03 5.656854249492380582e+00 1.599999800000000000e+11
3.156600000000000364e+03 5.656854249492380582e+00 1.600000000000000000e+11
3.156800000000000182e+03 5.656854249492380582e+00 1.600000000000000000e+11
3.157000000000000000e+03 5.656854249492380582e+00 1.600000000000000000e+11
3.157200000000000273e+03 4.000000000000000000e+00 1.600000000000000000e+11
3.157400000000000091e+03 4.000000000000000000e+00 1.600000000000000000e+11
3.157600000000000364e+03 4.000000000000000000e+00 1.600000000000000000e+11
3.157800000000000182e+03 0.000000000000000000e+00 1.600000000000000000e+11
3.158000000000000000e+03 0.000000000000000000e+00 1.600000000000000000e+11
3.158200000000000273e+03 0.000000000000000000e+00 1.600000000000000000e+11
3.158400000000000091e+03 4.000000000000000000e+00 1.600000000000000000e+11
3.158600000000000364e+03 4.000000000000000000e+00 1.600000000000000000e+11
3.158800000000000182e+03 4.000000000000000000e+00 1.600000000000000000e+11
3.159000000000000000e+03 4.000000000000000000e+00 1.600000000000000000e+11
3.159200000000000273e+03 5.656854249492380582e+00 1.600000000000000000e+11
3.159400000000000091e+03 5.656854249492380582e+00 1.600000000000000000e+11
3.159600000000000364e+03 5.656854249492380582e+00 1.600000000000000000e+11
3.159800000000000182e+03 4.000000000000000000e+00 1.600000000000000000e+11
3.160000000000000000e+03 4.000000000000000000e+00 0.000000000000000000e+00
3.160200000000000273e+03 4.000000000000000000e+00 0.000000000000000000e+00
3.160400000000000091e+03 4.000000000000000000e+00 0.000000000000000000e+00
3.160600000000000364e+03 0.000000000000000000e+00 0.000000000000000000e+00
3.160800000000000182e+03 0.000000000000000000e+00 0.000000000000000000e+00
3.161000000000000000e+03 0.000000000000000000e+00 0.000000000000000000e+00
3.161200000000000273e+03 4.000000000000000000e+00 0.000000000000000000e+00
3.161400000000000091e+03 4.000000000000000000e+00 0.000000000000000000e+00
3.161600000000000364e+03 4.000000000000000000e+00 0.000000000000000000e+00
3.161800000000000182e+03 5.656854249492380582e+00 0.000000000000000000e+00
3.162000000000000000e+03 5.656854249492380582e+00 0.000000000000000000e+00
3.162200000000000273e+03 5.656854249492380582e+00 0.000000000000000000e+00
3.162400000000000091e+03 5.656854249492380582e+00 0.000000000000000000e+00
3.162600000000000364e+03 4.000000000000000000e+00 0.000000000000000000e+00
3.162800000000000182e+03 4.000000000000000000e+00 0.000000000000000000e+00
3.163000000000000000e+03 4.000000000000000000e+00 0.000000000000000000e+00
3.163200000000000273e+03 0.000000000000000000e+00 0.000000000000000000e+00
3.163400000000000091e+03 0.000000000000000000e+00 0.000000000000000000e+00
3.163600000000000364e+03 0.000000000000000000e+00 0.000000000000000000e+00
3.163800000000000182e+03 0.000000000000000000e+00 0.000000000000000000e+00
3.164000000000000000e+03 4.000000000000000000e+00 1.600000000000000000e+11
3.164200000000000273e+03 4.000000000000000000e+00 1.600000000000000000e+11
3.164400000000000091e+03 4.000000000000000000e+00 1.600000000000000000e+11
3.164600000000000364e+03 5.656854249492380582e+00 1.599999800000000000e+11
3.164800000000000182e+03 5.656854249492380582e+00 1.600000000000000000e+11
3.165000000000000000e+03 5.656854249492380582e+00 1.600000000000000000e+11
3.165200000000000273e+03 4.000000000000000000e+00 1.600000000000000000e+11
3.165400000000000091e+03 4.000000000000000000e+00 1.600000000000000000e+11
3.165600000000000364e+03 4.000000000000000000e+00 1.599999800000000000e+11
3.165800000000000182e+03 4.000000000000000000e+00 1.600000000000000000e+11
3.166000000000000000e+03 0.000000000000000000e+00 1.600000000000000000e+11
3.166200000000000273e+03 0.000000000000000000e+00 1.600000000000000000e+11
3.166400000000000091e+03 0.000000000000000000e+00 1.600000000000000000e+11
3.166600000000000364e+03 4.000000000000000000e+00 1.600000000000000000e+11
3.166800000000000182e+03 4.000000000000000000e+00 1.600000000000000000e+11
3.167000000000000000e+03 4.000000000000000000e+00 1.600000000000000000e+11
3.167200000000000273e+03 4.000000000000000000e+00 1.599999800000000000e+11
3.167400000000000091e+03 5.656854249492380582e+00 1.600000000000000000e+11
3.167600000000000364e+03 5.656854249492380582e+00 1.600000000000000000e+11
3.167800000000000182e+03 5.656854249492380582e+00 1.600000000000000000e+11
3.168000000000000000e+03 4.000000000000000000e+00 0.000000000000000000e+00
3.168200000000000273e+03 4.000000000000000000e+00 0.000000000000000000e+00
3.168400000000000091e+03 4.000000000000000000e+00 0.000000000000000000e+00
3.168600000000000364e+03 4.000000000000000000e+00 0.000000000000000000e+00
3.168800000000000182e+03 0.000000000000000000e+00 0.000000000000000000e+00
3.169000000000000000e+03 0.000000000000000000e+00 0.000000000000000000e+00
3.169200000000000273e+03 0.000000000000000000e+00 0.000000000000000000e+00
3.169400000000000091e+03 4.000000000000000000e+00 0.000000000000000000e+00
3.169600000000000364e+03 4.000000000000000000e+00 0.000000000000000000e+00
3.169800000000000182e+03 4.000000000000000000e+00 0.000000000000000000e+00
3.170000000000000000e+03 5.656854249492380582e+00 0.000000000000000000e+00
3.170200000000000273e+03 5.656854249492380582e+00 0.000000000000000000e+00
3.170400000000000091e+03 5.656854249492380582e+00 0.000000000000000000e+00
3.170600000000000364e+03 5.656854249492380582e+00 0.000000000000000000e+00
3.170800000000000182e+03 4.000000000000000000e+00 0.000000000000000000e+00
3.171000000000000000e+03 4.000000000000000000e+00 0.000000000000000000e+00
3.171200000000000273e+03 4.000000000000000000e+00 0.000000000000000000e+00
3.171400000000000091e+03 0.000000000000000000e+00 0.000000000000000000e+00
3.171600000000000364e+03 0.000000000000000000e+00 0.000000000000000000e+00
3.171800000000000182e+03 0.000000000000000000e+00 0.000000000000000000e+00
3.172000000000000000e+03 4.000000000000000000e+00 1.600000000000000000e+11
3.172200000000000273e+03 4.000000000000000000e+00 1.600000000000000000e+11
3.172400000000000091e+03 4.000000000000000000e+00 1.599999800000000000e+11
3.172600000000000364e+03 4.000000000000000000e+00 1.600000000000000000e+11
3.172800000000000182e+03 5.656854249492380582e+00 1.599999800000000000e+11
3.173000000000000000e+03 5.656854249492380582e+00 1.600000000000000000e+11
3.173200000000000273e+03 5.656854249492380582e+00 1.600000000000000000e+11
3.173400000000000091e+03 4.000000000000000000e+00 1.600000000000000000e+11
3.173600000000000364e+03 4.000000000000000000e+00 1.600000000000000000e+11
3.173800000000000182e+03 4.000000000000000000e+00 1.600000000000000000e+11
3.174000000000000000e+03 4.000000000000000000e+00 1.599999800000000000e+11
3.174200000000000273e+03 0.000000000000000000e+00 1.600000000000000000e+11
3.174400000000000091e+03 0.000000000000000000e+00 1.600000000000000000e+11
3.174600000000000364e+03 0.000000000000000000e+00 1.600000000000000000e+11
3.174800000000000182e+03 4.000000000000000000e+00 1.600000000000000000e+11
3.175000000000000000e+03 4.000000000000000000e+00 1.600000000000000000e+11
3.175200000000000273e+03 4.000000000000000000e+00 1.600000000000000000e+11
3.175400000000000091e+03 4.000000000000000000e+00 1.600000000000000000e+11
3.175600000000000364e+03 5.656854249492380582e+00 1.600000000000000000e+11
3.175800000000000182e+03 5.656854249492380582e+00 1.600000000000000000e+11
3.176000000000000000e+03 5.656854249492380582e+00 0.000000000000000000e+00
3.176200000000000273e+03 4.000000000000000000e+00 0.000000000000000000e+00
3.176400000000000091e+03 4.000000000000000000e+00 0.000000000000000000e+00
3.176600000000000364e+03 4.000000000000000000e+00 0.000000000000000000e+00
3.176800000000000182e+03 0.000000000000000000e+00 0.000000000000000000e+00
3.177000000000000000e+03 0.000000000000000000e+00 0.000000000000000000e+00
3.177200000000000273e+03 0.000000000000000000e+00 0.000000000000000000e+00
3.177400000000000091e+03 0.000000000000000000e+00 0.000000000000000000e+00
3.177600000000000364e+03 4.000000000000000000e+00 0.000000000000000000e+00
3.177800000000000182e+03 4.000000000000000000e+00 0.000000000000000000e+00
3.178000000000000000e+03 4.000000000000000000e+00 0.000000000000000000e+00
3.178200000000000273e+03 5.656854249492380582e+00 0.000000000000000000e+00
3.178400000000000091e+03 5.656854249492380582e+00 0.000000000000000000e+00
3.178600000000000364e+03 5.656854249492380582e+00 0.000000000000000000e+00
3.178800000000000182e+03 5.656854249492380582e+00 0.000000000000000000e+00
3.179000000000000000e+03 4.000000000000000000e+00 0.000000000000000000e+00
3.179200000000000273e+03 4.000000000000000000e+00 0.000000000000000000e+00
3.179400000000000091e+03 4.000000000000000000e+00 0.000000000000000000e+00
3.179600000000000364e+03 0.000000000000000000e+00 0.000000000000000000e+00
3.179800000000000182e+03 0.000000000000000000e+00 0.000000000000000000e+00
3.180000000000000000e+03 0.000000000000000000e+00 1.600000000000000000e+11
3.180200000000000273e+03 4.000000000000000000e+00 1.600000000000000000e+11
3.180400000000000091e+03 4.000000000000000000e+00 1.600000000000000000e+11
3.180600000000000364e+03 4.000000000000000000e+00 1.600000000000000000e+11
3.180800000000000182e+03 4.000000000000000000e+00 1.600000000000000000e+11
3.181000000000000000e+03 5.656854249492380582e+00 1.600000000000000000e+11
3.181200000000000273e+03 5.656854249492380582e+00 1.600000000000000000e+11
3.181400000000000091e+03 5.656854249492380582e+00 1.600000000000000000e+11
3.181600000000000364e+03 4.000000000000000000e+00 1.600000000000000000e+11
3.181800000000000182e+03 4.000000000000000000e+00 1.600000000000000000e+11
3.182000000000000000e+03 4.000000000000000000e+00 1.600000000000000000e+11
3.182200000000000273e+03 4.000000000000000000e+00 1.600000000000000000e+11
3.182400000000000091e+03 0.000000000000000000e+00 1.600000000000000000e+11
3.182600000000000364e+03 0.000000000000000000e+00 1.600000000000000000e+11
3.182800000000000182e+03 0.000000000000000000e+00 1.600000000000000000e+11
3.183000000000000000e+03 4.000000000000000000e+00 1.600000000000000000e+11
3.183200000000000273e+03 4.000000000000000000e+00 1.600000000000000000e+11
3.183400000000000091e+03 4.000000000000000000e+00 1.600000000000000000e+11
3.183600000000000364e+03 4.000000000000000000e+00 1.600000000000000000e+11
3.183800000000000182e+03 5.656854249492380582e+00 1.600000000000000000e+11
3.184000000000000000e+03 5.656854249492380582e+00 0.000000000000000000e+00
3.184200000000000273e+03 5.656854249492380582e+00 0.000000000000000000e+00
3.184400000000000091e+03 4.000000000000000000e+00 0.000000000000000000e+00
3.184600000000000364e+03 4.000000000000000000e+00 0.000000000000000000e+00
3.184800000000000182e+03 4.000000000000000000e+00 0.000000000000000000e+00
3.185000000000000000e+03 4.000000000000000000e+00 0.000000000000000000e+00
3.185200000000000273e+03 0.000000000000000000e+00 0.000000000000000000e+00
3.185400000000000091e+03 0.000000000000000000e+00 0.000000000000000000e+00
3.185600000000000364e+03 4.000000000000000000e+00 0.000000000000000000e+00
3.185800000000000182e+03 4.000000000000000000e+00 0.000000000000000000e+00
3.186000000000000000e+03 4.000000000000000000e+00 0.000000000000000000e+00
3.186200000000000273e+03 4.000000000000000000e+00 0.000000000000000000e+00
3.186400000000000091e+03 5.656854249492380582e+00 0.000000000000000000e+00
3.186600000000000364e+03 5.656854249492380582e+00 0.000000000000000000e+00
3.186800000000000182e+03 5.656854249492380582e+00 0.000000000000000000e+00
3.187000000000000000e+03 4.000000000000000000e+00 0.000000000000000000e+00
3.187200000000000273e+03 4.000000000000000000e+00 0.000000000000000000e+00
3.187400000000000091e+03 4.000000000000000000e+00 0.000000000000000000e+00
3.187600000000000364e+03 4.000000000000000000e+00 0.000000000000000000e+00
3.187800000000000182e+03 0.000000000000000000e+00 0.000000000000000000e+00
3.188000000000000000e+03 0.000000000000000000e+00 1.600000000000000000e+11
3.188200000000000273e+03 4.000000000000000000e+00 1.600000000000000000e+11
3.188400000000000091e+03 4.000000000000000000e+00 1.600000000000000000e+11
3.188600000000000364e+03 4.000000000000000000e+00 1.600000000000000000e+11
3.188800000000000182e+03 4.000000000000000000e+00 1.600000000000000000e+11
3.189000000000000000e+03 4.000000000000000000e+00 1.600000000000000000e+11
3.189200000000000273e+03 4.000000000000000000e+00 1.600000000000000000e+11
3.189400000000000091e+03 4.000000000000000000e+00 1.600000000000000000e+11
3.189600000000000364e+03 5.656854249492380582e+00 1.600000000000000000e+11
3.189800000000000182e+03 4.000000000000000000e+00 1.600000000000000000e+11
3.190000000000000000e+03 5.656854249492380582e+00 1.600000000000000000e+11
3.190200000000000273e+03 5.656854249492380582e+00 1.600000000000000000e+11
3.190400000000000091e+03 4.000000000000000000e+00 1.599999800000000000e+11
3.190600000000000364e+03 4.000000000000000000e+00 1.600000000000000000e+11
3.190800000000000182e+03 4.000000000000000000e+00 1.600000000000000000e+11
3.191000000000000000e+03 4.000000000000000000e+00 1.600000000000000000e+11
3.191200000000000273e+03 4.000000000000000000e+00 1.600000000000000000e+11
3.191400000000000091e+03 5.656854249492380582e+00 1.600000000000000000e+11
3.191600000000000364e+03 4.000000000000000000e+00 1.599999800000000000e+11
3.191800000000000182e+03 4.000000000000000000e+00 1.600000000000000000e+11
3.192000000000000000e+03 4.000000000000000000e+00 0.000000000000000000e+00
3.192200000000000273e+03 5.656854249492380582e+00 0.000000000000000000e+00
3.192400000000000091e+03 5.656854249492380582e+00 0.000000000000000000e+00
3.192600000000000364e+03 5.656854249492380582e+00 0.000000000000000000e+00
3.192800000000000182e+03 5.656854249492380582e+00 0.000000000000000000e+00
3.193000000000000000e+03 4.000000000000000000e+00 0.000000000000000000e+00
3.193200000000000273e+03 4.000000000000000000e+00 0.000000000000000000e+00
3.193400000000000091e+03 5.656854249492380582e+00 0.000000000000000000e+00
3.193600000000000364e+03 5.656854249492380582e+00 0.000000000000000000e+00
3.193800000000000182e+03 5.656854249492380582e+00 0.000000000000000000e+00
3.194000000000000000e+03 4.000000000000000000e+00 0.000000000000000000e+00
3.194200000000000273e+03 4.000000000000000000e+00 0.000000000000000000e+00
3.194400000000000091e+03 4.000000000000000000e+00 0.000000000000000000e+00
3.194600000000000364e+03 4.000000000000000000e+00 0.000000000000000000e+00
3.194800000000000182e+03 5.656854249492380582e+00 0.000000000000000000e+00
3.195000000000000000e+03 5.656854249492380582e+00 0.000000000000000000e+00
3.195200000000000273e+03 5.656854249492380582e+00 0.000000000000000000e+00
3.195400000000000091e+03 4.000000000000000000e+00 0.000000000000000000e+00
3.195600000000000364e+03 4.000000000000000000e+00 0.000000000000000000e+00
3.195800000000000182e+03 5.656854249492380582e+00 0.000000000000000000e+00
3.196000000000000000e+03 5.656854249492380582e+00 1.600000000000000000e+11
3.196200000000000273e+03 5.656854249492380582e+00 1.600000000000000000e+11
3.196400000000000091e+03 5.656854249492380582e+00 1.600000000000000000e+11
3.196600000000000364e+03 4.000000000000000000e+00 1.599999800000000000e+11
3.196800000000000182e+03 4.000000000000000000e+00 1.600000000000000000e+11
3.197000000000000000e+03 4.000000000000000000e+00 1.600000000000000000e+11
3.197200000000000273e+03 5.656854249492380582e+00 1.600000000000000000e+11
3.197400000000000091e+03 5.656854249492380582e+00 1.600000000000000000e+11
3.197600000000000364e+03 5.656854249492380582e+00 1.600000000000000000e+11
3.197800000000000182e+03 4.000000000000000000e+00 1.600000000000000000e+11
3.198000000000000000e+03 4.000000000000000000e+00 1.600000000000000000e+11
3.198200000000000273e+03 4.000000000000000000e+00 1.600000000000000000e+11
3.198400000000000091e+03 5.656854249492380582e+00 1.600000000000000000e+11
3.198600000000000364e+03 5.656854249492380582e+00 1.600000000000000000e+11
3.198800000000000182e+03 5.656854249492380582e+00 1.600000000000000000e+11
3.199000000000000000e+03 4.000000000000000000e+00 1.600000000000000000e+11
3.199200000000000273e+03 4.000000000000000000e+00 1.600000000000000000e+11
3.199400000000000091e+03 4.000000000000000000e+00 1.600000000000000000e+11
3.199600000000000364e+03 4.000000000000000000e+00 1.600000000000000000e+11
3.199800000000000182e+03 5.656854249492380582e+00 1.599999800000000000e+11
