3.200000000000000000e+03 5.656854249492380582e+00 0.000000000000000000e+00
3.200200000000000273e+03 4.000000000000000000e+00 0.000000000000000000e+00
3.200400000000000091e+03 4.000000000000000000e+00 0.000000000000000000e+00
3.200600000000000364e+03 5.656854249492380582e+00 0.000000000000000000e+00
3.200800000000000182e+03 5.656854249492380582e+00 0.000000000000000000e+00
3.201000000000000000e+03 5.656854249492380582e+00 0.000000000000000000e+00
3.201200000000000273e+03 5.656854249492380582e+00 0.000000000000000000e+00
3.201400000000000091e+03 5.656854249492380582e+00 0.000000000000000000e+00
3.201600000000000364e+03 5.656854249492380582e+00 0.000000000000000000e+00
3.201800000000000182e+03 4.000000000000000000e+00 0.000000000000000000e+00
3.202000000000000000e+03 5.656854249492380582e+00 0.000000000000000000e+00
3.202200000000000273e+03 5.656854249492380582e+00 0.000000000000000000e+00
3.202400000000000091e+03 5.656854249492380582e+00 0.000000000000000000e+00
3.202600000000000364e+03 5.656854249492380582e+00 0.000000000000000000e+00
3.202800000000000182e+03 5.656854249492380582e+00 0.000000000000000000e+00
3.203000000000000000e+03 5.656854249492380582e+00 0.000000000000000000e+00
3.203200000000000273e+03 5.656854249492380582e+00 0.000000000000000000e+00
3.203400000000000091e+03 5.656854249492380582e+00 0.000000000000000000e+00
3.203600000000000364e+03 5.656854249492380582e+00 0.000000000000000000e+00
3.203800000000000182e+03 5.656854249492380582e+00 0.000000000000000000e+00
3.204000000000000000e+03 5.656854249492380582e+00 1.624999900000000000e+11
3.204200000000000273e+03 5.656854249492380582e+00 1.624999900000000000e+11
3.204400000000000091e+03 4.000000000000000000e+00 1.624999900000000000e+11
3.204600000000000364e+03 4.000000000000000000e+00 1.624999900000000000e+11
3.204800000000000182e+03 5.656854249492380582e+00 1.624999900000000000e+11
3.205000000000000000e+03 5.656854249492380582e+00 1.624999900000000000e+11
3.205200000000000273e+03 4.000000000000000000e+00 1.624999900000000000e+11
3.205400000000000091e+03 0.000000000000000000e+00 1.624999900000000000e+11
3.205600000000000364e+03 5.656854249492380582e+00 1.624999900000000000e+11
3.205800000000000182e+03 5.656854249492380582e+00 1.624999900000000000e+11
3.206000000000000000e+03 5.656854249492380582e+00 1.624999900000000000e+11
3.206200000000000273e+03 5.656854249492380582e+00 1.624999900000000000e+11
3.206400000000000091e+03 5.656854249492380582e+00 1.624999900000000000e+11
3.206600000000000364e+03 5.656854249492380582e+00 1.624999900000000000e+11
3.206800000000000182e+03 5.656854249492380582e+00 1.624999900000000000e+11
3.207000000000000000e+03 4.000000000000000000e+00 1.624999900000000000e+11
3.207200000000000273e+03 4.000000000000000000e+00 1.624999900000000000e+11
3.207400000000000091e+03 4.000000000000000000e+00 1.624999900000000000e+11
3.207600000000000364e+03 0.000000000000000000e+00 1.624999900000000000e+11
3.207800000000000182e+03 0.000000000000000000e+00 1.624999900000000000e+11
3.208000000000000000e+03 0.000000000000000000e+00 0.000000000000000000e+00
3.208200000000000273e+03 0.000000000000000000e+00 0.000000000000000000e+00
3.208400000000000091e+03 4.000000000000000000e+00 0.000000000000000000e+00
3.208600000000000364e+03 5.656854249492380582e+00 0.000000000000000000e+00
3.208800000000000182e+03 5.656854249492380582e+00 0.000000000000000000e+00
3.209000000000000000e+03 5.656854249492380582e+00 0.000000000000000000e+00
3.209200000000000273e+03 5.656854249492380582e+00 0.000000000000000000e+00
3.209400000000000091e+03 5.656854249492380582e+00 0.000000000000000000e+00
3.209600000000000364e+03 5.656854249492380582e+00 0.000000000000000000e+00
3.209800000000000182e+03 4.000000000000000000e+00 0.000000000000000000e+00
3.210000000000000000e+03 4.000000000000000000e+00 0.000000000000000000e+00
3.210200000000000273e+03 4.000000000000000000e+00 0.000000000000000000e+00
3.210400000000000091e+03 0.000000000000000000e+00 0.000000000000000000e+00
3.210600000000000364e+03 0.000000000000000000e+00 0.000000000000000000e+00
3.210800000000000182e+03 0.000000000000000000e+00 0.000000000000000000e+00
3.211000000000000000e+03 4.000000000000000000e+00 0.000000000000000000e+00
3.211200000000000273e+03 4.000000000000000000e+00 0.000000000000000000e+00
3.211400000000000091e+03 5.656854249492380582e+00 0.000000000000000000e+00
3.211600000000000364e+03 5.656854249492380582e+00 0.000000000000000000e+00
3.211800000000000182e+03 5.656854249492380582e+00 0.000000000000000000e+00
3.212000000000000000e+03 5.656854249492380582e+00 1.624999900000000000e+11
3.212200000000000273e+03 5.656854249492380582e+00 1.624999900000000000e+11
3.212400000000000091e+03 4.000000000000000000e+00 1.624999900000000000e+11
3.212600000000000364e+03 4.000000000000000000e+00 1.624999900000000000e+11
3.212800000000000182e+03 4.000000000000000000e+00 1.624999900000000000e+11
3.213000000000000000e+03 4.000000000000000000e+00 1.624999900000000000e+11
3.213200000000000273e+03 0.000000000000000000e+00 1.624999900000000000e+11
3.213400000000000091e+03 0.000000000000000000e+00 1.624999900000000000e+11
3.213600000000000364e+03 0.000000000000000000e+00 1.624999900000000000e+11
3.213800000000000182e+03 4.000000000000000000e+00 1.624999900000000000e+11
3.214000000000000000e+03 4.000000000000000000e+00 1.624999900000000000e+11
3.214200000000000273e+03 4.000000000000000000e+00 1.624999900000000000e+11
3.214400000000000091e+03 5.656854249492380582e+00 1.624999900000000000e+11
3.214600000000000364e+03 5.656854249492380582e+00 1.624999900000000000e+11
3.214800000000000182e+03 5.656854249492380582e+00 1.624999900000000000e+11
3.215000000000000000e+03 5.656854249492380582e+00 1.624999900000000000e+11
3.215200000000000273e+03 4.000000000000000000e+00 1.624999900000000000e+11
3.215400000000000091e+03 4.000000000000000000e+00 1.624999900000000000e+11
3.215600000000000364e+03 4.000000000000000000e+00 1.624999900000000000e+11
3.215800000000000182e+03 0.000000000000000000e+00 1.624999900000000000e+11
3.216000000000000000e+03 0.000000000000000000e+00 0.000000000000000000e+00
3.216200000000000273e+03 0.000000000000000000e+00 0.000000000000000000e+00
3.216400000000000091e+03 0.000000000000000000e+00 0.000000000000000000e+00
3.216600000000000364e+03 4.000000000000000000e+00 0.000000000000000000e+00
3.216800000000000182e+03 4.000000000000000000e+00 0.000000000000000000e+00
3.217000000000000000e+03 4.000000000000000000e+00 0.000000000000000000e+00
3.217200000000000273e+03 5.656854249492380582e+00 0.000000000000000000e+00
3.217400000000000091e+03 5.656854249492380582e+00 0.000000000000000000e+00
3.217600000000000364e+03 5.656854249492380582e+00 0.000000000000000000e+00
3.217800000000000182e+03 4.000000000000000000e+00 0.000000000000000000e+00
3.218000000000000000e+03 4.000000000000000000e+00 0.000000000000000000e+00
3.218200000000000273e+03 4.000000000000000000e+00 0.000000000000000000e+00
3.218400000000000091e+03 4.000000000000000000e+00 0.000000000000000000e+00
3.218600000000000364e+03 0.000000000000000000e+00 0.000000000000000000e+00
3.218800000000000182e+03 0.000000000000000000e+00 0.000000000000000000e+00
3.219000000000000000e+03 0.000000000000000000e+00 0.000000000000000000e+00
3.219200000000000273e+03 4.000000000000000000e+00 0.000000000000000000e+00
3.219400000000000091e+03 4.000000000000000000e+00 0.000000000000000000e+00
3.219600000000000364e+03 4.000000000000000000e+00 0.000000000000000000e+00
3.219800000000000182e+03 5.656854249492380582e+00 0.000000000000000000e+00
3.220000000000000000e+03 5.656854249492380582e+00 1.624999900000000000e+11
3.220200000000000273e+03 5.656854249492380582e+00 1.624999900000000000e+11
3.220400000000000091e+03 5.656854249492380582e+00 1.624999900000000000e+11
3.220600000000000364e+03 4.000000000000000000e+00 1.624999900000000000e+11
3.220800000000000182e+03 4.000000000000000000e+00 1.624999900000000000e+11
3.221000000000000000e+03 4.000000000000000000e+00 1.624999900000000000e+11
3.221200000000000273e+03 4.000000000000000000e+00 1.624999900000000000e+11
3.221400000000000091e+03 0.000000000000000000e+00 1.624999900000000000e+11
3.221600000000000364e+03 0.000000000000000000e+00 1.624999900000000000e+11
3.221800000000000182e+03 0.000000000000000000e+00 1.624999900000000000e+11
3.222000000000000000e+03 4.000000000000000000e+00 1.624999900000000000e+11
3.222200000000000273e+03 4.000000000000000000e+00 1.624999900000000000e+11
3.222400000000000091e+03 4.000000000000000000e+00 1.624999900000000000e+11
3.222600000000000364e+03 5.656854249492380582e+00 1.624999900000000000e+11
3.222800000000000182e+03 5.656854249492380582e+00 1.624999900000000000e+11
3.223000000000000000e+03 5.656854249492380582e+00 1.624999900000000000e+11
3.223200000000000273e+03 5.656854249492380582e+00 1.624999900000000000e+11
3.223400000000000091e+03 4.000000000000000000e+00 1.624999900000000000e+11
3.223600000000000364e+03 4.000000000000000000e+00 1.624999900000000000e+11
3.223800000000000182e+03 4.000000000000000000e+00 1.624999900000000000e+11
3.224000000000000000e+03 0.000000000000000000e+00 0.000000000000000000e+00
3.224200000000000273e+03 0.000000000000000000e+00 0.000000000000000000e+00
3.224400000000000091e+03 0.000000000000000000e+00 0.000000000000000000e+00
3.224600000000000364e+03 4.000000000000000000e+00 0.000000000000000000e+00
3.224800000000000182e+03 4.000000000000000000e+00 0.000000000000000000e+00
3.225000000000000000e+03 4.000000000000000000e+00 0.000000000000000000e+00
3.225200000000000273e+03 4.000000000000000000e+00 0.000000000000000000e+00
3.225400000000000091e+03 5.656854249492380582e+00 0.000000000000000000e+00
3.225600000000000364e+03 5.656854249492380582e+00 0.000000000000000000e+00
3.225800000000000182e+03 5.656854249492380582e+00 0.000000000000000000e+00
3.226000000000000000e+03 4.000000000000000000e+00 0.000000000000000000e+00
3.226200000000000273e+03 4.000000000000000000e+00 0.000000000000000000e+00
3.226400000000000091e+03 4.000000000000000000e+00 0.000000000000000000e+00
3.226600000000000364e+03 0.000000000000000000e+00 0.000000000000000000e+00
3.226800000000000182e+03 0.000000000000000000e+00 0.000000000000000000e+00
3.227000000000000000e+03 0.000000000000000000e+00 0.000000000000000000e+00
3.227200000000000273e+03 0.000000000000000000e+00 0.000000000000000000e+00
3.227400000000000091e+03 4.000000000000000000e+00 0.000000000000000000e+00
3.227600000000000364e+03 4.000000000000000000e+00 0.000000000000000000e+00
3.227800000000000182e+03 4.000000000000000000e+00 0.000000000000000000e+00
3.228000000000000000e+03 5.656854249492380582e+00 1.624999900000000000e+11
3.228200000000000273e+03 5.656854249492380582e+00 1.624999900000000000e+11
3.228400000000000091e+03 5.656854249492380582e+00 1.624999900000000000e+11
3.228600000000000364e+03 5.656854249492380582e+00 1.624999900000000000e+11
3.228800000000000182e+03 4.000000000000000000e+00 1.624999900000000000e+11
3.229000000000000000e+03 4.000000000000000000e+00 1.624999900000000000e+11
3.229200000000000273e+03 4.000000000000000000e+00 1.624999900000000000e+11
3.229400000000000091e+03 0.000000000000000000e+00 1.624999900000000000e+11
3.229600000000000364e+03 0.000000000000000000e+00 1.624999900000000000e+11
3.229800000000000182e+03 0.000000000000000000e+00 1.624999900000000000e+11
3.230000000000000000e+03 4.000000000000000000e+00 1.624999900000000000e+11
3.230200000000000273e+03 4.000000000000000000e+00 1.624999900000000000e+11
3.230400000000000091e+03 4.000000000000000000e+00 1.624999900000000000e+11
3.230600000000000364e+03 4.000000000000000000e+00 1.624999900000000000e+11
3.230800000000000182e+03 5.656854249492380582e+00 1.624999900000000000e+11
3.231000000000000000e+03 5.656854249492380582e+00 1.624999900000000000e+11
3.231200000000000273e+03 5.656854249492380582e+00 1.624999900000000000e+11
3.231400000000000091e+03 4.000000000000000000e+00 1.624999900000000000e+11
3.231600000000000364e+03 4.000000000000000000e+00 1.624999900000000000e+11
3.231800000000000182e+03 4.000000000000000000e+00 1.624999900000000000e+11
3.232000000000000000e+03 4.000000000000000000e+00 0.000000000000000000e+00
3.232200000000000273e+03 0.000000000000000000e+00 0.000000000000000000e+00
3.232400000000000091e+03 0.000000000000000000e+00 0.000000000000000000e+00
3.232600000000000364e+03 0.000000000000000000e+00 0.000000000000000000e+00
3.232800000000000182e+03 4.000000000000000000e+00 0.000000000000000000e+00
3.233000000000000000e+03 4.000000000000000000e+00 0.000000000000000000e+00
3.233200000000000273e+03 4.000000000000000000e+00 0.000000000000000000e+00
3.233400000000000091e+03 5.656854249492380582e+00 0.000000000000000000e+00
3.233600000000000364e+03 5.656854249492380582e+00 0.000000000000000000e+00
3.233800000000000182e+03 5.656854249492380582e+00 0.000000000000000000e+00
3.234000000000000000e+03 5.656854249492380582e+00 0.000000000000000000e+00
3.234200000000000273e+03 4.000000000000000000e+00 0.000000000000000000e+00
3.234400000000000091e+03 4.000000000000000000e+00 0.000000000000000000e+00
3.234600000000000364e+03 4.000000000000000000e+00 0.000000000000000000e+00
3.234800000000000182e+03 0.000000000000000000e+00 0.000000000000000000e+00
3.235000000000000000e+03 0.000000000000000000e+00 0.000000000000000000e+00
3.235200000000000273e+03 0.000000000000000000e+00 0.000000000000000000e+00
3.235400000000000091e+03 0.000000000000000000e+00 0.000000000000000000e+00
3.235600000000000364e+03 4.000000000000000000e+00 0.000000000000000000e+00
3.235800000000000182e+03 4.000000000000000000e+00 0.000000000000000000e+00
3.236000000000000000e+03 4.000000000000000000e+00 1.624999900000000000e+11
3.236200000000000273e+03 5.656854249492380582e+00 1.624999900000000000e+11
3.236400000000000091e+03 5.656854249492380582e+00 1.624999900000000000e+11
3.236600000000000364e+03 5.656854249492380582e+00 1.624999900000000000e+11
3.236800000000000182e+03 4.000000000000000000e+00 1.624999900000000000e+11
3.237000000000000000e+03 4.000000000000000000e+00 1.624999900000000000e+11
3.237200000000000273e+03 4.000000000000000000e+00 1.624999900000000000e+11
3.237400000000000091e+03 4.000000000000000000e+00 1.624999900000000000e+11
3.237600000000000364e+03 0.000000000000000000e+00 1.624999900000000000e+11
3.237800000000000182e+03 0.000000000000000000e+00 1.624999900000000000e+11
3.238000000000000000e+03 0.000000000000000000e+00 1.624999900000000000e+11
3.238200000000000273e+03 4.000000000000000000e+00 1.624999900000000000e+11
3.238400000000000091e+03 4.000000000000000000e+00 1.624999900000000000e+11
3.238600000000000364e+03 4.000000000000000000e+00 1.624999900000000000e+11
3.238800000000000182e+03 4.000000000000000000e+00 1.624999900000000000e+11
3.239000000000000000e+03 5.656854249492380582e+00 1.624999900000000000e+11
3.239200000000000273e+03 5.656854249492380582e+00 1.624999900000000000e+11
3.239400000000000091e+03 5.656854249492380582e+00 1.624999900000000000e+11
3.239600000000000364e+03 4.000000000000000000e+00 1.624999900000000000e+11
3.239800000000000182e+03 4.000000000000000000e+00 1.624999900000000000e+11
3.240000000000000000e+03 4.000000000000000000e+00 0.000000000000000000e+00
3.240200000000000273e+03 0.000000000000000000e+00 0.000000000000000000e+00
3.240400000000000091e+03 0.000000000000000000e+00 0.000000000000000000e+00
3.240600000000000364e+03 0.000000000000000000e+00 0.000000000000000000e+00
3.240800000000000182e+03 0.000000000000000000e+00 0.000000000000000000e+00
3.241000000000000000e+03 4.000000000000000000e+00 0.000000000000000000e+00
3.241200000000000273e+03 4.000000000000000000e+00 0.000000000000000000e+00
3.241400000000000091e+03 4.000000000000000000e+00 0.000000000000000000e+00
3.241600000000000364e+03 5.656854249492380582e+00 0.000000000000000000e+00
3.241800000000000182e+03 5.656854249492380582e+00 0.000000000000000000e+00
3.242000000000000000e+03 5.656854249492380582e+00 0.000000000000000000e+00
3.242200000000000273e+03 5.656854249492380582e+00 0.000000000000000000e+00
3.242400000000000091e+03 4.000000000000000000e+00 0.000000000000000000e+00
3.242600000000000364e+03 4.000000000000000000e+00 0.000000000000000000e+00
3.242800000000000182e+03 4.000000000000000000e+00 0.000000000000000000e+00
3.243000000000000000e+03 0.000000000000000000e+00 0.000000000000000000e+00
3.243200000000000273e+03 0.000000000000000000e+00 0.000000000000000000e+00
3.243400000000000091e+03 0.000000000000000000e+00 0.000000000000000000e+00
3.243600000000000364e+03 4.000000000000000000e+00 0.000000000000000000e+00
3.243800000000000182e+03 4.000000000000000000e+00 0.000000000000000000e+00
3.244000000000000000e+03 4.000000000000000000e+00 1.624999900000000000e+11
3.244200000000000273e+03 4.000000000000000000e+00 1.624999900000000000e+11
3.244400000000000091e+03 5.656854249492380582e+00 1.624999900000000000e+11
3.244600000000000364e+03 5.656854249492380582e+00 1.624999900000000000e+11
3.244800000000000182e+03 5.656854249492380582e+00 1.624999900000000000e+11
3.245000000000000000e+03 4.000000000000000000e+00 1.624999900000000000e+11
3.245200000000000273e+03 4.000000000000000000e+00 1.624999900000000000e+11
3.245400000000000091e+03 4.000000000000000000e+00 1.624999900000000000e+11
3.245600000000000364e+03 4.000000000000000000e+00 1.624999900000000000e+11
3.245800000000000182e+03 0.000000000000000000e+00 1.624999900000000000e+11
3.246000000000000000e+03 0.000000000000000000e+00 1.624999900000000000e+11
3.246200000000000273e+03 0.000000000000000000e+00 1.624999900000000000e+11
3.246400000000000091e+03 4.000000000000000000e+00 1.624999900000000000e+11
3.246600000000000364e+03 4.000000000000000000e+00 1.624999900000000000e+11
3.246800000000000182e+03 4.000000000000000000e+00 1.624999900000000000e+11
3.247000000000000000e+03 5.656854249492380582e+00 1.624999900000000000e+11
3.247200000000000273e+03 5.656854249492380582e+00 1.624999900000000000e+11
3.247400000000000091e+03 5.656854249492380582e+00 1.624999900000000000e+11
3.247600000000000364e+03 5.656854249492380582e+00 1.624999900000000000e+11
3.247800000000000182e+03 4.000000000000000000e+00 1.624999900000000000e+11
3.248000000000000000e+03 4.000000000000000000e+00 0.000000000000000000e+00
3.248200000000000273e+03 4.000000000000000000e+00 0.000000000000000000e+00
3.248400000000000091e+03 0.000000000000000000e+00 0.000000000000000000e+00
3.248600000000000364e+03 0.000000000000000000e+00 0.000000000000000000e+00
3.248800000000000182e+03 0.000000000000000000e+00 0.000000000000000000e+00
3.249000000000000000e+03 0.000000000000000000e+00 0.000000000000000000e+00
3.249200000000000273e+03 4.000000000000000000e+00 0.000000000000000000e+00
3.249400000000000091e+03 4.000000000000000000e+00 0.000000000000000000e+00
3.249600000000000364e+03 4.000000000000000000e+00 0.000000000000000000e+00
3.249800000000000182e+03 5.656854249492380582e+00 0.000000000000000000e+00
3.250000000000000000e+03 5.656854249492380582e+00 0.000000000000000000e+00
3.250200000000000273e+03 5.656854249492380582e+00 0.000000000000000000e+00
3.250400000000000091e+03 4.000000000000000000e+00 0.000000000000000000e+00
3.250600000000000364e+03 4.000000000000000000e+00 0.000000000000000000e+00
3.250800000000000182e+03 4.000000000000000000e+00 0.000000000000000000e+00
3.251000000000000000e+03 4.000000000000000000e+00 0.000000000000000000e+00
3.251200000000000273e+03 0.000000000000000000e+00 0.000000000000000000e+00
3.251400000000000091e+03 0.000000000000000000e+00 0.000000000000000000e+00
3.251600000000000364e+03 0.000000000000000000e+00 0.000000000000000000e+00
3.251800000000000182e+03 4.000000000000000000e+00 0.000000000000000000e+00
3.252000000000000000e+03 4.000000000000000000e+00 1.624999900000000000e+11
3.252200000000000273e+03 4.000000000000000000e+00 1.624999900000000000e+11
3.252400000000000091e+03 4.000000000000000000e+00 1.624999900000000000e+11
3.252600000000000364e+03 5.656854249492380582e+00 1.624999900000000000e+11
3.252800000000000182e+03 5.656854249492380582e+00 1.624999900000000000e+11
3.253000000000000000e+03 5.656854249492380582e+00 1.624999900000000000e+11
3.253200000000000273e+03 4.000000000000000000e+00 1.624999900000000000e+11
3.253400000000000091e+03 4.000000000000000000e+00 1.624999900000000000e+11
3.253600000000000364e+03 4.000000000000000000e+00 1.624999900000000000e+11
3.253800000000000182e+03 0.000000000000000000e+00 1.624999900000000000e+11
3.254000000000000000e+03 0.000000000000000000e+00 1.624999900000000000e+11
3.254200000000000273e+03 0.000000000000000000e+00 1.624999900000000000e+11
3.254400000000000091e+03 0.000000000000000000e+00 1.624999900000000000e+11
3.254600000000000364e+03 4.000000000000000000e+00 1.624999900000000000e+11
3.254800000000000182e+03 4.000000000000000000e+00 1.624999900000000000e+11
3.255000000000000000e+03 4.000000000000000000e+00 1.624999900000000000e+11
3.255200000000000273e+03 5.656854249492380582e+00 1.624999900000000000e+11
3.255400000000000091e+03 5.656854249492380582e+00 1.624999900000000000e+11
3.255600000000000364e+03 5.656854249492380582e+00 1.624999900000000000e+11
3.255800000000000182e+03 5.656854249492380582e+00 1.624999900000000000e+11
3.256000000000000000e+03 4.000000000000000000e+00 0.000000000000000000e+00
3.256200000000000273e+03 4.000000000000000000e+00 0.000000000000000000e+00
3.256400000000000091e+03 4.000000000000000000e+00 0.000000000000000000e+00
3.256600000000000364e+03 0.000000000000000000e+00 0.000000000000000000e+00
3.256800000000000182e+03 0.000000000000000000e+00 0.000000000000000000e+00
3.257000000000000000e+03 0.000000000000000000e+00 0.000000000000000000e+00
3.257200000000000273e+03 4.000000000000000000e+00 0.000000000000000000e+00
3.257400000000000091e+03 4.000000000000000000e+00 0.000000000000000000e+00
3.257600000000000364e+03 4.000000000000000000e+00 0.000000000000000000e+00
3.257800000000000182e+03 4.000000000000000000e+00 0.000000000000000000e+00
3.258000000000000000e+03 5.656854249492380582e+00 0.000000000000000000e+00
3.258200000000000273e+03 5.656854249492380582e+00 0.000000000000000000e+00
3.258400000000000091e+03 5.656854249492380582e+00 0.000000000000000000e+00
3.258600000000000364e+03 4.000000000000000000e+00 0.000000000000000000e+00
3.258800000000000182e+03 4.000000000000000000e+00 0.000000000000000000e+00
3.259000000000000000e+03 4.000000000000000000e+00 0.000000000000000000e+00
3.259200000000000273e+03 4.000000000000000000e+00 0.000000000000000000e+00
3.259400000000000091e+03 0.000000000000000000e+00 0.000000000000000000e+00
3.259600000000000364e+03 0.000000000000000000e+00 0.000000000000000000e+00
3.259800000000000182e+03 0.000000000000000000e+00 0.000000000000000000e+00
3.260000000000000000e+03 4.000000000000000000e+00 1.624999900000000000e+11
3.260200000000000273e+03 4.000000000000000000e+00 1.624999900000000000e+11
3.260400000000000091e+03 4.000000000000000000e+00 1.624999900000000000e+11
3.260600000000000364e+03 5.656854249492380582e+00 1.624999900000000000e+11
3.260800000000000182e+03 5.656854249492380582e+00 1.624999900000000000e+11
3.261000000000000000e+03 5.656854249492380582e+00 1.624999900000000000e+11
3.261200000000000273e+03 5.656854249492380582e+00 1.624999900000000000e+11
3.261400000000000091e+03 4.000000000000000000e+00 1.624999900000000000e+11
3.261600000000000364e+03 4.000000000000000000e+00 1.624999900000000000e+11
3.261800000000000182e+03 4.000000000000000000e+00 1.624999900000000000e+11
3.262000000000000000e+03 0.000000000000000000e+00 1.624999900000000000e+11
3.262200000000000273e+03 0.000000000000000000e+00 1.624999900000000000e+11
3.262400000000000091e+03 0.000000000000000000e+00 1.624999900000000000e+11
3.262600000000000364e+03 0.000000000000000000e+00 1.624999900000000000e+11
3.262800000000000182e+03 4.000000000000000000e+00 1.624999900000000000e+11
3.263000000000000000e+03 4.000000000000000000e+00 1.624999900000000000e+11
3.263200000000000273e+03 4.000000000000000000e+00 1.624999900000000000e+11
3.263400000000000091e+03 5.656854249492380582e+00 1.624999900000000000e+11
3.263600000000000364e+03 5.656854249492380582e+00 1.624999900000000000e+11
3.263800000000000182e+03 5.656854249492380582e+00 1.624999900000000000e+11
3.264000000000000000e+03 4.000000000000000000e+00 0.000000000000000000e+00
3.264200000000000273e+03 4.000000000000000000e+00 0.000000000000000000e+00
3.264400000000000091e+03 4.000000000000000000e+00 0.000000000000000000e+00
3.264600000000000364e+03 4.000000000000000000e+00 0.000000000000000000e+00
3.264800000000000182e+03 0.000000000000000000e+00 0.000000000000000000e+00
3.265000000000000000e+03 0.000000000000000000e+00 0.000000000000000000e+00
3.265200000000000273e+03 0.000000000000000000e+00 0.000000000000000000e+00
3.265400000000000091e+03 4.000000000000000000e+00 0.000000000000000000e+00
3.265600000000000364e+03 4.000000000000000000e+00 0.000000000000000000e+00
3.265800000000000182e+03 4.000000000000000000e+00 0.000000000000000000e+00
3.266000000000000000e+03 4.000000000000000000e+00 0.000000000000000000e+00
3.266200000000000273e+03 5.656854249492380582e+00 0.000000000000000000e+00
3.266400000000000091e+03 5.656854249492380582e+00 0.000000000000000000e+00
3.266600000000000364e+03 5.656854249492380582e+00 0.000000000000000000e+00
3.266800000000000182e+03 4.000000000000000000e+00 0.000000000000000000e+00
3.267000000000000000e+03 4.000000000000000000e+00 0.000000000000000000e+00
3.267200000000000273e+03 4.000000000000000000e+00 0.000000000000000000e+00
3.267400000000000091e+03 0.000000000000000000e+00 0.000000000000000000e+00
3.267600000000000364e+03 0.000000000000000000e+00 0.000000000000000000e+00
3.267800000000000182e+03 0.000000000000000000e+00 0.000000000000000000e+00
3.268000000000000000e+03 0.000000000000000000e+00 1.624999900000000000e+11
3.268200000000000273e+03 4.000000000000000000e+00 1.624999900000000000e+11
3.268400000000000091e+03 4.000000000000000000e+00 1.624999900000000000e+11
3.268600000000000364e+03 4.000000000000000000e+00 1.624999900000000000e+11
3.268800000000000182e+03 5.656854249492380582e+00 1.624999900000000000e+11
3.269000000000000000e+03 5.656854249492380582e+00 1.624999900000000000e+11
3.269200000000000273e+03 5.656854249492380582e+00 1.624999900000000000e+11
3.269400000000000091e+03 4.000000000000000000e+00 1.624999900000000000e+11
3.269600000000000364e+03 4.000000000000000000e+00 1.624999900000000000e+11
3.269800000000000182e+03 4.000000000000000000e+00 1.624999900000000000e+11
3.270000000000000000e+03 4.000000000000000000e+00 1.624999900000000000e+11
3.270200000000000273e+03 0.000000000000000000e+00 1.624999900000000000e+11
3.270400000000000091e+03 0.000000000000000000e+00 1.624999900000000000e+11
3.270600000000000364e+03 0.000000000000000000e+00 1.624999900000000000e+11
3.270800000000000182e+03 4.000000000000000000e+00 1.624999900000000000e+11
3.271000000000000000e+03 4.000000000000000000e+00 1.624999900000000000e+11
3.271200000000000273e+03 4.000000000000000000e+00 1.624999900000000000e+11
3.271400000000000091e+03 4.000000000000000000e+00 1.624999900000000000e+11
3.271600000000000364e+03 5.656854249492380582e+00 1.624999900000000000e+11
3.271800000000000182e+03 5.656854249492380582e+00 1.624999900000000000e+11
3.272000000000000000e+03 5.656854249492380582e+00 0.000000000000000000e+00
3.272200000000000273e+03 4.000000000000000000e+00 0.000000000000000000e+00
3.272400000000000091e+03 4.000000000000000000e+00 0.000000000000000000e+00
3.272600000000000364e+03 4.000000000000000000e+00 0.000000000000000000e+00
3.272800000000000182e+03 4.000000000000000000e+00 0.000000000000000000e+00
3.273000000000000000e+03 0.000000000000000000e+00 0.000000000000000000e+00
3.273200000000000273e+03 0.000000000000000000e+00 0.000000000000000000e+00
3.273400000000000091e+03 0.000000000000000000e+00 0.000000000000000000e+00
3.273600000000000364e+03 4.000000000000000000e+00 0.000000000000000000e+00
3.273800000000000182e+03 4.000000000000000000e+00 0.000000000000000000e+00
3.274000000000000000e+03 4.000000000000000000e+00 0.000000000000000000e+00
3.274200000000000273e+03 5.656854249492380582e+00 0.000000000000000000e+00
3.274400000000000091e+03 5.656854249492380582e+00 0.000000000000000000e+00
3.274600000000000364e+03 5.656854249492380582e+00 0.000000000000000000e+00
3.274800000000000182e+03 5.656854249492380582e+00 0.000000000000000000e+00
3.275000000000000000e+03 4.000000000000000000e+00 0.000000000000000000e+00
3.275200000000000273e+03 4.000000000000000000e+00 0.000000000000000000e+00
3.275400000000000091e+03 4.000000000000000000e+00 0.000000000000000000e+00
3.275600000000000364e+03 0.000000000000000000e+00 0.000000000000000000e+00
3.275800000000000182e+03 0.000000000000000000e+00 0.000000000000000000e+00
3.276000000000000000e+03 0.000000000000000000e+00 1.624999900000000000e+11
3.276200000000000273e+03 0.000000000000000000e+00 1.624999900000000000e+11
3.276400000000000091e+03 4.000000000000000000e+00 1.624999900000000000e+11
3.276600000000000364e+03 4.000000000000000000e+00 1.624999900000000000e+11
3.276800000000000182e+03 4.000000000000000000e+00 1.624999900000000000e+11
3.277000000000000000e+03 5.656854249492380582e+00 1.624999900000000000e+11
3.277200000000000273e+03 5.656854249492380582e+00 1.624999900000000000e+11
3.277400000000000091e+03 5.656854249492380582e+00 1.624999900000000000e+11
3.277600000000000364e+03 4.000000000000000000e+00 1.624999900000000000e+11
3.277800000000000182e+03 4.000000000000000000e+00 1.624999900000000000e+11
3.278000000000000000e+03 4.000000000000000000e+00 1.624999900000000000e+11
3.278200000000000273e+03 4.000000000000000000e+00 1.624999900000000000e+11
3.278400000000000091e+03 0.000000000000000000e+00 1.624999900000000000e+11
3.278600000000000364e+03 0.000000000000000000e+00 1.624999900000000000e+11
3.278800000000000182e+03 0.000000000000000000e+00 1.624999900000000000e+11
3.279000000000000000e+03 4.000000000000000000e+00 1.624999900000000000e+11
3.279200000000000273e+03 4.000000000000000000e+00 1.624999900000000000e+11
3.279400000000000091e+03 4.000000000000000000e+00 1.624999900000000000e+11
3.279600000000000364e+03 4.000000000000000000e+00 1.624999900000000000e+11
3.279800000000000182e+03 5.656854249492380582e+00 1.624999900000000000e+11
3.280000000000000000e+03 5.656854249492380582e+00 0.000000000000000000e+00
3.280200000000000273e+03 5.656854249492380582e+00 0.000000000000000000e+00
3.280400000000000091e+03 4.000000000000000000e+00 0.000000000000000000e+00
3.280600000000000364e+03 4.000000000000000000e+00 0.000000000000000000e+00
3.280800000000000182e+03 4.000000000000000000e+00 0.000000000000000000e+00
3.281000000000000000e+03 4.000000000000000000e+00 0.000000000000000000e+00
3.281200000000000273e+03 0.000000000000000000e+00 0.000000000000000000e+00
3.281400000000000091e+03 0.000000000000000000e+00 0.000000000000000000e+00
3.281600000000000364e+03 0.000000000000000000e+00 0.000000000000000000e+00
3.281800000000000182e+03 4.000000000000000000e+00 0.000000000000000000e+00
3.282000000000000000e+03 4.000000000000000000e+00 0.000000000000000000e+00
3.282200000000000273e+03 4.000000000000000000e+00 0.000000000000000000e+00
3.282400000000000091e+03 4.000000000000000000e+00 0.000000000000000000e+00
3.282600000000000364e+03 5.656854249492380582e+00 0.000000000000000000e+00
3.282800000000000182e+03 5.656854249492380582e+00 0.000000000000000000e+00
3.283000000000000000e+03 5.656854249492380582e+00 0.000000000000000000e+00
3.283200000000000273e+03 4.000000000000000000e+00 0.000000000000000000e+00
3.283400000000000091e+03 4.000000000000000000e+00 0.000000000000000000e+00
3.283600000000000364e+03 4.000000000000000000e+00 0.000000000000000000e+00
3.283800000000000182e+03 4.000000000000000000e+00 0.000000000000000000e+00
3.284000000000000000e+03 0.000000000000000000e+00 1.624999900000000000e+11
3.284200000000000273e+03 0.000000000000000000e+00 1.624999900000000000e+11
3.284400000000000091e+03 0.000000000000000000e+00 1.624999900000000000e+11
3.284600000000000364e+03 4.000000000000000000e+00 1.624999900000000000e+11
3.284800000000000182e+03 4.000000000000000000e+00 1.624999900000000000e+11
3.285000000000000000e+03 4.000000000000000000e+00 1.624999900000000000e+11
3.285200000000000273e+03 4.000000000000000000e+00 1.624999900000000000e+11
3.285400000000000091e+03 5.656854249492380582e+00 1.624999900000000000e+11
3.285600000000000364e+03 5.656854249492380582e+00 1.624999900000000000e+11
3.285800000000000182e+03 5.656854249492380582e+00 1.624999900000000000e+11
3.286000000000000000e+03 4.000000000000000000e+00 1.624999900000000000e+11
3.286200000000000273e+03 4.000000000000000000e+00 1.624999900000000000e+11
3.286400000000000091e+03 4.000000000000000000e+00 1.624999900000000000e+11
3.286600000000000364e+03 4.000000000000000000e+00 1.624999900000000000e+11
3.286800000000000182e+03 0.000000000000000000e+00 1.624999900000000000e+11
3.287000000000000000e+03 0.000000000000000000e+00 1.624999900000000000e+11
3.287200000000000273e+03 0.000000000000000000e+00 1.624999900000000000e+11
3.287400000000000091e+03 0.000000000000000000e+00 1.624999900000000000e+11
3.287600000000000364e+03 4.000000000000000000e+00 1.624999900000000000e+11
3.287800000000000182e+03 4.000000000000000000e+00 1.624999900000000000e+11
3.288000000000000000e+03 4.000000000000000000e+00 0.000000000000000000e+00
3.288200000000000273e+03 4.000000000000000000e+00 0.000000000000000000e+00
3.288400000000000091e+03 5.656854249492380582e+00 0.000000000000000000e+00
3.288600000000000364e+03 5.656854249492380582e+00 0.000000000000000000e+00
3.288800000000000182e+03 5.656854249492380582e+00 0.000000000000000000e+00
3.289000000000000000e+03 5.656854249492380582e+00 0.000000000000000000e+00
3.289200000000000273e+03 4.000000000000000000e+00 0.000000000000000000e+00
3.289400000000000091e+03 4.000000000000000000e+00 0.000000000000000000e+00
3.289600000000000364e+03 4.000000000000000000e+00 0.000000000000000000e+00
3.289800000000000182e+03 4.000000000000000000e+00 0.000000000000000000e+00
3.290000000000000000e+03 0.000000000000000000e+00 0.000000000000000000e+00
3.290200000000000273e+03 0.000000000000000000e+00 0.000000000000000000e+00
3.290400000000000091e+03 0.000000000000000000e+00 0.000000000000000000e+00
3.290600000000000364e+03 4.000000000000000000e+00 0.000000000000000000e+00
3.290800000000000182e+03 4.000000000000000000e+00 0.000000000000000000e+00
3.291000000000000000e+03 4.000000000000000000e+00 0.000000000000000000e+00
3.291200000000000273e+03 4.000000000000000000e+00 0.000000000000000000e+00
3.291400000000000091e+03 5.656854249492380582e+00 0.000000000000000000e+00
3.291600000000000364e+03 5.656854249492380582e+00 0.000000000000000000e+00
3.291800000000000182e+03 5.656854249492380582e+00 0.000000000000000000e+00
3.292000000000000000e+03 5.656854249492380582e+00 1.624999900000000000e+11
3.292200000000000273e+03 4.000000000000000000e+00 1.624999900000000000e+11
3.292400000000000091e+03 4.000000000000000000e+00 1.624999900000000000e+11
3.292600000000000364e+03 4.000000000000000000e+00 1.624999900000000000e+11
3.292800000000000182e+03 4.000000000000000000e+00 1.624999900000000000e+11
3.293000000000000000e+03 4.000000000000000000e+00 1.624999900000000000e+11
3.293200000000000273e+03 0.000000000000000000e+00 1.624999900000000000e+11
3.293400000000000091e+03 4.000000000000000000e+00 1.624999900000000000e+11
3.293600000000000364e+03 4.000000000000000000e+00 1.624999900000000000e+11
3.293800000000000182e+03 5.656854249492380582e+00 1.624999900000000000e+11
3.294000000000000000e+03 5.656854249492380582e+00 1.624999900000000000e+11
3.294200000000000273e+03 8.000000000000000000e+00 1.624999900000000000e+11
3.294400000000000091e+03 8.000000000000000000e+00 1.624999900000000000e+11
3.294600000000000364e+03 8.944271909999159220e+00 1.624999900000000000e+11
3.294800000000000182e+03 1.131370849898476116e+01 1.624999900000000000e+11
3.295000000000000000e+03 8.944271909999159220e+00 1.624999900000000000e+11
3.295200000000000273e+03 1.264911064067351809e+01 1.624999900000000000e+11
3.295400000000000091e+03 1.200000000000000000e+01 1.624999900000000000e+11
3.295600000000000364e+03 8.944271909999159220e+00 1.624999900000000000e+11
3.295800000000000182e+03 8.944271909999159220e+00 1.624999900000000000e+11
3.296000000000000000e+03 8.000000000000000000e+00 0.000000000000000000e+00
3.296200000000000273e+03 8.944271909999159220e+00 0.000000000000000000e+00
3.296400000000000091e+03 8.944271909999159220e+00 0.000000000000000000e+00
3.296600000000000364e+03 8.000000000000000000e+00 0.000000000000000000e+00
3.296800000000000182e+03 8.944271909999159220e+00 0.000000000000000000e+00
3.297000000000000000e+03 1.131370849898476116e+01 0.000000000000000000e+00
3.297200000000000273e+03 1.264911064067351809e+01 0.000000000000000000e+00
3.297400000000000091e+03 1.200000000000000000e+01 0.000000000000000000e+00
3.297600000000000364e+03 1.264911064067351809e+01 0.000000000000000000e+00
3.297800000000000182e+03 1.442220510185595650e+01 0.000000000000000000e+00
3.298000000000000000e+03 1.442220510185595650e+01 0.000000000000000000e+00
3.298200000000000273e+03 1.264911064067351809e+01 0.000000000000000000e+00
3.298400000000000091e+03 1.200000000000000000e+01 0.000000000000000000e+00
3.298600000000000364e+03 1.264911064067351809e+01 0.000000000000000000e+00
3.298800000000000182e+03 1.131370849898476116e+01 0.000000000000000000e+00
3.299000000000000000e+03 8.944271909999159220e+00 0.000000000000000000e+00
3.299200000000000273e+03 8.000000000000000000e+00 0.000000000000000000e+00
3.299400000000000091e+03 5.656854249492380582e+00 0.000000000000000000e+00
3.299600000000000364e+03 8.000000000000000000e+00 0.000000000000000000e+00
3.299800000000000182e+03 8.944271909999159220e+00 0.000000000000000000e+00
3.300000000000000000e+03 1.131370849898476116e+01 1.624999900000000000e+11
3.300200000000000273e+03 1.264911064067351809e+01 1.624999900000000000e+11
3.300400000000000091e+03 1.200000000000000000e+01 1.624999900000000000e+11
3.300600000000000364e+03 1.649242250247064234e+01 1.624999900000000000e+11
3.300800000000000182e+03 1.442220510185595650e+01 1.624999900000000000e+11
3.301000000000000000e+03 1.697056274847713908e+01 1.624999900000000000e+11
3.301200000000000273e+03 1.649242250247064234e+01 1.624999900000000000e+11
3.301400000000000091e+03 2.000000000000000000e+01 1.624999900000000000e+11
3.301600000000000364e+03 1.788854381999831844e+01 1.624999900000000000e+11
3.301800000000000182e+03 1.697056274847713908e+01 1.624999900000000000e+11
3.302000000000000000e+03 2.039607805437113797e+01 1.624999900000000000e+11
3.302200000000000273e+03 2.039607805437113797e+01 1.624999900000000000e+11
3.302400000000000091e+03 2.000000000000000000e+01 1.624999900000000000e+11
3.302600000000000364e+03 2.332380757938120297e+01 1.624999900000000000e+11
3.302800000000000182e+03 2.400000000000000000e+01 1.624999900000000000e+11
3.303000000000000000e+03 2.683281572999747766e+01 1.624999900000000000e+11
3.303200000000000273e+03 2.828427124746190202e+01 1.624999900000000000e+11
3.303400000000000091e+03 3.417601498127012150e+01 1.624999900000000000e+11
3.303600000000000364e+03 3.600000000000000000e+01 1.624999900000000000e+11
3.303800000000000182e+03 3.939543120718441571e+01 1.624999900000000000e+11
3.304000000000000000e+03 4.525483399593904466e+01 0.000000000000000000e+00
3.304200000000000273e+03 4.308131845707602992e+01 0.000000000000000000e+00
3.304400000000000091e+03 4.000000000000000000e+01 0.000000000000000000e+00
3.304600000000000364e+03 4.308131845707602992e+01 0.000000000000000000e+00
3.304800000000000182e+03 3.959797974644666141e+01 0.000000000000000000e+00
3.305000000000000000e+03 3.794733192202055250e+01 0.000000000000000000e+00
3.305200000000000273e+03 3.622154055254966920e+01 0.000000000000000000e+00
3.305400000000000091e+03 3.577708763999663688e+01 0.000000000000000000e+00
3.305600000000000364e+03 3.440930106817050671e+01 0.000000000000000000e+00
3.305800000000000182e+03 3.622154055254966920e+01 0.000000000000000000e+00
3.306000000000000000e+03 3.794733192202055250e+01 0.000000000000000000e+00
3.306200000000000273e+03 3.687817782917154830e+01 0.000000000000000000e+00
3.306400000000000091e+03 3.939543120718441571e+01 0.000000000000000000e+00
3.306600000000000364e+03 4.019950248448355978e+01 0.000000000000000000e+00
3.306800000000000182e+03 3.794733192202055250e+01 0.000000000000000000e+00
3.307000000000000000e+03 3.687817782917154830e+01 0.000000000000000000e+00
3.307200000000000273e+03 3.939543120718441571e+01 0.000000000000000000e+00
3.307400000000000091e+03 3.622154055254966920e+01 0.000000000000000000e+00
3.307600000000000364e+03 3.794733192202055250e+01 0.000000000000000000e+00
3.307800000000000182e+03 3.687817782917154830e+01 0.000000000000000000e+00
3.308000000000000000e+03 3.577708763999663688e+01 1.624999900000000000e+11
3.308200000000000273e+03 3.600000000000000000e+01 1.624999900000000000e+11
3.308400000000000091e+03 3.939543120718441571e+01 1.624999900000000000e+11
3.308600000000000364e+03 4.000000000000000000e+01 1.624999900000000000e+11
3.308800000000000182e+03 4.560701700396551672e+01 1.624999900000000000e+11
3.309000000000000000e+03 4.866210024238575471e+01 1.624999900000000000e+11
3.309200000000000273e+03 5.215361924162119323e+01 1.624999900000000000e+11
3.309400000000000091e+03 5.768882040742382600e+01 1.624999900000000000e+11
3.309600000000000364e+03 6.053098380168622583e+01 1.624999900000000000e+11
3.309800000000000182e+03 6.596969000988256937e+01 1.624999900000000000e+11
3.310000000000000000e+03 7.121797525905942905e+01 1.624999900000000000e+11
3.310200000000000273e+03 7.889233169326408301e+01 1.624999900000000000e+11
3.310400000000000091e+03 8.039900496896711957e+01 1.624999900000000000e+11
3.310600000000000364e+03 8.854377448471461776e+01 1.624999900000000000e+11
3.310800000000000182e+03 9.068627239003707530e+01 1.624999900000000000e+11
3.311000000000000000e+03 9.666436778875657865e+01 1.624999900000000000e+11
3.311200000000000273e+03 1.040768946500615044e+02 1.624999900000000000e+11
3.311400000000000091e+03 1.073312629199899106e+02 1.624999900000000000e+11
3.311600000000000364e+03 1.168246549320818701e+02 1.624999900000000000e+11
3.311800000000000182e+03 1.263012272307755524e+02 1.624999900000000000e+11
3.312000000000000000e+03 1.358234147707971715e+02 0.000000000000000000e+00
3.312200000000000273e+03 1.362350909274112212e+02 0.000000000000000000e+00
3.312400000000000091e+03 1.324235628579747868e+02 0.000000000000000000e+00
3.312600000000000364e+03 1.320605921537534186e+02 0.000000000000000000e+00
3.312800000000000182e+03 1.341640786499873741e+02 0.000000000000000000e+00
3.313000000000000000e+03 1.336861997365472234e+02 0.000000000000000000e+00
3.313200000000000273e+03 1.319393800197651387e+02 0.000000000000000000e+00
3.313400000000000091e+03 1.263012272307755524e+02 0.000000000000000000e+00
3.313600000000000364e+03 1.256025477448606580e+02 0.000000000000000000e+00
3.313800000000000182e+03 1.216552506059643974e+02 0.000000000000000000e+00
3.314000000000000000e+03 1.200666481584290750e+02 0.000000000000000000e+00
3.314200000000000273e+03 1.181862936215532613e+02 0.000000000000000000e+00
3.314400000000000091e+03 1.193314711214103880e+02 0.000000000000000000e+00
3.314600000000000364e+03 1.154469575172944928e+02 0.000000000000000000e+00
3.314800000000000182e+03 1.184567431596867806e+02 0.000000000000000000e+00
3.315000000000000000e+03 1.168246549320818701e+02 0.000000000000000000e+00
3.315200000000000273e+03 1.181185844818672024e+02 0.000000000000000000e+00
3.315400000000000091e+03 1.160689450283752677e+02 0.000000000000000000e+00
3.315600000000000364e+03 1.166190378969060077e+02 0.000000000000000000e+00
3.315800000000000182e+03 1.160000000000000000e+02 0.000000000000000000e+00
3.316000000000000000e+03 1.138419957660616575e+02 1.624999900000000000e+11
3.316200000000000273e+03 1.205985074534506793e+02 1.624999900000000000e+11
3.316400000000000091e+03 1.289961239727767861e+02 1.624999900000000000e+11
3.316600000000000364e+03 1.353513945255090505e+02 1.624999900000000000e+11
3.316800000000000182e+03 1.414213562373095101e+02 1.624999900000000000e+11
3.317000000000000000e+03 1.517893276880822100e+02 1.624999900000000000e+11
3.317200000000000273e+03 1.583919189857866456e+02 1.624999900000000000e+11
3.317400000000000091e+03 1.329661611087572908e+02 1.624999900000000000e+11
3.317600000000000364e+03 1.151694403911037483e+02 1.624999900000000000e+11
3.317800000000000182e+03 1.205985074534506793e+02 1.624999900000000000e+11
3.318000000000000000e+03 1.310267148332735871e+02 1.624999900000000000e+11
3.318200000000000273e+03 1.386794865868777151e+02 1.624999900000000000e+11
3.318400000000000091e+03 1.493452376207557677e+02 1.624999900000000000e+11
3.318600000000000364e+03 1.593988707613702047e+02 1.624999900000000000e+11
3.318800000000000182e+03 1.505722417977496832e+02 1.624999900000000000e+11
3.319000000000000000e+03 1.144027971686007277e+02 1.624999900000000000e+11
3.319200000000000273e+03 1.235475616918440096e+02 1.624999900000000000e+11
3.319400000000000091e+03 1.325443322062471339e+02 1.624999900000000000e+11
3.319600000000000364e+03 1.404563989286355081e+02 1.624999900000000000e+11
3.319800000000000182e+03 1.442775103749714560e+02 1.624999900000000000e+11
3.320000000000000000e+03 1.555892027102137831e+02 0.000000000000000000e+00
3.320200000000000273e+03 1.499333185119305085e+02 0.000000000000000000e+00
3.320400000000000091e+03 1.464786673888044390e+02 0.000000000000000000e+00
3.320600000000000364e+03 1.449413674559474998e+02 0.000000000000000000e+00
3.320800000000000182e+03 1.480540441865739751e+02 0.000000000000000000e+00
3.321000000000000000e+03 1.449965516831348680e+02 0.000000000000000000e+00
3.321200000000000273e+03 1.449413674559474998e+02 0.000000000000000000e+00
3.321400000000000091e+03 1.436105845681299229e+02 0.000000000000000000e+00
3.321600000000000364e+03 1.436105845681299229e+02 0.000000000000000000e+00
3.321800000000000182e+03 1.424359505181188581e+02 0.000000000000000000e+00
3.322000000000000000e+03 1.431083505599865475e+02 0.000000000000000000e+00
3.322200000000000273e+03 1.400000000000000000e+02 0.000000000000000000e+00
3.322400000000000091e+03 1.377534028617805006e+02 0.000000000000000000e+00
3.322600000000000364e+03 1.336861997365472234e+02 0.000000000000000000e+00
3.322800000000000182e+03 1.319393800197651387e+02 0.000000000000000000e+00
3.323000000000000000e+03 1.310267148332735871e+02 0.000000000000000000e+00
3.323200000000000273e+03 1.280624847486569706e+02 0.000000000000000000e+00
3.323400000000000091e+03 1.271219886565656338e+02 0.000000000000000000e+00
3.323600000000000364e+03 1.240644993541665855e+02 0.000000000000000000e+00
3.323800000000000182e+03 1.252198067399882291e+02 0.000000000000000000e+00
3.324000000000000000e+03 1.256025477448606580e+02 1.624999900000000000e+11
3.324200000000000273e+03 1.349370223474639943e+02 1.624999900000000000e+11
3.324400000000000091e+03 1.436105845681299229e+02 1.624999900000000000e+11
3.324600000000000364e+03 1.536749816983883647e+02 1.624999900000000000e+11
3.324800000000000182e+03 1.645843248915278707e+02 1.624999900000000000e+11
3.325000000000000000e+03 1.404563989286355081e+02 1.624999900000000000e+11
3.325200000000000273e+03 1.329661611087572908e+02 1.624999900000000000e+11
3.325400000000000091e+03 1.218523696938225385e+02 1.624999900000000000e+11
3.325600000000000364e+03 1.120714058089752001e+02 1.624999900000000000e+11
3.325800000000000182e+03 1.019803902718556969e+02 1.624999900000000000e+11
3.326000000000000000e+03 9.372299611087984772e+01 1.624999900000000000e+11
3.326200000000000273e+03 8.352245207128440541e+01 1.624999900000000000e+11
3.326400000000000091e+03 7.694153624668537361e+01 1.624999900000000000e+11
3.326600000000000364e+03 6.657326790837295505e+01 1.624999900000000000e+11
3.326800000000000182e+03 6.105735008989498880e+01 1.624999900000000000e+11
3.327000000000000000e+03 5.656854249492380404e+01 1.624999900000000000e+11
3.327200000000000273e+03 5.440588203494177577e+01 1.624999900000000000e+11
3.327400000000000091e+03 5.122499389946278825e+01 1.624999900000000000e+11
3.327600000000000364e+03 4.833218389437828932e+01 1.624999900000000000e+11
3.327800000000000182e+03 4.400000000000000000e+01 1.624999900000000000e+11
3.328000000000000000e+03 4.308131845707602992e+01 0.000000000000000000e+00
3.328200000000000273e+03 4.252058325093859992e+01 0.000000000000000000e+00
3.328400000000000091e+03 4.118252056394800320e+01 0.000000000000000000e+00
3.328600000000000364e+03 4.019950248448355978e+01 0.000000000000000000e+00
3.328800000000000182e+03 3.794733192202055250e+01 0.000000000000000000e+00
3.329000000000000000e+03 3.959797974644666141e+01 0.000000000000000000e+00
3.329200000000000273e+03 3.577708763999663688e+01 0.000000000000000000e+00
3.329400000000000091e+03 3.600000000000000000e+01 0.000000000000000000e+00
3.329600000000000364e+03 3.577708763999663688e+01 0.000000000000000000e+00
3.329800000000000182e+03 3.440930106817050671e+01 0.000000000000000000e+00
3.330000000000000000e+03 3.298484500494128469e+01 0.000000000000000000e+00
3.330200000000000273e+03 3.298484500494128469e+01 0.000000000000000000e+00
3.330400000000000091e+03 3.687817782917154830e+01 0.000000000000000000e+00
3.330600000000000364e+03 3.577708763999663688e+01 0.000000000000000000e+00
3.330800000000000182e+03 3.622154055254966920e+01 0.000000000000000000e+00
3.331000000000000000e+03 3.794733192202055250e+01 0.000000000000000000e+00
3.331200000000000273e+03 3.687817782917154830e+01 0.000000000000000000e+00
3.331400000000000091e+03 3.773592452822641263e+01 0.000000000000000000e+00
3.331600000000000364e+03 3.622154055254966920e+01 0.000000000000000000e+00
3.331800000000000182e+03 3.687817782917154830e+01 0.000000000000000000e+00
3.332000000000000000e+03 3.440930106817050671e+01 1.624999900000000000e+11
3.332200000000000273e+03 3.224903099319419653e+01 1.624999900000000000e+11
3.332400000000000091e+03 2.800000000000000000e+01 1.624999900000000000e+11
3.332600000000000364e+03 2.529822128134703618e+01 1.624999900000000000e+11
3.332800000000000182e+03 2.262741699796952233e+01 1.624999900000000000e+11
3.333000000000000000e+03 2.039607805437113797e+01 1.624999900000000000e+11
3.333200000000000273e+03 2.039607805437113797e+01 1.624999900000000000e+11
3.333400000000000091e+03 2.000000000000000000e+01 1.624999900000000000e+11
3.333600000000000364e+03 1.788854381999831844e+01 1.624999900000000000e+11
3.333800000000000182e+03 1.649242250247064234e+01 1.624999900000000000e+11
3.334000000000000000e+03 1.649242250247064234e+01 1.624999900000000000e+11
3.334200000000000273e+03 1.442220510185595650e+01 1.624999900000000000e+11
3.334400000000000091e+03 1.442220510185595650e+01 1.624999900000000000e+11
3.334600000000000364e+03 1.264911064067351809e+01 1.624999900000000000e+11
3.334800000000000182e+03 1.200000000000000000e+01 1.624999900000000000e+11
3.335000000000000000e+03 1.264911064067351809e+01 1.624999900000000000e+11
3.335200000000000273e+03 8.944271909999159220e+00 1.624999900000000000e+11
3.335400000000000091e+03 5.656854249492380582e+00 1.624999900000000000e+11
3.335600000000000364e+03 4.000000000000000000e+00 1.624999900000000000e+11
3.335800000000000182e+03 4.000000000000000000e+00 1.624999900000000000e+11
3.336000000000000000e+03 4.000000000000000000e+00 0.000000000000000000e+00
3.336200000000000273e+03 4.000000000000000000e+00 0.000000000000000000e+00
3.336400000000000091e+03 5.656854249492380582e+00 0.000000000000000000e+00
3.336600000000000364e+03 5.656854249492380582e+00 0.000000000000000000e+00
3.336800000000000182e+03 8.000000000000000000e+00 0.000000000000000000e+00
3.337000000000000000e+03 8.000000000000000000e+00 0.000000000000000000e+00
3.337200000000000273e+03 8.944271909999159220e+00 0.000000000000000000e+00
3.337400000000000091e+03 1.131370849898476116e+01 0.000000000000000000e+00
3.337600000000000364e+03 8.944271909999159220e+00 0.000000000000000000e+00
3.337800000000000182e+03 8.000000000000000000e+00 0.000000000000000000e+00
3.338000000000000000e+03 8.000000000000000000e+00 0.000000000000000000e+00
3.338200000000000273e+03 5.656854249492380582e+00 0.000000000000000000e+00
3.338400000000000091e+03 5.656854249492380582e+00 0.000000000000000000e+00
3.338600000000000364e+03 4.000000000000000000e+00 0.000000000000000000e+00
3.338800000000000182e+03 4.000000000000000000e+00 0.000000000000000000e+00
3.339000000000000000e+03 4.000000000000000000e+00 0.000000000000000000e+00
3.339200000000000273e+03 4.000000000000000000e+00 0.000000000000000000e+00
3.339400000000000091e+03 5.656854249492380582e+00 0.000000000000000000e+00
3.339600000000000364e+03 5.656854249492380582e+00 0.000000000000000000e+00
3.339800000000000182e+03 8.000000000000000000e+00 0.000000000000000000e+00
3.340000000000000000e+03 8.000000000000000000e+00 1.624999900000000000e+11
3.340200000000000273e+03 8.944271909999159220e+00 1.624999900000000000e+11
3.340400000000000091e+03 5.656854249492380582e+00 1.624999900000000000e+11
3.340600000000000364e+03 5.656854249492380582e+00 1.624999900000000000e+11
3.340800000000000182e+03 5.656854249492380582e+00 1.624999900000000000e+11
3.341000000000000000e+03 4.000000000000000000e+00 1.624999900000000000e+11
3.341200000000000273e+03 4.000000000000000000e+00 1.624999900000000000e+11
3.341400000000000091e+03 4.000000000000000000e+00 1.624999900000000000e+11
3.341600000000000364e+03 4.000000000000000000e+00 1.624999900000000000e+11
3.341800000000000182e+03 0.000000000000000000e+00 1.624999900000000000e+11
3.342000000000000000e+03 0.000000000000000000e+00 1.624999900000000000e+11
3.342200000000000273e+03 0.000000000000000000e+00 1.624999900000000000e+11
3.342400000000000091e+03 4.000000000000000000e+00 1.624999900000000000e+11
3.342600000000000364e+03 4.000000000000000000e+00 1.624999900000000000e+11
3.342800000000000182e+03 4.000000000000000000e+00 1.624999900000000000e+11
3.343000000000000000e+03 4.000000000000000000e+00 1.624999900000000000e+11
3.343200000000000273e+03 5.656854249492380582e+00 1.624999900000000000e+11
3.343400000000000091e+03 5.656854249492380582e+00 1.624999900000000000e+11
3.343600000000000364e+03 5.656854249492380582e+00 1.624999900000000000e+11
3.343800000000000182e+03 5.656854249492380582e+00 1.624999900000000000e+11
3.344000000000000000e+03 4.000000000000000000e+00 0.000000000000000000e+00
3.344200000000000273e+03 4.000000000000000000e+00 0.000000000000000000e+00
3.344400000000000091e+03 4.000000000000000000e+00 0.000000000000000000e+00
3.344600000000000364e+03 0.000000000000000000e+00 0.000000000000000000e+00
3.344800000000000182e+03 0.000000000000000000e+00 0.000000000000000000e+00
3.345000000000000000e+03 0.000000000000000000e+00 0.000000000000000000e+00
3.345200000000000273e+03 0.000000000000000000e+00 0.000000000000000000e+00
3.345400000000000091e+03 4.000000000000000000e+00 0.000000000000000000e+00
3.345600000000000364e+03 4.000000000000000000e+00 0.000000000000000000e+00
3.345800000000000182e+03 4.000000000000000000e+00 0.000000000000000000e+00
3.346000000000000000e+03 5.656854249492380582e+00 0.000000000000000000e+00
3.346200000000000273e+03 5.656854249492380582e+00 0.000000000000000000e+00
3.346400000000000091e+03 5.656854249492380582e+00 0.000000000000000000e+00
3.346600000000000364e+03 5.656854249492380582e+00 0.000000000000000000e+00
3.346800000000000182e+03 4.000000000000000000e+00 0.000000000000000000e+00
3.347000000000000000e+03 4.000000000000000000e+00 0.000000000000000000e+00
3.347200000000000273e+03 4.000000000000000000e+00 0.000000000000000000e+00
3.347400000000000091e+03 0.000000000000000000e+00 0.000000000000000000e+00
3.347600000000000364e+03 0.000000000000000000e+00 0.000000000000000000e+00
3.347800000000000182e+03 0.000000000000000000e+00 0.000000000000000000e+00
3.348000000000000000e+03 0.000000000000000000e+00 1.624999900000000000e+11
3.348200000000000273e+03 4.000000000000000000e+00 1.624999900000000000e+11
3.348400000000000091e+03 4.000000000000000000e+00 1.624999900000000000e+11
3.348600000000000364e+03 4.000000000000000000e+00 1.624999900000000000e+11
3.348800000000000182e+03 5.656854249492380582e+00 1.624999900000000000e+11
3.349000000000000000e+03 5.656854249492380582e+00 1.624999900000000000e+11
3.349200000000000273e+03 5.656854249492380582e+00 1.624999900000000000e+11
3.349400000000000091e+03 5.656854249492380582e+00 1.624999900000000000e+11
3.349600000000000364e+03 4.000000000000000000e+00 1.624999900000000000e+11
3.349800000000000182e+03 4.000000000000000000e+00 1.624999900000000000e+11
3.350000000000000000e+03 4.000000000000000000e+00 1.624999900000000000e+11
3.350200000000000273e+03 0.000000000000000000e+00 1.624999900000000000e+11
3.350400000000000091e+03 0.000000000000000000e+00 1.624999900000000000e+11
3.350600000000000364e+03 0.000000000000000000e+00 1.624999900000000000e+11
3.350800000000000182e+03 4.000000000000000000e+00 1.624999900000000000e+11
3.351000000000000000e+03 4.000000000000000000e+00 1.624999900000000000e+11
3.351200000000000273e+03 4.000000000000000000e+00 1.624999900000000000e+11
3.351400000000000091e+03 4.000000000000000000e+00 1.624999900000000000e+11
3.351600000000000364e+03 5.656854249492380582e+00 1.624999900000000000e+11
3.351800000000000182e+03 5.656854249492380582e+00 1.624999900000000000e+11
3.352000000000000000e+03 5.656854249492380582e+00 0.000000000000000000e+00
3.352200000000000273e+03 4.000000000000000000e+00 0.000000000000000000e+00
3.352400000000000091e+03 4.000000000000000000e+00 0.000000000000000000e+00
3.352600000000000364e+03 4.000000000000000000e+00 0.000000000000000000e+00
3.352800000000000182e+03 4.000000000000000000e+00 0.000000000000000000e+00
3.353000000000000000e+03 0.000000000000000000e+00 0.000000000000000000e+00
3.353200000000000273e+03 0.000000000000000000e+00 0.000000000000000000e+00
3.353400000000000091e+03 0.000000000000000000e+00 0.000000000000000000e+00
3.353600000000000364e+03 4.000000000000000000e+00 0.000000000000000000e+00
3.353800000000000182e+03 4.000000000000000000e+00 0.000000000000000000e+00
3.354000000000000000e+03 4.000000000000000000e+00 0.000000000000000000e+00
3.354200000000000273e+03 5.656854249492380582e+00 0.000000000000000000e+00
3.354400000000000091e+03 5.656854249492380582e+00 0.000000000000000000e+00
3.354600000000000364e+03 5.656854249492380582e+00 0.000000000000000000e+00
3.354800000000000182e+03 5.656854249492380582e+00 0.000000000000000000e+00
3.355000000000000000e+03 4.000000000000000000e+00 0.000000000000000000e+00
3.355200000000000273e+03 4.000000000000000000e+00 0.000000000000000000e+00
3.355400000000000091e+03 4.000000000000000000e+00 0.000000000000000000e+00
3.355600000000000364e+03 0.000000000000000000e+00 0.000000000000000000e+00
3.355800000000000182e+03 0.000000000000000000e+00 0.000000000000000000e+00
3.356000000000000000e+03 0.000000000000000000e+00 1.624999900000000000e+11
3.356200000000000273e+03 0.000000000000000000e+00 1.624999900000000000e+11
3.356400000000000091e+03 4.000000000000000000e+00 1.624999900000000000e+11
3.356600000000000364e+03 4.000000000000000000e+00 1.624999900000000000e+11
3.356800000000000182e+03 4.000000000000000000e+00 1.624999900000000000e+11
3.357000000000000000e+03 5.656854249492380582e+00 1.624999900000000000e+11
3.357200000000000273e+03 5.656854249492380582e+00 1.624999900000000000e+11
3.357400000000000091e+03 5.656854249492380582e+00 1.624999900000000000e+11
3.357600000000000364e+03 4.000000000000000000e+00 1.624999900000000000e+11
3.357800000000000182e+03 4.000000000000000000e+00 1.624999900000000000e+11
3.358000000000000000e+03 4.000000000000000000e+00 1.624999900000000000e+11
3.358200000000000273e+03 4.000000000000000000e+00 1.624999900000000000e+11
3.358400000000000091e+03 0.000000000000000000e+00 1.624999900000000000e+11
3.358600000000000364e+03 0.000000000000000000e+00 1.624999900000000000e+11
3.358800000000000182e+03 0.000000000000000000e+00 1.624999900000000000e+11
3.359000000000000000e+03 4.000000000000000000e+00 1.624999900000000000e+11
3.359200000000000273e+03 4.000000000000000000e+00 1.624999900000000000e+11
3.359400000000000091e+03 4.000000000000000000e+00 1.624999900000000000e+11
3.359600000000000364e+03 4.000000000000000000e+00 1.624999900000000000e+11
3.359800000000000182e+03 5.656854249492380582e+00 1.624999900000000000e+11
3.360000000000000000e+03 5.656854249492380582e+00 0.000000000000000000e+00
3.360200000000000273e+03 5.656854249492380582e+00 0.000000000000000000e+00
3.360400000000000091e+03 4.000000000000000000e+00 0.000000000000000000e+00
3.360600000000000364e+03 4.000000000000000000e+00 0.000000000000000000e+00
3.360800000000000182e+03 4.000000000000000000e+00 0.000000000000000000e+00
3.361000000000000000e+03 4.000000000000000000e+00 0.000000000000000000e+00
3.361200000000000273e+03 0.000000000000000000e+00 0.000000000000000000e+00
3.361400000000000091e+03 0.000000000000000000e+00 0.000000000000000000e+00
3.361600000000000364e+03 0.000000000000000000e+00 0.000000000000000000e+00
3.361800000000000182e+03 4.000000000000000000e+00 0.000000000000000000e+00
3.362000000000000000e+03 4.000000000000000000e+00 0.000000000000000000e+00
3.362200000000000273e+03 4.000000000000000000e+00 0.000000000000000000e+00
3.362400000000000091e+03 5.656854249492380582e+00 0.000000000000000000e+00
3.362600000000000364e+03 5.656854249492380582e+00 0.000000000000000000e+00
3.362800000000000182e+03 5.656854249492380582e+00 0.000000000000000000e+00
3.363000000000000000e+03 5.656854249492380582e+00 0.000000000000000000e+00
3.363200000000000273e+03 4.000000000000000000e+00 0.000000000000000000e+00
3.363400000000000091e+03 4.000000000000000000e+00 0.000000000000000000e+00
3.363600000000000364e+03 4.000000000000000000e+00 0.000000000000000000e+00
3.363800000000000182e+03 0.000000000000000000e+00 0.000000000000000000e+00
3.364000000000000000e+03 0.000000000000000000e+00 1.624999900000000000e+11
3.364200000000000273e+03 0.000000000000000000e+00 1.624999900000000000e+11
3.364400000000000091e+03 4.000000000000000000e+00 1.624999900000000000e+11
3.364600000000000364e+03 4.000000000000000000e+00 1.624999900000000000e+11
3.364800000000000182e+03 4.000000000000000000e+00 1.624999900000000000e+11
3.365000000000000000e+03 4.000000000000000000e+00 1.624999900000000000e+11
3.365200000000000273e+03 5.656854249492380582e+00 1.624999900000000000e+11
3.365400000000000091e+03 5.656854249492380582e+00 1.624999900000000000e+11
3.365600000000000364e+03 5.656854249492380582e+00 1.624999900000000000e+11
3.365800000000000182e+03 4.000000000000000000e+00 1.624999900000000000e+11
3.366000000000000000e+03 4.000000000000000000e+00 1.624999900000000000e+11
3.366200000000000273e+03 4.000000000000000000e+00 1.624999900000000000e+11
3.366400000000000091e+03 4.000000000000000000e+00 1.624999900000000000e+11
3.366600000000000364e+03 0.000000000000000000e+00 1.624999900000000000e+11
3.366800000000000182e+03 0.000000000000000000e+00 1.624999900000000000e+11
3.367000000000000000e+03 0.000000000000000000e+00 1.624999900000000000e+11
3.367200000000000273e+03 4.000000000000000000e+00 1.624999900000000000e+11
3.367400000000000091e+03 4.000000000000000000e+00 1.624999900000000000e+11
3.367600000000000364e+03 4.000000000000000000e+00 1.624999900000000000e+11
3.367800000000000182e+03 4.000000000000000000e+00 1.624999900000000000e+11
3.368000000000000000e+03 5.656854249492380582e+00 0.000000000000000000e+00
3.368200000000000273e+03 5.656854249492380582e+00 0.000000000000000000e+00
3.368400000000000091e+03 5.656854249492380582e+00 0.000000000000000000e+00
3.368600000000000364e+03 4.000000000000000000e+00 0.000000000000000000e+00
3.368800000000000182e+03 4.000000000000000000e+00 0.000000000000000000e+00
3.369000000000000000e+03 4.000000000000000000e+00 0.000000000000000000e+00
3.369200000000000273e+03 0.000000000000000000e+00 0.000000000000000000e+00
3.369400000000000091e+03 0.000000000000000000e+00 0.000000000000000000e+00
3.369600000000000364e+03 0.000000000000000000e+00 0.000000000000000000e+00
3.369800000000000182e+03 0.000000000000000000e+00 0.000000000000000000e+00
3.370000000000000000e+03 4.000000000000000000e+00 0.000000000000000000e+00
3.370200000000000273e+03 4.000000000000000000e+00 0.000000000000000000e+00
3.370400000000000091e+03 4.000000000000000000e+00 0.000000000000000000e+00
3.370600000000000364e+03 5.656854249492380582e+00 0.000000000000000000e+00
3.370800000000000182e+03 5.656854249492380582e+00 0.000000000000000000e+00
3.371000000000000000e+03 5.656854249492380582e+00 0.000000000000000000e+00
3.371200000000000273e+03 5.656854249492380582e+00 0.000000000000000000e+00
3.371400000000000091e+03 4.000000000000000000e+00 0.000000000000000000e+00
3.371600000000000364e+03 4.000000000000000000e+00 0.000000000000000000e+00
3.371800000000000182e+03 4.000000000000000000e+00 0.000000000000000000e+00
3.372000000000000000e+03 0.000000000000000000e+00 1.624999900000000000e+11
3.372200000000000273e+03 0.000000000000000000e+00 1.624999900000000000e+11
3.372400000000000091e+03 0.000000000000000000e+00 1.624999900000000000e+11
3.372600000000000364e+03 4.000000000000000000e+00 1.624999900000000000e+11
3.372800000000000182e+03 4.000000000000000000e+00 1.624999900000000000e+11
3.373000000000000000e+03 4.000000000000000000e+00 1.624999900000000000e+11
3.373200000000000273e+03 4.000000000000000000e+00 1.624999900000000000e+11
3.373400000000000091e+03 5.656854249492380582e+00 1.624999900000000000e+11
3.373600000000000364e+03 5.656854249492380582e+00 1.624999900000000000e+11
3.373800000000000182e+03 5.656854249492380582e+00 1.624999900000000000e+11
3.374000000000000000e+03 4.000000000000000000e+00 1.624999900000000000e+11
3.374200000000000273e+03 4.000000000000000000e+00 1.624999900000000000e+11
3.374400000000000091e+03 4.000000000000000000e+00 1.624999900000000000e+11
3.374600000000000364e+03 4.000000000000000000e+00 1.624999900000000000e+11
3.374800000000000182e+03 0.000000000000000000e+00 1.624999900000000000e+11
3.375000000000000000e+03 0.000000000000000000e+00 1.624999900000000000e+11
3.375200000000000273e+03 0.000000000000000000e+00 1.624999900000000000e+11
3.375400000000000091e+03 4.000000000000000000e+00 1.624999900000000000e+11
3.375600000000000364e+03 4.000000000000000000e+00 1.624999900000000000e+11
3.375800000000000182e+03 4.000000000000000000e+00 1.624999900000000000e+11
3.376000000000000000e+03 4.000000000000000000e+00 0.000000000000000000e+00
3.376200000000000273e+03 5.656854249492380582e+00 0.000000000000000000e+00
3.376400000000000091e+03 5.656854249492380582e+00 0.000000000000000000e+00
3.376600000000000364e+03 5.656854249492380582e+00 0.000000000000000000e+00
3.376800000000000182e+03 4.000000000000000000e+00 0.000000000000000000e+00
3.377000000000000000e+03 4.000000000000000000e+00 0.000000000000000000e+00
3.377200000000000273e+03 4.000000000000000000e+00 0.000000000000000000e+00
3.377400000000000091e+03 0.000000000000000000e+00 0.000000000000000000e+00
3.377600000000000364e+03 0.000000000000000000e+00 0.000000000000000000e+00
3.377800000000000182e+03 0.000000000000000000e+00 0.000000000000000000e+00
3.378000000000000000e+03 0.000000000000000000e+00 0.000000000000000000e+00
3.378200000000000273e+03 4.000000000000000000e+00 0.000000000000000000e+00
3.378400000000000091e+03 4.000000000000000000e+00 0.000000000000000000e+00
3.378600000000000364e+03 4.000000000000000000e+00 0.000000000000000000e+00
3.378800000000000182e+03 5.656854249492380582e+00 0.000000000000000000e+00
3.379000000000000000e+03 5.656854249492380582e+00 0.000000000000000000e+00
3.379200000000000273e+03 5.656854249492380582e+00 0.000000000000000000e+00
3.379400000000000091e+03 4.000000000000000000e+00 0.000000000000000000e+00
3.379600000000000364e+03 4.000000000000000000e+00 0.000000000000000000e+00
3.379800000000000182e+03 4.000000000000000000e+00 0.000000000000000000e+00
3.380000000000000000e+03 4.000000000000000000e+00 1.624999900000000000e+11
3.380200000000000273e+03 0.000000000000000000e+00 1.624999900000000000e+11
3.380400000000000091e+03 0.000000000000000000e+00 1.624999900000000000e+11
3.380600000000000364e+03 0.000000000000000000e+00 1.624999900000000000e+11
3.380800000000000182e+03 4.000000000000000000e+00 1.624999900000000000e+11
3.381000000000000000e+03 4.000000000000000000e+00 1.624999900000000000e+11
3.381200000000000273e+03 4.000000000000000000e+00 1.624999900000000000e+11
3.381400000000000091e+03 4.000000000000000000e+00 1.624999900000000000e+11
3.381600000000000364e+03 5.656854249492380582e+00 1.624999900000000000e+11
3.381800000000000182e+03 5.656854249492380582e+00 1.624999900000000000e+11
3.382000000000000000e+03 5.656854249492380582e+00 1.624999900000000000e+11
3.382200000000000273e+03 4.000000000000000000e+00 1.624999900000000000e+11
3.382400000000000091e+03 4.000000000000000000e+00 1.624999900000000000e+11
3.382600000000000364e+03 4.000000000000000000e+00 1.624999900000000000e+11
3.382800000000000182e+03 4.000000000000000000e+00 1.624999900000000000e+11
3.383000000000000000e+03 0.000000000000000000e+00 1.624999900000000000e+11
3.383200000000000273e+03 0.000000000000000000e+00 1.624999900000000000e+11
3.383400000000000091e+03 0.000000000000000000e+00 1.624999900000000000e+11
3.383600000000000364e+03 4.000000000000000000e+00 1.624999900000000000e+11
3.383800000000000182e+03 4.000000000000000000e+00 1.624999900000000000e+11
3.384000000000000000e+03 4.000000000000000000e+00 0.000000000000000000e+00
3.384200000000000273e+03 4.000000000000000000e+00 0.000000000000000000e+00
3.384400000000000091e+03 5.656854249492380582e+00 0.000000000000000000e+00
3.384600000000000364e+03 5.656854249492380582e+00 0.000000000000000000e+00
3.384800000000000182e+03 5.656854249492380582e+00 0.000000000000000000e+00
3.385000000000000000e+03 4.000000000000000000e+00 0.000000000000000000e+00
3.385200000000000273e+03 4.000000000000000000e+00 0.000000000000000000e+00
3.385400000000000091e+03 4.000000000000000000e+00 0.000000000000000000e+00
3.385600000000000364e+03 4.000000000000000000e+00 0.000000000000000000e+00
3.385800000000000182e+03 0.000000000000000000e+00 0.000000000000000000e+00
3.386000000000000000e+03 0.000000000000000000e+00 0.000000000000000000e+00
3.386200000000000273e+03 0.000000000000000000e+00 0.000000000000000000e+00
3.386400000000000091e+03 4.000000000000000000e+00 0.000000000000000000e+00
3.386600000000000364e+03 4.000000000000000000e+00 0.000000000000000000e+00
3.386800000000000182e+03 4.000000000000000000e+00 0.000000000000000000e+00
3.387000000000000000e+03 5.656854249492380582e+00 0.000000000000000000e+00
3.387200000000000273e+03 5.656854249492380582e+00 0.000000000000000000e+00
3.387400000000000091e+03 5.656854249492380582e+00 0.000000000000000000e+00
3.387600000000000364e+03 4.000000000000000000e+00 0.000000000000000000e+00
3.387800000000000182e+03 4.000000000000000000e+00 0.000000000000000000e+00
3.388000000000000000e+03 4.000000000000000000e+00 1.624999900000000000e+11
3.388200000000000273e+03 4.000000000000000000e+00 1.624999900000000000e+11
3.388400000000000091e+03 0.000000000000000000e+00 1.624999900000000000e+11
3.388600000000000364e+03 0.000000000000000000e+00 1.624999900000000000e+11
3.388800000000000182e+03 0.000000000000000000e+00 1.624999900000000000e+11
3.389000000000000000e+03 4.000000000000000000e+00 1.624999900000000000e+11
3.389200000000000273e+03 4.000000000000000000e+00 1.624999900000000000e+11
3.389400000000000091e+03 4.000000000000000000e+00 1.624999900000000000e+11
3.389600000000000364e+03 4.000000000000000000e+00 1.624999900000000000e+11
3.389800000000000182e+03 5.656854249492380582e+00 1.624999900000000000e+11
3.390000000000000000e+03 5.656854249492380582e+00 1.624999900000000000e+11
3.390200000000000273e+03 5.656854249492380582e+00 1.624999900000000000e+11
3.390400000000000091e+03 4.000000000000000000e+00 1.624999900000000000e+11
3.390600000000000364e+03 4.000000000000000000e+00 1.624999900000000000e+11
3.390800000000000182e+03 4.000000000000000000e+00 1.624999900000000000e+11
3.391000000000000000e+03 0.000000000000000000e+00 1.624999900000000000e+11
3.391200000000000273e+03 4.000000000000000000e+00 1.624999900000000000e+11
3.391400000000000091e+03 4.000000000000000000e+00 1.624999900000000000e+11
3.391600000000000364e+03 4.000000000000000000e+00 1.624999900000000000e+11
3.391800000000000182e+03 4.000000000000000000e+00 1.624999900000000000e+11
3.392000000000000000e+03 4.000000000000000000e+00 0.000000000000000000e+00
3.392200000000000273e+03 4.000000000000000000e+00 0.000000000000000000e+00
3.392400000000000091e+03 5.656854249492380582e+00 0.000000000000000000e+00
3.392600000000000364e+03 4.000000000000000000e+00 0.000000000000000000e+00
3.392800000000000182e+03 5.656854249492380582e+00 0.000000000000000000e+00
3.393000000000000000e+03 4.000000000000000000e+00 0.000000000000000000e+00
3.393200000000000273e+03 5.656854249492380582e+00 0.000000000000000000e+00
3.393400000000000091e+03 5.656854249492380582e+00 0.000000000000000000e+00
3.393600000000000364e+03 4.000000000000000000e+00 0.000000000000000000e+00
3.393800000000000182e+03 4.000000000000000000e+00 0.000000000000000000e+00
3.394000000000000000e+03 4.000000000000000000e+00 0.000000000000000000e+00
3.394200000000000273e+03 4.000000000000000000e+00 0.000000000000000000e+00
3.394400000000000091e+03 4.000000000000000000e+00 0.000000000000000000e+00
3.394600000000000364e+03 4.000000000000000000e+00 0.000000000000000000e+00
3.394800000000000182e+03 4.000000000000000000e+00 0.000000000000000000e+00
3.395000000000000000e+03 4.000000000000000000e+00 0.000000000000000000e+00
3.395200000000000273e+03 4.000000000000000000e+00 0.000000000000000000e+00
3.395400000000000091e+03 4.000000000000000000e+00 0.000000000000000000e+00
3.395600000000000364e+03 5.656854249492380582e+00 0.000000000000000000e+00
3.395800000000000182e+03 5.656854249492380582e+00 0.000000000000000000e+00
3.396000000000000000e+03 4.000000000000000000e+00 1.624999900000000000e+11
3.396200000000000273e+03 4.000000000000000000e+00 1.624999900000000000e+11
3.396400000000000091e+03 4.000000000000000000e+00 1.624999900000000000e+11
3.396600000000000364e+03 4.000000000000000000e+00 1.624999900000000000e+11
3.396800000000000182e+03 4.000000000000000000e+00 1.624999900000000000e+11
3.397000000000000000e+03 0.000000000000000000e+00 1.624999900000000000e+11
3.397200000000000273e+03 4.000000000000000000e+00 1.624999900000000000e+11
3.397400000000000091e+03 4.000000000000000000e+00 1.624999900000000000e+11
3.397600000000000364e+03 4.000000000000000000e+00 1.624999900000000000e+11
3.397800000000000182e+03 4.000000000000000000e+00 1.624999900000000000e+11
3.398000000000000000e+03 4.000000000000000000e+00 1.624999900000000000e+11
3.398200000000000273e+03 5.656854249492380582e+00 1.624999900000000000e+11
3.398400000000000091e+03 5.656854249492380582e+00 1.624999900000000000e+11
3.398600000000000364e+03 4.000000000000000000e+00 1.624999900000000000e+11
3.398800000000000182e+03 4.000000000000000000e+00 1.624999900000000000e+11
3.399000000000000000e+03 4.000000000000000000e+00 1.624999900000000000e+11
3.399200000000000273e+03 4.000000000000000000e+00 1.624999900000000000e+11
3.399400000000000091e+03 5.656854249492380582e+00 1.624999900000000000e+11
3.399600000000000364e+03 5.656854249492380582e+00 1.624999900000000000e+11
3.399800000000000182e+03 4.000000000000000000e+00 1.624999900000000000e+11
