3.400000000000000000e+03 4.000000000000000000e+00 0.000000000000000000e+00
3.400200000000000273e+03 4.000000000000000000e+00 0.000000000000000000e+00
3.400400000000000091e+03 5.656854249492380582e+00 0.000000000000000000e+00
3.400600000000000364e+03 5.656854249492380582e+00 0.000000000000000000e+00
3.400800000000000182e+03 5.656854249492380582e+00 0.000000000000000000e+00
3.401000000000000000e+03 5.656854249492380582e+00 0.000000000000000000e+00
3.401200000000000273e+03 5.656854249492380582e+00 0.000000000000000000e+00
3.401400000000000091e+03 5.656854249492380582e+00 0.000000000000000000e+00
3.401600000000000364e+03 5.656854249492380582e+00 0.000000000000000000e+00
3.401800000000000182e+03 4.000000000000000000e+00 0.000000000000000000e+00
3.402000000000000000e+03 4.000000000000000000e+00 0.000000000000000000e+00
3.402200000000000273e+03 0.000000000000000000e+00 0.000000000000000000e+00
3.402400000000000091e+03 4.000000000000000000e+00 0.000000000000000000e+00
3.402600000000000364e+03 5.656854249492380582e+00 0.000000000000000000e+00
3.402800000000000182e+03 5.656854249492380582e+00 0.000000000000000000e+00
3.403000000000000000e+03 5.656854249492380582e+00 0.000000000000000000e+00
3.403200000000000273e+03 5.656854249492380582e+00 0.000000000000000000e+00
3.403400000000000091e+03 5.656854249492380582e+00 0.000000000000000000e+00
3.403600000000000364e+03 5.656854249492380582e+00 0.000000000000000000e+00
3.403800000000000182e+03 5.656854249492380582e+00 0.000000000000000000e+00
3.404000000000000000e+03 5.656854249492380582e+00 1.650000200000000000e+11
3.404200000000000273e+03 5.656854249492380582e+00 1.650000000000000000e+11
3.404400000000000091e+03 4.000000000000000000e+00 1.650000200000000000e+11
3.404600000000000364e+03 4.000000000000000000e+00 1.650000000000000000e+11
3.404800000000000182e+03 4.000000000000000000e+00 1.650000200000000000e+11
3.405000000000000000e+03 0.000000000000000000e+00 1.650000200000000000e+11
3.405200000000000273e+03 0.000000000000000000e+00 1.650000000000000000e+11
3.405400000000000091e+03 5.656854249492380582e+00 1.650000000000000000e+11
3.405600000000000364e+03 5.656854249492380582e+00 1.650000000000000000e+11
3.405800000000000182e+03 5.656854249492380582e+00 1.650000000000000000e+11
3.406000000000000000e+03 5.656854249492380582e+00 1.650000000000000000e+11
3.406200000000000273e+03 5.656854249492380582e+00 1.650000200000000000e+11
3.406400000000000091e+03 5.656854249492380582e+00 1.650000200000000000e+11
3.406600000000000364e+03 5.656854249492380582e+00 1.650000200000000000e+11
3.406800000000000182e+03 4.000000000000000000e+00 1.650000000000000000e+11
3.407000000000000000e+03 4.000000000000000000e+00 1.650000200000000000e+11
3.407200000000000273e+03 4.000000000000000000e+00 1.650000000000000000e+11
3.407400000000000091e+03 0.000000000000000000e+00 1.650000000000000000e+11
3.407600000000000364e+03 0.000000000000000000e+00 1.650000200000000000e+11
3.407800000000000182e+03 0.000000000000000000e+00 1.650000000000000000e+11
3.408000000000000000e+03 0.000000000000000000e+00 0.000000000000000000e+00
3.408200000000000273e+03 4.000000000000000000e+00 0.000000000000000000e+00
3.408400000000000091e+03 4.000000000000000000e+00 0.000000000000000000e+00
3.408600000000000364e+03 5.656854249492380582e+00 0.000000000000000000e+00
3.408800000000000182e+03 5.656854249492380582e+00 0.000000000000000000e+00
3.409000000000000000e+03 5.656854249492380582e+00 0.000000000000000000e+00
3.409200000000000273e+03 5.656854249492380582e+00 0.000000000000000000e+00
3.409400000000000091e+03 5.656854249492380582e+00 0.000000000000000000e+00
3.409600000000000364e+03 4.000000000000000000e+00 0.000000000000000000e+00
3.409800000000000182e+03 4.000000000000000000e+00 0.000000000000000000e+00
3.410000000000000000e+03 4.000000000000000000e+00 0.000000000000000000e+00
3.410200000000000273e+03 0.000000000000000000e+00 0.000000000000000000e+00
3.410400000000000091e+03 0.000000000000000000e+00 0.000000000000000000e+00
3.410600000000000364e+03 0.000000000000000000e+00 0.000000000000000000e+00
3.410800000000000182e+03 4.000000000000000000e+00 0.000000000000000000e+00
3.411000000000000000e+03 4.000000000000000000e+00 0.000000000000000000e+00
3.411200000000000273e+03 5.656854249492380582e+00 0.000000000000000000e+00
3.411400000000000091e+03 5.656854249492380582e+00 0.000000000000000000e+00
3.411600000000000364e+03 5.656854249492380582e+00 0.000000000000000000e+00
3.411800000000000182e+03 5.656854249492380582e+00 0.000000000000000000e+00
3.412000000000000000e+03 5.656854249492380582e+00 1.650000000000000000e+11
3.412200000000000273e+03 4.000000000000000000e+00 1.650000000000000000e+11
3.412400000000000091e+03 4.000000000000000000e+00 1.650000200000000000e+11
3.412600000000000364e+03 4.000000000000000000e+00 1.650000000000000000e+11
3.412800000000000182e+03 4.000000000000000000e+00 1.650000200000000000e+11
3.413000000000000000e+03 0.000000000000000000e+00 1.650000000000000000e+11
3.413200000000000273e+03 0.000000000000000000e+00 1.650000000000000000e+11
3.413400000000000091e+03 0.000000000000000000e+00 1.650000200000000000e+11
3.413600000000000364e+03 4.000000000000000000e+00 1.650000000000000000e+11
3.413800000000000182e+03 4.000000000000000000e+00 1.650000000000000000e+11
3.414000000000000000e+03 4.000000000000000000e+00 1.650000000000000000e+11
3.414200000000000273e+03 5.656854249492380582e+00 1.650000200000000000e+11
3.414400000000000091e+03 5.656854249492380582e+00 1.650000200000000000e+11
3.414600000000000364e+03 5.656854249492380582e+00 1.650000200000000000e+11
3.414800000000000182e+03 5.656854249492380582e+00 1.650000200000000000e+11
3.415000000000000000e+03 4.000000000000000000e+00 1.650000000000000000e+11
3.415200000000000273e+03 4.000000000000000000e+00 1.650000200000000000e+11
3.415400000000000091e+03 4.000000000000000000e+00 1.650000200000000000e+11
3.415600000000000364e+03 0.000000000000000000e+00 1.650000000000000000e+11
3.415800000000000182e+03 0.000000000000000000e+00 1.650000000000000000e+11
3.416000000000000000e+03 0.000000000000000000e+00 0.000000000000000000e+00
3.416200000000000273e+03 4.000000000000000000e+00 0.000000000000000000e+00
3.416400000000000091e+03 4.000000000000000000e+00 0.000000000000000000e+00
3.416600000000000364e+03 4.000000000000000000e+00 0.000000000000000000e+00
3.416800000000000182e+03 5.656854249492380582e+00 0.000000000000000000e+00
3.417000000000000000e+03 5.656854249492380582e+00 0.000000000000000000e+00
3.417200000000000273e+03 5.656854249492380582e+00 0.000000000000000000e+00
3.417400000000000091e+03 5.656854249492380582e+00 0.000000000000000000e+00
3.417600000000000364e+03 4.000000000000000000e+00 0.000000000000000000e+00
3.417800000000000182e+03 4.000000000000000000e+00 0.000000000000000000e+00
3.418000000000000000e+03 4.000000000000000000e+00 0.000000000000000000e+00
3.418200000000000273e+03 0.000000000000000000e+00 0.000000000000000000e+00
3.418400000000000091e+03 0.000000000000000000e+00 0.000000000000000000e+00
3.418600000000000364e+03 0.000000000000000000e+00 0.000000000000000000e+00
3.418800000000000182e+03 0.000000000000000000e+00 0.000000000000000000e+00
3.419000000000000000e+03 4.000000000000000000e+00 0.000000000000000000e+00
3.419200000000000273e+03 4.000000000000000000e+00 0.000000000000000000e+00
3.419400000000000091e+03 4.000000000000000000e+00 0.000000000000000000e+00
3.419600000000000364e+03 5.656854249492380582e+00 0.000000000000000000e+00
3.419800000000000182e+03 5.656854249492380582e+00 0.000000000000000000e+00
3.420000000000000000e+03 5.656854249492380582e+00 1.650000000000000000e+11
3.420200000000000273e+03 5.656854249492380582e+00 1.650000000000000000e+11
3.420400000000000091e+03 4.000000000000000000e+00 1.650000000000000000e+11
3.420600000000000364e+03 4.000000000000000000e+00 1.650000000000000000e+11
3.420800000000000182e+03 4.000000000000000000e+00 1.650000000000000000e+11
3.421000000000000000e+03 0.000000000000000000e+00 1.650000200000000000e+11
3.421200000000000273e+03 0.000000000000000000e+00 1.650000000000000000e+11
3.421400000000000091e+03 0.000000000000000000e+00 1.650000000000000000e+11
3.421600000000000364e+03 4.000000000000000000e+00 1.650000200000000000e+11
3.421800000000000182e+03 4.000000000000000000e+00 1.650000000000000000e+11
3.422000000000000000e+03 4.000000000000000000e+00 1.650000200000000000e+11
3.422200000000000273e+03 4.000000000000000000e+00 1.650000000000000000e+11
3.422400000000000091e+03 5.656854249492380582e+00 1.650000000000000000e+11
3.422600000000000364e+03 5.656854249492380582e+00 1.650000200000000000e+11
3.422800000000000182e+03 5.656854249492380582e+00 1.650000000000000000e+11
3.423000000000000000e+03 4.000000000000000000e+00 1.650000200000000000e+11
3.423200000000000273e+03 4.000000000000000000e+00 1.650000000000000000e+11
3.423400000000000091e+03 4.000000000000000000e+00 1.650000000000000000e+11
3.423600000000000364e+03 4.000000000000000000e+00 1.650000200000000000e+11
3.423800000000000182e+03 0.000000000000000000e+00 1.650000000000000000e+11
3.424000000000000000e+03 0.000000000000000000e+00 0.000000000000000000e+00
3.424200000000000273e+03 0.000000000000000000e+00 0.000000000000000000e+00
3.424400000000000091e+03 4.000000000000000000e+00 0.000000000000000000e+00
3.424600000000000364e+03 4.000000000000000000e+00 0.000000000000000000e+00
3.424800000000000182e+03 4.000000000000000000e+00 0.000000000000000000e+00
3.425000000000000000e+03 5.656854249492380582e+00 0.000000000000000000e+00
3.425200000000000273e+03 5.656854249492380582e+00 0.000000000000000000e+00
3.425400000000000091e+03 5.656854249492380582e+00 0.000000000000000000e+00
3.425600000000000364e+03 5.656854249492380582e+00 0.000000000000000000e+00
3.425800000000000182e+03 4.000000000000000000e+00 0.000000000000000000e+00
3.426000000000000000e+03 4.000000000000000000e+00 0.000000000000000000e+00
3.426200000000000273e+03 4.000000000000000000e+00 0.000000000000000000e+00
3.426400000000000091e+03 0.000000000000000000e+00 0.000000000000000000e+00
3.426600000000000364e+03 0.000000000000000000e+00 0.000000000000000000e+00
3.426800000000000182e+03 0.000000000000000000e+00 0.000000000000000000e+00
3.427000000000000000e+03 0.000000000000000000e+00 0.000000000000000000e+00
3.427200000000000273e+03 4.000000000000000000e+00 0.000000000000000000e+00
3.427400000000000091e+03 4.000000000000000000e+00 0.000000000000000000e+00
3.427600000000000364e+03 4.000000000000000000e+00 0.000000000000000000e+00
3.427800000000000182e+03 5.656854249492380582e+00 0.000000000000000000e+00
3.428000000000000000e+03 5.656854249492380582e+00 1.650000200000000000e+11
3.428200000000000273e+03 5.656854249492380582e+00 1.650000000000000000e+11
3.428400000000000091e+03 4.000000000000000000e+00 1.650000000000000000e+11
3.428600000000000364e+03 4.000000000000000000e+00 1.650000200000000000e+11
3.428800000000000182e+03 4.000000000000000000e+00 1.650000000000000000e+11
3.429000000000000000e+03 4.000000000000000000e+00 1.650000000000000000e+11
3.429200000000000273e+03 0.000000000000000000e+00 1.650000000000000000e+11
3.429400000000000091e+03 0.000000000000000000e+00 1.650000000000000000e+11
3.429600000000000364e+03 0.000000000000000000e+00 1.650000200000000000e+11
3.429800000000000182e+03 4.000000000000000000e+00 1.650000000000000000e+11
3.430000000000000000e+03 4.000000000000000000e+00 1.650000200000000000e+11
3.430200000000000273e+03 4.000000000000000000e+00 1.650000200000000000e+11
3.430400000000000091e+03 5.656854249492380582e+00 1.650000000000000000e+11
3.430600000000000364e+03 5.656854249492380582e+00 1.650000200000000000e+11
3.430800000000000182e+03 5.656854249492380582e+00 1.650000200000000000e+11
3.431000000000000000e+03 5.656854249492380582e+00 1.650000200000000000e+11
3.431200000000000273e+03 4.000000000000000000e+00 1.650000200000000000e+11
3.431400000000000091e+03 4.000000000000000000e+00 1.650000000000000000e+11
3.431600000000000364e+03 4.000000000000000000e+00 1.650000000000000000e+11
3.431800000000000182e+03 0.000000000000000000e+00 1.650000200000000000e+11
3.432000000000000000e+03 0.000000000000000000e+00 0.000000000000000000e+00
3.432200000000000273e+03 0.000000000000000000e+00 0.000000000000000000e+00
3.432400000000000091e+03 0.000000000000000000e+00 0.000000000000000000e+00
3.432600000000000364e+03 4.000000000000000000e+00 0.000000000000000000e+00
3.432800000000000182e+03 4.000000000000000000e+00 0.000000000000000000e+00
3.433000000000000000e+03 4.000000000000000000e+00 0.000000000000000000e+00
3.433200000000000273e+03 5.656854249492380582e+00 0.000000000000000000e+00
3.433400000000000091e+03 5.656854249492380582e+00 0.000000000000000000e+00
3.433600000000000364e+03 5.656854249492380582e+00 0.000000000000000000e+00
3.433800000000000182e+03 4.000000000000000000e+00 0.000000000000000000e+00
3.434000000000000000e+03 4.000000000000000000e+00 0.000000000000000000e+00
3.434200000000000273e+03 4.000000000000000000e+00 0.000000000000000000e+00
3.434400000000000091e+03 4.000000000000000000e+00 0.000000000000000000e+00
3.434600000000000364e+03 0.000000000000000000e+00 0.000000000000000000e+00
3.434800000000000182e+03 0.000000000000000000e+00 0.000000000000000000e+00
3.435000000000000000e+03 0.000000000000000000e+00 0.000000000000000000e+00
3.435200000000000273e+03 4.000000000000000000e+00 0.000000000000000000e+00
3.435400000000000091e+03 4.000000000000000000e+00 0.000000000000000000e+00
3.435600000000000364e+03 4.000000000000000000e+00 0.000000000000000000e+00
3.435800000000000182e+03 4.000000000000000000e+00 0.000000000000000000e+00
3.436000000000000000e+03 5.656854249492380582e+00 1.650000000000000000e+11
3.436200000000000273e+03 5.656854249492380582e+00 1.650000000000000000e+11
3.436400000000000091e+03 5.656854249492380582e+00 1.650000000000000000e+11
3.436600000000000364e+03 4.000000000000000000e+00 1.650000200000000000e+11
3.436800000000000182e+03 4.000000000000000000e+00 1.650000000000000000e+11
3.437000000000000000e+03 4.000000000000000000e+00 1.650000200000000000e+11
3.437200000000000273e+03 0.000000000000000000e+00 1.650000000000000000e+11
3.437400000000000091e+03 0.000000000000000000e+00 1.650000200000000000e+11
3.437600000000000364e+03 0.000000000000000000e+00 1.650000200000000000e+11
3.437800000000000182e+03 0.000000000000000000e+00 1.650000000000000000e+11
3.438000000000000000e+03 4.000000000000000000e+00 1.650000200000000000e+11
3.438200000000000273e+03 4.000000000000000000e+00 1.650000000000000000e+11
3.438400000000000091e+03 4.000000000000000000e+00 1.650000200000000000e+11
3.438600000000000364e+03 5.656854249492380582e+00 1.650000200000000000e+11
3.438800000000000182e+03 5.656854249492380582e+00 1.650000200000000000e+11
3.439000000000000000e+03 5.656854249492380582e+00 1.650000200000000000e+11
3.439200000000000273e+03 5.656854249492380582e+00 1.650000200000000000e+11
3.439400000000000091e+03 4.000000000000000000e+00 1.650000000000000000e+11
3.439600000000000364e+03 4.000000000000000000e+00 1.650000000000000000e+11
3.439800000000000182e+03 4.000000000000000000e+00 1.650000000000000000e+11
3.440000000000000000e+03 0.000000000000000000e+00 0.000000000000000000e+00
3.440200000000000273e+03 0.000000000000000000e+00 0.000000000000000000e+00
3.440400000000000091e+03 0.000000000000000000e+00 0.000000000000000000e+00
3.440600000000000364e+03 4.000000000000000000e+00 0.000000000000000000e+00
3.440800000000000182e+03 4.000000000000000000e+00 0.000000000000000000e+00
3.441000000000000000e+03 4.000000000000000000e+00 0.000000000000000000e+00
3.441200000000000273e+03 4.000000000000000000e+00 0.000000000000000000e+00
3.441400000000000091e+03 5.656854249492380582e+00 0.000000000000000000e+00
3.441600000000000364e+03 5.656854249492380582e+00 0.000000000000000000e+00
3.441800000000000182e+03 5.656854249492380582e+00 0.000000000000000000e+00
3.442000000000000000e+03 4.000000000000000000e+00 0.000000000000000000e+00
3.442200000000000273e+03 4.000000000000000000e+00 0.000000000000000000e+00
3.442400000000000091e+03 4.000000000000000000e+00 0.000000000000000000e+00
3.442600000000000364e+03 4.000000000000000000e+00 0.000000000000000000e+00
3.442800000000000182e+03 0.000000000000000000e+00 0.000000000000000000e+00
3.443000000000000000e+03 0.000000000000000000e+00 0.000000000000000000e+00
3.443200000000000273e+03 0.000000000000000000e+00 0.000000000000000000e+00
3.443400000000000091e+03 4.000000000000000000e+00 0.000000000000000000e+00
3.443600000000000364e+03 4.000000000000000000e+00 0.000000000000000000e+00
3.443800000000000182e+03 4.000000000000000000e+00 0.000000000000000000e+00
3.444000000000000000e+03 5.656854249492380582e+00 1.650000200000000000e+11
3.444200000000000273e+03 5.656854249492380582e+00 1.650000200000000000e+11
3.444400000000000091e+03 5.656854249492380582e+00 1.650000200000000000e+11
3.444600000000000364e+03 5.656854249492380582e+00 1.650000000000000000e+11
3.444800000000000182e+03 4.000000000000000000e+00 1.650000000000000000e+11
3.445000000000000000e+03 4.000000000000000000e+00 1.650000000000000000e+11
3.445200000000000273e+03 4.000000000000000000e+00 1.650000200000000000e+11
3.445400000000000091e+03 0.000000000000000000e+00 1.650000200000000000e+11
3.445600000000000364e+03 0.000000000000000000e+00 1.650000200000000000e+11
3.445800000000000182e+03 0.000000000000000000e+00 1.650000000000000000e+11
3.446000000000000000e+03 0.000000000000000000e+00 1.650000000000000000e+11
3.446200000000000273e+03 4.000000000000000000e+00 1.650000000000000000e+11
3.446400000000000091e+03 4.000000000000000000e+00 1.650000200000000000e+11
3.446600000000000364e+03 4.000000000000000000e+00 1.650000000000000000e+11
3.446800000000000182e+03 5.656854249492380582e+00 1.650000000000000000e+11
3.447000000000000000e+03 5.656854249492380582e+00 1.650000200000000000e+11
3.447200000000000273e+03 5.656854249492380582e+00 1.650000200000000000e+11
3.447400000000000091e+03 4.000000000000000000e+00 1.650000200000000000e+11
3.447600000000000364e+03 4.000000000000000000e+00 1.650000000000000000e+11
3.447800000000000182e+03 4.000000000000000000e+00 1.650000200000000000e+11
3.448000000000000000e+03 4.000000000000000000e+00 0.000000000000000000e+00
3.448200000000000273e+03 0.000000000000000000e+00 0.000000000000000000e+00
3.448400000000000091e+03 0.000000000000000000e+00 0.000000000000000000e+00
3.448600000000000364e+03 0.000000000000000000e+00 0.000000000000000000e+00
3.448800000000000182e+03 4.000000000000000000e+00 0.000000000000000000e+00
3.449000000000000000e+03 4.000000000000000000e+00 0.000000000000000000e+00
3.449200000000000273e+03 4.000000000000000000e+00 0.000000000000000000e+00
3.449400000000000091e+03 4.000000000000000000e+00 0.000000000000000000e+00
3.449600000000000364e+03 5.656854249492380582e+00 0.000000000000000000e+00
3.449800000000000182e+03 5.656854249492380582e+00 0.000000000000000000e+00
3.450000000000000000e+03 5.656854249492380582e+00 0.000000000000000000e+00
3.450200000000000273e+03 4.000000000000000000e+00 0.000000000000000000e+00
3.450400000000000091e+03 4.000000000000000000e+00 0.000000000000000000e+00
3.450600000000000364e+03 4.000000000000000000e+00 0.000000000000000000e+00
3.450800000000000182e+03 0.000000000000000000e+00 0.000000000000000000e+00
3.451000000000000000e+03 0.000000000000000000e+00 0.000000000000000000e+00
3.451200000000000273e+03 0.000000000000000000e+00 0.000000000000000000e+00
3.451400000000000091e+03 0.000000000000000000e+00 0.000000000000000000e+00
3.451600000000000364e+03 4.000000000000000000e+00 0.000000000000000000e+00
3.451800000000000182e+03 4.000000000000000000e+00 0.000000000000000000e+00
3.452000000000000000e+03 4.000000000000000000e+00 1.650000000000000000e+11
3.452200000000000273e+03 5.656854249492380582e+00 1.650000000000000000e+11
3.452400000000000091e+03 5.656854249492380582e+00 1.650000000000000000e+11
3.452600000000000364e+03 5.656854249492380582e+00 1.650000000000000000e+11
3.452800000000000182e+03 5.656854249492380582e+00 1.650000000000000000e+11
3.453000000000000000e+03 4.000000000000000000e+00 1.650000200000000000e+11
3.453200000000000273e+03 4.000000000000000000e+00 1.650000200000000000e+11
3.453400000000000091e+03 4.000000000000000000e+00 1.650000200000000000e+11
3.453600000000000364e+03 0.000000000000000000e+00 1.650000200000000000e+11
3.453800000000000182e+03 0.000000000000000000e+00 1.650000200000000000e+11
3.454000000000000000e+03 0.000000000000000000e+00 1.650000200000000000e+11
3.454200000000000273e+03 4.000000000000000000e+00 1.650000000000000000e+11
3.454400000000000091e+03 4.000000000000000000e+00 1.650000200000000000e+11
3.454600000000000364e+03 4.000000000000000000e+00 1.650000200000000000e+11
3.454800000000000182e+03 4.000000000000000000e+00 1.650000200000000000e+11
3.455000000000000000e+03 5.656854249492380582e+00 1.650000000000000000e+11
3.455200000000000273e+03 5.656854249492380582e+00 1.650000200000000000e+11
3.455400000000000091e+03 5.656854249492380582e+00 1.650000200000000000e+11
3.455600000000000364e+03 4.000000000000000000e+00 1.650000200000000000e+11
3.455800000000000182e+03 4.000000000000000000e+00 1.650000200000000000e+11
3.456000000000000000e+03 4.000000000000000000e+00 0.000000000000000000e+00
3.456200000000000273e+03 4.000000000000000000e+00 0.000000000000000000e+00
3.456400000000000091e+03 0.000000000000000000e+00 0.000000000000000000e+00
3.456600000000000364e+03 0.000000000000000000e+00 0.000000000000000000e+00
3.456800000000000182e+03 0.000000000000000000e+00 0.000000000000000000e+00
3.457000000000000000e+03 4.000000000000000000e+00 0.000000000000000000e+00
3.457200000000000273e+03 4.000000000000000000e+00 0.000000000000000000e+00
3.457400000000000091e+03 4.000000000000000000e+00 0.000000000000000000e+00
3.457600000000000364e+03 5.656854249492380582e+00 0.000000000000000000e+00
3.457800000000000182e+03 5.656854249492380582e+00 0.000000000000000000e+00
3.458000000000000000e+03 5.656854249492380582e+00 0.000000000000000000e+00
3.458200000000000273e+03 5.656854249492380582e+00 0.000000000000000000e+00
3.458400000000000091e+03 4.000000000000000000e+00 0.000000000000000000e+00
3.458600000000000364e+03 4.000000000000000000e+00 0.000000000000000000e+00
3.458800000000000182e+03 4.000000000000000000e+00 0.000000000000000000e+00
3.459000000000000000e+03 0.000000000000000000e+00 0.000000000000000000e+00
3.459200000000000273e+03 0.000000000000000000e+00 0.000000000000000000e+00
3.459400000000000091e+03 0.000000000000000000e+00 0.000000000000000000e+00
3.459600000000000364e+03 0.000000000000000000e+00 0.000000000000000000e+00
3.459800000000000182e+03 4.000000000000000000e+00 0.000000000000000000e+00
3.460000000000000000e+03 4.000000000000000000e+00 1.650000200000000000e+11
3.460200000000000273e+03 4.000000000000000000e+00 1.650000000000000000e+11
3.460400000000000091e+03 5.656854249492380582e+00 1.650000000000000000e+11
3.460600000000000364e+03 5.656854249492380582e+00 1.650000000000000000e+11
3.460800000000000182e+03 5.656854249492380582e+00 1.650000200000000000e+11
3.461000000000000000e+03 4.000000000000000000e+00 1.650000000000000000e+11
3.461200000000000273e+03 4.000000000000000000e+00 1.650000200000000000e+11
3.461400000000000091e+03 4.000000000000000000e+00 1.650000000000000000e+11
3.461600000000000364e+03 4.000000000000000000e+00 1.650000200000000000e+11
3.461800000000000182e+03 0.000000000000000000e+00 1.650000200000000000e+11
3.462000000000000000e+03 0.000000000000000000e+00 1.650000200000000000e+11
3.462200000000000273e+03 0.000000000000000000e+00 1.650000200000000000e+11
3.462400000000000091e+03 4.000000000000000000e+00 1.650000200000000000e+11
3.462600000000000364e+03 4.000000000000000000e+00 1.650000200000000000e+11
3.462800000000000182e+03 4.000000000000000000e+00 1.650000200000000000e+11
3.463000000000000000e+03 4.000000000000000000e+00 1.650000000000000000e+11
3.463200000000000273e+03 5.656854249492380582e+00 1.650000000000000000e+11
3.463400000000000091e+03 5.656854249492380582e+00 1.650000200000000000e+11
3.463600000000000364e+03 5.656854249492380582e+00 1.650000200000000000e+11
3.463800000000000182e+03 4.000000000000000000e+00 1.650000000000000000e+11
3.464000000000000000e+03 4.000000000000000000e+00 0.000000000000000000e+00
3.464200000000000273e+03 4.000000000000000000e+00 0.000000000000000000e+00
3.464400000000000091e+03 0.000000000000000000e+00 0.000000000000000000e+00
3.464600000000000364e+03 0.000000000000000000e+00 0.000000000000000000e+00
3.464800000000000182e+03 0.000000000000000000e+00 0.000000000000000000e+00
3.465000000000000000e+03 0.000000000000000000e+00 0.000000000000000000e+00
3.465200000000000273e+03 4.000000000000000000e+00 0.000000000000000000e+00
3.465400000000000091e+03 4.000000000000000000e+00 0.000000000000000000e+00
3.465600000000000364e+03 4.000000000000000000e+00 0.000000000000000000e+00
3.465800000000000182e+03 5.656854249492380582e+00 0.000000000000000000e+00
3.466000000000000000e+03 5.656854249492380582e+00 0.000000000000000000e+00
3.466200000000000273e+03 5.656854249492380582e+00 0.000000000000000000e+00
3.466400000000000091e+03 5.656854249492380582e+00 0.000000000000000000e+00
3.466600000000000364e+03 4.000000000000000000e+00 0.000000000000000000e+00
3.466800000000000182e+03 4.000000000000000000e+00 0.000000000000000000e+00
3.467000000000000000e+03 4.000000000000000000e+00 0.000000000000000000e+00
3.467200000000000273e+03 0.000000000000000000e+00 0.000000000000000000e+00
3.467400000000000091e+03 0.000000000000000000e+00 0.000000000000000000e+00
3.467600000000000364e+03 0.000000000000000000e+00 0.000000000000000000e+00
3.467800000000000182e+03 4.000000000000000000e+00 0.000000000000000000e+00
3.468000000000000000e+03 4.000000000000000000e+00 1.650000200000000000e+11
3.468200000000000273e+03 4.000000000000000000e+00 1.650000000000000000e+11
3.468400000000000091e+03 4.000000000000000000e+00 1.650000000000000000e+11
3.468600000000000364e+03 5.656854249492380582e+00 1.650000000000000000e+11
3.468800000000000182e+03 5.656854249492380582e+00 1.650000200000000000e+11
3.469000000000000000e+03 5.656854249492380582e+00 1.650000000000000000e+11
3.469200000000000273e+03 4.000000000000000000e+00 1.650000200000000000e+11
3.469400000000000091e+03 4.000000000000000000e+00 1.650000000000000000e+11
3.469600000000000364e+03 4.000000000000000000e+00 1.650000000000000000e+11
3.469800000000000182e+03 4.000000000000000000e+00 1.650000200000000000e+11
3.470000000000000000e+03 0.000000000000000000e+00 1.650000200000000000e+11
3.470200000000000273e+03 0.000000000000000000e+00 1.650000000000000000e+11
3.470400000000000091e+03 0.000000000000000000e+00 1.650000000000000000e+11
3.470600000000000364e+03 4.000000000000000000e+00 1.650000000000000000e+11
3.470800000000000182e+03 4.000000000000000000e+00 1.650000200000000000e+11
3.471000000000000000e+03 4.000000000000000000e+00 1.650000000000000000e+11
3.471200000000000273e+03 5.656854249492380582e+00 1.650000200000000000e+11
3.471400000000000091e+03 5.656854249492380582e+00 1.650000200000000000e+11
3.471600000000000364e+03 5.656854249492380582e+00 1.650000200000000000e+11
3.471800000000000182e+03 5.656854249492380582e+00 1.650000000000000000e+11
3.472000000000000000e+03 4.000000000000000000e+00 0.000000000000000000e+00
3.472200000000000273e+03 4.000000000000000000e+00 0.000000000000000000e+00
3.472400000000000091e+03 4.000000000000000000e+00 0.000000000000000000e+00
3.472600000000000364e+03 0.000000000000000000e+00 0.000000000000000000e+00
3.472800000000000182e+03 0.000000000000000000e+00 0.000000000000000000e+00
3.473000000000000000e+03 0.000000000000000000e+00 0.000000000000000000e+00
3.473200000000000273e+03 0.000000000000000000e+00 0.000000000000000000e+00
3.473400000000000091e+03 4.000000000000000000e+00 0.000000000000000000e+00
3.473600000000000364e+03 4.000000000000000000e+00 0.000000000000000000e+00
3.473800000000000182e+03 4.000000000000000000e+00 0.000000000000000000e+00
3.474000000000000000e+03 5.656854249492380582e+00 0.000000000000000000e+00
3.474200000000000273e+03 5.656854249492380582e+00 0.000000000000000000e+00
3.474400000000000091e+03 5.656854249492380582e+00 0.000000000000000000e+00
3.474600000000000364e+03 4.000000000000000000e+00 0.000000000000000000e+00
3.474800000000000182e+03 4.000000000000000000e+00 0.000000000000000000e+00
3.475000000000000000e+03 4.000000000000000000e+00 0.000000000000000000e+00
3.475200000000000273e+03 4.000000000000000000e+00 0.000000000000000000e+00
3.475400000000000091e+03 0.000000000000000000e+00 0.000000000000000000e+00
3.475600000000000364e+03 0.000000000000000000e+00 0.000000000000000000e+00
3.475800000000000182e+03 0.000000000000000000e+00 0.000000000000000000e+00
3.476000000000000000e+03 4.000000000000000000e+00 1.650000200000000000e+11
3.476200000000000273e+03 4.000000000000000000e+00 1.650000200000000000e+11
3.476400000000000091e+03 4.000000000000000000e+00 1.650000000000000000e+11
3.476600000000000364e+03 4.000000000000000000e+00 1.650000200000000000e+11
3.476800000000000182e+03 5.656854249492380582e+00 1.650000000000000000e+11
3.477000000000000000e+03 5.656854249492380582e+00 1.650000000000000000e+11
3.477200000000000273e+03 5.656854249492380582e+00 1.650000000000000000e+11
3.477400000000000091e+03 4.000000000000000000e+00 1.650000000000000000e+11
3.477600000000000364e+03 4.000000000000000000e+00 1.650000200000000000e+11
3.477800000000000182e+03 4.000000000000000000e+00 1.650000200000000000e+11
3.478000000000000000e+03 4.000000000000000000e+00 1.650000200000000000e+11
3.478200000000000273e+03 0.000000000000000000e+00 1.650000000000000000e+11
3.478400000000000091e+03 0.000000000000000000e+00 1.650000000000000000e+11
3.478600000000000364e+03 0.000000000000000000e+00 1.650000200000000000e+11
3.478800000000000182e+03 4.000000000000000000e+00 1.650000000000000000e+11
3.479000000000000000e+03 4.000000000000000000e+00 1.650000200000000000e+11
3.479200000000000273e+03 4.000000000000000000e+00 1.650000200000000000e+11
3.479400000000000091e+03 4.000000000000000000e+00 1.650000000000000000e+11
3.479600000000000364e+03 5.656854249492380582e+00 1.650000200000000000e+11
3.479800000000000182e+03 5.656854249492380582e+00 1.650000200000000000e+11
3.480000000000000000e+03 5.656854249492380582e+00 0.000000000000000000e+00
3.480200000000000273e+03 4.000000000000000000e+00 0.000000000000000000e+00
3.480400000000000091e+03 4.000000000000000000e+00 0.000000000000000000e+00
3.480600000000000364e+03 4.000000000000000000e+00 0.000000000000000000e+00
3.480800000000000182e+03 4.000000000000000000e+00 0.000000000000000000e+00
3.481000000000000000e+03 0.000000000000000000e+00 0.000000000000000000e+00
3.481200000000000273e+03 0.000000000000000000e+00 0.000000000000000000e+00
3.481400000000000091e+03 0.000000000000000000e+00 0.000000000000000000e+00
3.481600000000000364e+03 0.000000000000000000e+00 0.000000000000000000e+00
3.481800000000000182e+03 4.000000000000000000e+00 0.000000000000000000e+00
3.482000000000000000e+03 4.000000000000000000e+00 0.000000000000000000e+00
3.482200000000000273e+03 4.000000000000000000e+00 0.000000000000000000e+00
3.482400000000000091e+03 5.656854249492380582e+00 0.000000000000000000e+00
3.482600000000000364e+03 5.656854249492380582e+00 0.000000000000000000e+00
3.482800000000000182e+03 5.656854249492380582e+00 0.000000000000000000e+00
3.483000000000000000e+03 5.656854249492380582e+00 0.000000000000000000e+00
3.483200000000000273e+03 4.000000000000000000e+00 0.000000000000000000e+00
3.483400000000000091e+03 4.000000000000000000e+00 0.000000000000000000e+00
3.483600000000000364e+03 4.000000000000000000e+00 0.000000000000000000e+00
3.483800000000000182e+03 4.000000000000000000e+00 0.000000000000000000e+00
3.484000000000000000e+03 0.000000000000000000e+00 1.650000000000000000e+11
3.484200000000000273e+03 0.000000000000000000e+00 1.650000000000000000e+11
3.484400000000000091e+03 0.000000000000000000e+00 1.650000200000000000e+11
3.484600000000000364e+03 4.000000000000000000e+00 1.650000000000000000e+11
3.484800000000000182e+03 4.000000000000000000e+00 1.650000200000000000e+11
3.485000000000000000e+03 4.000000000000000000e+00 1.650000000000000000e+11
3.485200000000000273e+03 4.000000000000000000e+00 1.650000200000000000e+11
3.485400000000000091e+03 5.656854249492380582e+00 1.650000200000000000e+11
3.485600000000000364e+03 5.656854249492380582e+00 1.650000200000000000e+11
3.485800000000000182e+03 5.656854249492380582e+00 1.650000200000000000e+11
3.486000000000000000e+03 5.656854249492380582e+00 1.650000200000000000e+11
3.486200000000000273e+03 4.000000000000000000e+00 1.650000200000000000e+11
3.486400000000000091e+03 4.000000000000000000e+00 1.650000000000000000e+11
3.486600000000000364e+03 4.000000000000000000e+00 1.650000200000000000e+11
3.486800000000000182e+03 4.000000000000000000e+00 1.650000000000000000e+11
3.487000000000000000e+03 4.000000000000000000e+00 1.650000000000000000e+11
3.487200000000000273e+03 0.000000000000000000e+00 1.650000000000000000e+11
3.487400000000000091e+03 4.000000000000000000e+00 1.650000000000000000e+11
3.487600000000000364e+03 4.000000000000000000e+00 1.650000000000000000e+11
3.487800000000000182e+03 5.656854249492380582e+00 1.650000200000000000e+11
3.488000000000000000e+03 8.944271909999159220e+00 0.000000000000000000e+00
3.488200000000000273e+03 8.000000000000000000e+00 0.000000000000000000e+00
3.488400000000000091e+03 8.944271909999159220e+00 0.000000000000000000e+00
3.488600000000000364e+03 8.944271909999159220e+00 0.000000000000000000e+00
3.488800000000000182e+03 8.944271909999159220e+00 0.000000000000000000e+00
3.489000000000000000e+03 8.944271909999159220e+00 0.000000000000000000e+00
3.489200000000000273e+03 8.000000000000000000e+00 0.000000000000000000e+00
3.489400000000000091e+03 8.000000000000000000e+00 0.000000000000000000e+00
3.489600000000000364e+03 5.656854249492380582e+00 0.000000000000000000e+00
3.489800000000000182e+03 5.656854249492380582e+00 0.000000000000000000e+00
3.490000000000000000e+03 4.000000000000000000e+00 0.000000000000000000e+00
3.490200000000000273e+03 4.000000000000000000e+00 0.000000000000000000e+00
3.490400000000000091e+03 4.000000000000000000e+00 0.000000000000000000e+00
3.490600000000000364e+03 4.000000000000000000e+00 0.000000000000000000e+00
3.490800000000000182e+03 5.656854249492380582e+00 0.000000000000000000e+00
3.491000000000000000e+03 5.656854249492380582e+00 0.000000000000000000e+00
3.491200000000000273e+03 8.000000000000000000e+00 0.000000000000000000e+00
3.491400000000000091e+03 8.000000000000000000e+00 0.000000000000000000e+00
3.491600000000000364e+03 8.944271909999159220e+00 0.000000000000000000e+00
3.491800000000000182e+03 5.656854249492380582e+00 0.000000000000000000e+00
3.492000000000000000e+03 8.944271909999159220e+00 1.650000200000000000e+11
3.492200000000000273e+03 8.000000000000000000e+00 1.650000000000000000e+11
3.492400000000000091e+03 8.000000000000000000e+00 1.650000000000000000e+11
3.492600000000000364e+03 8.944271909999159220e+00 1.650000200000000000e+11
3.492800000000000182e+03 5.656854249492380582e+00 1.650000000000000000e+11
3.493000000000000000e+03 4.000000000000000000e+00 1.650000200000000000e+11
3.493200000000000273e+03 5.656854249492380582e+00 1.650000200000000000e+11
3.493400000000000091e+03 5.656854249492380582e+00 1.650000200000000000e+11
3.493600000000000364e+03 8.000000000000000000e+00 1.650000200000000000e+11
3.493800000000000182e+03 8.944271909999159220e+00 1.650000000000000000e+11
3.494000000000000000e+03 1.131370849898476116e+01 1.650000000000000000e+11
3.494200000000000273e+03 1.264911064067351809e+01 1.650000000000000000e+11
3.494400000000000091e+03 1.600000000000000000e+01 1.650000200000000000e+11
3.494600000000000364e+03 1.649242250247064234e+01 1.650000000000000000e+11
3.494800000000000182e+03 1.697056274847713908e+01 1.650000000000000000e+11
3.495000000000000000e+03 1.788854381999831844e+01 1.650000200000000000e+11
3.495200000000000273e+03 2.039607805437113797e+01 1.650000000000000000e+11
3.495400000000000091e+03 2.039607805437113797e+01 1.650000000000000000e+11
3.495600000000000364e+03 2.000000000000000000e+01 1.650000000000000000e+11
3.495800000000000182e+03 2.000000000000000000e+01 1.650000000000000000e+11
3.496000000000000000e+03 2.000000000000000000e+01 0.000000000000000000e+00
3.496200000000000273e+03 1.788854381999831844e+01 0.000000000000000000e+00
3.496400000000000091e+03 1.697056274847713908e+01 0.000000000000000000e+00
3.496600000000000364e+03 1.649242250247064234e+01 0.000000000000000000e+00
3.496800000000000182e+03 2.039607805437113797e+01 0.000000000000000000e+00
3.497000000000000000e+03 2.000000000000000000e+01 0.000000000000000000e+00
3.497200000000000273e+03 2.332380757938120297e+01 0.000000000000000000e+00
3.497400000000000091e+03 2.039607805437113797e+01 0.000000000000000000e+00
3.497600000000000364e+03 2.433105012119287736e+01 0.000000000000000000e+00
3.497800000000000182e+03 2.332380757938120297e+01 0.000000000000000000e+00
3.498000000000000000e+03 2.332380757938120297e+01 0.000000000000000000e+00
3.498200000000000273e+03 2.039607805437113797e+01 0.000000000000000000e+00
3.498400000000000091e+03 2.039607805437113797e+01 0.000000000000000000e+00
3.498600000000000364e+03 1.788854381999831844e+01 0.000000000000000000e+00
3.498800000000000182e+03 2.000000000000000000e+01 0.000000000000000000e+00
3.499000000000000000e+03 1.649242250247064234e+01 0.000000000000000000e+00
3.499200000000000273e+03 1.649242250247064234e+01 0.000000000000000000e+00
3.499400000000000091e+03 1.697056274847713908e+01 0.000000000000000000e+00
3.499600000000000364e+03 1.649242250247064234e+01 0.000000000000000000e+00
3.499800000000000182e+03 1.600000000000000000e+01 0.000000000000000000e+00
3.500000000000000000e+03 1.788854381999831844e+01 1.650000000000000000e+11
3.500200000000000273e+03 2.000000000000000000e+01 1.650000200000000000e+11
3.500400000000000091e+03 2.433105012119287736e+01 1.650000200000000000e+11
3.500600000000000364e+03 2.433105012119287736e+01 1.650000200000000000e+11
3.500800000000000182e+03 2.683281572999747766e+01 1.650000000000000000e+11
3.501000000000000000e+03 3.124099870362661591e+01 1.650000000000000000e+11
3.501200000000000273e+03 2.912043955712207222e+01 1.650000200000000000e+11
3.501400000000000091e+03 3.200000000000000000e+01 1.650000200000000000e+11
3.501600000000000364e+03 3.577708763999663688e+01 1.650000200000000000e+11
3.501800000000000182e+03 3.687817782917154830e+01 1.650000200000000000e+11
3.502000000000000000e+03 3.687817782917154830e+01 1.650000200000000000e+11
3.502200000000000273e+03 3.687817782917154830e+01 1.650000200000000000e+11
3.502400000000000091e+03 4.000000000000000000e+01 1.650000200000000000e+11
3.502600000000000364e+03 4.326661530556787483e+01 1.650000200000000000e+11
3.502800000000000182e+03 4.816637831516918311e+01 1.650000200000000000e+11
3.503000000000000000e+03 5.059644256269407236e+01 1.650000200000000000e+11
3.503200000000000273e+03 5.946427498927402411e+01 1.650000200000000000e+11
3.503400000000000091e+03 6.092618484691126923e+01 1.650000200000000000e+11
3.503600000000000364e+03 6.800000000000000000e+01 1.650000000000000000e+11
3.503800000000000182e+03 7.353910524340093957e+01 1.650000000000000000e+11
3.504000000000000000e+03 7.919595949289332282e+01 0.000000000000000000e+00
3.504200000000000273e+03 7.725283166331186635e+01 0.000000000000000000e+00
3.504400000000000091e+03 7.610519036176178531e+01 0.000000000000000000e+00
3.504600000000000364e+03 7.515317691222374208e+01 0.000000000000000000e+00
3.504800000000000182e+03 7.375635565834309659e+01 0.000000000000000000e+00
3.505000000000000000e+03 7.088018058667739751e+01 0.000000000000000000e+00
3.505200000000000273e+03 6.905070600652827295e+01 0.000000000000000000e+00
3.505400000000000091e+03 6.881860213634101342e+01 0.000000000000000000e+00
3.505600000000000364e+03 6.997142273814360180e+01 0.000000000000000000e+00
3.505800000000000182e+03 6.846897107449476039e+01 0.000000000000000000e+00
3.506000000000000000e+03 6.835202996254024299e+01 0.000000000000000000e+00
3.506200000000000273e+03 7.076722405181652675e+01 0.000000000000000000e+00
3.506400000000000091e+03 6.985699678629191567e+01 0.000000000000000000e+00
3.506600000000000364e+03 7.200000000000000000e+01 0.000000000000000000e+00
3.506800000000000182e+03 6.985699678629191567e+01 0.000000000000000000e+00
3.507000000000000000e+03 7.076722405181652675e+01 0.000000000000000000e+00
3.507200000000000273e+03 6.835202996254024299e+01 0.000000000000000000e+00
3.507400000000000091e+03 6.811754546370561059e+01 0.000000000000000000e+00
3.507600000000000364e+03 6.800000000000000000e+01 0.000000000000000000e+00
3.507800000000000182e+03 6.560487786742690730e+01 0.000000000000000000e+00
3.508000000000000000e+03 6.209669878504009688e+01 1.650000000000000000e+11
3.508200000000000273e+03 6.905070600652827295e+01 1.650000200000000000e+11
3.508400000000000091e+03 7.440430095095310037e+01 1.650000200000000000e+11
3.508600000000000364e+03 7.694153624668537361e+01 1.650000000000000000e+11
3.508800000000000182e+03 8.438009243891595190e+01 1.650000200000000000e+11
3.509000000000000000e+03 8.988882021697692437e+01 1.650000200000000000e+11
3.509200000000000273e+03 9.616652224137045835e+01 1.650000000000000000e+11
3.509400000000000091e+03 1.062826420446913858e+02 1.650000000000000000e+11
3.509600000000000364e+03 1.162755348299890699e+02 1.650000000000000000e+11
3.509800000000000182e+03 1.216552506059643974e+02 1.650000200000000000e+11
3.510000000000000000e+03 1.312097557348538146e+02 1.650000000000000000e+11
3.510200000000000273e+03 1.388524396616782610e+02 1.650000000000000000e+11
3.510400000000000091e+03 1.475127113166861932e+02 1.650000200000000000e+11
3.510600000000000364e+03 1.536749816983883647e+02 1.650000000000000000e+11
3.510800000000000182e+03 1.628741845720186632e+02 1.650000000000000000e+11
3.511000000000000000e+03 1.077032961426900783e+02 1.650000200000000000e+11
3.511200000000000273e+03 1.162755348299890699e+02 1.650000000000000000e+11
3.511400000000000091e+03 1.240644993541665855e+02 1.650000200000000000e+11
3.511600000000000364e+03 1.302305647687976489e+02 1.650000200000000000e+11
3.511800000000000182e+03 1.379275171965333300e+02 1.650000000000000000e+11
3.512000000000000000e+03 1.499333185119305085e+02 0.000000000000000000e+00
3.512200000000000273e+03 1.464786673888044390e+02 0.000000000000000000e+00
3.512400000000000091e+03 1.468604780054865557e+02 0.000000000000000000e+00
3.512600000000000364e+03 1.442220510185595685e+02 0.000000000000000000e+00
3.512800000000000182e+03 1.470782104868018791e+02 0.000000000000000000e+00
3.513000000000000000e+03 1.444991349455075351e+02 0.000000000000000000e+00
3.513200000000000273e+03 1.417603611733547950e+02 0.000000000000000000e+00
3.513400000000000091e+03 1.420422472365176247e+02 0.000000000000000000e+00
3.513600000000000364e+03 1.376372042726820268e+02 0.000000000000000000e+00
3.513800000000000182e+03 1.360000000000000000e+02 0.000000000000000000e+00
3.514000000000000000e+03 1.322422020385323265e+02 0.000000000000000000e+00
3.514200000000000273e+03 1.307822617941745307e+02 0.000000000000000000e+00
3.514400000000000091e+03 1.305986217385160728e+02 0.000000000000000000e+00
3.514600000000000364e+03 1.280624847486569706e+02 0.000000000000000000e+00
3.514800000000000182e+03 1.271219886565656338e+02 0.000000000000000000e+00
3.515000000000000000e+03 1.280624847486569706e+02 0.000000000000000000e+00
3.515200000000000273e+03 1.288099375048369382e+02 0.000000000000000000e+00
3.515400000000000091e+03 1.280624847486569706e+02 0.000000000000000000e+00
3.515600000000000364e+03 1.271219886565656338e+02 0.000000000000000000e+00
3.515800000000000182e+03 1.275617497528157998e+02 0.000000000000000000e+00
3.516000000000000000e+03 1.252836781069266010e+02 1.650000000000000000e+11
3.516200000000000273e+03 1.335065541462290923e+02 1.650000000000000000e+11
3.516400000000000091e+03 1.386794865868777151e+02 1.650000000000000000e+11
3.516600000000000364e+03 1.488623525274271628e+02 1.650000000000000000e+11
3.516800000000000182e+03 1.564608577248635584e+02 1.650000200000000000e+11
3.517000000000000000e+03 1.325443322062471339e+02 1.650000200000000000e+11
3.517200000000000273e+03 1.278123624693636629e+02 1.650000000000000000e+11
3.517400000000000091e+03 1.187939392393399771e+02 1.650000200000000000e+11
3.517600000000000364e+03 1.062826420446913858e+02 1.650000200000000000e+11
3.517800000000000182e+03 1.003194896318756264e+02 1.650000000000000000e+11
3.518000000000000000e+03 9.482615672903757797e+01 1.650000200000000000e+11
3.518200000000000273e+03 8.809086218218095610e+01 1.650000200000000000e+11
3.518400000000000091e+03 7.858753081755399705e+01 1.650000000000000000e+11
3.518600000000000364e+03 7.244308110509933840e+01 1.650000000000000000e+11
3.518800000000000182e+03 6.449806198638839305e+01 1.650000000000000000e+11
3.519000000000000000e+03 6.000000000000000000e+01 1.650000200000000000e+11
3.519200000000000273e+03 5.336665625650533684e+01 1.650000000000000000e+11
3.519400000000000091e+03 4.866210024238575471e+01 1.650000000000000000e+11
3.519600000000000364e+03 4.326661530556787483e+01 1.650000000000000000e+11
3.519800000000000182e+03 4.118252056394800320e+01 1.650000000000000000e+11
3.520000000000000000e+03 3.622154055254966920e+01 0.000000000000000000e+00
3.520200000000000273e+03 3.794733192202055250e+01 0.000000000000000000e+00
3.520400000000000091e+03 3.959797974644666141e+01 0.000000000000000000e+00
3.520600000000000364e+03 3.794733192202055250e+01 0.000000000000000000e+00
3.520800000000000182e+03 4.000000000000000000e+01 0.000000000000000000e+00
3.521000000000000000e+03 3.939543120718441571e+01 0.000000000000000000e+00
3.521200000000000273e+03 3.959797974644666141e+01 0.000000000000000000e+00
3.521400000000000091e+03 3.939543120718441571e+01 0.000000000000000000e+00
3.521600000000000364e+03 4.000000000000000000e+01 0.000000000000000000e+00
3.521800000000000182e+03 3.577708763999663688e+01 0.000000000000000000e+00
3.522000000000000000e+03 3.394112549695427816e+01 0.000000000000000000e+00
3.522200000000000273e+03 3.417601498127012150e+01 0.000000000000000000e+00
3.522400000000000091e+03 3.224903099319419653e+01 0.000000000000000000e+00
3.522600000000000364e+03 3.224903099319419653e+01 0.000000000000000000e+00
3.522800000000000182e+03 3.224903099319419653e+01 0.000000000000000000e+00
3.523000000000000000e+03 3.224903099319419653e+01 0.000000000000000000e+00
3.523200000000000273e+03 3.417601498127012150e+01 0.000000000000000000e+00
3.523400000000000091e+03 3.394112549695427816e+01 0.000000000000000000e+00
3.523600000000000364e+03 3.577708763999663688e+01 0.000000000000000000e+00
3.523800000000000182e+03 3.600000000000000000e+01 0.000000000000000000e+00
3.524000000000000000e+03 3.417601498127012150e+01 1.650000000000000000e+11
3.524200000000000273e+03 3.124099870362661591e+01 1.650000200000000000e+11
3.524400000000000091e+03 3.046309242345563462e+01 1.650000200000000000e+11
3.524600000000000364e+03 2.828427124746190202e+01 1.650000200000000000e+11
3.524800000000000182e+03 2.529822128134703618e+01 1.650000000000000000e+11
3.525000000000000000e+03 2.000000000000000000e+01 1.650000000000000000e+11
3.525200000000000273e+03 1.788854381999831844e+01 1.650000200000000000e+11
3.525400000000000091e+03 1.600000000000000000e+01 1.650000200000000000e+11
3.525600000000000364e+03 1.264911064067351809e+01 1.650000200000000000e+11
3.525800000000000182e+03 1.131370849898476116e+01 1.650000200000000000e+11
3.526000000000000000e+03 1.264911064067351809e+01 1.650000000000000000e+11
3.526200000000000273e+03 1.264911064067351809e+01 1.650000000000000000e+11
3.526400000000000091e+03 1.131370849898476116e+01 1.650000000000000000e+11
3.526600000000000364e+03 1.264911064067351809e+01 1.650000200000000000e+11
3.526800000000000182e+03 1.200000000000000000e+01 1.650000000000000000e+11
3.527000000000000000e+03 1.264911064067351809e+01 1.650000200000000000e+11
3.527200000000000273e+03 1.131370849898476116e+01 1.650000000000000000e+11
3.527400000000000091e+03 1.131370849898476116e+01 1.650000200000000000e+11
3.527600000000000364e+03 8.944271909999159220e+00 1.650000000000000000e+11
3.527800000000000182e+03 8.000000000000000000e+00 1.650000200000000000e+11
3.528000000000000000e+03 8.000000000000000000e+00 0.000000000000000000e+00
3.528200000000000273e+03 5.656854249492380582e+00 0.000000000000000000e+00
3.528400000000000091e+03 5.656854249492380582e+00 0.000000000000000000e+00
3.528600000000000364e+03 4.000000000000000000e+00 0.000000000000000000e+00
3.528800000000000182e+03 4.000000000000000000e+00 0.000000000000000000e+00
3.529000000000000000e+03 4.000000000000000000e+00 0.000000000000000000e+00
3.529200000000000273e+03 4.000000000000000000e+00 0.000000000000000000e+00
3.529400000000000091e+03 5.656854249492380582e+00 0.000000000000000000e+00
3.529600000000000364e+03 4.000000000000000000e+00 0.000000000000000000e+00
3.529800000000000182e+03 8.000000000000000000e+00 0.000000000000000000e+00
3.530000000000000000e+03 8.944271909999159220e+00 0.000000000000000000e+00
3.530200000000000273e+03 8.944271909999159220e+00 0.000000000000000000e+00
3.530400000000000091e+03 8.944271909999159220e+00 0.000000000000000000e+00
3.530600000000000364e+03 8.944271909999159220e+00 0.000000000000000000e+00
3.530800000000000182e+03 8.000000000000000000e+00 0.000000000000000000e+00
3.531000000000000000e+03 8.000000000000000000e+00 0.000000000000000000e+00
3.531200000000000273e+03 5.656854249492380582e+00 0.000000000000000000e+00
3.531400000000000091e+03 5.656854249492380582e+00 0.000000000000000000e+00
3.531600000000000364e+03 4.000000000000000000e+00 0.000000000000000000e+00
3.531800000000000182e+03 4.000000000000000000e+00 0.000000000000000000e+00
3.532000000000000000e+03 4.000000000000000000e+00 1.650000000000000000e+11
3.532200000000000273e+03 4.000000000000000000e+00 1.650000000000000000e+11
3.532400000000000091e+03 5.656854249492380582e+00 1.650000200000000000e+11
3.532600000000000364e+03 4.000000000000000000e+00 1.650000000000000000e+11
3.532800000000000182e+03 4.000000000000000000e+00 1.650000200000000000e+11
3.533000000000000000e+03 4.000000000000000000e+00 1.650000200000000000e+11
3.533200000000000273e+03 5.656854249492380582e+00 1.650000200000000000e+11
3.533400000000000091e+03 5.656854249492380582e+00 1.650000200000000000e+11
3.533600000000000364e+03 5.656854249492380582e+00 1.650000000000000000e+11
3.533800000000000182e+03 5.656854249492380582e+00 1.650000000000000000e+11
3.534000000000000000e+03 4.000000000000000000e+00 1.650000000000000000e+11
3.534200000000000273e+03 4.000000000000000000e+00 1.650000200000000000e+11
3.534400000000000091e+03 4.000000000000000000e+00 1.650000200000000000e+11
3.534600000000000364e+03 0.000000000000000000e+00 1.650000200000000000e+11
3.534800000000000182e+03 0.000000000000000000e+00 1.650000200000000000e+11
3.535000000000000000e+03 0.000000000000000000e+00 1.650000200000000000e+11
3.535200000000000273e+03 0.000000000000000000e+00 1.650000200000000000e+11
3.535400000000000091e+03 4.000000000000000000e+00 1.650000200000000000e+11
3.535600000000000364e+03 4.000000000000000000e+00 1.650000200000000000e+11
3.535800000000000182e+03 4.000000000000000000e+00 1.650000200000000000e+11
3.536000000000000000e+03 4.000000000000000000e+00 0.000000000000000000e+00
3.536200000000000273e+03 5.656854249492380582e+00 0.000000000000000000e+00
3.536400000000000091e+03 5.656854249492380582e+00 0.000000000000000000e+00
3.536600000000000364e+03 5.656854249492380582e+00 0.000000000000000000e+00
3.536800000000000182e+03 4.000000000000000000e+00 0.000000000000000000e+00
3.537000000000000000e+03 4.000000000000000000e+00 0.000000000000000000e+00
3.537200000000000273e+03 4.000000000000000000e+00 0.000000000000000000e+00
3.537400000000000091e+03 0.000000000000000000e+00 0.000000000000000000e+00
3.537600000000000364e+03 0.000000000000000000e+00 0.000000000000000000e+00
3.537800000000000182e+03 0.000000000000000000e+00 0.000000000000000000e+00
3.538000000000000000e+03 0.000000000000000000e+00 0.000000000000000000e+00
3.538200000000000273e+03 4.000000000000000000e+00 0.000000000000000000e+00
3.538400000000000091e+03 4.000000000000000000e+00 0.000000000000000000e+00
3.538600000000000364e+03 4.000000000000000000e+00 0.000000000000000000e+00
3.538800000000000182e+03 5.656854249492380582e+00 0.000000000000000000e+00
3.539000000000000000e+03 5.656854249492380582e+00 0.000000000000000000e+00
3.539200000000000273e+03 5.656854249492380582e+00 0.000000000000000000e+00
3.539400000000000091e+03 5.656854249492380582e+00 0.000000000000000000e+00
3.539600000000000364e+03 4.000000000000000000e+00 0.000000000000000000e+00
3.539800000000000182e+03 4.000000000000000000e+00 0.000000000000000000e+00
3.540000000000000000e+03 4.000000000000000000e+00 1.650000200000000000e+11
3.540200000000000273e+03 0.000000000000000000e+00 1.650000000000000000e+11
3.540400000000000091e+03 0.000000000000000000e+00 1.650000200000000000e+11
3.540600000000000364e+03 0.000000000000000000e+00 1.650000000000000000e+11
3.540800000000000182e+03 0.000000000000000000e+00 1.650000200000000000e+11
3.541000000000000000e+03 4.000000000000000000e+00 1.650000200000000000e+11
3.541200000000000273e+03 4.000000000000000000e+00 1.650000000000000000e+11
3.541400000000000091e+03 4.000000000000000000e+00 1.650000200000000000e+11
3.541600000000000364e+03 5.656854249492380582e+00 1.650000200000000000e+11
3.541800000000000182e+03 5.656854249492380582e+00 1.650000200000000000e+11
3.542000000000000000e+03 5.656854249492380582e+00 1.650000000000000000e+11
3.542200000000000273e+03 5.656854249492380582e+00 1.650000200000000000e+11
3.542400000000000091e+03 4.000000000000000000e+00 1.650000200000000000e+11
3.542600000000000364e+03 4.000000000000000000e+00 1.650000000000000000e+11
3.542800000000000182e+03 4.000000000000000000e+00 1.650000000000000000e+11
3.543000000000000000e+03 0.000000000000000000e+00 1.650000000000000000e+11
3.543200000000000273e+03 0.000000000000000000e+00 1.650000000000000000e+11
3.543400000000000091e+03 0.000000000000000000e+00 1.650000200000000000e+11
3.543600000000000364e+03 0.000000000000000000e+00 1.650000200000000000e+11
3.543800000000000182e+03 4.000000000000000000e+00 1.650000200000000000e+11
3.544000000000000000e+03 4.000000000000000000e+00 0.000000000000000000e+00
3.544200000000000273e+03 4.000000000000000000e+00 0.000000000000000000e+00
3.544400000000000091e+03 5.656854249492380582e+00 0.000000000000000000e+00
3.544600000000000364e+03 5.656854249492380582e+00 0.000000000000000000e+00
3.544800000000000182e+03 5.656854249492380582e+00 0.000000000000000000e+00
3.545000000000000000e+03 4.000000000000000000e+00 0.000000000000000000e+00
3.545200000000000273e+03 4.000000000000000000e+00 0.000000000000000000e+00
3.545400000000000091e+03 4.000000000000000000e+00 0.000000000000000000e+00
3.545600000000000364e+03 4.000000000000000000e+00 0.000000000000000000e+00
3.545800000000000182e+03 0.000000000000000000e+00 0.000000000000000000e+00
3.546000000000000000e+03 0.000000000000000000e+00 0.000000000000000000e+00
3.546200000000000273e+03 0.000000000000000000e+00 0.000000000000000000e+00
3.546400000000000091e+03 4.000000000000000000e+00 0.000000000000000000e+00
3.546600000000000364e+03 4.000000000000000000e+00 0.000000000000000000e+00
3.546800000000000182e+03 4.000000000000000000e+00 0.000000000000000000e+00
3.547000000000000000e+03 4.000000000000000000e+00 0.000000000000000000e+00
3.547200000000000273e+03 5.656854249492380582e+00 0.000000000000000000e+00
3.547400000000000091e+03 5.656854249492380582e+00 0.000000000000000000e+00
3.547600000000000364e+03 5.656854249492380582e+00 0.000000000000000000e+00
3.547800000000000182e+03 4.000000000000000000e+00 0.000000000000000000e+00
3.548000000000000000e+03 4.000000000000000000e+00 1.650000200000000000e+11
3.548200000000000273e+03 4.000000000000000000e+00 1.650000000000000000e+11
3.548400000000000091e+03 0.000000000000000000e+00 1.650000200000000000e+11
3.548600000000000364e+03 0.000000000000000000e+00 1.650000000000000000e+11
3.548800000000000182e+03 0.000000000000000000e+00 1.650000200000000000e+11
3.549000000000000000e+03 0.000000000000000000e+00 1.650000000000000000e+11
3.549200000000000273e+03 4.000000000000000000e+00 1.650000000000000000e+11
3.549400000000000091e+03 4.000000000000000000e+00 1.650000000000000000e+11
3.549600000000000364e+03 4.000000000000000000e+00 1.650000200000000000e+11
3.549800000000000182e+03 5.656854249492380582e+00 1.650000200000000000e+11
3.550000000000000000e+03 5.656854249492380582e+00 1.650000200000000000e+11
3.550200000000000273e+03 5.656854249492380582e+00 1.650000000000000000e+11
3.550400000000000091e+03 5.656854249492380582e+00 1.650000200000000000e+11
3.550600000000000364e+03 4.000000000000000000e+00 1.650000200000000000e+11
3.550800000000000182e+03 4.000000000000000000e+00 1.650000200000000000e+11
3.551000000000000000e+03 4.000000000000000000e+00 1.650000200000000000e+11
3.551200000000000273e+03 0.000000000000000000e+00 1.650000200000000000e+11
3.551400000000000091e+03 0.000000000000000000e+00 1.650000000000000000e+11
3.551600000000000364e+03 0.000000000000000000e+00 1.650000200000000000e+11
3.551800000000000182e+03 0.000000000000000000e+00 1.650000200000000000e+11
3.552000000000000000e+03 4.000000000000000000e+00 0.000000000000000000e+00
3.552200000000000273e+03 4.000000000000000000e+00 0.000000000000000000e+00
3.552400000000000091e+03 4.000000000000000000e+00 0.000000000000000000e+00
3.552600000000000364e+03 5.656854249492380582e+00 0.000000000000000000e+00
3.552800000000000182e+03 5.656854249492380582e+00 0.000000000000000000e+00
3.553000000000000000e+03 5.656854249492380582e+00 0.000000000000000000e+00
3.553200000000000273e+03 4.000000000000000000e+00 0.000000000000000000e+00
3.553400000000000091e+03 4.000000000000000000e+00 0.000000000000000000e+00
3.553600000000000364e+03 4.000000000000000000e+00 0.000000000000000000e+00
3.553800000000000182e+03 4.000000000000000000e+00 0.000000000000000000e+00
3.554000000000000000e+03 0.000000000000000000e+00 0.000000000000000000e+00
3.554200000000000273e+03 0.000000000000000000e+00 0.000000000000000000e+00
3.554400000000000091e+03 0.000000000000000000e+00 0.000000000000000000e+00
3.554600000000000364e+03 4.000000000000000000e+00 0.000000000000000000e+00
3.554800000000000182e+03 4.000000000000000000e+00 0.000000000000000000e+00
3.555000000000000000e+03 4.000000000000000000e+00 0.000000000000000000e+00
3.555200000000000273e+03 5.656854249492380582e+00 0.000000000000000000e+00
3.555400000000000091e+03 5.656854249492380582e+00 0.000000000000000000e+00
3.555600000000000364e+03 5.656854249492380582e+00 0.000000000000000000e+00
3.555800000000000182e+03 5.656854249492380582e+00 0.000000000000000000e+00
3.556000000000000000e+03 4.000000000000000000e+00 1.650000000000000000e+11
3.556200000000000273e+03 4.000000000000000000e+00 1.650000000000000000e+11
3.556400000000000091e+03 4.000000000000000000e+00 1.650000000000000000e+11
3.556600000000000364e+03 0.000000000000000000e+00 1.650000000000000000e+11
3.556800000000000182e+03 0.000000000000000000e+00 1.650000000000000000e+11
3.557000000000000000e+03 0.000000000000000000e+00 1.650000200000000000e+11
3.557200000000000273e+03 0.000000000000000000e+00 1.650000000000000000e+11
3.557400000000000091e+03 4.000000000000000000e+00 1.650000000000000000e+11
3.557600000000000364e+03 4.000000000000000000e+00 1.650000000000000000e+11
3.557800000000000182e+03 4.000000000000000000e+00 1.650000200000000000e+11
3.558000000000000000e+03 5.656854249492380582e+00 1.650000000000000000e+11
3.558200000000000273e+03 5.656854249492380582e+00 1.650000200000000000e+11
3.558400000000000091e+03 5.656854249492380582e+00 1.650000200000000000e+11
3.558600000000000364e+03 5.656854249492380582e+00 1.650000000000000000e+11
3.558800000000000182e+03 4.000000000000000000e+00 1.650000200000000000e+11
3.559000000000000000e+03 4.000000000000000000e+00 1.650000200000000000e+11
3.559200000000000273e+03 4.000000000000000000e+00 1.650000200000000000e+11
3.559400000000000091e+03 0.000000000000000000e+00 1.650000000000000000e+11
3.559600000000000364e+03 0.000000000000000000e+00 1.650000000000000000e+11
3.559800000000000182e+03 0.000000000000000000e+00 1.650000200000000000e+11
3.560000000000000000e+03 4.000000000000000000e+00 0.000000000000000000e+00
3.560200000000000273e+03 4.000000000000000000e+00 0.000000000000000000e+00
3.560400000000000091e+03 4.000000000000000000e+00 0.000000000000000000e+00
3.560600000000000364e+03 4.000000000000000000e+00 0.000000000000000000e+00
3.560800000000000182e+03 5.656854249492380582e+00 0.000000000000000000e+00
3.561000000000000000e+03 5.656854249492380582e+00 0.000000000000000000e+00
3.561200000000000273e+03 5.656854249492380582e+00 0.000000000000000000e+00
3.561400000000000091e+03 4.000000000000000000e+00 0.000000000000000000e+00
3.561600000000000364e+03 4.000000000000000000e+00 0.000000000000000000e+00
3.561800000000000182e+03 4.000000000000000000e+00 0.000000000000000000e+00
3.562000000000000000e+03 4.000000000000000000e+00 0.000000000000000000e+00
3.562200000000000273e+03 0.000000000000000000e+00 0.000000000000000000e+00
3.562400000000000091e+03 0.000000000000000000e+00 0.000000000000000000e+00
3.562600000000000364e+03 0.000000000000000000e+00 0.000000000000000000e+00
3.562800000000000182e+03 4.000000000000000000e+00 0.000000000000000000e+00
3.563000000000000000e+03 4.000000000000000000e+00 0.000000000000000000e+00
3.563200000000000273e+03 4.000000000000000000e+00 0.000000000000000000e+00
3.563400000000000091e+03 5.656854249492380582e+00 0.000000000000000000e+00
3.563600000000000364e+03 5.656854249492380582e+00 0.000000000000000000e+00
3.563800000000000182e+03 5.656854249492380582e+00 0.000000000000000000e+00
3.564000000000000000e+03 5.656854249492380582e+00 1.650000200000000000e+11
3.564200000000000273e+03 4.000000000000000000e+00 1.650000200000000000e+11
3.564400000000000091e+03 4.000000000000000000e+00 1.650000000000000000e+11
3.564600000000000364e+03 4.000000000000000000e+00 1.650000000000000000e+11
3.564800000000000182e+03 0.000000000000000000e+00 1.650000000000000000e+11
3.565000000000000000e+03 0.000000000000000000e+00 1.650000000000000000e+11
3.565200000000000273e+03 0.000000000000000000e+00 1.650000200000000000e+11
3.565400000000000091e+03 0.000000000000000000e+00 1.650000000000000000e+11
3.565600000000000364e+03 4.000000000000000000e+00 1.650000000000000000e+11
3.565800000000000182e+03 4.000000000000000000e+00 1.650000200000000000e+11
3.566000000000000000e+03 4.000000000000000000e+00 1.650000200000000000e+11
3.566200000000000273e+03 5.656854249492380582e+00 1.650000200000000000e+11
3.566400000000000091e+03 5.656854249492380582e+00 1.650000200000000000e+11
3.566600000000000364e+03 5.656854249492380582e+00 1.650000000000000000e+11
3.566800000000000182e+03 4.000000000000000000e+00 1.650000000000000000e+11
3.567000000000000000e+03 4.000000000000000000e+00 1.650000200000000000e+11
3.567200000000000273e+03 4.000000000000000000e+00 1.650000200000000000e+11
3.567400000000000091e+03 4.000000000000000000e+00 1.650000000000000000e+11
3.567600000000000364e+03 0.000000000000000000e+00 1.650000200000000000e+11
3.567800000000000182e+03 0.000000000000000000e+00 1.650000000000000000e+11
3.568000000000000000e+03 0.000000000000000000e+00 0.000000000000000000e+00
3.568200000000000273e+03 4.000000000000000000e+00 0.000000000000000000e+00
3.568400000000000091e+03 4.000000000000000000e+00 0.000000000000000000e+00
3.568600000000000364e+03 4.000000000000000000e+00 0.000000000000000000e+00
3.568800000000000182e+03 4.000000000000000000e+00 0.000000000000000000e+00
3.569000000000000000e+03 5.656854249492380582e+00 0.000000000000000000e+00
3.569200000000000273e+03 5.656854249492380582e+00 0.000000000000000000e+00
3.569400000000000091e+03 5.656854249492380582e+00 0.000000000000000000e+00
3.569600000000000364e+03 4.000000000000000000e+00 0.000000000000000000e+00
3.569800000000000182e+03 4.000000000000000000e+00 0.000000000000000000e+00
3.570000000000000000e+03 4.000000000000000000e+00 0.000000000000000000e+00
3.570200000000000273e+03 4.000000000000000000e+00 0.000000000000000000e+00
3.570400000000000091e+03 0.000000000000000000e+00 0.000000000000000000e+00
3.570600000000000364e+03 0.000000000000000000e+00 0.000000000000000000e+00
3.570800000000000182e+03 0.000000000000000000e+00 0.000000000000000000e+00
3.571000000000000000e+03 4.000000000000000000e+00 0.000000000000000000e+00
3.571200000000000273e+03 4.000000000000000000e+00 0.000000000000000000e+00
3.571400000000000091e+03 4.000000000000000000e+00 0.000000000000000000e+00
3.571600000000000364e+03 5.656854249492380582e+00 0.000000000000000000e+00
3.571800000000000182e+03 5.656854249492380582e+00 0.000000000000000000e+00
3.572000000000000000e+03 5.656854249492380582e+00 1.650000000000000000e+11
3.572200000000000273e+03 5.656854249492380582e+00 1.650000000000000000e+11
3.572400000000000091e+03 4.000000000000000000e+00 1.650000200000000000e+11
3.572600000000000364e+03 4.000000000000000000e+00 1.650000200000000000e+11
3.572800000000000182e+03 4.000000000000000000e+00 1.650000200000000000e+11
3.573000000000000000e+03 0.000000000000000000e+00 1.650000200000000000e+11
3.573200000000000273e+03 0.000000000000000000e+00 1.650000200000000000e+11
3.573400000000000091e+03 0.000000000000000000e+00 1.650000200000000000e+11
3.573600000000000364e+03 4.000000000000000000e+00 1.650000200000000000e+11
3.573800000000000182e+03 4.000000000000000000e+00 1.650000200000000000e+11
3.574000000000000000e+03 4.000000000000000000e+00 1.650000000000000000e+11
3.574200000000000273e+03 4.000000000000000000e+00 1.650000000000000000e+11
3.574400000000000091e+03 5.656854249492380582e+00 1.650000200000000000e+11
3.574600000000000364e+03 5.656854249492380582e+00 1.650000000000000000e+11
3.574800000000000182e+03 5.656854249492380582e+00 1.650000000000000000e+11
3.575000000000000000e+03 4.000000000000000000e+00 1.650000200000000000e+11
3.575200000000000273e+03 4.000000000000000000e+00 1.650000000000000000e+11
3.575400000000000091e+03 4.000000000000000000e+00 1.650000200000000000e+11
3.575600000000000364e+03 4.000000000000000000e+00 1.650000000000000000e+11
3.575800000000000182e+03 0.000000000000000000e+00 1.650000000000000000e+11
3.576000000000000000e+03 0.000000000000000000e+00 0.000000000000000000e+00
3.576200000000000273e+03 0.000000000000000000e+00 0.000000000000000000e+00
3.576400000000000091e+03 4.000000000000000000e+00 0.000000000000000000e+00
3.576600000000000364e+03 4.000000000000000000e+00 0.000000000000000000e+00
3.576800000000000182e+03 4.000000000000000000e+00 0.000000000000000000e+00
3.577000000000000000e+03 5.656854249492380582e+00 0.000000000000000000e+00
3.577200000000000273e+03 5.656854249492380582e+00 0.000000000000000000e+00
3.577400000000000091e+03 5.656854249492380582e+00 0.000000000000000000e+00
3.577600000000000364e+03 5.656854249492380582e+00 0.000000000000000000e+00
3.577800000000000182e+03 4.000000000000000000e+00 0.000000000000000000e+00
3.578000000000000000e+03 4.000000000000000000e+00 0.000000000000000000e+00
3.578200000000000273e+03 4.000000000000000000e+00 0.000000000000000000e+00
3.578400000000000091e+03 4.000000000000000000e+00 0.000000000000000000e+00
3.578600000000000364e+03 0.000000000000000000e+00 0.000000000000000000e+00
3.578800000000000182e+03 0.000000000000000000e+00 0.000000000000000000e+00
3.579000000000000000e+03 4.000000000000000000e+00 0.000000000000000000e+00
3.579200000000000273e+03 4.000000000000000000e+00 0.000000000000000000e+00
3.579400000000000091e+03 4.000000000000000000e+00 0.000000000000000000e+00
3.579600000000000364e+03 4.000000000000000000e+00 0.000000000000000000e+00
3.579800000000000182e+03 5.656854249492380582e+00 0.000000000000000000e+00
3.580000000000000000e+03 5.656854249492380582e+00 1.650000000000000000e+11
3.580200000000000273e+03 5.656854249492380582e+00 1.650000000000000000e+11
3.580400000000000091e+03 5.656854249492380582e+00 1.650000200000000000e+11
3.580600000000000364e+03 4.000000000000000000e+00 1.650000200000000000e+11
3.580800000000000182e+03 4.000000000000000000e+00 1.650000200000000000e+11
3.581000000000000000e+03 4.000000000000000000e+00 1.650000000000000000e+11
3.581200000000000273e+03 4.000000000000000000e+00 1.650000000000000000e+11
3.581400000000000091e+03 0.000000000000000000e+00 1.650000200000000000e+11
3.581600000000000364e+03 0.000000000000000000e+00 1.650000000000000000e+11
3.581800000000000182e+03 4.000000000000000000e+00 1.650000000000000000e+11
3.582000000000000000e+03 4.000000000000000000e+00 1.650000200000000000e+11
3.582200000000000273e+03 4.000000000000000000e+00 1.650000000000000000e+11
3.582400000000000091e+03 4.000000000000000000e+00 1.650000000000000000e+11
3.582600000000000364e+03 5.656854249492380582e+00 1.650000000000000000e+11
3.582800000000000182e+03 5.656854249492380582e+00 1.650000000000000000e+11
3.583000000000000000e+03 5.656854249492380582e+00 1.650000200000000000e+11
3.583200000000000273e+03 5.656854249492380582e+00 1.650000000000000000e+11
3.583400000000000091e+03 4.000000000000000000e+00 1.650000200000000000e+11
3.583600000000000364e+03 4.000000000000000000e+00 1.650000000000000000e+11
3.583800000000000182e+03 4.000000000000000000e+00 1.650000000000000000e+11
3.584000000000000000e+03 0.000000000000000000e+00 0.000000000000000000e+00
3.584200000000000273e+03 0.000000000000000000e+00 0.000000000000000000e+00
3.584400000000000091e+03 4.000000000000000000e+00 0.000000000000000000e+00
3.584600000000000364e+03 4.000000000000000000e+00 0.000000000000000000e+00
3.584800000000000182e+03 4.000000000000000000e+00 0.000000000000000000e+00
3.585000000000000000e+03 4.000000000000000000e+00 0.000000000000000000e+00
3.585200000000000273e+03 5.656854249492380582e+00 0.000000000000000000e+00
3.585400000000000091e+03 5.656854249492380582e+00 0.000000000000000000e+00
3.585600000000000364e+03 5.656854249492380582e+00 0.000000000000000000e+00
3.585800000000000182e+03 4.000000000000000000e+00 0.000000000000000000e+00
3.586000000000000000e+03 4.000000000000000000e+00 0.000000000000000000e+00
3.586200000000000273e+03 4.000000000000000000e+00 0.000000000000000000e+00
3.586400000000000091e+03 0.000000000000000000e+00 0.000000000000000000e+00
3.586600000000000364e+03 0.000000000000000000e+00 0.000000000000000000e+00
3.586800000000000182e+03 0.000000000000000000e+00 0.000000000000000000e+00
3.587000000000000000e+03 4.000000000000000000e+00 0.000000000000000000e+00
3.587200000000000273e+03 4.000000000000000000e+00 0.000000000000000000e+00
3.587400000000000091e+03 4.000000000000000000e+00 0.000000000000000000e+00
3.587600000000000364e+03 4.000000000000000000e+00 0.000000000000000000e+00
3.587800000000000182e+03 5.656854249492380582e+00 0.000000000000000000e+00
3.588000000000000000e+03 5.656854249492380582e+00 1.650000000000000000e+11
3.588200000000000273e+03 4.000000000000000000e+00 1.650000200000000000e+11
3.588400000000000091e+03 4.000000000000000000e+00 1.650000000000000000e+11
3.588600000000000364e+03 5.656854249492380582e+00 1.650000000000000000e+11
3.588800000000000182e+03 5.656854249492380582e+00 1.650000200000000000e+11
3.589000000000000000e+03 5.656854249492380582e+00 1.650000000000000000e+11
3.589200000000000273e+03 4.000000000000000000e+00 1.650000000000000000e+11
3.589400000000000091e+03 4.000000000000000000e+00 1.650000200000000000e+11
3.589600000000000364e+03 4.000000000000000000e+00 1.650000200000000000e+11
3.589800000000000182e+03 4.000000000000000000e+00 1.650000200000000000e+11
3.590000000000000000e+03 4.000000000000000000e+00 1.650000200000000000e+11
3.590200000000000273e+03 5.656854249492380582e+00 1.650000000000000000e+11
3.590400000000000091e+03 4.000000000000000000e+00 1.650000200000000000e+11
3.590600000000000364e+03 4.000000000000000000e+00 1.650000000000000000e+11
3.590800000000000182e+03 4.000000000000000000e+00 1.650000000000000000e+11
3.591000000000000000e+03 4.000000000000000000e+00 1.650000200000000000e+11
3.591200000000000273e+03 5.656854249492380582e+00 1.650000200000000000e+11
3.591400000000000091e+03 5.656854249492380582e+00 1.650000000000000000e+11
3.591600000000000364e+03 4.000000000000000000e+00 1.650000000000000000e+11
3.591800000000000182e+03 4.000000000000000000e+00 1.650000200000000000e+11
3.592000000000000000e+03 4.000000000000000000e+00 0.000000000000000000e+00
3.592200000000000273e+03 4.000000000000000000e+00 0.000000000000000000e+00
3.592400000000000091e+03 5.656854249492380582e+00 0.000000000000000000e+00
3.592600000000000364e+03 5.656854249492380582e+00 0.000000000000000000e+00
3.592800000000000182e+03 5.656854249492380582e+00 0.000000000000000000e+00
3.593000000000000000e+03 4.000000000000000000e+00 0.000000000000000000e+00
3.593200000000000273e+03 4.000000000000000000e+00 0.000000000000000000e+00
3.593400000000000091e+03 4.000000000000000000e+00 0.000000000000000000e+00
3.593600000000000364e+03 5.656854249492380582e+00 0.000000000000000000e+00
3.593800000000000182e+03 5.656854249492380582e+00 0.000000000000000000e+00
3.594000000000000000e+03 5.656854249492380582e+00 0.000000000000000000e+00
3.594200000000000273e+03 5.656854249492380582e+00 0.000000000000000000e+00
3.594400000000000091e+03 4.000000000000000000e+00 0.000000000000000000e+00
3.594600000000000364e+03 4.000000000000000000e+00 0.000000000000000000e+00
3.594800000000000182e+03 4.000000000000000000e+00 0.000000000000000000e+00
3.595000000000000000e+03 5.656854249492380582e+00 0.000000000000000000e+00
3.595200000000000273e+03 5.656854249492380582e+00 0.000000000000000000e+00
3.595400000000000091e+03 4.000000000000000000e+00 0.000000000000000000e+00
3.595600000000000364e+03 4.000000000000000000e+00 0.000000000000000000e+00
3.595800000000000182e+03 4.000000000000000000e+00 0.000000000000000000e+00
3.596000000000000000e+03 4.000000000000000000e+00 1.650000200000000000e+11
3.596200000000000273e+03 5.656854249492380582e+00 1.650000200000000000e+11
3.596400000000000091e+03 5.656854249492380582e+00 1.650000000000000000e+11
3.596600000000000364e+03 4.000000000000000000e+00 1.650000000000000000e+11
3.596800000000000182e+03 4.000000000000000000e+00 1.650000000000000000e+11
3.597000000000000000e+03 4.000000000000000000e+00 1.650000200000000000e+11
3.597200000000000273e+03 4.000000000000000000e+00 1.650000000000000000e+11
3.597400000000000091e+03 5.656854249492380582e+00 1.650000200000000000e+11
3.597600000000000364e+03 5.656854249492380582e+00 1.650000000000000000e+11
3.597800000000000182e+03 5.656854249492380582e+00 1.650000200000000000e+11
3.598000000000000000e+03 4.000000000000000000e+00 1.650000000000000000e+11
3.598200000000000273e+03 4.000000000000000000e+00 1.650000000000000000e+11
3.598400000000000091e+03 5.656854249492380582e+00 1.650000000000000000e+11
3.598600000000000364e+03 5.656854249492380582e+00 1.650000200000000000e+11
3.598800000000000182e+03 5.656854249492380582e+00 1.650000200000000000e+11
3.599000000000000000e+03 5.656854249492380582e+00 1.650000000000000000e+11
3.599200000000000273e+03 4.000000000000000000e+00 1.650000000000000000e+11
3.599400000000000091e+03 4.000000000000000000e+00 1.650000000000000000e+11
3.599600000000000364e+03 4.000000000000000000e+00 1.650000000000000000e+11
3.599800000000000182e+03 5.656854249492380582e+00 1.650000200000000000e+11
