3.800000000000000000e+03 5.656854249492380582e+00 0.000000000000000000e+00
3.800200000000000273e+03 4.000000000000000000e+00 0.000000000000000000e+00
3.800400000000000091e+03 4.000000000000000000e+00 0.000000000000000000e+00
3.800600000000000364e+03 5.656854249492380582e+00 0.000000000000000000e+00
3.800800000000000182e+03 5.656854249492380582e+00 0.000000000000000000e+00
3.801000000000000000e+03 5.656854249492380582e+00 0.000000000000000000e+00
3.801200000000000273e+03 5.656854249492380582e+00 0.000000000000000000e+00
3.801400000000000091e+03 5.656854249492380582e+00 0.000000000000000000e+00
3.801600000000000364e+03 5.656854249492380582e+00 0.000000000000000000e+00
3.801800000000000182e+03 4.000000000000000000e+00 0.000000000000000000e+00
3.802000000000000000e+03 5.656854249492380582e+00 0.000000000000000000e+00
3.802200000000000273e+03 5.656854249492380582e+00 0.000000000000000000e+00
3.802400000000000091e+03 4.000000000000000000e+00 0.000000000000000000e+00
3.802600000000000364e+03 5.656854249492380582e+00 0.000000000000000000e+00
3.802800000000000182e+03 5.656854249492380582e+00 0.000000000000000000e+00
3.803000000000000000e+03 5.656854249492380582e+00 0.000000000000000000e+00
3.803200000000000273e+03 5.656854249492380582e+00 0.000000000000000000e+00
3.803400000000000091e+03 5.656854249492380582e+00 0.000000000000000000e+00
3.803600000000000364e+03 5.656854249492380582e+00 0.000000000000000000e+00
3.803800000000000182e+03 5.656854249492380582e+00 0.000000000000000000e+00
3.804000000000000000e+03 5.656854249492380582e+00 1.699999900000000000e+11
3.804200000000000273e+03 5.656854249492380582e+00 1.699999900000000000e+11
3.804400000000000091e+03 5.656854249492380582e+00 1.699999900000000000e+11
3.804600000000000364e+03 4.000000000000000000e+00 1.699999900000000000e+11
3.804800000000000182e+03 4.000000000000000000e+00 1.699999900000000000e+11
3.805000000000000000e+03 4.000000000000000000e+00 1.699999900000000000e+11
3.805200000000000273e+03 0.000000000000000000e+00 1.699999900000000000e+11
3.805400000000000091e+03 0.000000000000000000e+00 1.699999900000000000e+11
3.805600000000000364e+03 4.000000000000000000e+00 1.699999900000000000e+11
3.805800000000000182e+03 5.656854249492380582e+00 1.699999900000000000e+11
3.806000000000000000e+03 5.656854249492380582e+00 1.699999900000000000e+11
3.806200000000000273e+03 5.656854249492380582e+00 1.699999900000000000e+11
3.806400000000000091e+03 5.656854249492380582e+00 1.699999900000000000e+11
3.806600000000000364e+03 5.656854249492380582e+00 1.699999900000000000e+11
3.806800000000000182e+03 5.656854249492380582e+00 1.699999900000000000e+11
3.807000000000000000e+03 5.656854249492380582e+00 1.699999900000000000e+11
3.807200000000000273e+03 4.000000000000000000e+00 1.699999900000000000e+11
3.807400000000000091e+03 4.000000000000000000e+00 1.699999900000000000e+11
3.807600000000000364e+03 4.000000000000000000e+00 1.699999900000000000e+11
3.807800000000000182e+03 0.000000000000000000e+00 1.699999900000000000e+11
3.808000000000000000e+03 0.000000000000000000e+00 0.000000000000000000e+00
3.808200000000000273e+03 0.000000000000000000e+00 0.000000000000000000e+00
3.808400000000000091e+03 0.000000000000000000e+00 0.000000000000000000e+00
3.808600000000000364e+03 4.000000000000000000e+00 0.000000000000000000e+00
3.808800000000000182e+03 4.000000000000000000e+00 0.000000000000000000e+00
3.809000000000000000e+03 5.656854249492380582e+00 0.000000000000000000e+00
3.809200000000000273e+03 5.656854249492380582e+00 0.000000000000000000e+00
3.809400000000000091e+03 5.656854249492380582e+00 0.000000000000000000e+00
3.809600000000000364e+03 5.656854249492380582e+00 0.000000000000000000e+00
3.809800000000000182e+03 4.000000000000000000e+00 0.000000000000000000e+00
3.810000000000000000e+03 4.000000000000000000e+00 0.000000000000000000e+00
3.810200000000000273e+03 4.000000000000000000e+00 0.000000000000000000e+00
3.810400000000000091e+03 0.000000000000000000e+00 0.000000000000000000e+00
3.810600000000000364e+03 0.000000000000000000e+00 0.000000000000000000e+00
3.810800000000000182e+03 0.000000000000000000e+00 0.000000000000000000e+00
3.811000000000000000e+03 0.000000000000000000e+00 0.000000000000000000e+00
3.811200000000000273e+03 4.000000000000000000e+00 0.000000000000000000e+00
3.811400000000000091e+03 4.000000000000000000e+00 0.000000000000000000e+00
3.811600000000000364e+03 4.000000000000000000e+00 0.000000000000000000e+00
3.811800000000000182e+03 5.656854249492380582e+00 0.000000000000000000e+00
3.812000000000000000e+03 5.656854249492380582e+00 1.699999900000000000e+11
3.812200000000000273e+03 5.656854249492380582e+00 1.699999900000000000e+11
3.812400000000000091e+03 5.656854249492380582e+00 1.699999900000000000e+11
3.812600000000000364e+03 4.000000000000000000e+00 1.699999900000000000e+11
3.812800000000000182e+03 4.000000000000000000e+00 1.699999900000000000e+11
3.813000000000000000e+03 4.000000000000000000e+00 1.699999900000000000e+11
3.813200000000000273e+03 0.000000000000000000e+00 1.699999900000000000e+11
3.813400000000000091e+03 0.000000000000000000e+00 1.699999900000000000e+11
3.813600000000000364e+03 0.000000000000000000e+00 1.699999900000000000e+11
3.813800000000000182e+03 0.000000000000000000e+00 1.699999900000000000e+11
3.814000000000000000e+03 4.000000000000000000e+00 1.699999900000000000e+11
3.814200000000000273e+03 4.000000000000000000e+00 1.699999900000000000e+11
3.814400000000000091e+03 4.000000000000000000e+00 1.699999900000000000e+11
3.814600000000000364e+03 5.656854249492380582e+00 1.699999900000000000e+11
3.814800000000000182e+03 5.656854249492380582e+00 1.699999900000000000e+11
3.815000000000000000e+03 5.656854249492380582e+00 1.699999900000000000e+11
3.815200000000000273e+03 5.656854249492380582e+00 1.699999900000000000e+11
3.815400000000000091e+03 4.000000000000000000e+00 1.699999900000000000e+11
3.815600000000000364e+03 4.000000000000000000e+00 1.699999900000000000e+11
3.815800000000000182e+03 4.000000000000000000e+00 1.699999900000000000e+11
3.816000000000000000e+03 0.000000000000000000e+00 0.000000000000000000e+00
3.816200000000000273e+03 0.000000000000000000e+00 0.000000000000000000e+00
3.816400000000000091e+03 0.000000000000000000e+00 0.000000000000000000e+00
3.816600000000000364e+03 4.000000000000000000e+00 0.000000000000000000e+00
3.816800000000000182e+03 4.000000000000000000e+00 0.000000000000000000e+00
3.817000000000000000e+03 4.000000000000000000e+00 0.000000000000000000e+00
3.817200000000000273e+03 4.000000000000000000e+00 0.000000000000000000e+00
3.817400000000000091e+03 5.656854249492380582e+00 0.000000000000000000e+00
3.817600000000000364e+03 5.656854249492380582e+00 0.000000000000000000e+00
3.817800000000000182e+03 5.656854249492380582e+00 0.000000000000000000e+00
3.818000000000000000e+03 4.000000000000000000e+00 0.000000000000000000e+00
3.818200000000000273e+03 4.000000000000000000e+00 0.000000000000000000e+00
3.818400000000000091e+03 4.000000000000000000e+00 0.000000000000000000e+00
3.818600000000000364e+03 4.000000000000000000e+00 0.000000000000000000e+00
3.818800000000000182e+03 0.000000000000000000e+00 0.000000000000000000e+00
3.819000000000000000e+03 0.000000000000000000e+00 0.000000000000000000e+00
3.819200000000000273e+03 0.000000000000000000e+00 0.000000000000000000e+00
3.819400000000000091e+03 4.000000000000000000e+00 0.000000000000000000e+00
3.819600000000000364e+03 4.000000000000000000e+00 0.000000000000000000e+00
3.819800000000000182e+03 4.000000000000000000e+00 0.000000000000000000e+00
3.820000000000000000e+03 5.656854249492380582e+00 1.699999900000000000e+11
3.820200000000000273e+03 5.656854249492380582e+00 1.699999900000000000e+11
3.820400000000000091e+03 5.656854249492380582e+00 1.699999900000000000e+11
3.820600000000000364e+03 5.656854249492380582e+00 1.699999900000000000e+11
3.820800000000000182e+03 4.000000000000000000e+00 1.699999900000000000e+11
3.821000000000000000e+03 4.000000000000000000e+00 1.699999900000000000e+11
3.821200000000000273e+03 4.000000000000000000e+00 1.699999900000000000e+11
3.821400000000000091e+03 0.000000000000000000e+00 1.699999900000000000e+11
3.821600000000000364e+03 0.000000000000000000e+00 1.699999900000000000e+11
3.821800000000000182e+03 0.000000000000000000e+00 1.699999900000000000e+11
3.822000000000000000e+03 0.000000000000000000e+00 1.699999900000000000e+11
3.822200000000000273e+03 4.000000000000000000e+00 1.699999900000000000e+11
3.822400000000000091e+03 4.000000000000000000e+00 1.699999900000000000e+11
3.822600000000000364e+03 4.000000000000000000e+00 1.699999900000000000e+11
3.822800000000000182e+03 5.656854249492380582e+00 1.699999900000000000e+11
3.823000000000000000e+03 5.656854249492380582e+00 1.699999900000000000e+11
3.823200000000000273e+03 5.656854249492380582e+00 1.699999900000000000e+11
3.823400000000000091e+03 4.000000000000000000e+00 1.699999900000000000e+11
3.823600000000000364e+03 4.000000000000000000e+00 1.699999900000000000e+11
3.823800000000000182e+03 4.000000000000000000e+00 1.699999900000000000e+11
3.824000000000000000e+03 4.000000000000000000e+00 0.000000000000000000e+00
3.824200000000000273e+03 0.000000000000000000e+00 0.000000000000000000e+00
3.824400000000000091e+03 0.000000000000000000e+00 0.000000000000000000e+00
3.824600000000000364e+03 0.000000000000000000e+00 0.000000000000000000e+00
3.824800000000000182e+03 4.000000000000000000e+00 0.000000000000000000e+00
3.825000000000000000e+03 4.000000000000000000e+00 0.000000000000000000e+00
3.825200000000000273e+03 4.000000000000000000e+00 0.000000000000000000e+00
3.825400000000000091e+03 4.000000000000000000e+00 0.000000000000000000e+00
3.825600000000000364e+03 5.656854249492380582e+00 0.000000000000000000e+00
3.825800000000000182e+03 5.656854249492380582e+00 0.000000000000000000e+00
3.826000000000000000e+03 5.656854249492380582e+00 0.000000000000000000e+00
3.826200000000000273e+03 4.000000000000000000e+00 0.000000000000000000e+00
3.826400000000000091e+03 4.000000000000000000e+00 0.000000000000000000e+00
3.826600000000000364e+03 4.000000000000000000e+00 0.000000000000000000e+00
3.826800000000000182e+03 0.000000000000000000e+00 0.000000000000000000e+00
3.827000000000000000e+03 0.000000000000000000e+00 0.000000000000000000e+00
3.827200000000000273e+03 0.000000000000000000e+00 0.000000000000000000e+00
3.827400000000000091e+03 0.000000000000000000e+00 0.000000000000000000e+00
3.827600000000000364e+03 4.000000000000000000e+00 0.000000000000000000e+00
3.827800000000000182e+03 4.000000000000000000e+00 0.000000000000000000e+00
3.828000000000000000e+03 4.000000000000000000e+00 1.699999900000000000e+11
3.828200000000000273e+03 5.656854249492380582e+00 1.699999900000000000e+11
3.828400000000000091e+03 5.656854249492380582e+00 1.699999900000000000e+11
3.828600000000000364e+03 5.656854249492380582e+00 1.699999900000000000e+11
3.828800000000000182e+03 5.656854249492380582e+00 1.699999900000000000e+11
3.829000000000000000e+03 4.000000000000000000e+00 1.699999900000000000e+11
3.829200000000000273e+03 4.000000000000000000e+00 1.699999900000000000e+11
3.829400000000000091e+03 4.000000000000000000e+00 1.699999900000000000e+11
3.829600000000000364e+03 0.000000000000000000e+00 1.699999900000000000e+11
3.829800000000000182e+03 0.000000000000000000e+00 1.699999900000000000e+11
3.830000000000000000e+03 0.000000000000000000e+00 1.699999900000000000e+11
3.830200000000000273e+03 4.000000000000000000e+00 1.699999900000000000e+11
3.830400000000000091e+03 4.000000000000000000e+00 1.699999900000000000e+11
3.830600000000000364e+03 4.000000000000000000e+00 1.699999900000000000e+11
3.830800000000000182e+03 4.000000000000000000e+00 1.699999900000000000e+11
3.831000000000000000e+03 5.656854249492380582e+00 1.699999900000000000e+11
3.831200000000000273e+03 5.656854249492380582e+00 1.699999900000000000e+11
3.831400000000000091e+03 5.656854249492380582e+00 1.699999900000000000e+11
3.831600000000000364e+03 4.000000000000000000e+00 1.699999900000000000e+11
3.831800000000000182e+03 4.000000000000000000e+00 1.699999900000000000e+11
3.832000000000000000e+03 4.000000000000000000e+00 0.000000000000000000e+00
3.832200000000000273e+03 4.000000000000000000e+00 0.000000000000000000e+00
3.832400000000000091e+03 0.000000000000000000e+00 0.000000000000000000e+00
3.832600000000000364e+03 0.000000000000000000e+00 0.000000000000000000e+00
3.832800000000000182e+03 0.000000000000000000e+00 0.000000000000000000e+00
3.833000000000000000e+03 4.000000000000000000e+00 0.000000000000000000e+00
3.833200000000000273e+03 4.000000000000000000e+00 0.000000000000000000e+00
3.833400000000000091e+03 4.000000000000000000e+00 0.000000000000000000e+00
3.833600000000000364e+03 5.656854249492380582e+00 0.000000000000000000e+00
3.833800000000000182e+03 5.656854249492380582e+00 0.000000000000000000e+00
3.834000000000000000e+03 5.656854249492380582e+00 0.000000000000000000e+00
3.834200000000000273e+03 5.656854249492380582e+00 0.000000000000000000e+00
3.834400000000000091e+03 4.000000000000000000e+00 0.000000000000000000e+00
3.834600000000000364e+03 4.000000000000000000e+00 0.000000000000000000e+00
3.834800000000000182e+03 4.000000000000000000e+00 0.000000000000000000e+00
3.835000000000000000e+03 0.000000000000000000e+00 0.000000000000000000e+00
3.835200000000000273e+03 0.000000000000000000e+00 0.000000000000000000e+00
3.835400000000000091e+03 0.000000000000000000e+00 0.000000000000000000e+00
3.835600000000000364e+03 4.000000000000000000e+00 0.000000000000000000e+00
3.835800000000000182e+03 4.000000000000000000e+00 0.000000000000000000e+00
3.836000000000000000e+03 4.000000000000000000e+00 1.699999900000000000e+11
3.836200000000000273e+03 4.000000000000000000e+00 1.699999900000000000e+11
3.836400000000000091e+03 5.656854249492380582e+00 1.699999900000000000e+11
3.836600000000000364e+03 5.656854249492380582e+00 1.699999900000000000e+11
3.836800000000000182e+03 5.656854249492380582e+00 1.699999900000000000e+11
3.837000000000000000e+03 4.000000000000000000e+00 1.699999900000000000e+11
3.837200000000000273e+03 4.000000000000000000e+00 1.699999900000000000e+11
3.837400000000000091e+03 4.000000000000000000e+00 1.699999900000000000e+11
3.837600000000000364e+03 4.000000000000000000e+00 1.699999900000000000e+11
3.837800000000000182e+03 0.000000000000000000e+00 1.699999900000000000e+11
3.838000000000000000e+03 0.000000000000000000e+00 1.699999900000000000e+11
3.838200000000000273e+03 0.000000000000000000e+00 1.699999900000000000e+11
3.838400000000000091e+03 4.000000000000000000e+00 1.699999900000000000e+11
3.838600000000000364e+03 4.000000000000000000e+00 1.699999900000000000e+11
3.838800000000000182e+03 4.000000000000000000e+00 1.699999900000000000e+11
3.839000000000000000e+03 5.656854249492380582e+00 1.699999900000000000e+11
3.839200000000000273e+03 5.656854249492380582e+00 1.699999900000000000e+11
3.839400000000000091e+03 5.656854249492380582e+00 1.699999900000000000e+11
3.839600000000000364e+03 5.656854249492380582e+00 1.699999900000000000e+11
3.839800000000000182e+03 4.000000000000000000e+00 1.699999900000000000e+11
3.840000000000000000e+03 4.000000000000000000e+00 0.000000000000000000e+00
3.840200000000000273e+03 4.000000000000000000e+00 0.000000000000000000e+00
3.840400000000000091e+03 0.000000000000000000e+00 0.000000000000000000e+00
3.840600000000000364e+03 0.000000000000000000e+00 0.000000000000000000e+00
3.840800000000000182e+03 0.000000000000000000e+00 0.000000000000000000e+00
3.841000000000000000e+03 0.000000000000000000e+00 0.000000000000000000e+00
3.841200000000000273e+03 4.000000000000000000e+00 0.000000000000000000e+00
3.841400000000000091e+03 4.000000000000000000e+00 0.000000000000000000e+00
3.841600000000000364e+03 4.000000000000000000e+00 0.000000000000000000e+00
3.841800000000000182e+03 5.656854249492380582e+00 0.000000000000000000e+00
3.842000000000000000e+03 5.656854249492380582e+00 0.000000000000000000e+00
3.842200000000000273e+03 5.656854249492380582e+00 0.000000000000000000e+00
3.842400000000000091e+03 4.000000000000000000e+00 0.000000000000000000e+00
3.842600000000000364e+03 4.000000000000000000e+00 0.000000000000000000e+00
3.842800000000000182e+03 4.000000000000000000e+00 0.000000000000000000e+00
3.843000000000000000e+03 4.000000000000000000e+00 0.000000000000000000e+00
3.843200000000000273e+03 0.000000000000000000e+00 0.000000000000000000e+00
3.843400000000000091e+03 0.000000000000000000e+00 0.000000000000000000e+00
3.843600000000000364e+03 0.000000000000000000e+00 0.000000000000000000e+00
3.843800000000000182e+03 4.000000000000000000e+00 0.000000000000000000e+00
3.844000000000000000e+03 4.000000000000000000e+00 1.699999900000000000e+11
3.844200000000000273e+03 4.000000000000000000e+00 1.699999900000000000e+11
3.844400000000000091e+03 4.000000000000000000e+00 1.699999900000000000e+11
3.844600000000000364e+03 5.656854249492380582e+00 1.699999900000000000e+11
3.844800000000000182e+03 5.656854249492380582e+00 1.699999900000000000e+11
3.845000000000000000e+03 5.656854249492380582e+00 1.699999900000000000e+11
3.845200000000000273e+03 4.000000000000000000e+00 1.699999900000000000e+11
3.845400000000000091e+03 4.000000000000000000e+00 1.699999900000000000e+11
3.845600000000000364e+03 4.000000000000000000e+00 1.699999900000000000e+11
3.845800000000000182e+03 0.000000000000000000e+00 1.699999900000000000e+11
3.846000000000000000e+03 0.000000000000000000e+00 1.699999900000000000e+11
3.846200000000000273e+03 0.000000000000000000e+00 1.699999900000000000e+11
3.846400000000000091e+03 0.000000000000000000e+00 1.699999900000000000e+11
3.846600000000000364e+03 4.000000000000000000e+00 1.699999900000000000e+11
3.846800000000000182e+03 4.000000000000000000e+00 1.699999900000000000e+11
3.847000000000000000e+03 4.000000000000000000e+00 1.699999900000000000e+11
3.847200000000000273e+03 5.656854249492380582e+00 1.699999900000000000e+11
3.847400000000000091e+03 5.656854249492380582e+00 1.699999900000000000e+11
3.847600000000000364e+03 5.656854249492380582e+00 1.699999900000000000e+11
3.847800000000000182e+03 5.656854249492380582e+00 1.699999900000000000e+11
3.848000000000000000e+03 4.000000000000000000e+00 0.000000000000000000e+00
3.848200000000000273e+03 4.000000000000000000e+00 0.000000000000000000e+00
3.848400000000000091e+03 4.000000000000000000e+00 0.000000000000000000e+00
3.848600000000000364e+03 0.000000000000000000e+00 0.000000000000000000e+00
3.848800000000000182e+03 0.000000000000000000e+00 0.000000000000000000e+00
3.849000000000000000e+03 0.000000000000000000e+00 0.000000000000000000e+00
3.849200000000000273e+03 4.000000000000000000e+00 0.000000000000000000e+00
3.849400000000000091e+03 4.000000000000000000e+00 0.000000000000000000e+00
3.849600000000000364e+03 4.000000000000000000e+00 0.000000000000000000e+00
3.849800000000000182e+03 4.000000000000000000e+00 0.000000000000000000e+00
3.850000000000000000e+03 5.656854249492380582e+00 0.000000000000000000e+00
3.850200000000000273e+03 5.656854249492380582e+00 0.000000000000000000e+00
3.850400000000000091e+03 5.656854249492380582e+00 0.000000000000000000e+00
3.850600000000000364e+03 4.000000000000000000e+00 0.000000000000000000e+00
3.850800000000000182e+03 4.000000000000000000e+00 0.000000000000000000e+00
3.851000000000000000e+03 4.000000000000000000e+00 0.000000000000000000e+00
3.851200000000000273e+03 4.000000000000000000e+00 0.000000000000000000e+00
3.851400000000000091e+03 0.000000000000000000e+00 0.000000000000000000e+00
3.851600000000000364e+03 0.000000000000000000e+00 0.000000000000000000e+00
3.851800000000000182e+03 0.000000000000000000e+00 0.000000000000000000e+00
3.852000000000000000e+03 4.000000000000000000e+00 1.699999900000000000e+11
3.852200000000000273e+03 4.000000000000000000e+00 1.699999900000000000e+11
3.852400000000000091e+03 4.000000000000000000e+00 1.699999900000000000e+11
3.852600000000000364e+03 5.656854249492380582e+00 1.699999900000000000e+11
3.852800000000000182e+03 5.656854249492380582e+00 1.699999900000000000e+11
3.853000000000000000e+03 5.656854249492380582e+00 1.699999900000000000e+11
3.853200000000000273e+03 5.656854249492380582e+00 1.699999900000000000e+11
3.853400000000000091e+03 4.000000000000000000e+00 1.699999900000000000e+11
3.853600000000000364e+03 4.000000000000000000e+00 1.699999900000000000e+11
3.853800000000000182e+03 4.000000000000000000e+00 1.699999900000000000e+11
3.854000000000000000e+03 0.000000000000000000e+00 1.699999900000000000e+11
3.854200000000000273e+03 0.000000000000000000e+00 1.699999900000000000e+11
3.854400000000000091e+03 0.000000000000000000e+00 1.699999900000000000e+11
3.854600000000000364e+03 0.000000000000000000e+00 1.699999900000000000e+11
3.854800000000000182e+03 4.000000000000000000e+00 1.699999900000000000e+11
3.855000000000000000e+03 4.000000000000000000e+00 1.699999900000000000e+11
3.855200000000000273e+03 4.000000000000000000e+00 1.699999900000000000e+11
3.855400000000000091e+03 5.656854249492380582e+00 1.699999900000000000e+11
3.855600000000000364e+03 5.656854249492380582e+00 1.699999900000000000e+11
3.855800000000000182e+03 5.656854249492380582e+00 1.699999900000000000e+11
3.856000000000000000e+03 4.000000000000000000e+00 0.000000000000000000e+00
3.856200000000000273e+03 4.000000000000000000e+00 0.000000000000000000e+00
3.856400000000000091e+03 4.000000000000000000e+00 0.000000000000000000e+00
3.856600000000000364e+03 4.000000000000000000e+00 0.000000000000000000e+00
3.856800000000000182e+03 0.000000000000000000e+00 0.000000000000000000e+00
3.857000000000000000e+03 0.000000000000000000e+00 0.000000000000000000e+00
3.857200000000000273e+03 0.000000000000000000e+00 0.000000000000000000e+00
3.857400000000000091e+03 4.000000000000000000e+00 0.000000000000000000e+00
3.857600000000000364e+03 4.000000000000000000e+00 0.000000000000000000e+00
3.857800000000000182e+03 4.000000000000000000e+00 0.000000000000000000e+00
3.858000000000000000e+03 4.000000000000000000e+00 0.000000000000000000e+00
3.858200000000000273e+03 5.656854249492380582e+00 0.000000000000000000e+00
3.858400000000000091e+03 5.656854249492380582e+00 0.000000000000000000e+00
3.858600000000000364e+03 5.656854249492380582e+00 0.000000000000000000e+00
3.858800000000000182e+03 4.000000000000000000e+00 0.000000000000000000e+00
3.859000000000000000e+03 4.000000000000000000e+00 0.000000000000000000e+00
3.859200000000000273e+03 4.000000000000000000e+00 0.000000000000000000e+00
3.859400000000000091e+03 0.000000000000000000e+00 0.000000000000000000e+00
3.859600000000000364e+03 0.000000000000000000e+00 0.000000000000000000e+00
3.859800000000000182e+03 0.000000000000000000e+00 0.000000000000000000e+00
3.860000000000000000e+03 0.000000000000000000e+00 1.699999900000000000e+11
3.860200000000000273e+03 4.000000000000000000e+00 1.699999900000000000e+11
3.860400000000000091e+03 4.000000000000000000e+00 1.699999900000000000e+11
3.860600000000000364e+03 4.000000000000000000e+00 1.699999900000000000e+11
3.860800000000000182e+03 5.656854249492380582e+00 1.699999900000000000e+11
3.861000000000000000e+03 5.656854249492380582e+00 1.699999900000000000e+11
3.861200000000000273e+03 5.656854249492380582e+00 1.699999900000000000e+11
3.861400000000000091e+03 5.656854249492380582e+00 1.699999900000000000e+11
3.861600000000000364e+03 4.000000000000000000e+00 1.699999900000000000e+11
3.861800000000000182e+03 4.000000000000000000e+00 1.699999900000000000e+11
3.862000000000000000e+03 4.000000000000000000e+00 1.699999900000000000e+11
3.862200000000000273e+03 0.000000000000000000e+00 1.699999900000000000e+11
3.862400000000000091e+03 0.000000000000000000e+00 1.699999900000000000e+11
3.862600000000000364e+03 0.000000000000000000e+00 1.699999900000000000e+11
3.862800000000000182e+03 4.000000000000000000e+00 1.699999900000000000e+11
3.863000000000000000e+03 4.000000000000000000e+00 1.699999900000000000e+11
3.863200000000000273e+03 4.000000000000000000e+00 1.699999900000000000e+11
3.863400000000000091e+03 4.000000000000000000e+00 1.699999900000000000e+11
3.863600000000000364e+03 5.656854249492380582e+00 1.699999900000000000e+11
3.863800000000000182e+03 5.656854249492380582e+00 1.699999900000000000e+11
3.864000000000000000e+03 5.656854249492380582e+00 0.000000000000000000e+00
3.864200000000000273e+03 4.000000000000000000e+00 0.000000000000000000e+00
3.864400000000000091e+03 4.000000000000000000e+00 0.000000000000000000e+00
3.864600000000000364e+03 4.000000000000000000e+00 0.000000000000000000e+00
3.864800000000000182e+03 4.000000000000000000e+00 0.000000000000000000e+00
3.865000000000000000e+03 0.000000000000000000e+00 0.000000000000000000e+00
3.865200000000000273e+03 0.000000000000000000e+00 0.000000000000000000e+00
3.865400000000000091e+03 0.000000000000000000e+00 0.000000000000000000e+00
3.865600000000000364e+03 4.000000000000000000e+00 0.000000000000000000e+00
3.865800000000000182e+03 4.000000000000000000e+00 0.000000000000000000e+00
3.866000000000000000e+03 4.000000000000000000e+00 0.000000000000000000e+00
3.866200000000000273e+03 5.656854249492380582e+00 0.000000000000000000e+00
3.866400000000000091e+03 5.656854249492380582e+00 0.000000000000000000e+00
3.866600000000000364e+03 5.656854249492380582e+00 0.000000000000000000e+00
3.866800000000000182e+03 5.656854249492380582e+00 0.000000000000000000e+00
3.867000000000000000e+03 4.000000000000000000e+00 0.000000000000000000e+00
3.867200000000000273e+03 4.000000000000000000e+00 0.000000000000000000e+00
3.867400000000000091e+03 4.000000000000000000e+00 0.000000000000000000e+00
3.867600000000000364e+03 0.000000000000000000e+00 0.000000000000000000e+00
3.867800000000000182e+03 0.000000000000000000e+00 0.000000000000000000e+00
3.868000000000000000e+03 0.000000000000000000e+00 1.699999900000000000e+11
3.868200000000000273e+03 0.000000000000000000e+00 1.699999900000000000e+11
3.868400000000000091e+03 4.000000000000000000e+00 1.699999900000000000e+11
3.868600000000000364e+03 4.000000000000000000e+00 1.699999900000000000e+11
3.868800000000000182e+03 4.000000000000000000e+00 1.699999900000000000e+11
3.869000000000000000e+03 5.656854249492380582e+00 1.699999900000000000e+11
3.869200000000000273e+03 5.656854249492380582e+00 1.699999900000000000e+11
3.869400000000000091e+03 5.656854249492380582e+00 1.699999900000000000e+11
3.869600000000000364e+03 4.000000000000000000e+00 1.699999900000000000e+11
3.869800000000000182e+03 4.000000000000000000e+00 1.699999900000000000e+11
3.870000000000000000e+03 4.000000000000000000e+00 1.699999900000000000e+11
3.870200000000000273e+03 4.000000000000000000e+00 1.699999900000000000e+11
3.870400000000000091e+03 0.000000000000000000e+00 1.699999900000000000e+11
3.870600000000000364e+03 0.000000000000000000e+00 1.699999900000000000e+11
3.870800000000000182e+03 0.000000000000000000e+00 1.699999900000000000e+11
3.871000000000000000e+03 4.000000000000000000e+00 1.699999900000000000e+11
3.871200000000000273e+03 4.000000000000000000e+00 1.699999900000000000e+11
3.871400000000000091e+03 4.000000000000000000e+00 1.699999900000000000e+11
3.871600000000000364e+03 4.000000000000000000e+00 1.699999900000000000e+11
3.871800000000000182e+03 5.656854249492380582e+00 1.699999900000000000e+11
3.872000000000000000e+03 5.656854249492380582e+00 0.000000000000000000e+00
3.872200000000000273e+03 5.656854249492380582e+00 0.000000000000000000e+00
3.872400000000000091e+03 4.000000000000000000e+00 0.000000000000000000e+00
3.872600000000000364e+03 4.000000000000000000e+00 0.000000000000000000e+00
3.872800000000000182e+03 4.000000000000000000e+00 0.000000000000000000e+00
3.873000000000000000e+03 4.000000000000000000e+00 0.000000000000000000e+00
3.873200000000000273e+03 0.000000000000000000e+00 0.000000000000000000e+00
3.873400000000000091e+03 0.000000000000000000e+00 0.000000000000000000e+00
3.873600000000000364e+03 0.000000000000000000e+00 0.000000000000000000e+00
3.873800000000000182e+03 4.000000000000000000e+00 0.000000000000000000e+00
3.874000000000000000e+03 4.000000000000000000e+00 0.000000000000000000e+00
3.874200000000000273e+03 4.000000000000000000e+00 0.000000000000000000e+00
3.874400000000000091e+03 4.000000000000000000e+00 0.000000000000000000e+00
3.874600000000000364e+03 5.656854249492380582e+00 0.000000000000000000e+00
3.874800000000000182e+03 5.656854249492380582e+00 0.000000000000000000e+00
3.875000000000000000e+03 5.656854249492380582e+00 0.000000000000000000e+00
3.875200000000000273e+03 4.000000000000000000e+00 0.000000000000000000e+00
3.875400000000000091e+03 4.000000000000000000e+00 0.000000000000000000e+00
3.875600000000000364e+03 4.000000000000000000e+00 0.000000000000000000e+00
3.875800000000000182e+03 4.000000000000000000e+00 0.000000000000000000e+00
3.876000000000000000e+03 0.000000000000000000e+00 1.699999900000000000e+11
3.876200000000000273e+03 0.000000000000000000e+00 1.699999900000000000e+11
3.876400000000000091e+03 0.000000000000000000e+00 1.699999900000000000e+11
3.876600000000000364e+03 4.000000000000000000e+00 1.699999900000000000e+11
3.876800000000000182e+03 4.000000000000000000e+00 1.699999900000000000e+11
3.877000000000000000e+03 4.000000000000000000e+00 1.699999900000000000e+11
3.877200000000000273e+03 4.000000000000000000e+00 1.699999900000000000e+11
3.877400000000000091e+03 5.656854249492380582e+00 1.699999900000000000e+11
3.877600000000000364e+03 5.656854249492380582e+00 1.699999900000000000e+11
3.877800000000000182e+03 5.656854249492380582e+00 1.699999900000000000e+11
3.878000000000000000e+03 4.000000000000000000e+00 1.699999900000000000e+11
3.878200000000000273e+03 4.000000000000000000e+00 1.699999900000000000e+11
3.878400000000000091e+03 4.000000000000000000e+00 1.699999900000000000e+11
3.878600000000000364e+03 4.000000000000000000e+00 1.699999900000000000e+11
3.878800000000000182e+03 0.000000000000000000e+00 1.699999900000000000e+11
3.879000000000000000e+03 0.000000000000000000e+00 1.699999900000000000e+11
3.879200000000000273e+03 0.000000000000000000e+00 1.699999900000000000e+11
3.879400000000000091e+03 0.000000000000000000e+00 1.699999900000000000e+11
3.879600000000000364e+03 4.000000000000000000e+00 1.699999900000000000e+11
3.879800000000000182e+03 4.000000000000000000e+00 1.699999900000000000e+11
3.880000000000000000e+03 4.000000000000000000e+00 0.000000000000000000e+00
3.880200000000000273e+03 4.000000000000000000e+00 0.000000000000000000e+00
3.880400000000000091e+03 5.656854249492380582e+00 0.000000000000000000e+00
3.880600000000000364e+03 5.656854249492380582e+00 0.000000000000000000e+00
3.880800000000000182e+03 5.656854249492380582e+00 0.000000000000000000e+00
3.881000000000000000e+03 4.000000000000000000e+00 0.000000000000000000e+00
3.881200000000000273e+03 4.000000000000000000e+00 0.000000000000000000e+00
3.881400000000000091e+03 4.000000000000000000e+00 0.000000000000000000e+00
3.881600000000000364e+03 4.000000000000000000e+00 0.000000000000000000e+00
3.881800000000000182e+03 0.000000000000000000e+00 0.000000000000000000e+00
3.882000000000000000e+03 0.000000000000000000e+00 0.000000000000000000e+00
3.882200000000000273e+03 0.000000000000000000e+00 0.000000000000000000e+00
3.882400000000000091e+03 0.000000000000000000e+00 0.000000000000000000e+00
3.882600000000000364e+03 4.000000000000000000e+00 0.000000000000000000e+00
3.882800000000000182e+03 4.000000000000000000e+00 0.000000000000000000e+00
3.883000000000000000e+03 4.000000000000000000e+00 0.000000000000000000e+00
3.883200000000000273e+03 4.000000000000000000e+00 0.000000000000000000e+00
3.883400000000000091e+03 5.656854249492380582e+00 0.000000000000000000e+00
3.883600000000000364e+03 5.656854249492380582e+00 0.000000000000000000e+00
3.883800000000000182e+03 5.656854249492380582e+00 0.000000000000000000e+00
3.884000000000000000e+03 5.656854249492380582e+00 1.699999900000000000e+11
3.884200000000000273e+03 4.000000000000000000e+00 1.699999900000000000e+11
3.884400000000000091e+03 4.000000000000000000e+00 1.699999900000000000e+11
3.884600000000000364e+03 4.000000000000000000e+00 1.699999900000000000e+11
3.884800000000000182e+03 4.000000000000000000e+00 1.699999900000000000e+11
3.885000000000000000e+03 0.000000000000000000e+00 1.699999900000000000e+11
3.885200000000000273e+03 0.000000000000000000e+00 1.699999900000000000e+11
3.885400000000000091e+03 4.000000000000000000e+00 1.699999900000000000e+11
3.885600000000000364e+03 4.000000000000000000e+00 1.699999900000000000e+11
3.885800000000000182e+03 5.656854249492380582e+00 1.699999900000000000e+11
3.886000000000000000e+03 5.656854249492380582e+00 1.699999900000000000e+11
3.886200000000000273e+03 8.000000000000000000e+00 1.699999900000000000e+11
3.886400000000000091e+03 8.000000000000000000e+00 1.699999900000000000e+11
3.886600000000000364e+03 8.944271909999159220e+00 1.699999900000000000e+11
3.886800000000000182e+03 1.131370849898476116e+01 1.699999900000000000e+11
3.887000000000000000e+03 8.944271909999159220e+00 1.699999900000000000e+11
3.887200000000000273e+03 1.200000000000000000e+01 1.699999900000000000e+11
3.887400000000000091e+03 1.264911064067351809e+01 1.699999900000000000e+11
3.887600000000000364e+03 1.131370849898476116e+01 1.699999900000000000e+11
3.887800000000000182e+03 8.944271909999159220e+00 1.699999900000000000e+11
3.888000000000000000e+03 1.200000000000000000e+01 0.000000000000000000e+00
3.888200000000000273e+03 8.944271909999159220e+00 0.000000000000000000e+00
3.888400000000000091e+03 8.944271909999159220e+00 0.000000000000000000e+00
3.888600000000000364e+03 8.000000000000000000e+00 0.000000000000000000e+00
3.888800000000000182e+03 8.944271909999159220e+00 0.000000000000000000e+00
3.889000000000000000e+03 1.131370849898476116e+01 0.000000000000000000e+00
3.889200000000000273e+03 1.264911064067351809e+01 0.000000000000000000e+00
3.889400000000000091e+03 1.200000000000000000e+01 0.000000000000000000e+00
3.889600000000000364e+03 1.264911064067351809e+01 0.000000000000000000e+00
3.889800000000000182e+03 1.442220510185595650e+01 0.000000000000000000e+00
3.890000000000000000e+03 1.442220510185595650e+01 0.000000000000000000e+00
3.890200000000000273e+03 1.264911064067351809e+01 0.000000000000000000e+00
3.890400000000000091e+03 1.200000000000000000e+01 0.000000000000000000e+00
3.890600000000000364e+03 1.264911064067351809e+01 0.000000000000000000e+00
3.890800000000000182e+03 1.131370849898476116e+01 0.000000000000000000e+00
3.891000000000000000e+03 8.000000000000000000e+00 0.000000000000000000e+00
3.891200000000000273e+03 8.944271909999159220e+00 0.000000000000000000e+00
3.891400000000000091e+03 5.656854249492380582e+00 0.000000000000000000e+00
3.891600000000000364e+03 8.000000000000000000e+00 0.000000000000000000e+00
3.891800000000000182e+03 8.944271909999159220e+00 0.000000000000000000e+00
3.892000000000000000e+03 1.131370849898476116e+01 1.699999900000000000e+11
3.892200000000000273e+03 1.264911064067351809e+01 1.699999900000000000e+11
3.892400000000000091e+03 1.200000000000000000e+01 1.699999900000000000e+11
3.892600000000000364e+03 1.649242250247064234e+01 1.699999900000000000e+11
3.892800000000000182e+03 1.442220510185595650e+01 1.699999900000000000e+11
3.893000000000000000e+03 2.000000000000000000e+01 1.699999900000000000e+11
3.893200000000000273e+03 1.649242250247064234e+01 1.699999900000000000e+11
3.893400000000000091e+03 2.000000000000000000e+01 1.699999900000000000e+11
3.893600000000000364e+03 1.788854381999831844e+01 1.699999900000000000e+11
3.893800000000000182e+03 2.000000000000000000e+01 1.699999900000000000e+11
3.894000000000000000e+03 2.039607805437113797e+01 1.699999900000000000e+11
3.894200000000000273e+03 2.039607805437113797e+01 1.699999900000000000e+11
3.894400000000000091e+03 2.262741699796952233e+01 1.699999900000000000e+11
3.894600000000000364e+03 2.683281572999747766e+01 1.699999900000000000e+11
3.894800000000000182e+03 2.800000000000000000e+01 1.699999900000000000e+11
3.895000000000000000e+03 3.046309242345563462e+01 1.699999900000000000e+11
3.895200000000000273e+03 3.394112549695427816e+01 1.699999900000000000e+11
3.895400000000000091e+03 3.794733192202055250e+01 1.699999900000000000e+11
3.895600000000000364e+03 4.019950248448355978e+01 1.699999900000000000e+11
3.895800000000000182e+03 4.472135954999579610e+01 1.699999900000000000e+11
3.896000000000000000e+03 4.816637831516918311e+01 0.000000000000000000e+00
3.896200000000000273e+03 4.681879964287850271e+01 0.000000000000000000e+00
3.896400000000000091e+03 4.418144406874904462e+01 0.000000000000000000e+00
3.896600000000000364e+03 4.472135954999579610e+01 0.000000000000000000e+00
3.896800000000000182e+03 4.252058325093859992e+01 0.000000000000000000e+00
3.897000000000000000e+03 4.176122603564220270e+01 0.000000000000000000e+00
3.897200000000000273e+03 4.079215610874227593e+01 0.000000000000000000e+00
3.897400000000000091e+03 4.000000000000000000e+01 0.000000000000000000e+00
3.897600000000000364e+03 4.118252056394800320e+01 0.000000000000000000e+00
3.897800000000000182e+03 4.019950248448355978e+01 0.000000000000000000e+00
3.898000000000000000e+03 4.176122603564220270e+01 0.000000000000000000e+00
3.898200000000000273e+03 3.959797974644666141e+01 0.000000000000000000e+00
3.898400000000000091e+03 4.308131845707602992e+01 0.000000000000000000e+00
3.898600000000000364e+03 4.400000000000000000e+01 0.000000000000000000e+00
3.898800000000000182e+03 4.308131845707602992e+01 0.000000000000000000e+00
3.899000000000000000e+03 4.525483399593904466e+01 0.000000000000000000e+00
3.899200000000000273e+03 4.308131845707602992e+01 0.000000000000000000e+00
3.899400000000000091e+03 4.000000000000000000e+01 0.000000000000000000e+00
3.899600000000000364e+03 3.939543120718441571e+01 0.000000000000000000e+00
3.899800000000000182e+03 3.959797974644666141e+01 0.000000000000000000e+00
3.900000000000000000e+03 3.794733192202055250e+01 1.699999900000000000e+11
3.900200000000000273e+03 4.019950248448355978e+01 1.699999900000000000e+11
3.900400000000000091e+03 4.118252056394800320e+01 1.699999900000000000e+11
3.900600000000000364e+03 4.326661530556787483e+01 1.699999900000000000e+11
3.900800000000000182e+03 4.866210024238575471e+01 1.699999900000000000e+11
3.901000000000000000e+03 5.336665625650533684e+01 1.699999900000000000e+11
3.901200000000000273e+03 6.000000000000000000e+01 1.699999900000000000e+11
3.901400000000000091e+03 6.449806198638839305e+01 1.699999900000000000e+11
3.901600000000000364e+03 7.211102550927978427e+01 1.699999900000000000e+11
3.901800000000000182e+03 7.589466384404110499e+01 1.699999900000000000e+11
3.902000000000000000e+03 8.207313811473277099e+01 1.699999900000000000e+11
3.902200000000000273e+03 8.772684879784523559e+01 1.699999900000000000e+11
3.902400000000000091e+03 9.600000000000000000e+01 1.699999900000000000e+11
3.902600000000000364e+03 1.003194896318756264e+02 1.699999900000000000e+11
3.902800000000000182e+03 1.076289923765896788e+02 1.699999900000000000e+11
3.903000000000000000e+03 1.126410227226297849e+02 1.699999900000000000e+11
3.903200000000000273e+03 1.210619676033724517e+02 1.699999900000000000e+11
3.903400000000000091e+03 1.264911064067351703e+02 1.699999900000000000e+11
3.903600000000000364e+03 1.379275171965333300e+02 1.699999900000000000e+11
3.903800000000000182e+03 1.442220510185595685e+02 1.699999900000000000e+11
3.904000000000000000e+03 1.560000000000000000e+02 0.000000000000000000e+00
3.904200000000000273e+03 1.531535177526131690e+02 0.000000000000000000e+00
3.904400000000000091e+03 1.324839612934335662e+02 0.000000000000000000e+00
3.904600000000000364e+03 1.322422020385323265e+02 0.000000000000000000e+00
3.904800000000000182e+03 1.307822617941745307e+02 0.000000000000000000e+00
3.905000000000000000e+03 1.275617497528157998e+02 0.000000000000000000e+00
3.905200000000000273e+03 1.280624847486569706e+02 0.000000000000000000e+00
3.905400000000000091e+03 1.263012272307755524e+02 0.000000000000000000e+00
3.905600000000000364e+03 1.256025477448606580e+02 0.000000000000000000e+00
3.905800000000000182e+03 1.252198067399882291e+02 0.000000000000000000e+00
3.906000000000000000e+03 1.240644993541665855e+02 0.000000000000000000e+00
3.906200000000000273e+03 1.255388386118017223e+02 0.000000000000000000e+00
3.906400000000000091e+03 1.245792920191794906e+02 0.000000000000000000e+00
3.906600000000000364e+03 1.214578116055118073e+02 0.000000000000000000e+00
3.906800000000000182e+03 1.210619676033724517e+02 0.000000000000000000e+00
3.907000000000000000e+03 1.187265766372466373e+02 0.000000000000000000e+00
3.907200000000000273e+03 1.187265766372466373e+02 0.000000000000000000e+00
3.907400000000000091e+03 1.126410227226297849e+02 0.000000000000000000e+00
3.907600000000000364e+03 1.138419957660616575e+02 0.000000000000000000e+00
3.907800000000000182e+03 1.103449137930697788e+02 0.000000000000000000e+00
3.908000000000000000e+03 1.100545319375808333e+02 1.699999900000000000e+11
3.908200000000000273e+03 1.003194896318756264e+02 1.699999900000000000e+11
3.908400000000000091e+03 9.329523031752481188e+01 1.699999900000000000e+11
3.908600000000000364e+03 8.881441324469807341e+01 1.699999900000000000e+11
3.908800000000000182e+03 8.158431221748455187e+01 1.699999900000000000e+11
3.909000000000000000e+03 7.375635565834309659e+01 1.699999900000000000e+11
3.909200000000000273e+03 6.881860213634101342e+01 1.699999900000000000e+11
3.909400000000000091e+03 6.324555320336758513e+01 1.699999900000000000e+11
3.909600000000000364e+03 5.727128425310541360e+01 1.699999900000000000e+11
3.909800000000000182e+03 5.336665625650533684e+01 1.699999900000000000e+11
3.910000000000000000e+03 4.882622246293480828e+01 1.699999900000000000e+11
3.910200000000000273e+03 4.326661530556787483e+01 1.699999900000000000e+11
3.910400000000000091e+03 3.622154055254966920e+01 1.699999900000000000e+11
3.910600000000000364e+03 3.298484500494128469e+01 1.699999900000000000e+11
3.910800000000000182e+03 3.124099870362661591e+01 1.699999900000000000e+11
3.911000000000000000e+03 2.683281572999747766e+01 1.699999900000000000e+11
3.911200000000000273e+03 2.400000000000000000e+01 1.699999900000000000e+11
3.911400000000000091e+03 2.332380757938120297e+01 1.699999900000000000e+11
3.911600000000000364e+03 2.561249694973139412e+01 1.699999900000000000e+11
3.911800000000000182e+03 2.039607805437113797e+01 1.699999900000000000e+11
3.912000000000000000e+03 2.039607805437113797e+01 0.000000000000000000e+00
3.912200000000000273e+03 2.332380757938120297e+01 0.000000000000000000e+00
3.912400000000000091e+03 2.262741699796952233e+01 0.000000000000000000e+00
3.912600000000000364e+03 2.154065922853801496e+01 0.000000000000000000e+00
3.912800000000000182e+03 2.000000000000000000e+01 0.000000000000000000e+00
3.913000000000000000e+03 2.154065922853801496e+01 0.000000000000000000e+00
3.913200000000000273e+03 1.697056274847713908e+01 0.000000000000000000e+00
3.913400000000000091e+03 1.788854381999831844e+01 0.000000000000000000e+00
3.913600000000000364e+03 1.600000000000000000e+01 0.000000000000000000e+00
3.913800000000000182e+03 1.442220510185595650e+01 0.000000000000000000e+00
3.914000000000000000e+03 1.442220510185595650e+01 0.000000000000000000e+00
3.914200000000000273e+03 1.600000000000000000e+01 0.000000000000000000e+00
3.914400000000000091e+03 1.788854381999831844e+01 0.000000000000000000e+00
3.914600000000000364e+03 1.697056274847713908e+01 0.000000000000000000e+00
3.914800000000000182e+03 1.788854381999831844e+01 0.000000000000000000e+00
3.915000000000000000e+03 2.000000000000000000e+01 0.000000000000000000e+00
3.915200000000000273e+03 2.154065922853801496e+01 0.000000000000000000e+00
3.915400000000000091e+03 2.000000000000000000e+01 0.000000000000000000e+00
3.915600000000000364e+03 1.788854381999831844e+01 0.000000000000000000e+00
3.915800000000000182e+03 2.000000000000000000e+01 0.000000000000000000e+00
3.916000000000000000e+03 1.649242250247064234e+01 1.699999900000000000e+11
3.916200000000000273e+03 1.442220510185595650e+01 1.699999900000000000e+11
3.916400000000000091e+03 1.442220510185595650e+01 1.699999900000000000e+11
3.916600000000000364e+03 1.200000000000000000e+01 1.699999900000000000e+11
3.916800000000000182e+03 8.944271909999159220e+00 1.699999900000000000e+11
3.917000000000000000e+03 8.944271909999159220e+00 1.699999900000000000e+11
3.917200000000000273e+03 8.000000000000000000e+00 1.699999900000000000e+11
3.917400000000000091e+03 8.944271909999159220e+00 1.699999900000000000e+11
3.917600000000000364e+03 8.944271909999159220e+00 1.699999900000000000e+11
3.917800000000000182e+03 8.944271909999159220e+00 1.699999900000000000e+11
3.918000000000000000e+03 8.000000000000000000e+00 1.699999900000000000e+11
3.918200000000000273e+03 8.944271909999159220e+00 1.699999900000000000e+11
3.918400000000000091e+03 8.944271909999159220e+00 1.699999900000000000e+11
3.918600000000000364e+03 8.944271909999159220e+00 1.699999900000000000e+11
3.918800000000000182e+03 8.944271909999159220e+00 1.699999900000000000e+11
3.919000000000000000e+03 8.000000000000000000e+00 1.699999900000000000e+11
3.919200000000000273e+03 4.000000000000000000e+00 1.699999900000000000e+11
3.919400000000000091e+03 4.000000000000000000e+00 1.699999900000000000e+11
3.919600000000000364e+03 4.000000000000000000e+00 1.699999900000000000e+11
3.919800000000000182e+03 0.000000000000000000e+00 1.699999900000000000e+11
3.920000000000000000e+03 0.000000000000000000e+00 0.000000000000000000e+00
3.920200000000000273e+03 0.000000000000000000e+00 0.000000000000000000e+00
3.920400000000000091e+03 0.000000000000000000e+00 0.000000000000000000e+00
3.920600000000000364e+03 4.000000000000000000e+00 0.000000000000000000e+00
3.920800000000000182e+03 4.000000000000000000e+00 0.000000000000000000e+00
3.921000000000000000e+03 4.000000000000000000e+00 0.000000000000000000e+00
3.921200000000000273e+03 4.000000000000000000e+00 0.000000000000000000e+00
3.921400000000000091e+03 5.656854249492380582e+00 0.000000000000000000e+00
3.921600000000000364e+03 5.656854249492380582e+00 0.000000000000000000e+00
3.921800000000000182e+03 5.656854249492380582e+00 0.000000000000000000e+00
3.922000000000000000e+03 4.000000000000000000e+00 0.000000000000000000e+00
3.922200000000000273e+03 4.000000000000000000e+00 0.000000000000000000e+00
3.922400000000000091e+03 4.000000000000000000e+00 0.000000000000000000e+00
3.922600000000000364e+03 4.000000000000000000e+00 0.000000000000000000e+00
3.922800000000000182e+03 0.000000000000000000e+00 0.000000000000000000e+00
3.923000000000000000e+03 0.000000000000000000e+00 0.000000000000000000e+00
3.923200000000000273e+03 0.000000000000000000e+00 0.000000000000000000e+00
3.923400000000000091e+03 0.000000000000000000e+00 0.000000000000000000e+00
3.923600000000000364e+03 4.000000000000000000e+00 0.000000000000000000e+00
3.923800000000000182e+03 4.000000000000000000e+00 0.000000000000000000e+00
3.924000000000000000e+03 4.000000000000000000e+00 1.699999900000000000e+11
3.924200000000000273e+03 4.000000000000000000e+00 1.699999900000000000e+11
3.924400000000000091e+03 5.656854249492380582e+00 1.699999900000000000e+11
3.924600000000000364e+03 5.656854249492380582e+00 1.699999900000000000e+11
3.924800000000000182e+03 5.656854249492380582e+00 1.699999900000000000e+11
3.925000000000000000e+03 5.656854249492380582e+00 1.699999900000000000e+11
3.925200000000000273e+03 4.000000000000000000e+00 1.699999900000000000e+11
3.925400000000000091e+03 4.000000000000000000e+00 1.699999900000000000e+11
3.925600000000000364e+03 4.000000000000000000e+00 1.699999900000000000e+11
3.925800000000000182e+03 0.000000000000000000e+00 1.699999900000000000e+11
3.926000000000000000e+03 0.000000000000000000e+00 1.699999900000000000e+11
3.926200000000000273e+03 0.000000000000000000e+00 1.699999900000000000e+11
3.926400000000000091e+03 0.000000000000000000e+00 1.699999900000000000e+11
3.926600000000000364e+03 4.000000000000000000e+00 1.699999900000000000e+11
3.926800000000000182e+03 4.000000000000000000e+00 1.699999900000000000e+11
3.927000000000000000e+03 4.000000000000000000e+00 1.699999900000000000e+11
3.927200000000000273e+03 5.656854249492380582e+00 1.699999900000000000e+11
3.927400000000000091e+03 5.656854249492380582e+00 1.699999900000000000e+11
3.927600000000000364e+03 5.656854249492380582e+00 1.699999900000000000e+11
3.927800000000000182e+03 5.656854249492380582e+00 1.699999900000000000e+11
3.928000000000000000e+03 4.000000000000000000e+00 0.000000000000000000e+00
3.928200000000000273e+03 4.000000000000000000e+00 0.000000000000000000e+00
3.928400000000000091e+03 4.000000000000000000e+00 0.000000000000000000e+00
3.928600000000000364e+03 0.000000000000000000e+00 0.000000000000000000e+00
3.928800000000000182e+03 0.000000000000000000e+00 0.000000000000000000e+00
3.929000000000000000e+03 0.000000000000000000e+00 0.000000000000000000e+00
3.929200000000000273e+03 0.000000000000000000e+00 0.000000000000000000e+00
3.929400000000000091e+03 4.000000000000000000e+00 0.000000000000000000e+00
3.929600000000000364e+03 4.000000000000000000e+00 0.000000000000000000e+00
3.929800000000000182e+03 4.000000000000000000e+00 0.000000000000000000e+00
3.930000000000000000e+03 5.656854249492380582e+00 0.000000000000000000e+00
3.930200000000000273e+03 5.656854249492380582e+00 0.000000000000000000e+00
3.930400000000000091e+03 5.656854249492380582e+00 0.000000000000000000e+00
3.930600000000000364e+03 4.000000000000000000e+00 0.000000000000000000e+00
3.930800000000000182e+03 4.000000000000000000e+00 0.000000000000000000e+00
3.931000000000000000e+03 4.000000000000000000e+00 0.000000000000000000e+00
3.931200000000000273e+03 4.000000000000000000e+00 0.000000000000000000e+00
3.931400000000000091e+03 0.000000000000000000e+00 0.000000000000000000e+00
3.931600000000000364e+03 0.000000000000000000e+00 0.000000000000000000e+00
3.931800000000000182e+03 0.000000000000000000e+00 0.000000000000000000e+00
3.932000000000000000e+03 4.000000000000000000e+00 1.699999900000000000e+11
3.932200000000000273e+03 4.000000000000000000e+00 1.699999900000000000e+11
3.932400000000000091e+03 4.000000000000000000e+00 1.699999900000000000e+11
3.932600000000000364e+03 4.000000000000000000e+00 1.699999900000000000e+11
3.932800000000000182e+03 5.656854249492380582e+00 1.699999900000000000e+11
3.933000000000000000e+03 5.656854249492380582e+00 1.699999900000000000e+11
3.933200000000000273e+03 5.656854249492380582e+00 1.699999900000000000e+11
3.933400000000000091e+03 4.000000000000000000e+00 1.699999900000000000e+11
3.933600000000000364e+03 4.000000000000000000e+00 1.699999900000000000e+11
3.933800000000000182e+03 4.000000000000000000e+00 1.699999900000000000e+11
3.934000000000000000e+03 0.000000000000000000e+00 1.699999900000000000e+11
3.934200000000000273e+03 0.000000000000000000e+00 1.699999900000000000e+11
3.934400000000000091e+03 0.000000000000000000e+00 1.699999900000000000e+11
3.934600000000000364e+03 0.000000000000000000e+00 1.699999900000000000e+11
3.934800000000000182e+03 4.000000000000000000e+00 1.699999900000000000e+11
3.935000000000000000e+03 4.000000000000000000e+00 1.699999900000000000e+11
3.935200000000000273e+03 4.000000000000000000e+00 1.699999900000000000e+11
3.935400000000000091e+03 5.656854249492380582e+00 1.699999900000000000e+11
3.935600000000000364e+03 5.656854249492380582e+00 1.699999900000000000e+11
3.935800000000000182e+03 5.656854249492380582e+00 1.699999900000000000e+11
3.936000000000000000e+03 5.656854249492380582e+00 0.000000000000000000e+00
3.936200000000000273e+03 4.000000000000000000e+00 0.000000000000000000e+00
3.936400000000000091e+03 4.000000000000000000e+00 0.000000000000000000e+00
3.936600000000000364e+03 4.000000000000000000e+00 0.000000000000000000e+00
3.936800000000000182e+03 0.000000000000000000e+00 0.000000000000000000e+00
3.937000000000000000e+03 0.000000000000000000e+00 0.000000000000000000e+00
3.937200000000000273e+03 0.000000000000000000e+00 0.000000000000000000e+00
3.937400000000000091e+03 0.000000000000000000e+00 0.000000000000000000e+00
3.937600000000000364e+03 4.000000000000000000e+00 0.000000000000000000e+00
3.937800000000000182e+03 4.000000000000000000e+00 0.000000000000000000e+00
3.938000000000000000e+03 4.000000000000000000e+00 0.000000000000000000e+00
3.938200000000000273e+03 5.656854249492380582e+00 0.000000000000000000e+00
3.938400000000000091e+03 5.656854249492380582e+00 0.000000000000000000e+00
3.938600000000000364e+03 5.656854249492380582e+00 0.000000000000000000e+00
3.938800000000000182e+03 4.000000000000000000e+00 0.000000000000000000e+00
3.939000000000000000e+03 4.000000000000000000e+00 0.000000000000000000e+00
3.939200000000000273e+03 4.000000000000000000e+00 0.000000000000000000e+00
3.939400000000000091e+03 4.000000000000000000e+00 0.000000000000000000e+00
3.939600000000000364e+03 0.000000000000000000e+00 0.000000000000000000e+00
3.939800000000000182e+03 0.000000000000000000e+00 0.000000000000000000e+00
3.940000000000000000e+03 0.000000000000000000e+00 1.699999900000000000e+11
3.940200000000000273e+03 4.000000000000000000e+00 1.699999900000000000e+11
3.940400000000000091e+03 4.000000000000000000e+00 1.699999900000000000e+11
3.940600000000000364e+03 4.000000000000000000e+00 1.699999900000000000e+11
3.940800000000000182e+03 4.000000000000000000e+00 1.699999900000000000e+11
3.941000000000000000e+03 5.656854249492380582e+00 1.699999900000000000e+11
3.941200000000000273e+03 5.656854249492380582e+00 1.699999900000000000e+11
3.941400000000000091e+03 5.656854249492380582e+00 1.699999900000000000e+11
3.941600000000000364e+03 4.000000000000000000e+00 1.699999900000000000e+11
3.941800000000000182e+03 4.000000000000000000e+00 1.699999900000000000e+11
3.942000000000000000e+03 4.000000000000000000e+00 1.699999900000000000e+11
3.942200000000000273e+03 0.000000000000000000e+00 1.699999900000000000e+11
3.942400000000000091e+03 0.000000000000000000e+00 1.699999900000000000e+11
3.942600000000000364e+03 0.000000000000000000e+00 1.699999900000000000e+11
3.942800000000000182e+03 0.000000000000000000e+00 1.699999900000000000e+11
3.943000000000000000e+03 4.000000000000000000e+00 1.699999900000000000e+11
3.943200000000000273e+03 4.000000000000000000e+00 1.699999900000000000e+11
3.943400000000000091e+03 4.000000000000000000e+00 1.699999900000000000e+11
3.943600000000000364e+03 5.656854249492380582e+00 1.699999900000000000e+11
3.943800000000000182e+03 5.656854249492380582e+00 1.699999900000000000e+11
3.944000000000000000e+03 5.656854249492380582e+00 0.000000000000000000e+00
3.944200000000000273e+03 5.656854249492380582e+00 0.000000000000000000e+00
3.944400000000000091e+03 4.000000000000000000e+00 0.000000000000000000e+00
3.944600000000000364e+03 4.000000000000000000e+00 0.000000000000000000e+00
3.944800000000000182e+03 4.000000000000000000e+00 0.000000000000000000e+00
3.945000000000000000e+03 0.000000000000000000e+00 0.000000000000000000e+00
3.945200000000000273e+03 0.000000000000000000e+00 0.000000000000000000e+00
3.945400000000000091e+03 0.000000000000000000e+00 0.000000000000000000e+00
3.945600000000000364e+03 4.000000000000000000e+00 0.000000000000000000e+00
3.945800000000000182e+03 4.000000000000000000e+00 0.000000000000000000e+00
3.946000000000000000e+03 4.000000000000000000e+00 0.000000000000000000e+00
3.946200000000000273e+03 4.000000000000000000e+00 0.000000000000000000e+00
3.946400000000000091e+03 5.656854249492380582e+00 0.000000000000000000e+00
3.946600000000000364e+03 5.656854249492380582e+00 0.000000000000000000e+00
3.946800000000000182e+03 5.656854249492380582e+00 0.000000000000000000e+00
3.947000000000000000e+03 4.000000000000000000e+00 0.000000000000000000e+00
3.947200000000000273e+03 4.000000000000000000e+00 0.000000000000000000e+00
3.947400000000000091e+03 4.000000000000000000e+00 0.000000000000000000e+00
3.947600000000000364e+03 4.000000000000000000e+00 0.000000000000000000e+00
3.947800000000000182e+03 0.000000000000000000e+00 0.000000000000000000e+00
3.948000000000000000e+03 0.000000000000000000e+00 1.699999900000000000e+11
3.948200000000000273e+03 0.000000000000000000e+00 1.699999900000000000e+11
3.948400000000000091e+03 4.000000000000000000e+00 1.699999900000000000e+11
3.948600000000000364e+03 4.000000000000000000e+00 1.699999900000000000e+11
3.948800000000000182e+03 4.000000000000000000e+00 1.699999900000000000e+11
3.949000000000000000e+03 5.656854249492380582e+00 1.699999900000000000e+11
3.949200000000000273e+03 5.656854249492380582e+00 1.699999900000000000e+11
3.949400000000000091e+03 5.656854249492380582e+00 1.699999900000000000e+11
3.949600000000000364e+03 5.656854249492380582e+00 1.699999900000000000e+11
3.949800000000000182e+03 4.000000000000000000e+00 1.699999900000000000e+11
3.950000000000000000e+03 4.000000000000000000e+00 1.699999900000000000e+11
3.950200000000000273e+03 4.000000000000000000e+00 1.699999900000000000e+11
3.950400000000000091e+03 0.000000000000000000e+00 1.699999900000000000e+11
3.950600000000000364e+03 0.000000000000000000e+00 1.699999900000000000e+11
3.950800000000000182e+03 0.000000000000000000e+00 1.699999900000000000e+11
3.951000000000000000e+03 0.000000000000000000e+00 1.699999900000000000e+11
3.951200000000000273e+03 4.000000000000000000e+00 1.699999900000000000e+11
3.951400000000000091e+03 4.000000000000000000e+00 1.699999900000000000e+11
3.951600000000000364e+03 4.000000000000000000e+00 1.699999900000000000e+11
3.951800000000000182e+03 5.656854249492380582e+00 1.699999900000000000e+11
3.952000000000000000e+03 5.656854249492380582e+00 0.000000000000000000e+00
3.952200000000000273e+03 5.656854249492380582e+00 0.000000000000000000e+00
3.952400000000000091e+03 5.656854249492380582e+00 0.000000000000000000e+00
3.952600000000000364e+03 4.000000000000000000e+00 0.000000000000000000e+00
3.952800000000000182e+03 4.000000000000000000e+00 0.000000000000000000e+00
3.953000000000000000e+03 4.000000000000000000e+00 0.000000000000000000e+00
3.953200000000000273e+03 0.000000000000000000e+00 0.000000000000000000e+00
3.953400000000000091e+03 0.000000000000000000e+00 0.000000000000000000e+00
3.953600000000000364e+03 0.000000000000000000e+00 0.000000000000000000e+00
3.953800000000000182e+03 4.000000000000000000e+00 0.000000000000000000e+00
3.954000000000000000e+03 4.000000000000000000e+00 0.000000000000000000e+00
3.954200000000000273e+03 4.000000000000000000e+00 0.000000000000000000e+00
3.954400000000000091e+03 4.000000000000000000e+00 0.000000000000000000e+00
3.954600000000000364e+03 5.656854249492380582e+00 0.000000000000000000e+00
3.954800000000000182e+03 5.656854249492380582e+00 0.000000000000000000e+00
3.955000000000000000e+03 5.656854249492380582e+00 0.000000000000000000e+00
3.955200000000000273e+03 4.000000000000000000e+00 0.000000000000000000e+00
3.955400000000000091e+03 4.000000000000000000e+00 0.000000000000000000e+00
3.955600000000000364e+03 4.000000000000000000e+00 0.000000000000000000e+00
3.955800000000000182e+03 4.000000000000000000e+00 0.000000000000000000e+00
3.956000000000000000e+03 0.000000000000000000e+00 1.699999900000000000e+11
3.956200000000000273e+03 0.000000000000000000e+00 1.699999900000000000e+11
3.956400000000000091e+03 0.000000000000000000e+00 1.699999900000000000e+11
3.956600000000000364e+03 4.000000000000000000e+00 1.699999900000000000e+11
3.956800000000000182e+03 4.000000000000000000e+00 1.699999900000000000e+11
3.957000000000000000e+03 4.000000000000000000e+00 1.699999900000000000e+11
3.957200000000000273e+03 5.656854249492380582e+00 1.699999900000000000e+11
3.957400000000000091e+03 5.656854249492380582e+00 1.699999900000000000e+11
3.957600000000000364e+03 5.656854249492380582e+00 1.699999900000000000e+11
3.957800000000000182e+03 5.656854249492380582e+00 1.699999900000000000e+11
3.958000000000000000e+03 4.000000000000000000e+00 1.699999900000000000e+11
3.958200000000000273e+03 4.000000000000000000e+00 1.699999900000000000e+11
3.958400000000000091e+03 4.000000000000000000e+00 1.699999900000000000e+11
3.958600000000000364e+03 0.000000000000000000e+00 1.699999900000000000e+11
3.958800000000000182e+03 0.000000000000000000e+00 1.699999900000000000e+11
3.959000000000000000e+03 0.000000000000000000e+00 1.699999900000000000e+11
3.959200000000000273e+03 0.000000000000000000e+00 1.699999900000000000e+11
3.959400000000000091e+03 4.000000000000000000e+00 1.699999900000000000e+11
3.959600000000000364e+03 4.000000000000000000e+00 1.699999900000000000e+11
3.959800000000000182e+03 4.000000000000000000e+00 1.699999900000000000e+11
3.960000000000000000e+03 5.656854249492380582e+00 0.000000000000000000e+00
3.960200000000000273e+03 5.656854249492380582e+00 0.000000000000000000e+00
3.960400000000000091e+03 5.656854249492380582e+00 0.000000000000000000e+00
3.960600000000000364e+03 4.000000000000000000e+00 0.000000000000000000e+00
3.960800000000000182e+03 4.000000000000000000e+00 0.000000000000000000e+00
3.961000000000000000e+03 4.000000000000000000e+00 0.000000000000000000e+00
3.961200000000000273e+03 4.000000000000000000e+00 0.000000000000000000e+00
3.961400000000000091e+03 0.000000000000000000e+00 0.000000000000000000e+00
3.961600000000000364e+03 0.000000000000000000e+00 0.000000000000000000e+00
3.961800000000000182e+03 0.000000000000000000e+00 0.000000000000000000e+00
3.962000000000000000e+03 4.000000000000000000e+00 0.000000000000000000e+00
3.962200000000000273e+03 4.000000000000000000e+00 0.000000000000000000e+00
3.962400000000000091e+03 4.000000000000000000e+00 0.000000000000000000e+00
3.962600000000000364e+03 4.000000000000000000e+00 0.000000000000000000e+00
3.962800000000000182e+03 5.656854249492380582e+00 0.000000000000000000e+00
3.963000000000000000e+03 5.656854249492380582e+00 0.000000000000000000e+00
3.963200000000000273e+03 5.656854249492380582e+00 0.000000000000000000e+00
3.963400000000000091e+03 4.000000000000000000e+00 0.000000000000000000e+00
3.963600000000000364e+03 4.000000000000000000e+00 0.000000000000000000e+00
3.963800000000000182e+03 4.000000000000000000e+00 0.000000000000000000e+00
3.964000000000000000e+03 0.000000000000000000e+00 1.699999900000000000e+11
3.964200000000000273e+03 0.000000000000000000e+00 1.699999900000000000e+11
3.964400000000000091e+03 0.000000000000000000e+00 1.699999900000000000e+11
3.964600000000000364e+03 0.000000000000000000e+00 1.699999900000000000e+11
3.964800000000000182e+03 4.000000000000000000e+00 1.699999900000000000e+11
3.965000000000000000e+03 4.000000000000000000e+00 1.699999900000000000e+11
3.965200000000000273e+03 4.000000000000000000e+00 1.699999900000000000e+11
3.965400000000000091e+03 5.656854249492380582e+00 1.699999900000000000e+11
3.965600000000000364e+03 5.656854249492380582e+00 1.699999900000000000e+11
3.965800000000000182e+03 5.656854249492380582e+00 1.699999900000000000e+11
3.966000000000000000e+03 5.656854249492380582e+00 1.699999900000000000e+11
3.966200000000000273e+03 4.000000000000000000e+00 1.699999900000000000e+11
3.966400000000000091e+03 4.000000000000000000e+00 1.699999900000000000e+11
3.966600000000000364e+03 4.000000000000000000e+00 1.699999900000000000e+11
3.966800000000000182e+03 4.000000000000000000e+00 1.699999900000000000e+11
3.967000000000000000e+03 0.000000000000000000e+00 1.699999900000000000e+11
3.967200000000000273e+03 4.000000000000000000e+00 1.699999900000000000e+11
3.967400000000000091e+03 4.000000000000000000e+00 1.699999900000000000e+11
3.967600000000000364e+03 4.000000000000000000e+00 1.699999900000000000e+11
3.967800000000000182e+03 4.000000000000000000e+00 1.699999900000000000e+11
3.968000000000000000e+03 4.000000000000000000e+00 0.000000000000000000e+00
3.968200000000000273e+03 4.000000000000000000e+00 0.000000000000000000e+00
3.968400000000000091e+03 5.656854249492380582e+00 0.000000000000000000e+00
3.968600000000000364e+03 5.656854249492380582e+00 0.000000000000000000e+00
3.968800000000000182e+03 5.656854249492380582e+00 0.000000000000000000e+00
3.969000000000000000e+03 4.000000000000000000e+00 0.000000000000000000e+00
3.969200000000000273e+03 4.000000000000000000e+00 0.000000000000000000e+00
3.969400000000000091e+03 4.000000000000000000e+00 0.000000000000000000e+00
3.969600000000000364e+03 0.000000000000000000e+00 0.000000000000000000e+00
3.969800000000000182e+03 0.000000000000000000e+00 0.000000000000000000e+00
3.970000000000000000e+03 0.000000000000000000e+00 0.000000000000000000e+00
3.970200000000000273e+03 4.000000000000000000e+00 0.000000000000000000e+00
3.970400000000000091e+03 4.000000000000000000e+00 0.000000000000000000e+00
3.970600000000000364e+03 4.000000000000000000e+00 0.000000000000000000e+00
3.970800000000000182e+03 4.000000000000000000e+00 0.000000000000000000e+00
3.971000000000000000e+03 5.656854249492380582e+00 0.000000000000000000e+00
3.971200000000000273e+03 5.656854249492380582e+00 0.000000000000000000e+00
3.971400000000000091e+03 5.656854249492380582e+00 0.000000000000000000e+00
3.971600000000000364e+03 4.000000000000000000e+00 0.000000000000000000e+00
3.971800000000000182e+03 4.000000000000000000e+00 0.000000000000000000e+00
3.972000000000000000e+03 4.000000000000000000e+00 1.699999900000000000e+11
3.972200000000000273e+03 0.000000000000000000e+00 1.699999900000000000e+11
3.972400000000000091e+03 0.000000000000000000e+00 1.699999900000000000e+11
3.972600000000000364e+03 0.000000000000000000e+00 1.699999900000000000e+11
3.972800000000000182e+03 4.000000000000000000e+00 1.699999900000000000e+11
3.973000000000000000e+03 4.000000000000000000e+00 1.699999900000000000e+11
3.973200000000000273e+03 4.000000000000000000e+00 1.699999900000000000e+11
3.973400000000000091e+03 4.000000000000000000e+00 1.699999900000000000e+11
3.973600000000000364e+03 5.656854249492380582e+00 1.699999900000000000e+11
3.973800000000000182e+03 5.656854249492380582e+00 1.699999900000000000e+11
3.974000000000000000e+03 5.656854249492380582e+00 1.699999900000000000e+11
3.974200000000000273e+03 4.000000000000000000e+00 1.699999900000000000e+11
3.974400000000000091e+03 4.000000000000000000e+00 1.699999900000000000e+11
3.974600000000000364e+03 5.656854249492380582e+00 1.699999900000000000e+11
3.974800000000000182e+03 4.000000000000000000e+00 1.699999900000000000e+11
3.975000000000000000e+03 0.000000000000000000e+00 1.699999900000000000e+11
3.975200000000000273e+03 4.000000000000000000e+00 1.699999900000000000e+11
3.975400000000000091e+03 4.000000000000000000e+00 1.699999900000000000e+11
3.975600000000000364e+03 4.000000000000000000e+00 1.699999900000000000e+11
3.975800000000000182e+03 4.000000000000000000e+00 1.699999900000000000e+11
3.976000000000000000e+03 5.656854249492380582e+00 0.000000000000000000e+00
3.976200000000000273e+03 5.656854249492380582e+00 0.000000000000000000e+00
3.976400000000000091e+03 5.656854249492380582e+00 0.000000000000000000e+00
3.976600000000000364e+03 4.000000000000000000e+00 0.000000000000000000e+00
3.976800000000000182e+03 4.000000000000000000e+00 0.000000000000000000e+00
3.977000000000000000e+03 5.656854249492380582e+00 0.000000000000000000e+00
3.977200000000000273e+03 5.656854249492380582e+00 0.000000000000000000e+00
3.977400000000000091e+03 5.656854249492380582e+00 0.000000000000000000e+00
3.977600000000000364e+03 5.656854249492380582e+00 0.000000000000000000e+00
3.977800000000000182e+03 4.000000000000000000e+00 0.000000000000000000e+00
3.978000000000000000e+03 4.000000000000000000e+00 0.000000000000000000e+00
3.978200000000000273e+03 4.000000000000000000e+00 0.000000000000000000e+00
3.978400000000000091e+03 4.000000000000000000e+00 0.000000000000000000e+00
3.978600000000000364e+03 5.656854249492380582e+00 0.000000000000000000e+00
3.978800000000000182e+03 4.000000000000000000e+00 0.000000000000000000e+00
3.979000000000000000e+03 4.000000000000000000e+00 0.000000000000000000e+00
3.979200000000000273e+03 4.000000000000000000e+00 0.000000000000000000e+00
3.979400000000000091e+03 5.656854249492380582e+00 0.000000000000000000e+00
3.979600000000000364e+03 5.656854249492380582e+00 0.000000000000000000e+00
3.979800000000000182e+03 5.656854249492380582e+00 0.000000000000000000e+00
3.980000000000000000e+03 5.656854249492380582e+00 1.699999900000000000e+11
3.980200000000000273e+03 4.000000000000000000e+00 1.699999900000000000e+11
3.980400000000000091e+03 4.000000000000000000e+00 1.699999900000000000e+11
3.980600000000000364e+03 4.000000000000000000e+00 1.699999900000000000e+11
3.980800000000000182e+03 5.656854249492380582e+00 1.699999900000000000e+11
3.981000000000000000e+03 5.656854249492380582e+00 1.699999900000000000e+11
3.981200000000000273e+03 4.000000000000000000e+00 1.699999900000000000e+11
3.981400000000000091e+03 4.000000000000000000e+00 1.699999900000000000e+11
3.981600000000000364e+03 4.000000000000000000e+00 1.699999900000000000e+11
3.981800000000000182e+03 4.000000000000000000e+00 1.699999900000000000e+11
3.982000000000000000e+03 5.656854249492380582e+00 1.699999900000000000e+11
3.982200000000000273e+03 5.656854249492380582e+00 1.699999900000000000e+11
3.982400000000000091e+03 5.656854249492380582e+00 1.699999900000000000e+11
3.982600000000000364e+03 4.000000000000000000e+00 1.699999900000000000e+11
3.982800000000000182e+03 4.000000000000000000e+00 1.699999900000000000e+11
3.983000000000000000e+03 4.000000000000000000e+00 1.699999900000000000e+11
3.983200000000000273e+03 5.656854249492380582e+00 1.699999900000000000e+11
3.983400000000000091e+03 4.000000000000000000e+00 1.699999900000000000e+11
3.983600000000000364e+03 5.656854249492380582e+00 1.699999900000000000e+11
3.983800000000000182e+03 4.000000000000000000e+00 1.699999900000000000e+11
3.984000000000000000e+03 4.000000000000000000e+00 0.000000000000000000e+00
3.984200000000000273e+03 4.000000000000000000e+00 0.000000000000000000e+00
3.984400000000000091e+03 5.656854249492380582e+00 0.000000000000000000e+00
3.984600000000000364e+03 5.656854249492380582e+00 0.000000000000000000e+00
3.984800000000000182e+03 5.656854249492380582e+00 0.000000000000000000e+00
3.985000000000000000e+03 4.000000000000000000e+00 0.000000000000000000e+00
3.985200000000000273e+03 4.000000000000000000e+00 0.000000000000000000e+00
3.985400000000000091e+03 4.000000000000000000e+00 0.000000000000000000e+00
3.985600000000000364e+03 5.656854249492380582e+00 0.000000000000000000e+00
3.985800000000000182e+03 5.656854249492380582e+00 0.000000000000000000e+00
3.986000000000000000e+03 5.656854249492380582e+00 0.000000000000000000e+00
3.986200000000000273e+03 5.656854249492380582e+00 0.000000000000000000e+00
3.986400000000000091e+03 4.000000000000000000e+00 0.000000000000000000e+00
3.986600000000000364e+03 4.000000000000000000e+00 0.000000000000000000e+00
3.986800000000000182e+03 5.656854249492380582e+00 0.000000000000000000e+00
3.987000000000000000e+03 5.656854249492380582e+00 0.000000000000000000e+00
3.987200000000000273e+03 4.000000000000000000e+00 0.000000000000000000e+00
3.987400000000000091e+03 5.656854249492380582e+00 0.000000000000000000e+00
3.987600000000000364e+03 4.000000000000000000e+00 0.000000000000000000e+00
3.987800000000000182e+03 4.000000000000000000e+00 0.000000000000000000e+00
3.988000000000000000e+03 5.656854249492380582e+00 1.699999900000000000e+11
3.988200000000000273e+03 5.656854249492380582e+00 1.699999900000000000e+11
3.988400000000000091e+03 4.000000000000000000e+00 1.699999900000000000e+11
3.988600000000000364e+03 5.656854249492380582e+00 1.699999900000000000e+11
3.988800000000000182e+03 4.000000000000000000e+00 1.699999900000000000e+11
3.989000000000000000e+03 4.000000000000000000e+00 1.699999900000000000e+11
3.989200000000000273e+03 4.000000000000000000e+00 1.699999900000000000e+11
3.989400000000000091e+03 5.656854249492380582e+00 1.699999900000000000e+11
3.989600000000000364e+03 5.656854249492380582e+00 1.699999900000000000e+11
3.989800000000000182e+03 5.656854249492380582e+00 1.699999900000000000e+11
3.990000000000000000e+03 4.000000000000000000e+00 1.699999900000000000e+11
3.990200000000000273e+03 4.000000000000000000e+00 1.699999900000000000e+11
3.990400000000000091e+03 5.656854249492380582e+00 1.699999900000000000e+11
3.990600000000000364e+03 5.656854249492380582e+00 1.699999900000000000e+11
3.990800000000000182e+03 4.000000000000000000e+00 1.699999900000000000e+11
3.991000000000000000e+03 5.656854249492380582e+00 1.699999900000000000e+11
3.991200000000000273e+03 4.000000000000000000e+00 1.699999900000000000e+11
3.991400000000000091e+03 4.000000000000000000e+00 1.699999900000000000e+11
3.991600000000000364e+03 4.000000000000000000e+00 1.699999900000000000e+11
3.991800000000000182e+03 5.656854249492380582e+00 1.699999900000000000e+11
3.992000000000000000e+03 5.656854249492380582e+00 0.000000000000000000e+00
3.992200000000000273e+03 5.656854249492380582e+00 0.000000000000000000e+00
3.992400000000000091e+03 4.000000000000000000e+00 0.000000000000000000e+00
3.992600000000000364e+03 4.000000000000000000e+00 0.000000000000000000e+00
3.992800000000000182e+03 5.656854249492380582e+00 0.000000000000000000e+00
3.993000000000000000e+03 5.656854249492380582e+00 0.000000000000000000e+00
3.993200000000000273e+03 5.656854249492380582e+00 0.000000000000000000e+00
3.993400000000000091e+03 5.656854249492380582e+00 0.000000000000000000e+00
3.993600000000000364e+03 4.000000000000000000e+00 0.000000000000000000e+00
3.993800000000000182e+03 4.000000000000000000e+00 0.000000000000000000e+00
3.994000000000000000e+03 4.000000000000000000e+00 0.000000000000000000e+00
3.994200000000000273e+03 5.656854249492380582e+00 0.000000000000000000e+00
3.994400000000000091e+03 5.656854249492380582e+00 0.000000000000000000e+00
3.994600000000000364e+03 5.656854249492380582e+00 0.000000000000000000e+00
3.994800000000000182e+03 4.000000000000000000e+00 0.000000000000000000e+00
3.995000000000000000e+03 4.000000000000000000e+00 0.000000000000000000e+00
3.995200000000000273e+03 4.000000000000000000e+00 0.000000000000000000e+00
3.995400000000000091e+03 5.656854249492380582e+00 0.000000000000000000e+00
3.995600000000000364e+03 5.656854249492380582e+00 0.000000000000000000e+00
3.995800000000000182e+03 5.656854249492380582e+00 0.000000000000000000e+00
3.996000000000000000e+03 4.000000000000000000e+00 1.699999900000000000e+11
3.996200000000000273e+03 4.000000000000000000e+00 1.699999900000000000e+11
3.996400000000000091e+03 4.000000000000000000e+00 1.699999900000000000e+11
3.996600000000000364e+03 4.000000000000000000e+00 1.699999900000000000e+11
3.996800000000000182e+03 5.656854249492380582e+00 1.699999900000000000e+11
3.997000000000000000e+03 4.000000000000000000e+00 1.699999900000000000e+11
3.997200000000000273e+03 4.000000000000000000e+00 1.699999900000000000e+11
3.997400000000000091e+03 4.000000000000000000e+00 1.699999900000000000e+11
3.997600000000000364e+03 4.000000000000000000e+00 1.699999900000000000e+11
3.997800000000000182e+03 5.656854249492380582e+00 1.699999900000000000e+11
3.998000000000000000e+03 5.656854249492380582e+00 1.699999900000000000e+11
3.998200000000000273e+03 5.656854249492380582e+00 1.699999900000000000e+11
3.998400000000000091e+03 4.000000000000000000e+00 1.699999900000000000e+11
3.998600000000000364e+03 4.000000000000000000e+00 1.699999900000000000e+11
3.998800000000000182e+03 4.000000000000000000e+00 1.699999900000000000e+11
3.999000000000000000e+03 4.000000000000000000e+00 1.699999900000000000e+11
3.999200000000000273e+03 5.656854249492380582e+00 1.699999900000000000e+11
3.999400000000000091e+03 4.000000000000000000e+00 1.699999900000000000e+11
3.999600000000000364e+03 4.000000000000000000e+00 1.699999900000000000e+11
3.999800000000000182e+03 4.000000000000000000e+00 1.699999900000000000e+11
