4.000000000000000000e+03 4.000000000000000000e+00 0.000000000000000000e+00
4.000200000000000273e+03 4.000000000000000000e+00 0.000000000000000000e+00
4.000400000000000091e+03 5.656854249492380582e+00 0.000000000000000000e+00
4.000600000000000364e+03 5.656854249492380582e+00 0.000000000000000000e+00
4.000800000000000182e+03 5.656854249492380582e+00 0.000000000000000000e+00
4.001000000000000000e+03 5.656854249492380582e+00 0.000000000000000000e+00
4.001200000000000273e+03 5.656854249492380582e+00 0.000000000000000000e+00
4.001400000000000091e+03 5.656854249492380582e+00 0.000000000000000000e+00
4.001600000000000364e+03 5.656854249492380582e+00 0.000000000000000000e+00
4.001800000000000182e+03 4.000000000000000000e+00 0.000000000000000000e+00
4.002000000000000000e+03 4.000000000000000000e+00 0.000000000000000000e+00
4.002200000000000273e+03 5.656854249492380582e+00 0.000000000000000000e+00
4.002400000000000091e+03 4.000000000000000000e+00 0.000000000000000000e+00
4.002600000000000364e+03 5.656854249492380582e+00 0.000000000000000000e+00
4.002800000000000182e+03 5.656854249492380582e+00 0.000000000000000000e+00
4.003000000000000000e+03 5.656854249492380582e+00 0.000000000000000000e+00
4.003200000000000273e+03 5.656854249492380582e+00 0.000000000000000000e+00
4.003400000000000091e+03 5.656854249492380582e+00 0.000000000000000000e+00
4.003600000000000364e+03 5.656854249492380582e+00 0.000000000000000000e+00
4.003800000000000182e+03 5.656854249492380582e+00 0.000000000000000000e+00
4.004000000000000000e+03 5.656854249492380582e+00 1.725000000000000000e+11
4.004200000000000273e+03 5.656854249492380582e+00 1.725000000000000000e+11
4.004400000000000091e+03 4.000000000000000000e+00 1.725000000000000000e+11
4.004600000000000364e+03 4.000000000000000000e+00 1.725000000000000000e+11
4.004800000000000182e+03 4.000000000000000000e+00 1.725000000000000000e+11
4.005000000000000000e+03 0.000000000000000000e+00 1.725000000000000000e+11
4.005200000000000273e+03 0.000000000000000000e+00 1.725000000000000000e+11
4.005400000000000091e+03 0.000000000000000000e+00 1.725000000000000000e+11
4.005600000000000364e+03 4.000000000000000000e+00 1.725000000000000000e+11
4.005800000000000182e+03 4.000000000000000000e+00 1.725000100000000000e+11
4.006000000000000000e+03 5.656854249492380582e+00 1.725000000000000000e+11
4.006200000000000273e+03 5.656854249492380582e+00 1.725000000000000000e+11
4.006400000000000091e+03 5.656854249492380582e+00 1.725000000000000000e+11
4.006600000000000364e+03 5.656854249492380582e+00 1.725000100000000000e+11
4.006800000000000182e+03 5.656854249492380582e+00 1.725000000000000000e+11
4.007000000000000000e+03 4.000000000000000000e+00 1.725000000000000000e+11
4.007200000000000273e+03 4.000000000000000000e+00 1.725000000000000000e+11
4.007400000000000091e+03 4.000000000000000000e+00 1.725000100000000000e+11
4.007600000000000364e+03 0.000000000000000000e+00 1.725000000000000000e+11
4.007800000000000182e+03 0.000000000000000000e+00 1.725000000000000000e+11
4.008000000000000000e+03 0.000000000000000000e+00 0.000000000000000000e+00
4.008200000000000273e+03 4.000000000000000000e+00 0.000000000000000000e+00
4.008400000000000091e+03 4.000000000000000000e+00 0.000000000000000000e+00
4.008600000000000364e+03 4.000000000000000000e+00 0.000000000000000000e+00
4.008800000000000182e+03 5.656854249492380582e+00 0.000000000000000000e+00
4.009000000000000000e+03 5.656854249492380582e+00 0.000000000000000000e+00
4.009200000000000273e+03 5.656854249492380582e+00 0.000000000000000000e+00
4.009400000000000091e+03 5.656854249492380582e+00 0.000000000000000000e+00
4.009600000000000364e+03 4.000000000000000000e+00 0.000000000000000000e+00
4.009800000000000182e+03 4.000000000000000000e+00 0.000000000000000000e+00
4.010000000000000000e+03 4.000000000000000000e+00 0.000000000000000000e+00
4.010200000000000273e+03 4.000000000000000000e+00 0.000000000000000000e+00
4.010400000000000091e+03 0.000000000000000000e+00 0.000000000000000000e+00
4.010600000000000364e+03 0.000000000000000000e+00 0.000000000000000000e+00
4.010800000000000182e+03 0.000000000000000000e+00 0.000000000000000000e+00
4.011000000000000000e+03 4.000000000000000000e+00 0.000000000000000000e+00
4.011200000000000273e+03 4.000000000000000000e+00 0.000000000000000000e+00
4.011400000000000091e+03 4.000000000000000000e+00 0.000000000000000000e+00
4.011600000000000364e+03 5.656854249492380582e+00 0.000000000000000000e+00
4.011800000000000182e+03 5.656854249492380582e+00 0.000000000000000000e+00
4.012000000000000000e+03 5.656854249492380582e+00 1.725000000000000000e+11
4.012200000000000273e+03 5.656854249492380582e+00 1.725000000000000000e+11
4.012400000000000091e+03 4.000000000000000000e+00 1.725000000000000000e+11
4.012600000000000364e+03 4.000000000000000000e+00 1.725000000000000000e+11
4.012800000000000182e+03 4.000000000000000000e+00 1.725000000000000000e+11
4.013000000000000000e+03 0.000000000000000000e+00 1.725000000000000000e+11
4.013200000000000273e+03 0.000000000000000000e+00 1.725000000000000000e+11
4.013400000000000091e+03 0.000000000000000000e+00 1.725000100000000000e+11
4.013600000000000364e+03 0.000000000000000000e+00 1.725000000000000000e+11
4.013800000000000182e+03 4.000000000000000000e+00 1.725000000000000000e+11
4.014000000000000000e+03 4.000000000000000000e+00 1.725000000000000000e+11
4.014200000000000273e+03 4.000000000000000000e+00 1.725000000000000000e+11
4.014400000000000091e+03 5.656854249492380582e+00 1.725000000000000000e+11
4.014600000000000364e+03 5.656854249492380582e+00 1.725000000000000000e+11
4.014800000000000182e+03 5.656854249492380582e+00 1.725000000000000000e+11
4.015000000000000000e+03 5.656854249492380582e+00 1.725000100000000000e+11
4.015200000000000273e+03 4.000000000000000000e+00 1.725000000000000000e+11
4.015400000000000091e+03 4.000000000000000000e+00 1.725000000000000000e+11
4.015600000000000364e+03 4.000000000000000000e+00 1.725000000000000000e+11
4.015800000000000182e+03 0.000000000000000000e+00 1.725000000000000000e+11
4.016000000000000000e+03 0.000000000000000000e+00 0.000000000000000000e+00
4.016200000000000273e+03 0.000000000000000000e+00 0.000000000000000000e+00
4.016400000000000091e+03 4.000000000000000000e+00 0.000000000000000000e+00
4.016600000000000364e+03 4.000000000000000000e+00 0.000000000000000000e+00
4.016800000000000182e+03 4.000000000000000000e+00 0.000000000000000000e+00
4.017000000000000000e+03 4.000000000000000000e+00 0.000000000000000000e+00
4.017200000000000273e+03 5.656854249492380582e+00 0.000000000000000000e+00
4.017400000000000091e+03 5.656854249492380582e+00 0.000000000000000000e+00
4.017600000000000364e+03 5.656854249492380582e+00 0.000000000000000000e+00
4.017800000000000182e+03 4.000000000000000000e+00 0.000000000000000000e+00
4.018000000000000000e+03 4.000000000000000000e+00 0.000000000000000000e+00
4.018200000000000273e+03 4.000000000000000000e+00 0.000000000000000000e+00
4.018400000000000091e+03 0.000000000000000000e+00 0.000000000000000000e+00
4.018600000000000364e+03 0.000000000000000000e+00 0.000000000000000000e+00
4.018800000000000182e+03 0.000000000000000000e+00 0.000000000000000000e+00
4.019000000000000000e+03 0.000000000000000000e+00 0.000000000000000000e+00
4.019200000000000273e+03 4.000000000000000000e+00 0.000000000000000000e+00
4.019400000000000091e+03 4.000000000000000000e+00 0.000000000000000000e+00
4.019600000000000364e+03 4.000000000000000000e+00 0.000000000000000000e+00
4.019800000000000182e+03 5.656854249492380582e+00 0.000000000000000000e+00
4.020000000000000000e+03 5.656854249492380582e+00 1.725000000000000000e+11
4.020200000000000273e+03 5.656854249492380582e+00 1.725000000000000000e+11
4.020400000000000091e+03 5.656854249492380582e+00 1.725000000000000000e+11
4.020600000000000364e+03 4.000000000000000000e+00 1.725000000000000000e+11
4.020800000000000182e+03 4.000000000000000000e+00 1.725000100000000000e+11
4.021000000000000000e+03 4.000000000000000000e+00 1.725000000000000000e+11
4.021200000000000273e+03 0.000000000000000000e+00 1.725000100000000000e+11
4.021400000000000091e+03 0.000000000000000000e+00 1.725000000000000000e+11
4.021600000000000364e+03 0.000000000000000000e+00 1.725000000000000000e+11
4.021800000000000182e+03 4.000000000000000000e+00 1.725000000000000000e+11
4.022000000000000000e+03 4.000000000000000000e+00 1.725000000000000000e+11
4.022200000000000273e+03 4.000000000000000000e+00 1.725000000000000000e+11
4.022400000000000091e+03 4.000000000000000000e+00 1.725000000000000000e+11
4.022600000000000364e+03 5.656854249492380582e+00 1.725000000000000000e+11
4.022800000000000182e+03 5.656854249492380582e+00 1.725000000000000000e+11
4.023000000000000000e+03 5.656854249492380582e+00 1.725000000000000000e+11
4.023200000000000273e+03 4.000000000000000000e+00 1.725000000000000000e+11
4.023400000000000091e+03 4.000000000000000000e+00 1.725000000000000000e+11
4.023600000000000364e+03 4.000000000000000000e+00 1.725000000000000000e+11
4.023800000000000182e+03 4.000000000000000000e+00 1.725000000000000000e+11
4.024000000000000000e+03 0.000000000000000000e+00 0.000000000000000000e+00
4.024200000000000273e+03 0.000000000000000000e+00 0.000000000000000000e+00
4.024400000000000091e+03 0.000000000000000000e+00 0.000000000000000000e+00
4.024600000000000364e+03 4.000000000000000000e+00 0.000000000000000000e+00
4.024800000000000182e+03 4.000000000000000000e+00 0.000000000000000000e+00
4.025000000000000000e+03 4.000000000000000000e+00 0.000000000000000000e+00
4.025200000000000273e+03 5.656854249492380582e+00 0.000000000000000000e+00
4.025400000000000091e+03 5.656854249492380582e+00 0.000000000000000000e+00
4.025600000000000364e+03 5.656854249492380582e+00 0.000000000000000000e+00
4.025800000000000182e+03 5.656854249492380582e+00 0.000000000000000000e+00
4.026000000000000000e+03 4.000000000000000000e+00 0.000000000000000000e+00
4.026200000000000273e+03 4.000000000000000000e+00 0.000000000000000000e+00
4.026400000000000091e+03 4.000000000000000000e+00 0.000000000000000000e+00
4.026600000000000364e+03 0.000000000000000000e+00 0.000000000000000000e+00
4.026800000000000182e+03 0.000000000000000000e+00 0.000000000000000000e+00
4.027000000000000000e+03 0.000000000000000000e+00 0.000000000000000000e+00
4.027200000000000273e+03 0.000000000000000000e+00 0.000000000000000000e+00
4.027400000000000091e+03 4.000000000000000000e+00 0.000000000000000000e+00
4.027600000000000364e+03 4.000000000000000000e+00 0.000000000000000000e+00
4.027800000000000182e+03 4.000000000000000000e+00 0.000000000000000000e+00
4.028000000000000000e+03 5.656854249492380582e+00 1.725000000000000000e+11
4.028200000000000273e+03 5.656854249492380582e+00 1.725000000000000000e+11
4.028400000000000091e+03 5.656854249492380582e+00 1.725000000000000000e+11
4.028600000000000364e+03 4.000000000000000000e+00 1.725000000000000000e+11
4.028800000000000182e+03 4.000000000000000000e+00 1.725000000000000000e+11
4.029000000000000000e+03 4.000000000000000000e+00 1.725000000000000000e+11
4.029200000000000273e+03 4.000000000000000000e+00 1.725000000000000000e+11
4.029400000000000091e+03 0.000000000000000000e+00 1.725000000000000000e+11
4.029600000000000364e+03 0.000000000000000000e+00 1.725000000000000000e+11
4.029800000000000182e+03 0.000000000000000000e+00 1.725000000000000000e+11
4.030000000000000000e+03 4.000000000000000000e+00 1.725000000000000000e+11
4.030200000000000273e+03 4.000000000000000000e+00 1.725000100000000000e+11
4.030400000000000091e+03 4.000000000000000000e+00 1.725000000000000000e+11
4.030600000000000364e+03 4.000000000000000000e+00 1.725000000000000000e+11
4.030800000000000182e+03 5.656854249492380582e+00 1.725000000000000000e+11
4.031000000000000000e+03 5.656854249492380582e+00 1.725000000000000000e+11
4.031200000000000273e+03 5.656854249492380582e+00 1.725000000000000000e+11
4.031400000000000091e+03 4.000000000000000000e+00 1.725000000000000000e+11
4.031600000000000364e+03 4.000000000000000000e+00 1.725000000000000000e+11
4.031800000000000182e+03 4.000000000000000000e+00 1.725000000000000000e+11
4.032000000000000000e+03 0.000000000000000000e+00 0.000000000000000000e+00
4.032200000000000273e+03 0.000000000000000000e+00 0.000000000000000000e+00
4.032400000000000091e+03 0.000000000000000000e+00 0.000000000000000000e+00
4.032600000000000364e+03 0.000000000000000000e+00 0.000000000000000000e+00
4.032800000000000182e+03 4.000000000000000000e+00 0.000000000000000000e+00
4.033000000000000000e+03 4.000000000000000000e+00 0.000000000000000000e+00
4.033200000000000273e+03 4.000000000000000000e+00 0.000000000000000000e+00
4.033400000000000091e+03 5.656854249492380582e+00 0.000000000000000000e+00
4.033600000000000364e+03 5.656854249492380582e+00 0.000000000000000000e+00
4.033800000000000182e+03 5.656854249492380582e+00 0.000000000000000000e+00
4.034000000000000000e+03 5.656854249492380582e+00 0.000000000000000000e+00
4.034200000000000273e+03 4.000000000000000000e+00 0.000000000000000000e+00
4.034400000000000091e+03 4.000000000000000000e+00 0.000000000000000000e+00
4.034600000000000364e+03 4.000000000000000000e+00 0.000000000000000000e+00
4.034800000000000182e+03 0.000000000000000000e+00 0.000000000000000000e+00
4.035000000000000000e+03 0.000000000000000000e+00 0.000000000000000000e+00
4.035200000000000273e+03 0.000000000000000000e+00 0.000000000000000000e+00
4.035400000000000091e+03 4.000000000000000000e+00 0.000000000000000000e+00
4.035600000000000364e+03 4.000000000000000000e+00 0.000000000000000000e+00
4.035800000000000182e+03 4.000000000000000000e+00 0.000000000000000000e+00
4.036000000000000000e+03 4.000000000000000000e+00 1.725000100000000000e+11
4.036200000000000273e+03 5.656854249492380582e+00 1.725000000000000000e+11
4.036400000000000091e+03 5.656854249492380582e+00 1.725000000000000000e+11
4.036600000000000364e+03 5.656854249492380582e+00 1.725000000000000000e+11
4.036800000000000182e+03 4.000000000000000000e+00 1.725000000000000000e+11
4.037000000000000000e+03 4.000000000000000000e+00 1.725000000000000000e+11
4.037200000000000273e+03 4.000000000000000000e+00 1.725000000000000000e+11
4.037400000000000091e+03 0.000000000000000000e+00 1.725000000000000000e+11
4.037600000000000364e+03 0.000000000000000000e+00 1.725000000000000000e+11
4.037800000000000182e+03 0.000000000000000000e+00 1.725000000000000000e+11
4.038000000000000000e+03 0.000000000000000000e+00 1.725000000000000000e+11
4.038200000000000273e+03 4.000000000000000000e+00 1.725000000000000000e+11
4.038400000000000091e+03 4.000000000000000000e+00 1.725000000000000000e+11
4.038600000000000364e+03 4.000000000000000000e+00 1.725000000000000000e+11
4.038800000000000182e+03 5.656854249492380582e+00 1.725000000000000000e+11
4.039000000000000000e+03 5.656854249492380582e+00 1.725000000000000000e+11
4.039200000000000273e+03 5.656854249492380582e+00 1.725000000000000000e+11
4.039400000000000091e+03 5.656854249492380582e+00 1.725000000000000000e+11
4.039600000000000364e+03 4.000000000000000000e+00 1.725000000000000000e+11
4.039800000000000182e+03 4.000000000000000000e+00 1.725000000000000000e+11
4.040000000000000000e+03 4.000000000000000000e+00 0.000000000000000000e+00
4.040200000000000273e+03 0.000000000000000000e+00 0.000000000000000000e+00
4.040400000000000091e+03 0.000000000000000000e+00 0.000000000000000000e+00
4.040600000000000364e+03 0.000000000000000000e+00 0.000000000000000000e+00
4.040800000000000182e+03 0.000000000000000000e+00 0.000000000000000000e+00
4.041000000000000000e+03 4.000000000000000000e+00 0.000000000000000000e+00
4.041200000000000273e+03 4.000000000000000000e+00 0.000000000000000000e+00
4.041400000000000091e+03 4.000000000000000000e+00 0.000000000000000000e+00
4.041600000000000364e+03 5.656854249492380582e+00 0.000000000000000000e+00
4.041800000000000182e+03 5.656854249492380582e+00 0.000000000000000000e+00
4.042000000000000000e+03 5.656854249492380582e+00 0.000000000000000000e+00
4.042200000000000273e+03 4.000000000000000000e+00 0.000000000000000000e+00
4.042400000000000091e+03 4.000000000000000000e+00 0.000000000000000000e+00
4.042600000000000364e+03 4.000000000000000000e+00 0.000000000000000000e+00
4.042800000000000182e+03 4.000000000000000000e+00 0.000000000000000000e+00
4.043000000000000000e+03 0.000000000000000000e+00 0.000000000000000000e+00
4.043200000000000273e+03 0.000000000000000000e+00 0.000000000000000000e+00
4.043400000000000091e+03 0.000000000000000000e+00 0.000000000000000000e+00
4.043600000000000364e+03 4.000000000000000000e+00 0.000000000000000000e+00
4.043800000000000182e+03 4.000000000000000000e+00 0.000000000000000000e+00
4.044000000000000000e+03 4.000000000000000000e+00 1.725000000000000000e+11
4.044200000000000273e+03 5.656854249492380582e+00 1.725000000000000000e+11
4.044400000000000091e+03 5.656854249492380582e+00 1.725000000000000000e+11
4.044600000000000364e+03 5.656854249492380582e+00 1.725000000000000000e+11
4.044800000000000182e+03 5.656854249492380582e+00 1.725000000000000000e+11
4.045000000000000000e+03 4.000000000000000000e+00 1.725000000000000000e+11
4.045200000000000273e+03 4.000000000000000000e+00 1.725000000000000000e+11
4.045400000000000091e+03 4.000000000000000000e+00 1.725000000000000000e+11
4.045600000000000364e+03 0.000000000000000000e+00 1.725000000000000000e+11
4.045800000000000182e+03 0.000000000000000000e+00 1.725000100000000000e+11
4.046000000000000000e+03 0.000000000000000000e+00 1.725000000000000000e+11
4.046200000000000273e+03 0.000000000000000000e+00 1.725000000000000000e+11
4.046400000000000091e+03 4.000000000000000000e+00 1.725000000000000000e+11
4.046600000000000364e+03 4.000000000000000000e+00 1.725000000000000000e+11
4.046800000000000182e+03 4.000000000000000000e+00 1.725000000000000000e+11
4.047000000000000000e+03 5.656854249492380582e+00 1.725000100000000000e+11
4.047200000000000273e+03 5.656854249492380582e+00 1.725000100000000000e+11
4.047400000000000091e+03 5.656854249492380582e+00 1.725000000000000000e+11
4.047600000000000364e+03 5.656854249492380582e+00 1.725000000000000000e+11
4.047800000000000182e+03 4.000000000000000000e+00 1.725000000000000000e+11
4.048000000000000000e+03 4.000000000000000000e+00 0.000000000000000000e+00
4.048200000000000273e+03 4.000000000000000000e+00 0.000000000000000000e+00
4.048400000000000091e+03 0.000000000000000000e+00 0.000000000000000000e+00
4.048600000000000364e+03 0.000000000000000000e+00 0.000000000000000000e+00
4.048800000000000182e+03 0.000000000000000000e+00 0.000000000000000000e+00
4.049000000000000000e+03 4.000000000000000000e+00 0.000000000000000000e+00
4.049200000000000273e+03 4.000000000000000000e+00 0.000000000000000000e+00
4.049400000000000091e+03 4.000000000000000000e+00 0.000000000000000000e+00
4.049600000000000364e+03 4.000000000000000000e+00 0.000000000000000000e+00
4.049800000000000182e+03 5.656854249492380582e+00 0.000000000000000000e+00
4.050000000000000000e+03 5.656854249492380582e+00 0.000000000000000000e+00
4.050200000000000273e+03 5.656854249492380582e+00 0.000000000000000000e+00
4.050400000000000091e+03 4.000000000000000000e+00 0.000000000000000000e+00
4.050600000000000364e+03 4.000000000000000000e+00 0.000000000000000000e+00
4.050800000000000182e+03 4.000000000000000000e+00 0.000000000000000000e+00
4.051000000000000000e+03 0.000000000000000000e+00 0.000000000000000000e+00
4.051200000000000273e+03 0.000000000000000000e+00 0.000000000000000000e+00
4.051400000000000091e+03 0.000000000000000000e+00 0.000000000000000000e+00
4.051600000000000364e+03 0.000000000000000000e+00 0.000000000000000000e+00
4.051800000000000182e+03 4.000000000000000000e+00 0.000000000000000000e+00
4.052000000000000000e+03 4.000000000000000000e+00 1.725000000000000000e+11
4.052200000000000273e+03 4.000000000000000000e+00 1.725000000000000000e+11
4.052400000000000091e+03 5.656854249492380582e+00 1.725000000000000000e+11
4.052600000000000364e+03 5.656854249492380582e+00 1.725000100000000000e+11
4.052800000000000182e+03 5.656854249492380582e+00 1.725000000000000000e+11
4.053000000000000000e+03 5.656854249492380582e+00 1.725000100000000000e+11
4.053200000000000273e+03 4.000000000000000000e+00 1.725000000000000000e+11
4.053400000000000091e+03 4.000000000000000000e+00 1.725000000000000000e+11
4.053600000000000364e+03 4.000000000000000000e+00 1.725000100000000000e+11
4.053800000000000182e+03 0.000000000000000000e+00 1.725000000000000000e+11
4.054000000000000000e+03 0.000000000000000000e+00 1.725000000000000000e+11
4.054200000000000273e+03 0.000000000000000000e+00 1.725000000000000000e+11
4.054400000000000091e+03 4.000000000000000000e+00 1.725000000000000000e+11
4.054600000000000364e+03 4.000000000000000000e+00 1.725000000000000000e+11
4.054800000000000182e+03 4.000000000000000000e+00 1.725000000000000000e+11
4.055000000000000000e+03 4.000000000000000000e+00 1.725000000000000000e+11
4.055200000000000273e+03 5.656854249492380582e+00 1.725000100000000000e+11
4.055400000000000091e+03 5.656854249492380582e+00 1.725000000000000000e+11
4.055600000000000364e+03 5.656854249492380582e+00 1.725000000000000000e+11
4.055800000000000182e+03 4.000000000000000000e+00 1.725000000000000000e+11
4.056000000000000000e+03 4.000000000000000000e+00 0.000000000000000000e+00
4.056200000000000273e+03 4.000000000000000000e+00 0.000000000000000000e+00
4.056400000000000091e+03 4.000000000000000000e+00 0.000000000000000000e+00
4.056600000000000364e+03 0.000000000000000000e+00 0.000000000000000000e+00
4.056800000000000182e+03 0.000000000000000000e+00 0.000000000000000000e+00
4.057000000000000000e+03 0.000000000000000000e+00 0.000000000000000000e+00
4.057200000000000273e+03 4.000000000000000000e+00 0.000000000000000000e+00
4.057400000000000091e+03 4.000000000000000000e+00 0.000000000000000000e+00
4.057600000000000364e+03 4.000000000000000000e+00 0.000000000000000000e+00
4.057800000000000182e+03 5.656854249492380582e+00 0.000000000000000000e+00
4.058000000000000000e+03 5.656854249492380582e+00 0.000000000000000000e+00
4.058200000000000273e+03 5.656854249492380582e+00 0.000000000000000000e+00
4.058400000000000091e+03 5.656854249492380582e+00 0.000000000000000000e+00
4.058600000000000364e+03 4.000000000000000000e+00 0.000000000000000000e+00
4.058800000000000182e+03 4.000000000000000000e+00 0.000000000000000000e+00
4.059000000000000000e+03 4.000000000000000000e+00 0.000000000000000000e+00
4.059200000000000273e+03 0.000000000000000000e+00 0.000000000000000000e+00
4.059400000000000091e+03 0.000000000000000000e+00 0.000000000000000000e+00
4.059600000000000364e+03 0.000000000000000000e+00 0.000000000000000000e+00
4.059800000000000182e+03 0.000000000000000000e+00 0.000000000000000000e+00
4.060000000000000000e+03 4.000000000000000000e+00 1.725000000000000000e+11
4.060200000000000273e+03 4.000000000000000000e+00 1.725000000000000000e+11
4.060400000000000091e+03 4.000000000000000000e+00 1.725000000000000000e+11
4.060600000000000364e+03 5.656854249492380582e+00 1.725000000000000000e+11
4.060800000000000182e+03 5.656854249492380582e+00 1.725000100000000000e+11
4.061000000000000000e+03 5.656854249492380582e+00 1.725000000000000000e+11
4.061200000000000273e+03 4.000000000000000000e+00 1.725000000000000000e+11
4.061400000000000091e+03 4.000000000000000000e+00 1.725000000000000000e+11
4.061600000000000364e+03 4.000000000000000000e+00 1.725000000000000000e+11
4.061800000000000182e+03 4.000000000000000000e+00 1.725000100000000000e+11
4.062000000000000000e+03 0.000000000000000000e+00 1.725000100000000000e+11
4.062200000000000273e+03 0.000000000000000000e+00 1.725000000000000000e+11
4.062400000000000091e+03 0.000000000000000000e+00 1.725000000000000000e+11
4.062600000000000364e+03 4.000000000000000000e+00 1.725000100000000000e+11
4.062800000000000182e+03 4.000000000000000000e+00 1.725000000000000000e+11
4.063000000000000000e+03 4.000000000000000000e+00 1.725000000000000000e+11
4.063200000000000273e+03 4.000000000000000000e+00 1.725000000000000000e+11
4.063400000000000091e+03 5.656854249492380582e+00 1.725000100000000000e+11
4.063600000000000364e+03 5.656854249492380582e+00 1.725000000000000000e+11
4.063800000000000182e+03 5.656854249492380582e+00 1.725000000000000000e+11
4.064000000000000000e+03 4.000000000000000000e+00 0.000000000000000000e+00
4.064200000000000273e+03 4.000000000000000000e+00 0.000000000000000000e+00
4.064400000000000091e+03 4.000000000000000000e+00 0.000000000000000000e+00
4.064600000000000364e+03 4.000000000000000000e+00 0.000000000000000000e+00
4.064800000000000182e+03 0.000000000000000000e+00 0.000000000000000000e+00
4.065000000000000000e+03 0.000000000000000000e+00 0.000000000000000000e+00
4.065200000000000273e+03 0.000000000000000000e+00 0.000000000000000000e+00
4.065400000000000091e+03 4.000000000000000000e+00 0.000000000000000000e+00
4.065600000000000364e+03 4.000000000000000000e+00 0.000000000000000000e+00
4.065800000000000182e+03 4.000000000000000000e+00 0.000000000000000000e+00
4.066000000000000000e+03 5.656854249492380582e+00 0.000000000000000000e+00
4.066200000000000273e+03 5.656854249492380582e+00 0.000000000000000000e+00
4.066400000000000091e+03 5.656854249492380582e+00 0.000000000000000000e+00
4.066600000000000364e+03 5.656854249492380582e+00 0.000000000000000000e+00
4.066800000000000182e+03 4.000000000000000000e+00 0.000000000000000000e+00
4.067000000000000000e+03 4.000000000000000000e+00 0.000000000000000000e+00
4.067200000000000273e+03 4.000000000000000000e+00 0.000000000000000000e+00
4.067400000000000091e+03 0.000000000000000000e+00 0.000000000000000000e+00
4.067600000000000364e+03 0.000000000000000000e+00 0.000000000000000000e+00
4.067800000000000182e+03 0.000000000000000000e+00 0.000000000000000000e+00
4.068000000000000000e+03 4.000000000000000000e+00 1.725000100000000000e+11
4.068200000000000273e+03 4.000000000000000000e+00 1.725000000000000000e+11
4.068400000000000091e+03 4.000000000000000000e+00 1.725000000000000000e+11
4.068600000000000364e+03 4.000000000000000000e+00 1.725000000000000000e+11
4.068800000000000182e+03 5.656854249492380582e+00 1.725000000000000000e+11
4.069000000000000000e+03 5.656854249492380582e+00 1.725000100000000000e+11
4.069200000000000273e+03 5.656854249492380582e+00 1.725000000000000000e+11
4.069400000000000091e+03 4.000000000000000000e+00 1.725000000000000000e+11
4.069600000000000364e+03 4.000000000000000000e+00 1.725000000000000000e+11
4.069800000000000182e+03 4.000000000000000000e+00 1.725000000000000000e+11
4.070000000000000000e+03 4.000000000000000000e+00 1.725000000000000000e+11
4.070200000000000273e+03 0.000000000000000000e+00 1.725000000000000000e+11
4.070400000000000091e+03 0.000000000000000000e+00 1.725000000000000000e+11
4.070600000000000364e+03 0.000000000000000000e+00 1.725000000000000000e+11
4.070800000000000182e+03 4.000000000000000000e+00 1.725000000000000000e+11
4.071000000000000000e+03 4.000000000000000000e+00 1.725000000000000000e+11
4.071200000000000273e+03 4.000000000000000000e+00 1.725000000000000000e+11
4.071400000000000091e+03 4.000000000000000000e+00 1.725000000000000000e+11
4.071600000000000364e+03 5.656854249492380582e+00 1.725000100000000000e+11
4.071800000000000182e+03 5.656854249492380582e+00 1.725000000000000000e+11
4.072000000000000000e+03 5.656854249492380582e+00 0.000000000000000000e+00
4.072200000000000273e+03 4.000000000000000000e+00 0.000000000000000000e+00
4.072400000000000091e+03 4.000000000000000000e+00 0.000000000000000000e+00
4.072600000000000364e+03 4.000000000000000000e+00 0.000000000000000000e+00
4.072800000000000182e+03 4.000000000000000000e+00 0.000000000000000000e+00
4.073000000000000000e+03 0.000000000000000000e+00 0.000000000000000000e+00
4.073200000000000273e+03 0.000000000000000000e+00 0.000000000000000000e+00
4.073400000000000091e+03 0.000000000000000000e+00 0.000000000000000000e+00
4.073600000000000364e+03 4.000000000000000000e+00 0.000000000000000000e+00
4.073800000000000182e+03 4.000000000000000000e+00 0.000000000000000000e+00
4.074000000000000000e+03 4.000000000000000000e+00 0.000000000000000000e+00
4.074200000000000273e+03 4.000000000000000000e+00 0.000000000000000000e+00
4.074400000000000091e+03 5.656854249492380582e+00 0.000000000000000000e+00
4.074600000000000364e+03 5.656854249492380582e+00 0.000000000000000000e+00
4.074800000000000182e+03 5.656854249492380582e+00 0.000000000000000000e+00
4.075000000000000000e+03 4.000000000000000000e+00 0.000000000000000000e+00
4.075200000000000273e+03 4.000000000000000000e+00 0.000000000000000000e+00
4.075400000000000091e+03 4.000000000000000000e+00 0.000000000000000000e+00
4.075600000000000364e+03 4.000000000000000000e+00 0.000000000000000000e+00
4.075800000000000182e+03 0.000000000000000000e+00 0.000000000000000000e+00
4.076000000000000000e+03 0.000000000000000000e+00 1.725000000000000000e+11
4.076200000000000273e+03 0.000000000000000000e+00 1.725000000000000000e+11
4.076400000000000091e+03 4.000000000000000000e+00 1.725000000000000000e+11
4.076600000000000364e+03 4.000000000000000000e+00 1.725000000000000000e+11
4.076800000000000182e+03 4.000000000000000000e+00 1.725000000000000000e+11
4.077000000000000000e+03 4.000000000000000000e+00 1.725000000000000000e+11
4.077200000000000273e+03 5.656854249492380582e+00 1.725000000000000000e+11
4.077400000000000091e+03 5.656854249492380582e+00 1.725000000000000000e+11
4.077600000000000364e+03 5.656854249492380582e+00 1.725000000000000000e+11
4.077800000000000182e+03 5.656854249492380582e+00 1.725000000000000000e+11
4.078000000000000000e+03 4.000000000000000000e+00 1.725000000000000000e+11
4.078200000000000273e+03 4.000000000000000000e+00 1.725000000000000000e+11
4.078400000000000091e+03 4.000000000000000000e+00 1.725000000000000000e+11
4.078600000000000364e+03 4.000000000000000000e+00 1.725000000000000000e+11
4.078800000000000182e+03 0.000000000000000000e+00 1.725000000000000000e+11
4.079000000000000000e+03 0.000000000000000000e+00 1.725000000000000000e+11
4.079200000000000273e+03 0.000000000000000000e+00 1.725000000000000000e+11
4.079400000000000091e+03 4.000000000000000000e+00 1.725000100000000000e+11
4.079600000000000364e+03 4.000000000000000000e+00 1.725000000000000000e+11
4.079800000000000182e+03 4.000000000000000000e+00 1.725000000000000000e+11
4.080000000000000000e+03 8.000000000000000000e+00 0.000000000000000000e+00
4.080200000000000273e+03 8.944271909999159220e+00 0.000000000000000000e+00
4.080400000000000091e+03 5.656854249492380582e+00 0.000000000000000000e+00
4.080600000000000364e+03 5.656854249492380582e+00 0.000000000000000000e+00
4.080800000000000182e+03 8.944271909999159220e+00 0.000000000000000000e+00
4.081000000000000000e+03 8.000000000000000000e+00 0.000000000000000000e+00
4.081200000000000273e+03 4.000000000000000000e+00 0.000000000000000000e+00
4.081400000000000091e+03 4.000000000000000000e+00 0.000000000000000000e+00
4.081600000000000364e+03 5.656854249492380582e+00 0.000000000000000000e+00
4.081800000000000182e+03 4.000000000000000000e+00 0.000000000000000000e+00
4.082000000000000000e+03 0.000000000000000000e+00 0.000000000000000000e+00
4.082200000000000273e+03 0.000000000000000000e+00 0.000000000000000000e+00
4.082400000000000091e+03 4.000000000000000000e+00 0.000000000000000000e+00
4.082600000000000364e+03 4.000000000000000000e+00 0.000000000000000000e+00
4.082800000000000182e+03 4.000000000000000000e+00 0.000000000000000000e+00
4.083000000000000000e+03 4.000000000000000000e+00 0.000000000000000000e+00
4.083200000000000273e+03 8.000000000000000000e+00 0.000000000000000000e+00
4.083400000000000091e+03 5.656854249492380582e+00 0.000000000000000000e+00
4.083600000000000364e+03 5.656854249492380582e+00 0.000000000000000000e+00
4.083800000000000182e+03 5.656854249492380582e+00 0.000000000000000000e+00
4.084000000000000000e+03 4.000000000000000000e+00 1.725000000000000000e+11
4.084200000000000273e+03 4.000000000000000000e+00 1.725000000000000000e+11
4.084400000000000091e+03 4.000000000000000000e+00 1.725000000000000000e+11
4.084600000000000364e+03 5.656854249492380582e+00 1.725000000000000000e+11
4.084800000000000182e+03 4.000000000000000000e+00 1.725000000000000000e+11
4.085000000000000000e+03 4.000000000000000000e+00 1.725000000000000000e+11
4.085200000000000273e+03 4.000000000000000000e+00 1.725000000000000000e+11
4.085400000000000091e+03 4.000000000000000000e+00 1.725000000000000000e+11
4.085600000000000364e+03 5.656854249492380582e+00 1.725000000000000000e+11
4.085800000000000182e+03 5.656854249492380582e+00 1.725000000000000000e+11
4.086000000000000000e+03 8.944271909999159220e+00 1.725000000000000000e+11
4.086200000000000273e+03 1.200000000000000000e+01 1.725000000000000000e+11
4.086400000000000091e+03 1.264911064067351809e+01 1.725000000000000000e+11
4.086600000000000364e+03 1.442220510185595650e+01 1.725000000000000000e+11
4.086800000000000182e+03 1.442220510185595650e+01 1.725000100000000000e+11
4.087000000000000000e+03 1.264911064067351809e+01 1.725000000000000000e+11
4.087200000000000273e+03 1.600000000000000000e+01 1.725000100000000000e+11
4.087400000000000091e+03 1.442220510185595650e+01 1.725000000000000000e+11
4.087600000000000364e+03 1.442220510185595650e+01 1.725000000000000000e+11
4.087800000000000182e+03 1.649242250247064234e+01 1.725000000000000000e+11
4.088000000000000000e+03 1.649242250247064234e+01 0.000000000000000000e+00
4.088200000000000273e+03 1.442220510185595650e+01 0.000000000000000000e+00
4.088400000000000091e+03 1.264911064067351809e+01 0.000000000000000000e+00
4.088600000000000364e+03 1.600000000000000000e+01 0.000000000000000000e+00
4.088800000000000182e+03 1.442220510185595650e+01 0.000000000000000000e+00
4.089000000000000000e+03 1.788854381999831844e+01 0.000000000000000000e+00
4.089200000000000273e+03 1.649242250247064234e+01 0.000000000000000000e+00
4.089400000000000091e+03 2.039607805437113797e+01 0.000000000000000000e+00
4.089600000000000364e+03 1.788854381999831844e+01 0.000000000000000000e+00
4.089800000000000182e+03 2.000000000000000000e+01 0.000000000000000000e+00
4.090000000000000000e+03 1.788854381999831844e+01 0.000000000000000000e+00
4.090200000000000273e+03 1.600000000000000000e+01 0.000000000000000000e+00
4.090400000000000091e+03 1.788854381999831844e+01 0.000000000000000000e+00
4.090600000000000364e+03 1.697056274847713908e+01 0.000000000000000000e+00
4.090800000000000182e+03 1.264911064067351809e+01 0.000000000000000000e+00
4.091000000000000000e+03 1.200000000000000000e+01 0.000000000000000000e+00
4.091200000000000273e+03 1.442220510185595650e+01 0.000000000000000000e+00
4.091400000000000091e+03 1.264911064067351809e+01 0.000000000000000000e+00
4.091600000000000364e+03 1.200000000000000000e+01 0.000000000000000000e+00
4.091800000000000182e+03 1.442220510185595650e+01 0.000000000000000000e+00
4.092000000000000000e+03 1.442220510185595650e+01 1.725000000000000000e+11
4.092200000000000273e+03 1.649242250247064234e+01 1.725000000000000000e+11
4.092400000000000091e+03 2.000000000000000000e+01 1.725000000000000000e+11
4.092600000000000364e+03 2.154065922853801496e+01 1.725000000000000000e+11
4.092800000000000182e+03 2.262741699796952233e+01 1.725000000000000000e+11
4.093000000000000000e+03 2.529822128134703618e+01 1.725000000000000000e+11
4.093200000000000273e+03 2.400000000000000000e+01 1.725000000000000000e+11
4.093400000000000091e+03 2.529822128134703618e+01 1.725000000000000000e+11
4.093600000000000364e+03 2.828427124746190202e+01 1.725000000000000000e+11
4.093800000000000182e+03 2.683281572999747766e+01 1.725000000000000000e+11
4.094000000000000000e+03 2.800000000000000000e+01 1.725000000000000000e+11
4.094200000000000273e+03 3.224903099319419653e+01 1.725000000000000000e+11
4.094400000000000091e+03 3.440930106817050671e+01 1.725000100000000000e+11
4.094600000000000364e+03 3.687817782917154830e+01 1.725000100000000000e+11
4.094800000000000182e+03 4.079215610874227593e+01 1.725000000000000000e+11
4.095000000000000000e+03 4.560701700396551672e+01 1.725000000000000000e+11
4.095200000000000273e+03 5.011985634456667071e+01 1.725000000000000000e+11
4.095400000000000091e+03 5.656854249492380404e+01 1.725000000000000000e+11
4.095600000000000364e+03 5.824087911424414443e+01 1.725000100000000000e+11
4.095800000000000182e+03 6.560487786742690730e+01 1.725000000000000000e+11
4.096000000000000000e+03 6.800000000000000000e+01 0.000000000000000000e+00
4.096199999999999818e+03 6.846897107449476039e+01 0.000000000000000000e+00
4.096400000000000546e+03 6.705221845696084415e+01 0.000000000000000000e+00
4.096600000000000364e+03 6.511528238439882443e+01 0.000000000000000000e+00
4.096800000000000182e+03 6.092618484691126923e+01 0.000000000000000000e+00
4.097000000000000000e+03 6.000000000000000000e+01 0.000000000000000000e+00
4.097199999999999818e+03 6.260990336999411454e+01 0.000000000000000000e+00
4.097400000000000546e+03 6.000000000000000000e+01 0.000000000000000000e+00
4.097600000000000364e+03 5.824087911424414443e+01 0.000000000000000000e+00
4.097800000000000182e+03 6.118823416311342100e+01 0.000000000000000000e+00
4.098000000000000000e+03 6.000000000000000000e+01 0.000000000000000000e+00
4.098199999999999818e+03 6.105735008989498880e+01 0.000000000000000000e+00
4.098400000000000546e+03 6.053098380168622583e+01 0.000000000000000000e+00
4.098600000000000364e+03 6.209669878504009688e+01 0.000000000000000000e+00
4.098800000000000182e+03 6.248199740725323181e+01 0.000000000000000000e+00
4.099000000000000000e+03 5.905929224093360119e+01 0.000000000000000000e+00
4.099199999999999818e+03 6.013318551349163243e+01 0.000000000000000000e+00
4.099400000000000546e+03 5.946427498927402411e+01 0.000000000000000000e+00
4.099600000000000364e+03 5.946427498927402411e+01 0.000000000000000000e+00
4.099800000000000182e+03 5.727128425310541360e+01 0.000000000000000000e+00
4.100000000000000000e+03 5.600000000000000000e+01 1.725000000000000000e+11
4.100199999999999818e+03 5.727128425310541360e+01 1.725000000000000000e+11
4.100400000000000546e+03 6.248199740725323181e+01 1.725000100000000000e+11
4.100600000000000364e+03 6.596969000988256937e+01 1.725000000000000000e+11
4.100800000000000182e+03 7.299315036357863562e+01 1.725000000000000000e+11
4.101000000000000000e+03 8.099382692526634742e+01 1.725000000000000000e+11
4.101199999999999818e+03 8.988882021697692437e+01 1.725000000000000000e+11
4.101400000000000546e+03 9.674709297958258958e+01 1.725000000000000000e+11
4.101600000000000364e+03 1.038460398859773619e+02 1.725000000000000000e+11
4.101800000000000182e+03 1.106345334875146449e+02 1.725000000000000000e+11
4.102000000000000000e+03 1.198665925101735752e+02 1.725000000000000000e+11
4.102199999999999818e+03 1.280624847486569706e+02 1.725000000000000000e+11
4.102400000000000546e+03 1.344618905117728787e+02 1.725000000000000000e+11
4.102600000000000364e+03 1.418731828077455930e+02 1.725000100000000000e+11
4.102800000000000182e+03 1.484318025222357846e+02 1.725000100000000000e+11
4.103000000000000000e+03 1.553319027115807955e+02 1.725000000000000000e+11
4.103199999999999818e+03 1.282497563350511882e+02 1.725000000000000000e+11
4.103400000000000546e+03 1.235475616918440096e+02 1.725000000000000000e+11
4.103600000000000364e+03 1.144027971686007277e+02 1.725000000000000000e+11
4.103800000000000182e+03 1.059056183589898126e+02 1.725000000000000000e+11
4.104000000000000000e+03 9.806120537705010065e+01 0.000000000000000000e+00
4.104199999999999818e+03 9.440338976964757478e+01 0.000000000000000000e+00
4.104400000000000546e+03 9.674709297958258958e+01 0.000000000000000000e+00
4.104600000000000364e+03 9.277930803794561143e+01 0.000000000000000000e+00
4.104800000000000182e+03 9.234717104492156636e+01 0.000000000000000000e+00
4.105000000000000000e+03 9.068627239003707530e+01 0.000000000000000000e+00
4.105199999999999818e+03 8.772684879784523559e+01 0.000000000000000000e+00
4.105400000000000546e+03 8.809086218218095610e+01 0.000000000000000000e+00
4.105600000000000364e+03 8.588364221433555201e+01 0.000000000000000000e+00
4.105800000000000182e+03 8.560373823613078059e+01 0.000000000000000000e+00
4.106000000000000000e+03 8.246211251235321527e+01 0.000000000000000000e+00
4.106199999999999818e+03 8.634813257969160816e+01 0.000000000000000000e+00
4.106400000000000546e+03 8.560373823613078059e+01 0.000000000000000000e+00
4.106600000000000364e+03 8.588364221433555201e+01 0.000000000000000000e+00
4.106800000000000182e+03 8.438009243891595190e+01 0.000000000000000000e+00
4.107000000000000000e+03 8.475848040166836483e+01 0.000000000000000000e+00
4.107199999999999818e+03 8.504116650187719983e+01 0.000000000000000000e+00
4.107400000000000546e+03 8.246211251235321527e+01 0.000000000000000000e+00
4.107600000000000364e+03 8.400000000000000000e+01 0.000000000000000000e+00
4.107800000000000182e+03 8.246211251235321527e+01 0.000000000000000000e+00
4.108000000000000000e+03 7.939773296511683043e+01 1.725000000000000000e+11
4.108199999999999818e+03 7.211102550927978427e+01 1.725000000000000000e+11
4.108400000000000546e+03 6.449806198638839305e+01 1.725000000000000000e+11
4.108600000000000364e+03 5.556977595779921586e+01 1.725000100000000000e+11
4.108800000000000182e+03 5.440588203494177577e+01 1.725000100000000000e+11
4.109000000000000000e+03 4.866210024238575471e+01 1.725000000000000000e+11
4.109199999999999818e+03 4.560701700396551672e+01 1.725000000000000000e+11
4.109400000000000546e+03 4.252058325093859992e+01 1.725000000000000000e+11
4.109600000000000364e+03 4.118252056394800320e+01 1.725000000000000000e+11
4.109800000000000182e+03 3.622154055254966920e+01 1.725000000000000000e+11
4.110000000000000000e+03 3.417601498127012150e+01 1.725000000000000000e+11
4.110199999999999818e+03 3.124099870362661591e+01 1.725000000000000000e+11
4.110400000000000546e+03 3.224903099319419653e+01 1.725000000000000000e+11
4.110600000000000364e+03 2.828427124746190202e+01 1.725000000000000000e+11
4.110800000000000182e+03 2.433105012119287736e+01 1.725000000000000000e+11
4.111000000000000000e+03 2.000000000000000000e+01 1.725000000000000000e+11
4.111199999999999818e+03 2.000000000000000000e+01 1.725000000000000000e+11
4.111400000000000546e+03 1.649242250247064234e+01 1.725000000000000000e+11
4.111600000000000364e+03 1.264911064067351809e+01 1.725000000000000000e+11
4.111800000000000182e+03 1.131370849898476116e+01 1.725000100000000000e+11
4.112000000000000000e+03 1.264911064067351809e+01 0.000000000000000000e+00
4.112199999999999818e+03 1.264911064067351809e+01 0.000000000000000000e+00
4.112400000000000546e+03 1.131370849898476116e+01 0.000000000000000000e+00
4.112600000000000364e+03 1.442220510185595650e+01 0.000000000000000000e+00
4.112800000000000182e+03 1.600000000000000000e+01 0.000000000000000000e+00
4.113000000000000000e+03 1.649242250247064234e+01 0.000000000000000000e+00
4.113199999999999818e+03 1.442220510185595650e+01 0.000000000000000000e+00
4.113400000000000546e+03 1.442220510185595650e+01 0.000000000000000000e+00
4.113600000000000364e+03 1.649242250247064234e+01 0.000000000000000000e+00
4.113800000000000182e+03 1.600000000000000000e+01 0.000000000000000000e+00
4.114000000000000000e+03 1.264911064067351809e+01 0.000000000000000000e+00
4.114199999999999818e+03 1.131370849898476116e+01 0.000000000000000000e+00
4.114400000000000546e+03 1.264911064067351809e+01 0.000000000000000000e+00
4.114600000000000364e+03 8.000000000000000000e+00 0.000000000000000000e+00
4.114800000000000182e+03 8.944271909999159220e+00 0.000000000000000000e+00
4.115000000000000000e+03 8.944271909999159220e+00 0.000000000000000000e+00
4.115199999999999818e+03 8.000000000000000000e+00 0.000000000000000000e+00
4.115400000000000546e+03 8.944271909999159220e+00 0.000000000000000000e+00
4.115600000000000364e+03 1.131370849898476116e+01 0.000000000000000000e+00
4.115800000000000182e+03 1.264911064067351809e+01 0.000000000000000000e+00
4.116000000000000000e+03 1.264911064067351809e+01 1.725000000000000000e+11
4.116199999999999818e+03 1.442220510185595650e+01 1.725000000000000000e+11
4.116400000000000546e+03 1.131370849898476116e+01 1.725000000000000000e+11
4.116600000000000364e+03 1.264911064067351809e+01 1.725000000000000000e+11
4.116800000000000182e+03 1.200000000000000000e+01 1.725000000000000000e+11
4.117000000000000000e+03 8.000000000000000000e+00 1.725000000000000000e+11
4.117199999999999818e+03 8.944271909999159220e+00 1.725000000000000000e+11
4.117400000000000546e+03 5.656854249492380582e+00 1.725000000000000000e+11
4.117600000000000364e+03 4.000000000000000000e+00 1.725000000000000000e+11
4.117800000000000182e+03 4.000000000000000000e+00 1.725000000000000000e+11
4.118000000000000000e+03 0.000000000000000000e+00 1.725000100000000000e+11
4.118199999999999818e+03 4.000000000000000000e+00 1.725000000000000000e+11
4.118400000000000546e+03 4.000000000000000000e+00 1.725000000000000000e+11
4.118600000000000364e+03 4.000000000000000000e+00 1.725000000000000000e+11
4.118800000000000182e+03 4.000000000000000000e+00 1.725000000000000000e+11
4.119000000000000000e+03 4.000000000000000000e+00 1.725000000000000000e+11
4.119199999999999818e+03 5.656854249492380582e+00 1.725000000000000000e+11
4.119400000000000546e+03 5.656854249492380582e+00 1.725000000000000000e+11
4.119600000000000364e+03 5.656854249492380582e+00 1.725000000000000000e+11
4.119800000000000182e+03 5.656854249492380582e+00 1.725000000000000000e+11
4.120000000000000000e+03 4.000000000000000000e+00 0.000000000000000000e+00
4.120199999999999818e+03 4.000000000000000000e+00 0.000000000000000000e+00
4.120400000000000546e+03 4.000000000000000000e+00 0.000000000000000000e+00
4.120600000000000364e+03 4.000000000000000000e+00 0.000000000000000000e+00
4.120800000000000182e+03 0.000000000000000000e+00 0.000000000000000000e+00
4.121000000000000000e+03 0.000000000000000000e+00 0.000000000000000000e+00
4.121199999999999818e+03 0.000000000000000000e+00 0.000000000000000000e+00
4.121400000000000546e+03 4.000000000000000000e+00 0.000000000000000000e+00
4.121600000000000364e+03 4.000000000000000000e+00 0.000000000000000000e+00
4.121800000000000182e+03 4.000000000000000000e+00 0.000000000000000000e+00
4.122000000000000000e+03 4.000000000000000000e+00 0.000000000000000000e+00
4.122199999999999818e+03 5.656854249492380582e+00 0.000000000000000000e+00
4.122400000000000546e+03 5.656854249492380582e+00 0.000000000000000000e+00
4.122600000000000364e+03 5.656854249492380582e+00 0.000000000000000000e+00
4.122800000000000182e+03 5.656854249492380582e+00 0.000000000000000000e+00
4.123000000000000000e+03 4.000000000000000000e+00 0.000000000000000000e+00
4.123199999999999818e+03 4.000000000000000000e+00 0.000000000000000000e+00
4.123400000000000546e+03 4.000000000000000000e+00 0.000000000000000000e+00
4.123600000000000364e+03 0.000000000000000000e+00 0.000000000000000000e+00
4.123800000000000182e+03 0.000000000000000000e+00 0.000000000000000000e+00
4.124000000000000000e+03 0.000000000000000000e+00 1.725000000000000000e+11
4.124199999999999818e+03 0.000000000000000000e+00 1.725000000000000000e+11
4.124400000000000546e+03 4.000000000000000000e+00 1.725000000000000000e+11
4.124600000000000364e+03 4.000000000000000000e+00 1.725000000000000000e+11
4.124800000000000182e+03 4.000000000000000000e+00 1.725000000000000000e+11
4.125000000000000000e+03 4.000000000000000000e+00 1.725000000000000000e+11
4.125199999999999818e+03 5.656854249492380582e+00 1.725000000000000000e+11
4.125400000000000546e+03 5.656854249492380582e+00 1.725000000000000000e+11
4.125600000000000364e+03 5.656854249492380582e+00 1.725000100000000000e+11
4.125800000000000182e+03 4.000000000000000000e+00 1.725000100000000000e+11
4.126000000000000000e+03 4.000000000000000000e+00 1.725000000000000000e+11
4.126199999999999818e+03 4.000000000000000000e+00 1.725000000000000000e+11
4.126400000000000546e+03 4.000000000000000000e+00 1.725000000000000000e+11
4.126600000000000364e+03 0.000000000000000000e+00 1.725000100000000000e+11
4.126800000000000182e+03 0.000000000000000000e+00 1.725000000000000000e+11
4.127000000000000000e+03 0.000000000000000000e+00 1.725000100000000000e+11
4.127199999999999818e+03 4.000000000000000000e+00 1.725000000000000000e+11
4.127400000000000546e+03 4.000000000000000000e+00 1.725000000000000000e+11
4.127600000000000364e+03 4.000000000000000000e+00 1.725000000000000000e+11
4.127800000000000182e+03 5.656854249492380582e+00 1.725000000000000000e+11
4.128000000000000000e+03 5.656854249492380582e+00 0.000000000000000000e+00
4.128199999999999818e+03 5.656854249492380582e+00 0.000000000000000000e+00
4.128400000000000546e+03 5.656854249492380582e+00 0.000000000000000000e+00
4.128600000000000364e+03 4.000000000000000000e+00 0.000000000000000000e+00
4.128800000000000182e+03 4.000000000000000000e+00 0.000000000000000000e+00
4.129000000000000000e+03 4.000000000000000000e+00 0.000000000000000000e+00
4.129199999999999818e+03 0.000000000000000000e+00 0.000000000000000000e+00
4.129400000000000546e+03 0.000000000000000000e+00 0.000000000000000000e+00
4.129600000000000364e+03 0.000000000000000000e+00 0.000000000000000000e+00
4.129800000000000182e+03 0.000000000000000000e+00 0.000000000000000000e+00
4.130000000000000000e+03 4.000000000000000000e+00 0.000000000000000000e+00
4.130199999999999818e+03 4.000000000000000000e+00 0.000000000000000000e+00
4.130400000000000546e+03 4.000000000000000000e+00 0.000000000000000000e+00
4.130600000000000364e+03 5.656854249492380582e+00 0.000000000000000000e+00
4.130800000000000182e+03 5.656854249492380582e+00 0.000000000000000000e+00
4.131000000000000000e+03 5.656854249492380582e+00 0.000000000000000000e+00
4.131199999999999818e+03 4.000000000000000000e+00 0.000000000000000000e+00
4.131400000000000546e+03 4.000000000000000000e+00 0.000000000000000000e+00
4.131600000000000364e+03 4.000000000000000000e+00 0.000000000000000000e+00
4.131800000000000182e+03 4.000000000000000000e+00 0.000000000000000000e+00
4.132000000000000000e+03 0.000000000000000000e+00 1.725000100000000000e+11
4.132199999999999818e+03 0.000000000000000000e+00 1.725000000000000000e+11
4.132400000000000546e+03 0.000000000000000000e+00 1.725000000000000000e+11
4.132600000000000364e+03 4.000000000000000000e+00 1.725000000000000000e+11
4.132800000000000182e+03 4.000000000000000000e+00 1.725000000000000000e+11
4.133000000000000000e+03 4.000000000000000000e+00 1.725000000000000000e+11
4.133199999999999818e+03 4.000000000000000000e+00 1.725000000000000000e+11
4.133400000000000546e+03 5.656854249492380582e+00 1.725000100000000000e+11
4.133600000000000364e+03 5.656854249492380582e+00 1.725000100000000000e+11
4.133800000000000182e+03 5.656854249492380582e+00 1.725000000000000000e+11
4.134000000000000000e+03 4.000000000000000000e+00 1.725000000000000000e+11
4.134199999999999818e+03 4.000000000000000000e+00 1.725000100000000000e+11
4.134400000000000546e+03 4.000000000000000000e+00 1.725000000000000000e+11
4.134600000000000364e+03 4.000000000000000000e+00 1.725000000000000000e+11
4.134800000000000182e+03 0.000000000000000000e+00 1.725000000000000000e+11
4.135000000000000000e+03 0.000000000000000000e+00 1.725000000000000000e+11
4.135199999999999818e+03 0.000000000000000000e+00 1.725000000000000000e+11
4.135400000000000546e+03 4.000000000000000000e+00 1.725000000000000000e+11
4.135600000000000364e+03 4.000000000000000000e+00 1.725000100000000000e+11
4.135800000000000182e+03 4.000000000000000000e+00 1.725000000000000000e+11
4.136000000000000000e+03 5.656854249492380582e+00 0.000000000000000000e+00
4.136199999999999818e+03 5.656854249492380582e+00 0.000000000000000000e+00
4.136400000000000546e+03 5.656854249492380582e+00 0.000000000000000000e+00
4.136600000000000364e+03 5.656854249492380582e+00 0.000000000000000000e+00
4.136800000000000182e+03 4.000000000000000000e+00 0.000000000000000000e+00
4.137000000000000000e+03 4.000000000000000000e+00 0.000000000000000000e+00
4.137199999999999818e+03 4.000000000000000000e+00 0.000000000000000000e+00
4.137400000000000546e+03 0.000000000000000000e+00 0.000000000000000000e+00
4.137600000000000364e+03 0.000000000000000000e+00 0.000000000000000000e+00
4.137800000000000182e+03 0.000000000000000000e+00 0.000000000000000000e+00
4.138000000000000000e+03 0.000000000000000000e+00 0.000000000000000000e+00
4.138199999999999818e+03 4.000000000000000000e+00 0.000000000000000000e+00
4.138400000000000546e+03 4.000000000000000000e+00 0.000000000000000000e+00
4.138600000000000364e+03 4.000000000000000000e+00 0.000000000000000000e+00
4.138800000000000182e+03 5.656854249492380582e+00 0.000000000000000000e+00
4.139000000000000000e+03 5.656854249492380582e+00 0.000000000000000000e+00
4.139199999999999818e+03 5.656854249492380582e+00 0.000000000000000000e+00
4.139400000000000546e+03 4.000000000000000000e+00 0.000000000000000000e+00
4.139600000000000364e+03 4.000000000000000000e+00 0.000000000000000000e+00
4.139800000000000182e+03 4.000000000000000000e+00 0.000000000000000000e+00
4.140000000000000000e+03 4.000000000000000000e+00 1.725000000000000000e+11
4.140199999999999818e+03 0.000000000000000000e+00 1.725000000000000000e+11
4.140400000000000546e+03 0.000000000000000000e+00 1.725000100000000000e+11
4.140600000000000364e+03 0.000000000000000000e+00 1.725000000000000000e+11
4.140800000000000182e+03 4.000000000000000000e+00 1.725000000000000000e+11
4.141000000000000000e+03 4.000000000000000000e+00 1.725000000000000000e+11
4.141199999999999818e+03 4.000000000000000000e+00 1.725000000000000000e+11
4.141400000000000546e+03 4.000000000000000000e+00 1.725000000000000000e+11
4.141600000000000364e+03 5.656854249492380582e+00 1.725000000000000000e+11
4.141800000000000182e+03 5.656854249492380582e+00 1.725000000000000000e+11
4.142000000000000000e+03 5.656854249492380582e+00 1.725000000000000000e+11
4.142199999999999818e+03 4.000000000000000000e+00 1.725000000000000000e+11
4.142400000000000546e+03 4.000000000000000000e+00 1.725000100000000000e+11
4.142600000000000364e+03 4.000000000000000000e+00 1.725000000000000000e+11
4.142800000000000182e+03 4.000000000000000000e+00 1.725000000000000000e+11
4.143000000000000000e+03 0.000000000000000000e+00 1.725000000000000000e+11
4.143199999999999818e+03 0.000000000000000000e+00 1.725000000000000000e+11
4.143400000000000546e+03 0.000000000000000000e+00 1.725000000000000000e+11
4.143600000000000364e+03 4.000000000000000000e+00 1.725000000000000000e+11
4.143800000000000182e+03 4.000000000000000000e+00 1.725000000000000000e+11
4.144000000000000000e+03 4.000000000000000000e+00 0.000000000000000000e+00
4.144199999999999818e+03 5.656854249492380582e+00 0.000000000000000000e+00
4.144400000000000546e+03 5.656854249492380582e+00 0.000000000000000000e+00
4.144600000000000364e+03 5.656854249492380582e+00 0.000000000000000000e+00
4.144800000000000182e+03 5.656854249492380582e+00 0.000000000000000000e+00
4.145000000000000000e+03 4.000000000000000000e+00 0.000000000000000000e+00
4.145199999999999818e+03 4.000000000000000000e+00 0.000000000000000000e+00
4.145400000000000546e+03 4.000000000000000000e+00 0.000000000000000000e+00
4.145600000000000364e+03 0.000000000000000000e+00 0.000000000000000000e+00
4.145800000000000182e+03 0.000000000000000000e+00 0.000000000000000000e+00
4.146000000000000000e+03 0.000000000000000000e+00 0.000000000000000000e+00
4.146199999999999818e+03 4.000000000000000000e+00 0.000000000000000000e+00
4.146400000000000546e+03 4.000000000000000000e+00 0.000000000000000000e+00
4.146600000000000364e+03 4.000000000000000000e+00 0.000000000000000000e+00
4.146800000000000182e+03 4.000000000000000000e+00 0.000000000000000000e+00
4.147000000000000000e+03 5.656854249492380582e+00 0.000000000000000000e+00
4.147199999999999818e+03 5.656854249492380582e+00 0.000000000000000000e+00
4.147400000000000546e+03 5.656854249492380582e+00 0.000000000000000000e+00
4.147600000000000364e+03 4.000000000000000000e+00 0.000000000000000000e+00
4.147800000000000182e+03 4.000000000000000000e+00 0.000000000000000000e+00
4.148000000000000000e+03 4.000000000000000000e+00 1.725000000000000000e+11
4.148199999999999818e+03 4.000000000000000000e+00 1.725000000000000000e+11
4.148400000000000546e+03 0.000000000000000000e+00 1.725000000000000000e+11
4.148600000000000364e+03 0.000000000000000000e+00 1.725000000000000000e+11
4.148800000000000182e+03 0.000000000000000000e+00 1.725000000000000000e+11
4.149000000000000000e+03 4.000000000000000000e+00 1.725000100000000000e+11
4.149199999999999818e+03 4.000000000000000000e+00 1.725000000000000000e+11
4.149400000000000546e+03 4.000000000000000000e+00 1.725000000000000000e+11
4.149600000000000364e+03 4.000000000000000000e+00 1.725000000000000000e+11
4.149800000000000182e+03 5.656854249492380582e+00 1.725000000000000000e+11
4.150000000000000000e+03 5.656854249492380582e+00 1.725000000000000000e+11
4.150199999999999818e+03 5.656854249492380582e+00 1.725000000000000000e+11
4.150400000000000546e+03 4.000000000000000000e+00 1.725000000000000000e+11
4.150600000000000364e+03 4.000000000000000000e+00 1.725000000000000000e+11
4.150800000000000182e+03 4.000000000000000000e+00 1.725000000000000000e+11
4.151000000000000000e+03 0.000000000000000000e+00 1.725000000000000000e+11
4.151199999999999818e+03 0.000000000000000000e+00 1.725000000000000000e+11
4.151400000000000546e+03 0.000000000000000000e+00 1.725000000000000000e+11
4.151600000000000364e+03 0.000000000000000000e+00 1.725000000000000000e+11
4.151800000000000182e+03 4.000000000000000000e+00 1.725000000000000000e+11
4.152000000000000000e+03 4.000000000000000000e+00 0.000000000000000000e+00
4.152199999999999818e+03 4.000000000000000000e+00 0.000000000000000000e+00
4.152400000000000546e+03 5.656854249492380582e+00 0.000000000000000000e+00
4.152600000000000364e+03 5.656854249492380582e+00 0.000000000000000000e+00
4.152800000000000182e+03 5.656854249492380582e+00 0.000000000000000000e+00
4.153000000000000000e+03 5.656854249492380582e+00 0.000000000000000000e+00
4.153199999999999818e+03 4.000000000000000000e+00 0.000000000000000000e+00
4.153400000000000546e+03 4.000000000000000000e+00 0.000000000000000000e+00
4.153600000000000364e+03 4.000000000000000000e+00 0.000000000000000000e+00
4.153800000000000182e+03 0.000000000000000000e+00 0.000000000000000000e+00
4.154000000000000000e+03 0.000000000000000000e+00 0.000000000000000000e+00
4.154199999999999818e+03 0.000000000000000000e+00 0.000000000000000000e+00
4.154400000000000546e+03 4.000000000000000000e+00 0.000000000000000000e+00
4.154600000000000364e+03 4.000000000000000000e+00 0.000000000000000000e+00
4.154800000000000182e+03 4.000000000000000000e+00 0.000000000000000000e+00
4.155000000000000000e+03 4.000000000000000000e+00 0.000000000000000000e+00
4.155199999999999818e+03 5.656854249492380582e+00 0.000000000000000000e+00
4.155400000000000546e+03 5.656854249492380582e+00 0.000000000000000000e+00
4.155600000000000364e+03 5.656854249492380582e+00 0.000000000000000000e+00
4.155800000000000182e+03 4.000000000000000000e+00 0.000000000000000000e+00
4.156000000000000000e+03 4.000000000000000000e+00 1.725000000000000000e+11
4.156199999999999818e+03 4.000000000000000000e+00 1.725000000000000000e+11
4.156400000000000546e+03 4.000000000000000000e+00 1.725000000000000000e+11
4.156600000000000364e+03 0.000000000000000000e+00 1.725000000000000000e+11
4.156800000000000182e+03 0.000000000000000000e+00 1.725000000000000000e+11
4.157000000000000000e+03 0.000000000000000000e+00 1.725000000000000000e+11
4.157199999999999818e+03 4.000000000000000000e+00 1.725000000000000000e+11
4.157400000000000546e+03 4.000000000000000000e+00 1.725000000000000000e+11
4.157600000000000364e+03 4.000000000000000000e+00 1.725000100000000000e+11
4.157800000000000182e+03 4.000000000000000000e+00 1.725000000000000000e+11
4.158000000000000000e+03 5.656854249492380582e+00 1.725000000000000000e+11
4.158199999999999818e+03 5.656854249492380582e+00 1.725000100000000000e+11
4.158400000000000546e+03 5.656854249492380582e+00 1.725000000000000000e+11
4.158600000000000364e+03 4.000000000000000000e+00 1.725000000000000000e+11
4.158800000000000182e+03 4.000000000000000000e+00 1.725000000000000000e+11
4.159000000000000000e+03 4.000000000000000000e+00 1.725000000000000000e+11
4.159199999999999818e+03 0.000000000000000000e+00 1.725000000000000000e+11
4.159400000000000546e+03 0.000000000000000000e+00 1.725000000000000000e+11
4.159600000000000364e+03 0.000000000000000000e+00 1.725000000000000000e+11
4.159800000000000182e+03 4.000000000000000000e+00 1.725000000000000000e+11
4.160000000000000000e+03 4.000000000000000000e+00 0.000000000000000000e+00
4.160199999999999818e+03 4.000000000000000000e+00 0.000000000000000000e+00
4.160400000000000546e+03 4.000000000000000000e+00 0.000000000000000000e+00
4.160600000000000364e+03 5.656854249492380582e+00 0.000000000000000000e+00
4.160800000000000182e+03 5.656854249492380582e+00 0.000000000000000000e+00
4.161000000000000000e+03 5.656854249492380582e+00 0.000000000000000000e+00
4.161199999999999818e+03 5.656854249492380582e+00 0.000000000000000000e+00
4.161400000000000546e+03 4.000000000000000000e+00 0.000000000000000000e+00
4.161600000000000364e+03 4.000000000000000000e+00 0.000000000000000000e+00
4.161800000000000182e+03 4.000000000000000000e+00 0.000000000000000000e+00
4.162000000000000000e+03 0.000000000000000000e+00 0.000000000000000000e+00
4.162199999999999818e+03 0.000000000000000000e+00 0.000000000000000000e+00
4.162400000000000546e+03 0.000000000000000000e+00 0.000000000000000000e+00
4.162600000000000364e+03 4.000000000000000000e+00 0.000000000000000000e+00
4.162800000000000182e+03 4.000000000000000000e+00 0.000000000000000000e+00
4.163000000000000000e+03 4.000000000000000000e+00 0.000000000000000000e+00
4.163199999999999818e+03 4.000000000000000000e+00 0.000000000000000000e+00
4.163400000000000546e+03 5.656854249492380582e+00 0.000000000000000000e+00
4.163600000000000364e+03 5.656854249492380582e+00 0.000000000000000000e+00
4.163800000000000182e+03 5.656854249492380582e+00 0.000000000000000000e+00
4.164000000000000000e+03 4.000000000000000000e+00 1.725000000000000000e+11
4.164199999999999818e+03 4.000000000000000000e+00 1.725000000000000000e+11
4.164400000000000546e+03 4.000000000000000000e+00 1.725000000000000000e+11
4.164600000000000364e+03 4.000000000000000000e+00 1.725000000000000000e+11
4.164800000000000182e+03 0.000000000000000000e+00 1.725000000000000000e+11
4.165000000000000000e+03 0.000000000000000000e+00 1.725000100000000000e+11
4.165199999999999818e+03 0.000000000000000000e+00 1.725000000000000000e+11
4.165400000000000546e+03 4.000000000000000000e+00 1.725000000000000000e+11
4.165600000000000364e+03 4.000000000000000000e+00 1.725000000000000000e+11
4.165800000000000182e+03 4.000000000000000000e+00 1.725000000000000000e+11
4.166000000000000000e+03 4.000000000000000000e+00 1.725000100000000000e+11
4.166199999999999818e+03 5.656854249492380582e+00 1.725000000000000000e+11
4.166400000000000546e+03 5.656854249492380582e+00 1.725000000000000000e+11
4.166600000000000364e+03 5.656854249492380582e+00 1.725000000000000000e+11
4.166800000000000182e+03 4.000000000000000000e+00 1.725000000000000000e+11
4.167000000000000000e+03 4.000000000000000000e+00 1.725000000000000000e+11
4.167199999999999818e+03 4.000000000000000000e+00 1.725000100000000000e+11
4.167400000000000546e+03 4.000000000000000000e+00 1.725000000000000000e+11
4.167600000000000364e+03 0.000000000000000000e+00 1.725000100000000000e+11
4.167800000000000182e+03 0.000000000000000000e+00 1.725000000000000000e+11
4.168000000000000000e+03 4.000000000000000000e+00 0.000000000000000000e+00
4.168199999999999818e+03 4.000000000000000000e+00 0.000000000000000000e+00
4.168400000000000546e+03 4.000000000000000000e+00 0.000000000000000000e+00
4.168600000000000364e+03 4.000000000000000000e+00 0.000000000000000000e+00
4.168800000000000182e+03 5.656854249492380582e+00 0.000000000000000000e+00
4.169000000000000000e+03 5.656854249492380582e+00 0.000000000000000000e+00
4.169199999999999818e+03 5.656854249492380582e+00 0.000000000000000000e+00
4.169400000000000546e+03 4.000000000000000000e+00 0.000000000000000000e+00
4.169600000000000364e+03 4.000000000000000000e+00 0.000000000000000000e+00
4.169800000000000182e+03 4.000000000000000000e+00 0.000000000000000000e+00
4.170000000000000000e+03 0.000000000000000000e+00 0.000000000000000000e+00
4.170199999999999818e+03 0.000000000000000000e+00 0.000000000000000000e+00
4.170400000000000546e+03 0.000000000000000000e+00 0.000000000000000000e+00
4.170600000000000364e+03 4.000000000000000000e+00 0.000000000000000000e+00
4.170800000000000182e+03 4.000000000000000000e+00 0.000000000000000000e+00
4.171000000000000000e+03 4.000000000000000000e+00 0.000000000000000000e+00
4.171199999999999818e+03 5.656854249492380582e+00 0.000000000000000000e+00
4.171400000000000546e+03 5.656854249492380582e+00 0.000000000000000000e+00
4.171600000000000364e+03 5.656854249492380582e+00 0.000000000000000000e+00
4.171800000000000182e+03 5.656854249492380582e+00 0.000000000000000000e+00
4.172000000000000000e+03 4.000000000000000000e+00 1.725000000000000000e+11
4.172199999999999818e+03 4.000000000000000000e+00 1.725000000000000000e+11
4.172400000000000546e+03 4.000000000000000000e+00 1.725000000000000000e+11
4.172600000000000364e+03 0.000000000000000000e+00 1.725000000000000000e+11
4.172800000000000182e+03 4.000000000000000000e+00 1.725000000000000000e+11
4.173000000000000000e+03 4.000000000000000000e+00 1.725000000000000000e+11
4.173199999999999818e+03 4.000000000000000000e+00 1.725000100000000000e+11
4.173400000000000546e+03 4.000000000000000000e+00 1.725000100000000000e+11
4.173600000000000364e+03 4.000000000000000000e+00 1.725000000000000000e+11
4.173800000000000182e+03 5.656854249492380582e+00 1.725000000000000000e+11
4.174000000000000000e+03 5.656854249492380582e+00 1.725000000000000000e+11
4.174199999999999818e+03 4.000000000000000000e+00 1.725000000000000000e+11
4.174400000000000546e+03 4.000000000000000000e+00 1.725000000000000000e+11
4.174600000000000364e+03 5.656854249492380582e+00 1.725000000000000000e+11
4.174800000000000182e+03 5.656854249492380582e+00 1.725000000000000000e+11
4.175000000000000000e+03 5.656854249492380582e+00 1.725000000000000000e+11
4.175199999999999818e+03 5.656854249492380582e+00 1.725000000000000000e+11
4.175400000000000546e+03 4.000000000000000000e+00 1.725000000000000000e+11
4.175600000000000364e+03 4.000000000000000000e+00 1.725000000000000000e+11
4.175800000000000182e+03 4.000000000000000000e+00 1.725000000000000000e+11
4.176000000000000000e+03 5.656854249492380582e+00 0.000000000000000000e+00
4.176199999999999818e+03 4.000000000000000000e+00 0.000000000000000000e+00
4.176400000000000546e+03 5.656854249492380582e+00 0.000000000000000000e+00
4.176600000000000364e+03 4.000000000000000000e+00 0.000000000000000000e+00
4.176800000000000182e+03 4.000000000000000000e+00 0.000000000000000000e+00
4.177000000000000000e+03 4.000000000000000000e+00 0.000000000000000000e+00
4.177199999999999818e+03 4.000000000000000000e+00 0.000000000000000000e+00
4.177400000000000546e+03 5.656854249492380582e+00 0.000000000000000000e+00
4.177600000000000364e+03 5.656854249492380582e+00 0.000000000000000000e+00
4.177800000000000182e+03 5.656854249492380582e+00 0.000000000000000000e+00
4.178000000000000000e+03 4.000000000000000000e+00 0.000000000000000000e+00
4.178199999999999818e+03 4.000000000000000000e+00 0.000000000000000000e+00
4.178400000000000546e+03 4.000000000000000000e+00 0.000000000000000000e+00
4.178600000000000364e+03 5.656854249492380582e+00 0.000000000000000000e+00
4.178800000000000182e+03 5.656854249492380582e+00 0.000000000000000000e+00
4.179000000000000000e+03 4.000000000000000000e+00 0.000000000000000000e+00
4.179199999999999818e+03 4.000000000000000000e+00 0.000000000000000000e+00
4.179400000000000546e+03 4.000000000000000000e+00 0.000000000000000000e+00
4.179600000000000364e+03 5.656854249492380582e+00 0.000000000000000000e+00
4.179800000000000182e+03 5.656854249492380582e+00 0.000000000000000000e+00
4.180000000000000000e+03 5.656854249492380582e+00 1.725000000000000000e+11
4.180199999999999818e+03 5.656854249492380582e+00 1.725000000000000000e+11
4.180400000000000546e+03 4.000000000000000000e+00 1.725000000000000000e+11
4.180600000000000364e+03 4.000000000000000000e+00 1.725000000000000000e+11
4.180800000000000182e+03 4.000000000000000000e+00 1.725000000000000000e+11
4.181000000000000000e+03 5.656854249492380582e+00 1.725000000000000000e+11
4.181199999999999818e+03 5.656854249492380582e+00 1.725000000000000000e+11
4.181400000000000546e+03 5.656854249492380582e+00 1.725000000000000000e+11
4.181600000000000364e+03 4.000000000000000000e+00 1.725000100000000000e+11
4.181800000000000182e+03 4.000000000000000000e+00 1.725000000000000000e+11
4.182000000000000000e+03 4.000000000000000000e+00 1.725000000000000000e+11
4.182199999999999818e+03 4.000000000000000000e+00 1.725000000000000000e+11
4.182400000000000546e+03 5.656854249492380582e+00 1.725000100000000000e+11
4.182600000000000364e+03 5.656854249492380582e+00 1.725000000000000000e+11
4.182800000000000182e+03 4.000000000000000000e+00 1.725000000000000000e+11
4.183000000000000000e+03 4.000000000000000000e+00 1.725000100000000000e+11
4.183199999999999818e+03 5.656854249492380582e+00 1.725000000000000000e+11
4.183400000000000546e+03 4.000000000000000000e+00 1.725000000000000000e+11
4.183600000000000364e+03 5.656854249492380582e+00 1.725000000000000000e+11
4.183800000000000182e+03 5.656854249492380582e+00 1.725000100000000000e+11
4.184000000000000000e+03 4.000000000000000000e+00 0.000000000000000000e+00
4.184199999999999818e+03 4.000000000000000000e+00 0.000000000000000000e+00
4.184400000000000546e+03 4.000000000000000000e+00 0.000000000000000000e+00
4.184600000000000364e+03 4.000000000000000000e+00 0.000000000000000000e+00
4.184800000000000182e+03 5.656854249492380582e+00 0.000000000000000000e+00
4.185000000000000000e+03 5.656854249492380582e+00 0.000000000000000000e+00
4.185199999999999818e+03 4.000000000000000000e+00 0.000000000000000000e+00
4.185400000000000546e+03 4.000000000000000000e+00 0.000000000000000000e+00
4.185600000000000364e+03 4.000000000000000000e+00 0.000000000000000000e+00
4.185800000000000182e+03 5.656854249492380582e+00 0.000000000000000000e+00
4.186000000000000000e+03 5.656854249492380582e+00 0.000000000000000000e+00
4.186199999999999818e+03 5.656854249492380582e+00 0.000000000000000000e+00
4.186400000000000546e+03 4.000000000000000000e+00 0.000000000000000000e+00
4.186600000000000364e+03 4.000000000000000000e+00 0.000000000000000000e+00
4.186800000000000182e+03 4.000000000000000000e+00 0.000000000000000000e+00
4.187000000000000000e+03 5.656854249492380582e+00 0.000000000000000000e+00
4.187199999999999818e+03 5.656854249492380582e+00 0.000000000000000000e+00
4.187400000000000546e+03 5.656854249492380582e+00 0.000000000000000000e+00
4.187600000000000364e+03 4.000000000000000000e+00 0.000000000000000000e+00
4.187800000000000182e+03 4.000000000000000000e+00 0.000000000000000000e+00
4.188000000000000000e+03 4.000000000000000000e+00 1.725000000000000000e+11
4.188199999999999818e+03 5.656854249492380582e+00 1.725000000000000000e+11
4.188400000000000546e+03 5.656854249492380582e+00 1.725000000000000000e+11
4.188600000000000364e+03 5.656854249492380582e+00 1.725000000000000000e+11
4.188800000000000182e+03 4.000000000000000000e+00 1.725000000000000000e+11
4.189000000000000000e+03 4.000000000000000000e+00 1.725000000000000000e+11
4.189199999999999818e+03 4.000000000000000000e+00 1.725000000000000000e+11
4.189400000000000546e+03 4.000000000000000000e+00 1.725000000000000000e+11
4.189600000000000364e+03 5.656854249492380582e+00 1.725000000000000000e+11
4.189800000000000182e+03 5.656854249492380582e+00 1.725000100000000000e+11
4.190000000000000000e+03 4.000000000000000000e+00 1.725000000000000000e+11
4.190199999999999818e+03 4.000000000000000000e+00 1.725000000000000000e+11
4.190400000000000546e+03 4.000000000000000000e+00 1.725000000000000000e+11
4.190600000000000364e+03 5.656854249492380582e+00 1.725000000000000000e+11
4.190800000000000182e+03 4.000000000000000000e+00 1.725000000000000000e+11
4.191000000000000000e+03 5.656854249492380582e+00 1.725000000000000000e+11
4.191199999999999818e+03 4.000000000000000000e+00 1.725000000000000000e+11
4.191400000000000546e+03 4.000000000000000000e+00 1.725000000000000000e+11
4.191600000000000364e+03 4.000000000000000000e+00 1.725000000000000000e+11
4.191800000000000182e+03 4.000000000000000000e+00 1.725000100000000000e+11
4.192000000000000000e+03 5.656854249492380582e+00 0.000000000000000000e+00
4.192199999999999818e+03 5.656854249492380582e+00 0.000000000000000000e+00
4.192400000000000546e+03 5.656854249492380582e+00 0.000000000000000000e+00
4.192600000000000364e+03 4.000000000000000000e+00 0.000000000000000000e+00
4.192800000000000182e+03 4.000000000000000000e+00 0.000000000000000000e+00
4.193000000000000000e+03 5.656854249492380582e+00 0.000000000000000000e+00
4.193199999999999818e+03 5.656854249492380582e+00 0.000000000000000000e+00
4.193400000000000546e+03 5.656854249492380582e+00 0.000000000000000000e+00
4.193600000000000364e+03 5.656854249492380582e+00 0.000000000000000000e+00
4.193800000000000182e+03 4.000000000000000000e+00 0.000000000000000000e+00
4.194000000000000000e+03 4.000000000000000000e+00 0.000000000000000000e+00
4.194199999999999818e+03 4.000000000000000000e+00 0.000000000000000000e+00
4.194400000000000546e+03 4.000000000000000000e+00 0.000000000000000000e+00
4.194600000000000364e+03 5.656854249492380582e+00 0.000000000000000000e+00
4.194800000000000182e+03 5.656854249492380582e+00 0.000000000000000000e+00
4.195000000000000000e+03 4.000000000000000000e+00 0.000000000000000000e+00
4.195199999999999818e+03 4.000000000000000000e+00 0.000000000000000000e+00
4.195400000000000546e+03 5.656854249492380582e+00 0.000000000000000000e+00
4.195600000000000364e+03 5.656854249492380582e+00 0.000000000000000000e+00
4.195800000000000182e+03 5.656854249492380582e+00 0.000000000000000000e+00
4.196000000000000000e+03 5.656854249492380582e+00 1.725000000000000000e+11
4.196199999999999818e+03 4.000000000000000000e+00 1.725000000000000000e+11
4.196400000000000546e+03 4.000000000000000000e+00 1.725000000000000000e+11
4.196600000000000364e+03 4.000000000000000000e+00 1.725000000000000000e+11
4.196800000000000182e+03 5.656854249492380582e+00 1.725000000000000000e+11
4.197000000000000000e+03 5.656854249492380582e+00 1.725000000000000000e+11
4.197199999999999818e+03 5.656854249492380582e+00 1.725000000000000000e+11
4.197400000000000546e+03 4.000000000000000000e+00 1.725000000000000000e+11
4.197600000000000364e+03 4.000000000000000000e+00 1.725000000000000000e+11
4.197800000000000182e+03 4.000000000000000000e+00 1.725000000000000000e+11
4.198000000000000000e+03 5.656854249492380582e+00 1.725000000000000000e+11
4.198199999999999818e+03 5.656854249492380582e+00 1.725000000000000000e+11
4.198400000000000546e+03 5.656854249492380582e+00 1.725000100000000000e+11
4.198600000000000364e+03 4.000000000000000000e+00 1.725000100000000000e+11
4.198800000000000182e+03 4.000000000000000000e+00 1.725000000000000000e+11
4.199000000000000000e+03 4.000000000000000000e+00 1.725000000000000000e+11
4.199199999999999818e+03 5.656854249492380582e+00 1.725000000000000000e+11
4.199400000000000546e+03 5.656854249492380582e+00 1.725000000000000000e+11
4.199600000000000364e+03 5.656854249492380582e+00 1.725000000000000000e+11
4.199800000000000182e+03 4.000000000000000000e+00 1.725000000000000000e+11
