4.200000000000000000e+03 4.000000000000000000e+00 0.000000000000000000e+00
4.200199999999999818e+03 4.000000000000000000e+00 0.000000000000000000e+00
4.200400000000000546e+03 5.656854249492380582e+00 0.000000000000000000e+00
4.200600000000000364e+03 5.656854249492380582e+00 0.000000000000000000e+00
4.200800000000000182e+03 5.656854249492380582e+00 0.000000000000000000e+00
4.201000000000000000e+03 5.656854249492380582e+00 0.000000000000000000e+00
4.201199999999999818e+03 5.656854249492380582e+00 0.000000000000000000e+00
4.201400000000000546e+03 5.656854249492380582e+00 0.000000000000000000e+00
4.201600000000000364e+03 5.656854249492380582e+00 0.000000000000000000e+00
4.201800000000000182e+03 4.000000000000000000e+00 0.000000000000000000e+00
4.202000000000000000e+03 5.656854249492380582e+00 0.000000000000000000e+00
4.202199999999999818e+03 5.656854249492380582e+00 0.000000000000000000e+00
4.202400000000000546e+03 4.000000000000000000e+00 0.000000000000000000e+00
4.202600000000000364e+03 5.656854249492380582e+00 0.000000000000000000e+00
4.202800000000000182e+03 5.656854249492380582e+00 0.000000000000000000e+00
4.203000000000000000e+03 5.656854249492380582e+00 0.000000000000000000e+00
4.203199999999999818e+03 5.656854249492380582e+00 0.000000000000000000e+00
4.203400000000000546e+03 5.656854249492380582e+00 0.000000000000000000e+00
4.203600000000000364e+03 5.656854249492380582e+00 0.000000000000000000e+00
4.203800000000000182e+03 5.656854249492380582e+00 0.000000000000000000e+00
4.204000000000000000e+03 5.656854249492380582e+00 1.750000000000000000e+11
4.204199999999999818e+03 5.656854249492380582e+00 1.750000000000000000e+11
4.204400000000000546e+03 5.656854249492380582e+00 1.750000000000000000e+11
4.204600000000000364e+03 4.000000000000000000e+00 1.750000000000000000e+11
4.204800000000000182e+03 4.000000000000000000e+00 1.750000000000000000e+11
4.205000000000000000e+03 4.000000000000000000e+00 1.750000000000000000e+11
4.205199999999999818e+03 0.000000000000000000e+00 1.749999800000000000e+11
4.205400000000000546e+03 0.000000000000000000e+00 1.749999800000000000e+11
4.205600000000000364e+03 0.000000000000000000e+00 1.750000000000000000e+11
4.205800000000000182e+03 4.000000000000000000e+00 1.750000000000000000e+11
4.206000000000000000e+03 4.000000000000000000e+00 1.750000000000000000e+11
4.206199999999999818e+03 5.656854249492380582e+00 1.749999800000000000e+11
4.206400000000000546e+03 5.656854249492380582e+00 1.749999800000000000e+11
4.206600000000000364e+03 5.656854249492380582e+00 1.750000000000000000e+11
4.206800000000000182e+03 5.656854249492380582e+00 1.750000000000000000e+11
4.207000000000000000e+03 5.656854249492380582e+00 1.749999800000000000e+11
4.207199999999999818e+03 4.000000000000000000e+00 1.750000000000000000e+11
4.207400000000000546e+03 4.000000000000000000e+00 1.750000000000000000e+11
4.207600000000000364e+03 4.000000000000000000e+00 1.750000000000000000e+11
4.207800000000000182e+03 0.000000000000000000e+00 1.750000000000000000e+11
4.208000000000000000e+03 0.000000000000000000e+00 0.000000000000000000e+00
4.208199999999999818e+03 0.000000000000000000e+00 0.000000000000000000e+00
4.208400000000000546e+03 0.000000000000000000e+00 0.000000000000000000e+00
4.208600000000000364e+03 4.000000000000000000e+00 0.000000000000000000e+00
4.208800000000000182e+03 4.000000000000000000e+00 0.000000000000000000e+00
4.209000000000000000e+03 5.656854249492380582e+00 0.000000000000000000e+00
4.209199999999999818e+03 5.656854249492380582e+00 0.000000000000000000e+00
4.209400000000000546e+03 5.656854249492380582e+00 0.000000000000000000e+00
4.209600000000000364e+03 5.656854249492380582e+00 0.000000000000000000e+00
4.209800000000000182e+03 5.656854249492380582e+00 0.000000000000000000e+00
4.210000000000000000e+03 4.000000000000000000e+00 0.000000000000000000e+00
4.210199999999999818e+03 4.000000000000000000e+00 0.000000000000000000e+00
4.210400000000000546e+03 4.000000000000000000e+00 0.000000000000000000e+00
4.210600000000000364e+03 0.000000000000000000e+00 0.000000000000000000e+00
4.210800000000000182e+03 0.000000000000000000e+00 0.000000000000000000e+00
4.211000000000000000e+03 0.000000000000000000e+00 0.000000000000000000e+00
4.211199999999999818e+03 4.000000000000000000e+00 0.000000000000000000e+00
4.211400000000000546e+03 4.000000000000000000e+00 0.000000000000000000e+00
4.211600000000000364e+03 4.000000000000000000e+00 0.000000000000000000e+00
4.211800000000000182e+03 5.656854249492380582e+00 0.000000000000000000e+00
4.212000000000000000e+03 5.656854249492380582e+00 1.750000000000000000e+11
4.212199999999999818e+03 5.656854249492380582e+00 1.750000000000000000e+11
4.212400000000000546e+03 5.656854249492380582e+00 1.750000000000000000e+11
4.212600000000000364e+03 4.000000000000000000e+00 1.750000000000000000e+11
4.212800000000000182e+03 4.000000000000000000e+00 1.749999800000000000e+11
4.213000000000000000e+03 4.000000000000000000e+00 1.750000000000000000e+11
4.213199999999999818e+03 4.000000000000000000e+00 1.750000000000000000e+11
4.213400000000000546e+03 0.000000000000000000e+00 1.750000000000000000e+11
4.213600000000000364e+03 0.000000000000000000e+00 1.750000000000000000e+11
4.213800000000000182e+03 0.000000000000000000e+00 1.749999800000000000e+11
4.214000000000000000e+03 4.000000000000000000e+00 1.750000000000000000e+11
4.214199999999999818e+03 4.000000000000000000e+00 1.749999800000000000e+11
4.214400000000000546e+03 4.000000000000000000e+00 1.750000000000000000e+11
4.214600000000000364e+03 5.656854249492380582e+00 1.749999800000000000e+11
4.214800000000000182e+03 5.656854249492380582e+00 1.750000000000000000e+11
4.215000000000000000e+03 5.656854249492380582e+00 1.750000000000000000e+11
4.215199999999999818e+03 5.656854249492380582e+00 1.749999800000000000e+11
4.215400000000000546e+03 4.000000000000000000e+00 1.750000000000000000e+11
4.215600000000000364e+03 4.000000000000000000e+00 1.749999800000000000e+11
4.215800000000000182e+03 4.000000000000000000e+00 1.750000000000000000e+11
4.216000000000000000e+03 0.000000000000000000e+00 0.000000000000000000e+00
4.216199999999999818e+03 0.000000000000000000e+00 0.000000000000000000e+00
4.216400000000000546e+03 0.000000000000000000e+00 0.000000000000000000e+00
4.216600000000000364e+03 4.000000000000000000e+00 0.000000000000000000e+00
4.216800000000000182e+03 4.000000000000000000e+00 0.000000000000000000e+00
4.217000000000000000e+03 4.000000000000000000e+00 0.000000000000000000e+00
4.217199999999999818e+03 4.000000000000000000e+00 0.000000000000000000e+00
4.217400000000000546e+03 5.656854249492380582e+00 0.000000000000000000e+00
4.217600000000000364e+03 5.656854249492380582e+00 0.000000000000000000e+00
4.217800000000000182e+03 5.656854249492380582e+00 0.000000000000000000e+00
4.218000000000000000e+03 4.000000000000000000e+00 0.000000000000000000e+00
4.218199999999999818e+03 4.000000000000000000e+00 0.000000000000000000e+00
4.218400000000000546e+03 4.000000000000000000e+00 0.000000000000000000e+00
4.218600000000000364e+03 4.000000000000000000e+00 0.000000000000000000e+00
4.218800000000000182e+03 0.000000000000000000e+00 0.000000000000000000e+00
4.219000000000000000e+03 0.000000000000000000e+00 0.000000000000000000e+00
4.219199999999999818e+03 0.000000000000000000e+00 0.000000000000000000e+00
4.219400000000000546e+03 4.000000000000000000e+00 0.000000000000000000e+00
4.219600000000000364e+03 4.000000000000000000e+00 0.000000000000000000e+00
4.219800000000000182e+03 4.000000000000000000e+00 0.000000000000000000e+00
4.220000000000000000e+03 5.656854249492380582e+00 1.749999800000000000e+11
4.220199999999999818e+03 5.656854249492380582e+00 1.750000000000000000e+11
4.220400000000000546e+03 5.656854249492380582e+00 1.750000000000000000e+11
4.220600000000000364e+03 5.656854249492380582e+00 1.750000000000000000e+11
4.220800000000000182e+03 4.000000000000000000e+00 1.749999800000000000e+11
4.221000000000000000e+03 4.000000000000000000e+00 1.750000000000000000e+11
4.221199999999999818e+03 4.000000000000000000e+00 1.750000000000000000e+11
4.221400000000000546e+03 0.000000000000000000e+00 1.750000000000000000e+11
4.221600000000000364e+03 0.000000000000000000e+00 1.750000000000000000e+11
4.221800000000000182e+03 0.000000000000000000e+00 1.750000000000000000e+11
4.222000000000000000e+03 0.000000000000000000e+00 1.750000000000000000e+11
4.222199999999999818e+03 4.000000000000000000e+00 1.750000000000000000e+11
4.222400000000000546e+03 4.000000000000000000e+00 1.750000000000000000e+11
4.222600000000000364e+03 4.000000000000000000e+00 1.750000000000000000e+11
4.222800000000000182e+03 5.656854249492380582e+00 1.750000000000000000e+11
4.223000000000000000e+03 5.656854249492380582e+00 1.750000000000000000e+11
4.223199999999999818e+03 5.656854249492380582e+00 1.749999800000000000e+11
4.223400000000000546e+03 4.000000000000000000e+00 1.750000000000000000e+11
4.223600000000000364e+03 4.000000000000000000e+00 1.750000000000000000e+11
4.223800000000000182e+03 4.000000000000000000e+00 1.750000000000000000e+11
4.224000000000000000e+03 4.000000000000000000e+00 0.000000000000000000e+00
4.224199999999999818e+03 0.000000000000000000e+00 0.000000000000000000e+00
4.224400000000000546e+03 0.000000000000000000e+00 0.000000000000000000e+00
4.224600000000000364e+03 0.000000000000000000e+00 0.000000000000000000e+00
4.224800000000000182e+03 4.000000000000000000e+00 0.000000000000000000e+00
4.225000000000000000e+03 4.000000000000000000e+00 0.000000000000000000e+00
4.225199999999999818e+03 4.000000000000000000e+00 0.000000000000000000e+00
4.225400000000000546e+03 4.000000000000000000e+00 0.000000000000000000e+00
4.225600000000000364e+03 5.656854249492380582e+00 0.000000000000000000e+00
4.225800000000000182e+03 5.656854249492380582e+00 0.000000000000000000e+00
4.226000000000000000e+03 5.656854249492380582e+00 0.000000000000000000e+00
4.226199999999999818e+03 4.000000000000000000e+00 0.000000000000000000e+00
4.226400000000000546e+03 4.000000000000000000e+00 0.000000000000000000e+00
4.226600000000000364e+03 4.000000000000000000e+00 0.000000000000000000e+00
4.226800000000000182e+03 0.000000000000000000e+00 0.000000000000000000e+00
4.227000000000000000e+03 0.000000000000000000e+00 0.000000000000000000e+00
4.227199999999999818e+03 0.000000000000000000e+00 0.000000000000000000e+00
4.227400000000000546e+03 0.000000000000000000e+00 0.000000000000000000e+00
4.227600000000000364e+03 4.000000000000000000e+00 0.000000000000000000e+00
4.227800000000000182e+03 4.000000000000000000e+00 0.000000000000000000e+00
4.228000000000000000e+03 4.000000000000000000e+00 1.750000000000000000e+11
4.228199999999999818e+03 5.656854249492380582e+00 1.750000000000000000e+11
4.228400000000000546e+03 5.656854249492380582e+00 1.749999800000000000e+11
4.228600000000000364e+03 5.656854249492380582e+00 1.750000000000000000e+11
4.228800000000000182e+03 5.656854249492380582e+00 1.750000000000000000e+11
4.229000000000000000e+03 4.000000000000000000e+00 1.750000000000000000e+11
4.229199999999999818e+03 4.000000000000000000e+00 1.749999800000000000e+11
4.229400000000000546e+03 4.000000000000000000e+00 1.750000000000000000e+11
4.229600000000000364e+03 0.000000000000000000e+00 1.749999800000000000e+11
4.229800000000000182e+03 0.000000000000000000e+00 1.750000000000000000e+11
4.230000000000000000e+03 0.000000000000000000e+00 1.750000000000000000e+11
4.230199999999999818e+03 4.000000000000000000e+00 1.750000000000000000e+11
4.230400000000000546e+03 4.000000000000000000e+00 1.750000000000000000e+11
4.230600000000000364e+03 4.000000000000000000e+00 1.750000000000000000e+11
4.230800000000000182e+03 4.000000000000000000e+00 1.750000000000000000e+11
4.231000000000000000e+03 5.656854249492380582e+00 1.750000000000000000e+11
4.231199999999999818e+03 5.656854249492380582e+00 1.750000000000000000e+11
4.231400000000000546e+03 5.656854249492380582e+00 1.749999800000000000e+11
4.231600000000000364e+03 4.000000000000000000e+00 1.750000000000000000e+11
4.231800000000000182e+03 4.000000000000000000e+00 1.750000000000000000e+11
4.232000000000000000e+03 4.000000000000000000e+00 0.000000000000000000e+00
4.232199999999999818e+03 4.000000000000000000e+00 0.000000000000000000e+00
4.232400000000000546e+03 0.000000000000000000e+00 0.000000000000000000e+00
4.232600000000000364e+03 0.000000000000000000e+00 0.000000000000000000e+00
4.232800000000000182e+03 0.000000000000000000e+00 0.000000000000000000e+00
4.233000000000000000e+03 4.000000000000000000e+00 0.000000000000000000e+00
4.233199999999999818e+03 4.000000000000000000e+00 0.000000000000000000e+00
4.233400000000000546e+03 4.000000000000000000e+00 0.000000000000000000e+00
4.233600000000000364e+03 5.656854249492380582e+00 0.000000000000000000e+00
4.233800000000000182e+03 5.656854249492380582e+00 0.000000000000000000e+00
4.234000000000000000e+03 5.656854249492380582e+00 0.000000000000000000e+00
4.234199999999999818e+03 5.656854249492380582e+00 0.000000000000000000e+00
4.234400000000000546e+03 4.000000000000000000e+00 0.000000000000000000e+00
4.234600000000000364e+03 4.000000000000000000e+00 0.000000000000000000e+00
4.234800000000000182e+03 4.000000000000000000e+00 0.000000000000000000e+00
4.235000000000000000e+03 0.000000000000000000e+00 0.000000000000000000e+00
4.235199999999999818e+03 0.000000000000000000e+00 0.000000000000000000e+00
4.235400000000000546e+03 0.000000000000000000e+00 0.000000000000000000e+00
4.235600000000000364e+03 0.000000000000000000e+00 0.000000000000000000e+00
4.235800000000000182e+03 4.000000000000000000e+00 0.000000000000000000e+00
4.236000000000000000e+03 4.000000000000000000e+00 1.750000000000000000e+11
4.236199999999999818e+03 4.000000000000000000e+00 1.750000000000000000e+11
4.236400000000000546e+03 5.656854249492380582e+00 1.750000000000000000e+11
4.236600000000000364e+03 5.656854249492380582e+00 1.750000000000000000e+11
4.236800000000000182e+03 5.656854249492380582e+00 1.750000000000000000e+11
4.237000000000000000e+03 4.000000000000000000e+00 1.750000000000000000e+11
4.237199999999999818e+03 4.000000000000000000e+00 1.750000000000000000e+11
4.237400000000000546e+03 4.000000000000000000e+00 1.750000000000000000e+11
4.237600000000000364e+03 4.000000000000000000e+00 1.750000000000000000e+11
4.237800000000000182e+03 0.000000000000000000e+00 1.750000000000000000e+11
4.238000000000000000e+03 0.000000000000000000e+00 1.750000000000000000e+11
4.238199999999999818e+03 0.000000000000000000e+00 1.750000000000000000e+11
4.238400000000000546e+03 4.000000000000000000e+00 1.749999800000000000e+11
4.238600000000000364e+03 4.000000000000000000e+00 1.750000000000000000e+11
4.238800000000000182e+03 4.000000000000000000e+00 1.750000000000000000e+11
4.239000000000000000e+03 4.000000000000000000e+00 1.750000000000000000e+11
4.239199999999999818e+03 5.656854249492380582e+00 1.750000000000000000e+11
4.239400000000000546e+03 5.656854249492380582e+00 1.750000000000000000e+11
4.239600000000000364e+03 5.656854249492380582e+00 1.750000000000000000e+11
4.239800000000000182e+03 4.000000000000000000e+00 1.750000000000000000e+11
4.240000000000000000e+03 4.000000000000000000e+00 0.000000000000000000e+00
4.240199999999999818e+03 4.000000000000000000e+00 0.000000000000000000e+00
4.240400000000000546e+03 0.000000000000000000e+00 0.000000000000000000e+00
4.240600000000000364e+03 0.000000000000000000e+00 0.000000000000000000e+00
4.240800000000000182e+03 0.000000000000000000e+00 0.000000000000000000e+00
4.241000000000000000e+03 0.000000000000000000e+00 0.000000000000000000e+00
4.241199999999999818e+03 4.000000000000000000e+00 0.000000000000000000e+00
4.241400000000000546e+03 4.000000000000000000e+00 0.000000000000000000e+00
4.241600000000000364e+03 4.000000000000000000e+00 0.000000000000000000e+00
4.241800000000000182e+03 5.656854249492380582e+00 0.000000000000000000e+00
4.242000000000000000e+03 5.656854249492380582e+00 0.000000000000000000e+00
4.242199999999999818e+03 5.656854249492380582e+00 0.000000000000000000e+00
4.242400000000000546e+03 5.656854249492380582e+00 0.000000000000000000e+00
4.242600000000000364e+03 4.000000000000000000e+00 0.000000000000000000e+00
4.242800000000000182e+03 4.000000000000000000e+00 0.000000000000000000e+00
4.243000000000000000e+03 4.000000000000000000e+00 0.000000000000000000e+00
4.243199999999999818e+03 0.000000000000000000e+00 0.000000000000000000e+00
4.243400000000000546e+03 0.000000000000000000e+00 0.000000000000000000e+00
4.243600000000000364e+03 0.000000000000000000e+00 0.000000000000000000e+00
4.243800000000000182e+03 4.000000000000000000e+00 0.000000000000000000e+00
4.244000000000000000e+03 4.000000000000000000e+00 1.750000000000000000e+11
4.244199999999999818e+03 4.000000000000000000e+00 1.750000000000000000e+11
4.244400000000000546e+03 4.000000000000000000e+00 1.750000000000000000e+11
4.244600000000000364e+03 5.656854249492380582e+00 1.750000000000000000e+11
4.244800000000000182e+03 5.656854249492380582e+00 1.750000000000000000e+11
4.245000000000000000e+03 5.656854249492380582e+00 1.750000000000000000e+11
4.245199999999999818e+03 4.000000000000000000e+00 1.750000000000000000e+11
4.245400000000000546e+03 4.000000000000000000e+00 1.750000000000000000e+11
4.245600000000000364e+03 4.000000000000000000e+00 1.750000000000000000e+11
4.245800000000000182e+03 4.000000000000000000e+00 1.749999800000000000e+11
4.246000000000000000e+03 0.000000000000000000e+00 1.750000000000000000e+11
4.246199999999999818e+03 0.000000000000000000e+00 1.750000000000000000e+11
4.246400000000000546e+03 0.000000000000000000e+00 1.750000000000000000e+11
4.246600000000000364e+03 4.000000000000000000e+00 1.750000000000000000e+11
4.246800000000000182e+03 4.000000000000000000e+00 1.750000000000000000e+11
4.247000000000000000e+03 4.000000000000000000e+00 1.750000000000000000e+11
4.247199999999999818e+03 5.656854249492380582e+00 1.750000000000000000e+11
4.247400000000000546e+03 5.656854249492380582e+00 1.750000000000000000e+11
4.247600000000000364e+03 5.656854249492380582e+00 1.750000000000000000e+11
4.247800000000000182e+03 5.656854249492380582e+00 1.750000000000000000e+11
4.248000000000000000e+03 4.000000000000000000e+00 0.000000000000000000e+00
4.248199999999999818e+03 4.000000000000000000e+00 0.000000000000000000e+00
4.248400000000000546e+03 4.000000000000000000e+00 0.000000000000000000e+00
4.248600000000000364e+03 0.000000000000000000e+00 0.000000000000000000e+00
4.248800000000000182e+03 0.000000000000000000e+00 0.000000000000000000e+00
4.249000000000000000e+03 0.000000000000000000e+00 0.000000000000000000e+00
4.249199999999999818e+03 0.000000000000000000e+00 0.000000000000000000e+00
4.249400000000000546e+03 4.000000000000000000e+00 0.000000000000000000e+00
4.249600000000000364e+03 4.000000000000000000e+00 0.000000000000000000e+00
4.249800000000000182e+03 4.000000000000000000e+00 0.000000000000000000e+00
4.250000000000000000e+03 5.656854249492380582e+00 0.000000000000000000e+00
4.250199999999999818e+03 5.656854249492380582e+00 0.000000000000000000e+00
4.250400000000000546e+03 5.656854249492380582e+00 0.000000000000000000e+00
4.250600000000000364e+03 4.000000000000000000e+00 0.000000000000000000e+00
4.250800000000000182e+03 4.000000000000000000e+00 0.000000000000000000e+00
4.251000000000000000e+03 4.000000000000000000e+00 0.000000000000000000e+00
4.251199999999999818e+03 4.000000000000000000e+00 0.000000000000000000e+00
4.251400000000000546e+03 0.000000000000000000e+00 0.000000000000000000e+00
4.251600000000000364e+03 0.000000000000000000e+00 0.000000000000000000e+00
4.251800000000000182e+03 0.000000000000000000e+00 0.000000000000000000e+00
4.252000000000000000e+03 4.000000000000000000e+00 1.749999800000000000e+11
4.252199999999999818e+03 4.000000000000000000e+00 1.750000000000000000e+11
4.252400000000000546e+03 4.000000000000000000e+00 1.750000000000000000e+11
4.252600000000000364e+03 4.000000000000000000e+00 1.750000000000000000e+11
4.252800000000000182e+03 5.656854249492380582e+00 1.750000000000000000e+11
4.253000000000000000e+03 5.656854249492380582e+00 1.750000000000000000e+11
4.253199999999999818e+03 5.656854249492380582e+00 1.750000000000000000e+11
4.253400000000000546e+03 4.000000000000000000e+00 1.750000000000000000e+11
4.253600000000000364e+03 4.000000000000000000e+00 1.750000000000000000e+11
4.253800000000000182e+03 4.000000000000000000e+00 1.750000000000000000e+11
4.254000000000000000e+03 0.000000000000000000e+00 1.750000000000000000e+11
4.254199999999999818e+03 0.000000000000000000e+00 1.750000000000000000e+11
4.254400000000000546e+03 0.000000000000000000e+00 1.749999800000000000e+11
4.254600000000000364e+03 0.000000000000000000e+00 1.750000000000000000e+11
4.254800000000000182e+03 4.000000000000000000e+00 1.750000000000000000e+11
4.255000000000000000e+03 4.000000000000000000e+00 1.750000000000000000e+11
4.255199999999999818e+03 4.000000000000000000e+00 1.749999800000000000e+11
4.255400000000000546e+03 5.656854249492380582e+00 1.750000000000000000e+11
4.255600000000000364e+03 5.656854249492380582e+00 1.750000000000000000e+11
4.255800000000000182e+03 5.656854249492380582e+00 1.750000000000000000e+11
4.256000000000000000e+03 5.656854249492380582e+00 0.000000000000000000e+00
4.256199999999999818e+03 4.000000000000000000e+00 0.000000000000000000e+00
4.256400000000000546e+03 4.000000000000000000e+00 0.000000000000000000e+00
4.256600000000000364e+03 4.000000000000000000e+00 0.000000000000000000e+00
4.256800000000000182e+03 0.000000000000000000e+00 0.000000000000000000e+00
4.257000000000000000e+03 0.000000000000000000e+00 0.000000000000000000e+00
4.257199999999999818e+03 0.000000000000000000e+00 0.000000000000000000e+00
4.257400000000000546e+03 4.000000000000000000e+00 0.000000000000000000e+00
4.257600000000000364e+03 4.000000000000000000e+00 0.000000000000000000e+00
4.257800000000000182e+03 4.000000000000000000e+00 0.000000000000000000e+00
4.258000000000000000e+03 4.000000000000000000e+00 0.000000000000000000e+00
4.258199999999999818e+03 5.656854249492380582e+00 0.000000000000000000e+00
4.258400000000000546e+03 5.656854249492380582e+00 0.000000000000000000e+00
4.258600000000000364e+03 5.656854249492380582e+00 0.000000000000000000e+00
4.258800000000000182e+03 4.000000000000000000e+00 0.000000000000000000e+00
4.259000000000000000e+03 4.000000000000000000e+00 0.000000000000000000e+00
4.259199999999999818e+03 4.000000000000000000e+00 0.000000000000000000e+00
4.259400000000000546e+03 4.000000000000000000e+00 0.000000000000000000e+00
4.259600000000000364e+03 0.000000000000000000e+00 0.000000000000000000e+00
4.259800000000000182e+03 0.000000000000000000e+00 0.000000000000000000e+00
4.260000000000000000e+03 0.000000000000000000e+00 1.750000000000000000e+11
4.260199999999999818e+03 4.000000000000000000e+00 1.749999800000000000e+11
4.260400000000000546e+03 4.000000000000000000e+00 1.750000000000000000e+11
4.260600000000000364e+03 4.000000000000000000e+00 1.749999800000000000e+11
4.260800000000000182e+03 5.656854249492380582e+00 1.750000000000000000e+11
4.261000000000000000e+03 5.656854249492380582e+00 1.750000000000000000e+11
4.261199999999999818e+03 5.656854249492380582e+00 1.750000000000000000e+11
4.261400000000000546e+03 5.656854249492380582e+00 1.750000000000000000e+11
4.261600000000000364e+03 4.000000000000000000e+00 1.750000000000000000e+11
4.261800000000000182e+03 4.000000000000000000e+00 1.750000000000000000e+11
4.262000000000000000e+03 4.000000000000000000e+00 1.750000000000000000e+11
4.262199999999999818e+03 0.000000000000000000e+00 1.749999800000000000e+11
4.262400000000000546e+03 0.000000000000000000e+00 1.750000000000000000e+11
4.262600000000000364e+03 0.000000000000000000e+00 1.749999800000000000e+11
4.262800000000000182e+03 0.000000000000000000e+00 1.750000000000000000e+11
4.263000000000000000e+03 4.000000000000000000e+00 1.750000000000000000e+11
4.263199999999999818e+03 4.000000000000000000e+00 1.750000000000000000e+11
4.263400000000000546e+03 4.000000000000000000e+00 1.750000000000000000e+11
4.263600000000000364e+03 5.656854249492380582e+00 1.749999800000000000e+11
4.263800000000000182e+03 5.656854249492380582e+00 1.750000000000000000e+11
4.264000000000000000e+03 5.656854249492380582e+00 0.000000000000000000e+00
4.264199999999999818e+03 4.000000000000000000e+00 0.000000000000000000e+00
4.264400000000000546e+03 4.000000000000000000e+00 0.000000000000000000e+00
4.264600000000000364e+03 4.000000000000000000e+00 0.000000000000000000e+00
4.264800000000000182e+03 4.000000000000000000e+00 0.000000000000000000e+00
4.265000000000000000e+03 0.000000000000000000e+00 0.000000000000000000e+00
4.265199999999999818e+03 0.000000000000000000e+00 0.000000000000000000e+00
4.265400000000000546e+03 0.000000000000000000e+00 0.000000000000000000e+00
4.265600000000000364e+03 4.000000000000000000e+00 0.000000000000000000e+00
4.265800000000000182e+03 4.000000000000000000e+00 0.000000000000000000e+00
4.266000000000000000e+03 4.000000000000000000e+00 0.000000000000000000e+00
4.266199999999999818e+03 4.000000000000000000e+00 0.000000000000000000e+00
4.266400000000000546e+03 5.656854249492380582e+00 0.000000000000000000e+00
4.266600000000000364e+03 5.656854249492380582e+00 0.000000000000000000e+00
4.266800000000000182e+03 5.656854249492380582e+00 0.000000000000000000e+00
4.267000000000000000e+03 4.000000000000000000e+00 0.000000000000000000e+00
4.267199999999999818e+03 4.000000000000000000e+00 0.000000000000000000e+00
4.267400000000000546e+03 4.000000000000000000e+00 0.000000000000000000e+00
4.267600000000000364e+03 0.000000000000000000e+00 0.000000000000000000e+00
4.267800000000000182e+03 0.000000000000000000e+00 0.000000000000000000e+00
4.268000000000000000e+03 0.000000000000000000e+00 1.750000000000000000e+11
4.268199999999999818e+03 0.000000000000000000e+00 1.750000000000000000e+11
4.268400000000000546e+03 4.000000000000000000e+00 1.749999800000000000e+11
4.268600000000000364e+03 4.000000000000000000e+00 1.750000000000000000e+11
4.268800000000000182e+03 4.000000000000000000e+00 1.750000000000000000e+11
4.269000000000000000e+03 5.656854249492380582e+00 1.750000000000000000e+11
4.269199999999999818e+03 5.656854249492380582e+00 1.750000000000000000e+11
4.269400000000000546e+03 5.656854249492380582e+00 1.750000000000000000e+11
4.269600000000000364e+03 5.656854249492380582e+00 1.750000000000000000e+11
4.269800000000000182e+03 4.000000000000000000e+00 1.750000000000000000e+11
4.270000000000000000e+03 4.000000000000000000e+00 1.749999800000000000e+11
4.270199999999999818e+03 4.000000000000000000e+00 1.750000000000000000e+11
4.270400000000000546e+03 0.000000000000000000e+00 1.749999800000000000e+11
4.270600000000000364e+03 0.000000000000000000e+00 1.750000000000000000e+11
4.270800000000000182e+03 0.000000000000000000e+00 1.750000000000000000e+11
4.271000000000000000e+03 0.000000000000000000e+00 1.750000000000000000e+11
4.271199999999999818e+03 4.000000000000000000e+00 1.750000000000000000e+11
4.271400000000000546e+03 4.000000000000000000e+00 1.750000000000000000e+11
4.271600000000000364e+03 4.000000000000000000e+00 1.749999800000000000e+11
4.271800000000000182e+03 5.656854249492380582e+00 1.750000000000000000e+11
4.272000000000000000e+03 5.656854249492380582e+00 0.000000000000000000e+00
4.272199999999999818e+03 5.656854249492380582e+00 0.000000000000000000e+00
4.272400000000000546e+03 5.656854249492380582e+00 0.000000000000000000e+00
4.272600000000000364e+03 4.000000000000000000e+00 0.000000000000000000e+00
4.272800000000000182e+03 4.000000000000000000e+00 0.000000000000000000e+00
4.273000000000000000e+03 4.000000000000000000e+00 0.000000000000000000e+00
4.273199999999999818e+03 0.000000000000000000e+00 0.000000000000000000e+00
4.273400000000000546e+03 0.000000000000000000e+00 0.000000000000000000e+00
4.273600000000000364e+03 0.000000000000000000e+00 0.000000000000000000e+00
4.273800000000000182e+03 0.000000000000000000e+00 0.000000000000000000e+00
4.274000000000000000e+03 4.000000000000000000e+00 0.000000000000000000e+00
4.274199999999999818e+03 4.000000000000000000e+00 0.000000000000000000e+00
4.274400000000000546e+03 4.000000000000000000e+00 0.000000000000000000e+00
4.274600000000000364e+03 4.000000000000000000e+00 0.000000000000000000e+00
4.274800000000000182e+03 5.656854249492380582e+00 0.000000000000000000e+00
4.275000000000000000e+03 5.656854249492380582e+00 0.000000000000000000e+00
4.275199999999999818e+03 5.656854249492380582e+00 0.000000000000000000e+00
4.275400000000000546e+03 4.000000000000000000e+00 0.000000000000000000e+00
4.275600000000000364e+03 4.000000000000000000e+00 0.000000000000000000e+00
4.275800000000000182e+03 4.000000000000000000e+00 0.000000000000000000e+00
4.276000000000000000e+03 4.000000000000000000e+00 1.749999800000000000e+11
4.276199999999999818e+03 0.000000000000000000e+00 1.750000000000000000e+11
4.276400000000000546e+03 0.000000000000000000e+00 1.750000000000000000e+11
4.276600000000000364e+03 0.000000000000000000e+00 1.750000000000000000e+11
4.276800000000000182e+03 4.000000000000000000e+00 1.749999800000000000e+11
4.277000000000000000e+03 4.000000000000000000e+00 1.750000000000000000e+11
4.277199999999999818e+03 4.000000000000000000e+00 1.750000000000000000e+11
4.277400000000000546e+03 4.000000000000000000e+00 1.750000000000000000e+11
4.277600000000000364e+03 5.656854249492380582e+00 1.749999800000000000e+11
4.277800000000000182e+03 5.656854249492380582e+00 1.750000000000000000e+11
4.278000000000000000e+03 5.656854249492380582e+00 1.749999800000000000e+11
4.278199999999999818e+03 5.656854249492380582e+00 1.749999800000000000e+11
4.278400000000000546e+03 4.000000000000000000e+00 1.750000000000000000e+11
4.278600000000000364e+03 4.000000000000000000e+00 1.750000000000000000e+11
4.278800000000000182e+03 4.000000000000000000e+00 1.750000000000000000e+11
4.279000000000000000e+03 4.000000000000000000e+00 1.749999800000000000e+11
4.279199999999999818e+03 0.000000000000000000e+00 1.749999800000000000e+11
4.279400000000000546e+03 0.000000000000000000e+00 1.750000000000000000e+11
4.279600000000000364e+03 4.000000000000000000e+00 1.750000000000000000e+11
4.279800000000000182e+03 4.000000000000000000e+00 1.750000000000000000e+11
4.280000000000000000e+03 5.656854249492380582e+00 0.000000000000000000e+00
4.280199999999999818e+03 4.000000000000000000e+00 0.000000000000000000e+00
4.280400000000000546e+03 8.000000000000000000e+00 0.000000000000000000e+00
4.280600000000000364e+03 8.944271909999159220e+00 0.000000000000000000e+00
4.280800000000000182e+03 8.944271909999159220e+00 0.000000000000000000e+00
4.281000000000000000e+03 8.944271909999159220e+00 0.000000000000000000e+00
4.281199999999999818e+03 8.944271909999159220e+00 0.000000000000000000e+00
4.281400000000000546e+03 8.000000000000000000e+00 0.000000000000000000e+00
4.281600000000000364e+03 8.000000000000000000e+00 0.000000000000000000e+00
4.281800000000000182e+03 5.656854249492380582e+00 0.000000000000000000e+00
4.282000000000000000e+03 5.656854249492380582e+00 0.000000000000000000e+00
4.282199999999999818e+03 4.000000000000000000e+00 0.000000000000000000e+00
4.282400000000000546e+03 4.000000000000000000e+00 0.000000000000000000e+00
4.282600000000000364e+03 4.000000000000000000e+00 0.000000000000000000e+00
4.282800000000000182e+03 4.000000000000000000e+00 0.000000000000000000e+00
4.283000000000000000e+03 5.656854249492380582e+00 0.000000000000000000e+00
4.283199999999999818e+03 4.000000000000000000e+00 0.000000000000000000e+00
4.283400000000000546e+03 8.000000000000000000e+00 0.000000000000000000e+00
4.283600000000000364e+03 8.000000000000000000e+00 0.000000000000000000e+00
4.283800000000000182e+03 8.944271909999159220e+00 0.000000000000000000e+00
4.284000000000000000e+03 5.656854249492380582e+00 1.749999800000000000e+11
4.284199999999999818e+03 8.944271909999159220e+00 1.750000000000000000e+11
4.284400000000000546e+03 8.000000000000000000e+00 1.749999800000000000e+11
4.284600000000000364e+03 8.000000000000000000e+00 1.750000000000000000e+11
4.284800000000000182e+03 8.944271909999159220e+00 1.750000000000000000e+11
4.285000000000000000e+03 5.656854249492380582e+00 1.750000000000000000e+11
4.285199999999999818e+03 4.000000000000000000e+00 1.750000000000000000e+11
4.285400000000000546e+03 5.656854249492380582e+00 1.750000000000000000e+11
4.285600000000000364e+03 5.656854249492380582e+00 1.750000000000000000e+11
4.285800000000000182e+03 8.000000000000000000e+00 1.750000000000000000e+11
4.286000000000000000e+03 8.944271909999159220e+00 1.750000000000000000e+11
4.286199999999999818e+03 1.131370849898476116e+01 1.749999800000000000e+11
4.286400000000000546e+03 1.264911064067351809e+01 1.750000000000000000e+11
4.286600000000000364e+03 1.600000000000000000e+01 1.750000000000000000e+11
4.286800000000000182e+03 1.649242250247064234e+01 1.750000000000000000e+11
4.287000000000000000e+03 1.697056274847713908e+01 1.750000000000000000e+11
4.287199999999999818e+03 1.788854381999831844e+01 1.749999800000000000e+11
4.287400000000000546e+03 2.039607805437113797e+01 1.750000000000000000e+11
4.287600000000000364e+03 2.039607805437113797e+01 1.750000000000000000e+11
4.287800000000000182e+03 2.000000000000000000e+01 1.750000000000000000e+11
4.288000000000000000e+03 2.000000000000000000e+01 0.000000000000000000e+00
4.288199999999999818e+03 2.039607805437113797e+01 0.000000000000000000e+00
4.288400000000000546e+03 1.788854381999831844e+01 0.000000000000000000e+00
4.288600000000000364e+03 1.697056274847713908e+01 0.000000000000000000e+00
4.288800000000000182e+03 1.649242250247064234e+01 0.000000000000000000e+00
4.289000000000000000e+03 2.039607805437113797e+01 0.000000000000000000e+00
4.289199999999999818e+03 2.000000000000000000e+01 0.000000000000000000e+00
4.289400000000000546e+03 2.000000000000000000e+01 0.000000000000000000e+00
4.289600000000000364e+03 2.039607805437113797e+01 0.000000000000000000e+00
4.289800000000000182e+03 2.433105012119287736e+01 0.000000000000000000e+00
4.290000000000000000e+03 2.332380757938120297e+01 0.000000000000000000e+00
4.290199999999999818e+03 2.332380757938120297e+01 0.000000000000000000e+00
4.290400000000000546e+03 2.154065922853801496e+01 0.000000000000000000e+00
4.290600000000000364e+03 2.039607805437113797e+01 0.000000000000000000e+00
4.290800000000000182e+03 2.154065922853801496e+01 0.000000000000000000e+00
4.291000000000000000e+03 2.000000000000000000e+01 0.000000000000000000e+00
4.291199999999999818e+03 1.649242250247064234e+01 0.000000000000000000e+00
4.291400000000000546e+03 1.649242250247064234e+01 0.000000000000000000e+00
4.291600000000000364e+03 1.697056274847713908e+01 0.000000000000000000e+00
4.291800000000000182e+03 1.788854381999831844e+01 0.000000000000000000e+00
4.292000000000000000e+03 1.600000000000000000e+01 1.750000000000000000e+11
4.292199999999999818e+03 1.788854381999831844e+01 1.750000000000000000e+11
4.292400000000000546e+03 2.000000000000000000e+01 1.750000000000000000e+11
4.292600000000000364e+03 2.529822128134703618e+01 1.750000000000000000e+11
4.292800000000000182e+03 2.828427124746190202e+01 1.750000000000000000e+11
4.293000000000000000e+03 3.046309242345563462e+01 1.750000000000000000e+11
4.293199999999999818e+03 3.124099870362661591e+01 1.750000000000000000e+11
4.293400000000000546e+03 3.417601498127012150e+01 1.750000000000000000e+11
4.293600000000000364e+03 3.600000000000000000e+01 1.750000000000000000e+11
4.293800000000000182e+03 3.939543120718441571e+01 1.750000000000000000e+11
4.294000000000000000e+03 3.959797974644666141e+01 1.750000000000000000e+11
4.294199999999999818e+03 4.176122603564220270e+01 1.749999800000000000e+11
4.294400000000000546e+03 4.418144406874904462e+01 1.750000000000000000e+11
4.294600000000000364e+03 4.664761515876240594e+01 1.750000000000000000e+11
4.294800000000000182e+03 5.215361924162119323e+01 1.750000000000000000e+11
4.295000000000000000e+03 5.656854249492380404e+01 1.750000000000000000e+11
4.295199999999999818e+03 6.209669878504009688e+01 1.750000000000000000e+11
4.295400000000000546e+03 6.811754546370561059e+01 1.750000000000000000e+11
4.295600000000000364e+03 7.515317691222374208e+01 1.750000000000000000e+11
4.295800000000000182e+03 8.009993757800314995e+01 1.750000000000000000e+11
4.296000000000000000e+03 8.616263691415205983e+01 0.000000000000000000e+00
4.296199999999999818e+03 8.772684879784523559e+01 0.000000000000000000e+00
4.296400000000000546e+03 8.616263691415205983e+01 0.000000000000000000e+00
4.296600000000000364e+03 8.409518416651455652e+01 0.000000000000000000e+00
4.296800000000000182e+03 8.409518416651455652e+01 0.000000000000000000e+00
4.297000000000000000e+03 7.939773296511683043e+01 0.000000000000000000e+00
4.297199999999999818e+03 7.858753081755399705e+01 0.000000000000000000e+00
4.297400000000000546e+03 7.694153624668537361e+01 0.000000000000000000e+00
4.297600000000000364e+03 7.766595135579039777e+01 0.000000000000000000e+00
4.297800000000000182e+03 7.547184905645282527e+01 0.000000000000000000e+00
4.298000000000000000e+03 7.641989269817119634e+01 0.000000000000000000e+00
4.298199999999999818e+03 7.589466384404110499e+01 0.000000000000000000e+00
4.298400000000000546e+03 7.641989269817119634e+01 0.000000000000000000e+00
4.298600000000000364e+03 7.725283166331186635e+01 0.000000000000000000e+00
4.298800000000000182e+03 7.610519036176178531e+01 0.000000000000000000e+00
4.299000000000000000e+03 7.515317691222374208e+01 0.000000000000000000e+00
4.299199999999999818e+03 7.641989269817119634e+01 0.000000000000000000e+00
4.299400000000000546e+03 7.589466384404110499e+01 0.000000000000000000e+00
4.299600000000000364e+03 7.641989269817119634e+01 0.000000000000000000e+00
4.299800000000000182e+03 7.343023900274327787e+01 0.000000000000000000e+00
4.300000000000000000e+03 7.121797525905942905e+01 1.750000000000000000e+11
4.300199999999999818e+03 7.766595135579039777e+01 1.750000000000000000e+11
4.300400000000000546e+03 8.158431221748455187e+01 1.749999800000000000e+11
4.300600000000000364e+03 8.560373823613078059e+01 1.750000000000000000e+11
4.300800000000000182e+03 9.482615672903757797e+01 1.750000000000000000e+11
4.301000000000000000e+03 1.000799680255744306e+02 1.749999800000000000e+11
4.301199999999999818e+03 1.092520022699813040e+02 1.750000000000000000e+11
4.301400000000000546e+03 1.189285499785480482e+02 1.750000000000000000e+11
4.301600000000000364e+03 1.302919797992186375e+02 1.750000000000000000e+11
4.301800000000000182e+03 1.414213562373095101e+02 1.750000000000000000e+11
4.302000000000000000e+03 1.475669339655737247e+02 1.750000000000000000e+11
4.302199999999999818e+03 1.598499296215046854e+02 1.749999800000000000e+11
4.302400000000000546e+03 1.484318025222357846e+02 1.750000000000000000e+11
4.302600000000000364e+03 1.368210510118965715e+02 1.749999800000000000e+11
4.302800000000000182e+03 1.235475616918440096e+02 1.749999800000000000e+11
4.303000000000000000e+03 1.122853507809455920e+02 1.750000000000000000e+11
4.303199999999999818e+03 1.011928851253881447e+02 1.750000000000000000e+11
4.303400000000000546e+03 9.338094023943001787e+01 1.750000000000000000e+11
4.303600000000000364e+03 8.246211251235321527e+01 1.750000000000000000e+11
4.303800000000000182e+03 7.600000000000000000e+01 1.750000000000000000e+11
4.304000000000000000e+03 6.621178142898739338e+01 0.000000000000000000e+00
4.304199999999999818e+03 6.811754546370561059e+01 0.000000000000000000e+00
4.304400000000000546e+03 6.596969000988256937e+01 0.000000000000000000e+00
4.304600000000000364e+03 6.511528238439882443e+01 0.000000000000000000e+00
4.304800000000000182e+03 6.881860213634101342e+01 0.000000000000000000e+00
4.305000000000000000e+03 6.997142273814360180e+01 0.000000000000000000e+00
4.305199999999999818e+03 6.846897107449476039e+01 0.000000000000000000e+00
4.305400000000000546e+03 6.705221845696084415e+01 0.000000000000000000e+00
4.305600000000000364e+03 6.811754546370561059e+01 0.000000000000000000e+00
4.305800000000000182e+03 6.800000000000000000e+01 0.000000000000000000e+00
4.306000000000000000e+03 6.811754546370561059e+01 0.000000000000000000e+00
4.306199999999999818e+03 6.324555320336758513e+01 0.000000000000000000e+00
4.306400000000000546e+03 6.511528238439882443e+01 0.000000000000000000e+00
4.306600000000000364e+03 6.092618484691126923e+01 0.000000000000000000e+00
4.306800000000000182e+03 6.000000000000000000e+01 0.000000000000000000e+00
4.307000000000000000e+03 5.905929224093360119e+01 0.000000000000000000e+00
4.307199999999999818e+03 6.000000000000000000e+01 0.000000000000000000e+00
4.307400000000000546e+03 5.727128425310541360e+01 0.000000000000000000e+00
4.307600000000000364e+03 5.727128425310541360e+01 0.000000000000000000e+00
4.307800000000000182e+03 6.000000000000000000e+01 0.000000000000000000e+00
4.308000000000000000e+03 5.905929224093360119e+01 1.750000000000000000e+11
4.308199999999999818e+03 5.656854249492380404e+01 1.750000000000000000e+11
4.308400000000000546e+03 5.059644256269407236e+01 1.750000000000000000e+11
4.308600000000000364e+03 4.816637831516918311e+01 1.750000000000000000e+11
4.308800000000000182e+03 4.664761515876240594e+01 1.750000000000000000e+11
4.309000000000000000e+03 4.019950248448355978e+01 1.750000000000000000e+11
4.309199999999999818e+03 3.687817782917154830e+01 1.750000000000000000e+11
4.309400000000000546e+03 3.124099870362661591e+01 1.750000000000000000e+11
4.309600000000000364e+03 2.884441020371191300e+01 1.750000000000000000e+11
4.309800000000000182e+03 2.433105012119287736e+01 1.750000000000000000e+11
4.310000000000000000e+03 2.154065922853801496e+01 1.749999800000000000e+11
4.310199999999999818e+03 1.697056274847713908e+01 1.749999800000000000e+11
4.310400000000000546e+03 1.649242250247064234e+01 1.750000000000000000e+11
4.310600000000000364e+03 1.649242250247064234e+01 1.750000000000000000e+11
4.310800000000000182e+03 1.442220510185595650e+01 1.750000000000000000e+11
4.311000000000000000e+03 1.442220510185595650e+01 1.750000000000000000e+11
4.311199999999999818e+03 1.649242250247064234e+01 1.749999800000000000e+11
4.311400000000000546e+03 1.649242250247064234e+01 1.750000000000000000e+11
4.311600000000000364e+03 1.442220510185595650e+01 1.750000000000000000e+11
4.311800000000000182e+03 1.442220510185595650e+01 1.749999800000000000e+11
4.312000000000000000e+03 1.264911064067351809e+01 0.000000000000000000e+00
4.312199999999999818e+03 1.200000000000000000e+01 0.000000000000000000e+00
4.312400000000000546e+03 1.264911064067351809e+01 0.000000000000000000e+00
4.312600000000000364e+03 8.944271909999159220e+00 0.000000000000000000e+00
4.312800000000000182e+03 8.944271909999159220e+00 0.000000000000000000e+00
4.313000000000000000e+03 8.000000000000000000e+00 0.000000000000000000e+00
4.313199999999999818e+03 5.656854249492380582e+00 0.000000000000000000e+00
4.313400000000000546e+03 5.656854249492380582e+00 0.000000000000000000e+00
4.313600000000000364e+03 8.000000000000000000e+00 0.000000000000000000e+00
4.313800000000000182e+03 8.944271909999159220e+00 0.000000000000000000e+00
4.314000000000000000e+03 8.944271909999159220e+00 0.000000000000000000e+00
4.314199999999999818e+03 1.200000000000000000e+01 0.000000000000000000e+00
4.314400000000000546e+03 1.200000000000000000e+01 0.000000000000000000e+00
4.314600000000000364e+03 1.264911064067351809e+01 0.000000000000000000e+00
4.314800000000000182e+03 1.131370849898476116e+01 0.000000000000000000e+00
4.315000000000000000e+03 1.264911064067351809e+01 0.000000000000000000e+00
4.315199999999999818e+03 1.200000000000000000e+01 0.000000000000000000e+00
4.315400000000000546e+03 8.000000000000000000e+00 0.000000000000000000e+00
4.315600000000000364e+03 8.944271909999159220e+00 0.000000000000000000e+00
4.315800000000000182e+03 8.944271909999159220e+00 0.000000000000000000e+00
4.316000000000000000e+03 8.000000000000000000e+00 1.750000000000000000e+11
4.316199999999999818e+03 4.000000000000000000e+00 1.750000000000000000e+11
4.316400000000000546e+03 5.656854249492380582e+00 1.750000000000000000e+11
4.316600000000000364e+03 4.000000000000000000e+00 1.750000000000000000e+11
4.316800000000000182e+03 5.656854249492380582e+00 1.750000000000000000e+11
4.317000000000000000e+03 5.656854249492380582e+00 1.750000000000000000e+11
4.317199999999999818e+03 8.000000000000000000e+00 1.749999800000000000e+11
4.317400000000000546e+03 8.000000000000000000e+00 1.749999800000000000e+11
4.317600000000000364e+03 5.656854249492380582e+00 1.749999800000000000e+11
4.317800000000000182e+03 5.656854249492380582e+00 1.749999800000000000e+11
4.318000000000000000e+03 5.656854249492380582e+00 1.750000000000000000e+11
4.318199999999999818e+03 5.656854249492380582e+00 1.750000000000000000e+11
4.318400000000000546e+03 4.000000000000000000e+00 1.750000000000000000e+11
4.318600000000000364e+03 4.000000000000000000e+00 1.750000000000000000e+11
4.318800000000000182e+03 4.000000000000000000e+00 1.749999800000000000e+11
4.319000000000000000e+03 4.000000000000000000e+00 1.750000000000000000e+11
4.319199999999999818e+03 0.000000000000000000e+00 1.750000000000000000e+11
4.319400000000000546e+03 0.000000000000000000e+00 1.750000000000000000e+11
4.319600000000000364e+03 0.000000000000000000e+00 1.750000000000000000e+11
4.319800000000000182e+03 4.000000000000000000e+00 1.750000000000000000e+11
4.320000000000000000e+03 4.000000000000000000e+00 0.000000000000000000e+00
4.320199999999999818e+03 4.000000000000000000e+00 0.000000000000000000e+00
4.320400000000000546e+03 4.000000000000000000e+00 0.000000000000000000e+00
4.320600000000000364e+03 5.656854249492380582e+00 0.000000000000000000e+00
4.320800000000000182e+03 5.656854249492380582e+00 0.000000000000000000e+00
4.321000000000000000e+03 5.656854249492380582e+00 0.000000000000000000e+00
4.321199999999999818e+03 5.656854249492380582e+00 0.000000000000000000e+00
4.321400000000000546e+03 4.000000000000000000e+00 0.000000000000000000e+00
4.321600000000000364e+03 4.000000000000000000e+00 0.000000000000000000e+00
4.321800000000000182e+03 4.000000000000000000e+00 0.000000000000000000e+00
4.322000000000000000e+03 0.000000000000000000e+00 0.000000000000000000e+00
4.322199999999999818e+03 0.000000000000000000e+00 0.000000000000000000e+00
4.322400000000000546e+03 0.000000000000000000e+00 0.000000000000000000e+00
4.322600000000000364e+03 0.000000000000000000e+00 0.000000000000000000e+00
4.322800000000000182e+03 4.000000000000000000e+00 0.000000000000000000e+00
4.323000000000000000e+03 4.000000000000000000e+00 0.000000000000000000e+00
4.323199999999999818e+03 4.000000000000000000e+00 0.000000000000000000e+00
4.323400000000000546e+03 5.656854249492380582e+00 0.000000000000000000e+00
4.323600000000000364e+03 5.656854249492380582e+00 0.000000000000000000e+00
4.323800000000000182e+03 5.656854249492380582e+00 0.000000000000000000e+00
4.324000000000000000e+03 5.656854249492380582e+00 1.750000000000000000e+11
4.324199999999999818e+03 4.000000000000000000e+00 1.749999800000000000e+11
4.324400000000000546e+03 4.000000000000000000e+00 1.750000000000000000e+11
4.324600000000000364e+03 4.000000000000000000e+00 1.750000000000000000e+11
4.324800000000000182e+03 0.000000000000000000e+00 1.750000000000000000e+11
4.325000000000000000e+03 0.000000000000000000e+00 1.750000000000000000e+11
4.325199999999999818e+03 0.000000000000000000e+00 1.750000000000000000e+11
4.325400000000000546e+03 0.000000000000000000e+00 1.749999800000000000e+11
4.325600000000000364e+03 4.000000000000000000e+00 1.750000000000000000e+11
4.325800000000000182e+03 4.000000000000000000e+00 1.750000000000000000e+11
4.326000000000000000e+03 4.000000000000000000e+00 1.750000000000000000e+11
4.326199999999999818e+03 5.656854249492380582e+00 1.750000000000000000e+11
4.326400000000000546e+03 5.656854249492380582e+00 1.750000000000000000e+11
4.326600000000000364e+03 5.656854249492380582e+00 1.749999800000000000e+11
4.326800000000000182e+03 5.656854249492380582e+00 1.750000000000000000e+11
4.327000000000000000e+03 4.000000000000000000e+00 1.750000000000000000e+11
4.327199999999999818e+03 4.000000000000000000e+00 1.750000000000000000e+11
4.327400000000000546e+03 4.000000000000000000e+00 1.749999800000000000e+11
4.327600000000000364e+03 0.000000000000000000e+00 1.750000000000000000e+11
4.327800000000000182e+03 0.000000000000000000e+00 1.750000000000000000e+11
4.328000000000000000e+03 0.000000000000000000e+00 0.000000000000000000e+00
4.328199999999999818e+03 0.000000000000000000e+00 0.000000000000000000e+00
4.328400000000000546e+03 4.000000000000000000e+00 0.000000000000000000e+00
4.328600000000000364e+03 4.000000000000000000e+00 0.000000000000000000e+00
4.328800000000000182e+03 4.000000000000000000e+00 0.000000000000000000e+00
4.329000000000000000e+03 5.656854249492380582e+00 0.000000000000000000e+00
4.329199999999999818e+03 5.656854249492380582e+00 0.000000000000000000e+00
4.329400000000000546e+03 5.656854249492380582e+00 0.000000000000000000e+00
4.329600000000000364e+03 4.000000000000000000e+00 0.000000000000000000e+00
4.329800000000000182e+03 4.000000000000000000e+00 0.000000000000000000e+00
4.330000000000000000e+03 4.000000000000000000e+00 0.000000000000000000e+00
4.330199999999999818e+03 4.000000000000000000e+00 0.000000000000000000e+00
4.330400000000000546e+03 0.000000000000000000e+00 0.000000000000000000e+00
4.330600000000000364e+03 0.000000000000000000e+00 0.000000000000000000e+00
4.330800000000000182e+03 0.000000000000000000e+00 0.000000000000000000e+00
4.331000000000000000e+03 4.000000000000000000e+00 0.000000000000000000e+00
4.331199999999999818e+03 4.000000000000000000e+00 0.000000000000000000e+00
4.331400000000000546e+03 4.000000000000000000e+00 0.000000000000000000e+00
4.331600000000000364e+03 4.000000000000000000e+00 0.000000000000000000e+00
4.331800000000000182e+03 5.656854249492380582e+00 0.000000000000000000e+00
4.332000000000000000e+03 5.656854249492380582e+00 1.749999800000000000e+11
4.332199999999999818e+03 5.656854249492380582e+00 1.749999800000000000e+11
4.332400000000000546e+03 4.000000000000000000e+00 1.749999800000000000e+11
4.332600000000000364e+03 4.000000000000000000e+00 1.749999800000000000e+11
4.332800000000000182e+03 4.000000000000000000e+00 1.750000000000000000e+11
4.333000000000000000e+03 0.000000000000000000e+00 1.750000000000000000e+11
4.333199999999999818e+03 0.000000000000000000e+00 1.750000000000000000e+11
4.333400000000000546e+03 0.000000000000000000e+00 1.750000000000000000e+11
4.333600000000000364e+03 0.000000000000000000e+00 1.750000000000000000e+11
4.333800000000000182e+03 4.000000000000000000e+00 1.750000000000000000e+11
4.334000000000000000e+03 4.000000000000000000e+00 1.750000000000000000e+11
4.334199999999999818e+03 4.000000000000000000e+00 1.750000000000000000e+11
4.334400000000000546e+03 5.656854249492380582e+00 1.750000000000000000e+11
4.334600000000000364e+03 5.656854249492380582e+00 1.750000000000000000e+11
4.334800000000000182e+03 5.656854249492380582e+00 1.750000000000000000e+11
4.335000000000000000e+03 5.656854249492380582e+00 1.750000000000000000e+11
4.335199999999999818e+03 4.000000000000000000e+00 1.750000000000000000e+11
4.335400000000000546e+03 4.000000000000000000e+00 1.750000000000000000e+11
4.335600000000000364e+03 4.000000000000000000e+00 1.750000000000000000e+11
4.335800000000000182e+03 0.000000000000000000e+00 1.750000000000000000e+11
4.336000000000000000e+03 0.000000000000000000e+00 0.000000000000000000e+00
4.336199999999999818e+03 0.000000000000000000e+00 0.000000000000000000e+00
4.336400000000000546e+03 0.000000000000000000e+00 0.000000000000000000e+00
4.336600000000000364e+03 4.000000000000000000e+00 0.000000000000000000e+00
4.336800000000000182e+03 4.000000000000000000e+00 0.000000000000000000e+00
4.337000000000000000e+03 4.000000000000000000e+00 0.000000000000000000e+00
4.337199999999999818e+03 5.656854249492380582e+00 0.000000000000000000e+00
4.337400000000000546e+03 5.656854249492380582e+00 0.000000000000000000e+00
4.337600000000000364e+03 5.656854249492380582e+00 0.000000000000000000e+00
4.337800000000000182e+03 4.000000000000000000e+00 0.000000000000000000e+00
4.338000000000000000e+03 4.000000000000000000e+00 0.000000000000000000e+00
4.338199999999999818e+03 4.000000000000000000e+00 0.000000000000000000e+00
4.338400000000000546e+03 4.000000000000000000e+00 0.000000000000000000e+00
4.338600000000000364e+03 0.000000000000000000e+00 0.000000000000000000e+00
4.338800000000000182e+03 0.000000000000000000e+00 0.000000000000000000e+00
4.339000000000000000e+03 0.000000000000000000e+00 0.000000000000000000e+00
4.339199999999999818e+03 4.000000000000000000e+00 0.000000000000000000e+00
4.339400000000000546e+03 4.000000000000000000e+00 0.000000000000000000e+00
4.339600000000000364e+03 4.000000000000000000e+00 0.000000000000000000e+00
4.339800000000000182e+03 5.656854249492380582e+00 0.000000000000000000e+00
4.340000000000000000e+03 5.656854249492380582e+00 1.750000000000000000e+11
4.340199999999999818e+03 5.656854249492380582e+00 1.749999800000000000e+11
4.340400000000000546e+03 5.656854249492380582e+00 1.750000000000000000e+11
4.340600000000000364e+03 4.000000000000000000e+00 1.750000000000000000e+11
4.340800000000000182e+03 4.000000000000000000e+00 1.750000000000000000e+11
4.341000000000000000e+03 4.000000000000000000e+00 1.749999800000000000e+11
4.341199999999999818e+03 0.000000000000000000e+00 1.750000000000000000e+11
4.341400000000000546e+03 0.000000000000000000e+00 1.749999800000000000e+11
4.341600000000000364e+03 0.000000000000000000e+00 1.750000000000000000e+11
4.341800000000000182e+03 0.000000000000000000e+00 1.750000000000000000e+11
4.342000000000000000e+03 4.000000000000000000e+00 1.750000000000000000e+11
4.342199999999999818e+03 4.000000000000000000e+00 1.749999800000000000e+11
4.342400000000000546e+03 4.000000000000000000e+00 1.749999800000000000e+11
4.342600000000000364e+03 5.656854249492380582e+00 1.750000000000000000e+11
4.342800000000000182e+03 5.656854249492380582e+00 1.750000000000000000e+11
4.343000000000000000e+03 5.656854249492380582e+00 1.750000000000000000e+11
4.343199999999999818e+03 5.656854249492380582e+00 1.750000000000000000e+11
4.343400000000000546e+03 4.000000000000000000e+00 1.749999800000000000e+11
4.343600000000000364e+03 4.000000000000000000e+00 1.750000000000000000e+11
4.343800000000000182e+03 4.000000000000000000e+00 1.750000000000000000e+11
4.344000000000000000e+03 0.000000000000000000e+00 0.000000000000000000e+00
4.344199999999999818e+03 0.000000000000000000e+00 0.000000000000000000e+00
4.344400000000000546e+03 0.000000000000000000e+00 0.000000000000000000e+00
4.344600000000000364e+03 4.000000000000000000e+00 0.000000000000000000e+00
4.344800000000000182e+03 4.000000000000000000e+00 0.000000000000000000e+00
4.345000000000000000e+03 4.000000000000000000e+00 0.000000000000000000e+00
4.345199999999999818e+03 4.000000000000000000e+00 0.000000000000000000e+00
4.345400000000000546e+03 5.656854249492380582e+00 0.000000000000000000e+00
4.345600000000000364e+03 5.656854249492380582e+00 0.000000000000000000e+00
4.345800000000000182e+03 5.656854249492380582e+00 0.000000000000000000e+00
4.346000000000000000e+03 4.000000000000000000e+00 0.000000000000000000e+00
4.346199999999999818e+03 4.000000000000000000e+00 0.000000000000000000e+00
4.346400000000000546e+03 4.000000000000000000e+00 0.000000000000000000e+00
4.346600000000000364e+03 4.000000000000000000e+00 0.000000000000000000e+00
4.346800000000000182e+03 0.000000000000000000e+00 0.000000000000000000e+00
4.347000000000000000e+03 0.000000000000000000e+00 0.000000000000000000e+00
4.347199999999999818e+03 0.000000000000000000e+00 0.000000000000000000e+00
4.347400000000000546e+03 4.000000000000000000e+00 0.000000000000000000e+00
4.347600000000000364e+03 4.000000000000000000e+00 0.000000000000000000e+00
4.347800000000000182e+03 4.000000000000000000e+00 0.000000000000000000e+00
4.348000000000000000e+03 5.656854249492380582e+00 1.750000000000000000e+11
4.348199999999999818e+03 5.656854249492380582e+00 1.750000000000000000e+11
4.348400000000000546e+03 5.656854249492380582e+00 1.750000000000000000e+11
4.348600000000000364e+03 5.656854249492380582e+00 1.750000000000000000e+11
4.348800000000000182e+03 4.000000000000000000e+00 1.749999800000000000e+11
4.349000000000000000e+03 4.000000000000000000e+00 1.750000000000000000e+11
4.349199999999999818e+03 4.000000000000000000e+00 1.750000000000000000e+11
4.349400000000000546e+03 0.000000000000000000e+00 1.749999800000000000e+11
4.349600000000000364e+03 0.000000000000000000e+00 1.750000000000000000e+11
4.349800000000000182e+03 0.000000000000000000e+00 1.749999800000000000e+11
4.350000000000000000e+03 0.000000000000000000e+00 1.750000000000000000e+11
4.350199999999999818e+03 4.000000000000000000e+00 1.750000000000000000e+11
4.350400000000000546e+03 4.000000000000000000e+00 1.750000000000000000e+11
4.350600000000000364e+03 4.000000000000000000e+00 1.750000000000000000e+11
4.350800000000000182e+03 5.656854249492380582e+00 1.749999800000000000e+11
4.351000000000000000e+03 5.656854249492380582e+00 1.750000000000000000e+11
4.351199999999999818e+03 5.656854249492380582e+00 1.749999800000000000e+11
4.351400000000000546e+03 5.656854249492380582e+00 1.750000000000000000e+11
4.351600000000000364e+03 4.000000000000000000e+00 1.750000000000000000e+11
4.351800000000000182e+03 4.000000000000000000e+00 1.750000000000000000e+11
4.352000000000000000e+03 4.000000000000000000e+00 0.000000000000000000e+00
4.352199999999999818e+03 0.000000000000000000e+00 0.000000000000000000e+00
4.352400000000000546e+03 0.000000000000000000e+00 0.000000000000000000e+00
4.352600000000000364e+03 0.000000000000000000e+00 0.000000000000000000e+00
4.352800000000000182e+03 4.000000000000000000e+00 0.000000000000000000e+00
4.353000000000000000e+03 4.000000000000000000e+00 0.000000000000000000e+00
4.353199999999999818e+03 4.000000000000000000e+00 0.000000000000000000e+00
4.353400000000000546e+03 4.000000000000000000e+00 0.000000000000000000e+00
4.353600000000000364e+03 5.656854249492380582e+00 0.000000000000000000e+00
4.353800000000000182e+03 5.656854249492380582e+00 0.000000000000000000e+00
4.354000000000000000e+03 5.656854249492380582e+00 0.000000000000000000e+00
4.354199999999999818e+03 4.000000000000000000e+00 0.000000000000000000e+00
4.354400000000000546e+03 4.000000000000000000e+00 0.000000000000000000e+00
4.354600000000000364e+03 4.000000000000000000e+00 0.000000000000000000e+00
4.354800000000000182e+03 4.000000000000000000e+00 0.000000000000000000e+00
4.355000000000000000e+03 0.000000000000000000e+00 0.000000000000000000e+00
4.355199999999999818e+03 0.000000000000000000e+00 0.000000000000000000e+00
4.355400000000000546e+03 0.000000000000000000e+00 0.000000000000000000e+00
4.355600000000000364e+03 4.000000000000000000e+00 0.000000000000000000e+00
4.355800000000000182e+03 4.000000000000000000e+00 0.000000000000000000e+00
4.356000000000000000e+03 4.000000000000000000e+00 1.750000000000000000e+11
4.356199999999999818e+03 5.656854249492380582e+00 1.750000000000000000e+11
4.356400000000000546e+03 5.656854249492380582e+00 1.750000000000000000e+11
4.356600000000000364e+03 5.656854249492380582e+00 1.750000000000000000e+11
4.356800000000000182e+03 5.656854249492380582e+00 1.750000000000000000e+11
4.357000000000000000e+03 4.000000000000000000e+00 1.750000000000000000e+11
4.357199999999999818e+03 4.000000000000000000e+00 1.750000000000000000e+11
4.357400000000000546e+03 4.000000000000000000e+00 1.750000000000000000e+11
4.357600000000000364e+03 0.000000000000000000e+00 1.749999800000000000e+11
4.357800000000000182e+03 0.000000000000000000e+00 1.750000000000000000e+11
4.358000000000000000e+03 0.000000000000000000e+00 1.750000000000000000e+11
4.358199999999999818e+03 4.000000000000000000e+00 1.750000000000000000e+11
4.358400000000000546e+03 4.000000000000000000e+00 1.750000000000000000e+11
4.358600000000000364e+03 4.000000000000000000e+00 1.749999800000000000e+11
4.358800000000000182e+03 4.000000000000000000e+00 1.750000000000000000e+11
4.359000000000000000e+03 5.656854249492380582e+00 1.750000000000000000e+11
4.359199999999999818e+03 5.656854249492380582e+00 1.750000000000000000e+11
4.359400000000000546e+03 5.656854249492380582e+00 1.750000000000000000e+11
4.359600000000000364e+03 5.656854249492380582e+00 1.750000000000000000e+11
4.359800000000000182e+03 4.000000000000000000e+00 1.750000000000000000e+11
4.360000000000000000e+03 4.000000000000000000e+00 0.000000000000000000e+00
4.360199999999999818e+03 4.000000000000000000e+00 0.000000000000000000e+00
4.360400000000000546e+03 0.000000000000000000e+00 0.000000000000000000e+00
4.360600000000000364e+03 0.000000000000000000e+00 0.000000000000000000e+00
4.360800000000000182e+03 0.000000000000000000e+00 0.000000000000000000e+00
4.361000000000000000e+03 4.000000000000000000e+00 0.000000000000000000e+00
4.361199999999999818e+03 4.000000000000000000e+00 0.000000000000000000e+00
4.361400000000000546e+03 4.000000000000000000e+00 0.000000000000000000e+00
4.361600000000000364e+03 4.000000000000000000e+00 0.000000000000000000e+00
4.361800000000000182e+03 5.656854249492380582e+00 0.000000000000000000e+00
4.362000000000000000e+03 5.656854249492380582e+00 0.000000000000000000e+00
4.362199999999999818e+03 5.656854249492380582e+00 0.000000000000000000e+00
4.362400000000000546e+03 4.000000000000000000e+00 0.000000000000000000e+00
4.362600000000000364e+03 4.000000000000000000e+00 0.000000000000000000e+00
4.362800000000000182e+03 4.000000000000000000e+00 0.000000000000000000e+00
4.363000000000000000e+03 4.000000000000000000e+00 0.000000000000000000e+00
4.363199999999999818e+03 0.000000000000000000e+00 0.000000000000000000e+00
4.363400000000000546e+03 0.000000000000000000e+00 0.000000000000000000e+00
4.363600000000000364e+03 0.000000000000000000e+00 0.000000000000000000e+00
4.363800000000000182e+03 4.000000000000000000e+00 0.000000000000000000e+00
4.364000000000000000e+03 4.000000000000000000e+00 1.750000000000000000e+11
4.364199999999999818e+03 4.000000000000000000e+00 1.749999800000000000e+11
4.364400000000000546e+03 4.000000000000000000e+00 1.750000000000000000e+11
4.364600000000000364e+03 5.656854249492380582e+00 1.750000000000000000e+11
4.364800000000000182e+03 5.656854249492380582e+00 1.750000000000000000e+11
4.365000000000000000e+03 5.656854249492380582e+00 1.750000000000000000e+11
4.365199999999999818e+03 4.000000000000000000e+00 1.750000000000000000e+11
4.365400000000000546e+03 4.000000000000000000e+00 1.750000000000000000e+11
4.365600000000000364e+03 4.000000000000000000e+00 1.750000000000000000e+11
4.365800000000000182e+03 0.000000000000000000e+00 1.750000000000000000e+11
4.366000000000000000e+03 0.000000000000000000e+00 1.750000000000000000e+11
4.366199999999999818e+03 0.000000000000000000e+00 1.750000000000000000e+11
4.366400000000000546e+03 4.000000000000000000e+00 1.750000000000000000e+11
4.366600000000000364e+03 4.000000000000000000e+00 1.750000000000000000e+11
4.366800000000000182e+03 4.000000000000000000e+00 1.750000000000000000e+11
4.367000000000000000e+03 5.656854249492380582e+00 1.750000000000000000e+11
4.367199999999999818e+03 4.000000000000000000e+00 1.749999800000000000e+11
4.367400000000000546e+03 5.656854249492380582e+00 1.750000000000000000e+11
4.367600000000000364e+03 5.656854249492380582e+00 1.750000000000000000e+11
4.367800000000000182e+03 4.000000000000000000e+00 1.750000000000000000e+11
4.368000000000000000e+03 4.000000000000000000e+00 0.000000000000000000e+00
4.368199999999999818e+03 4.000000000000000000e+00 0.000000000000000000e+00
4.368400000000000546e+03 5.656854249492380582e+00 0.000000000000000000e+00
4.368600000000000364e+03 4.000000000000000000e+00 0.000000000000000000e+00
4.368800000000000182e+03 4.000000000000000000e+00 0.000000000000000000e+00
4.369000000000000000e+03 4.000000000000000000e+00 0.000000000000000000e+00
4.369199999999999818e+03 4.000000000000000000e+00 0.000000000000000000e+00
4.369400000000000546e+03 4.000000000000000000e+00 0.000000000000000000e+00
4.369600000000000364e+03 5.656854249492380582e+00 0.000000000000000000e+00
4.369800000000000182e+03 4.000000000000000000e+00 0.000000000000000000e+00
4.370000000000000000e+03 4.000000000000000000e+00 0.000000000000000000e+00
4.370199999999999818e+03 4.000000000000000000e+00 0.000000000000000000e+00
4.370400000000000546e+03 4.000000000000000000e+00 0.000000000000000000e+00
4.370600000000000364e+03 5.656854249492380582e+00 0.000000000000000000e+00
4.370800000000000182e+03 5.656854249492380582e+00 0.000000000000000000e+00
4.371000000000000000e+03 4.000000000000000000e+00 0.000000000000000000e+00
4.371199999999999818e+03 4.000000000000000000e+00 0.000000000000000000e+00
4.371400000000000546e+03 4.000000000000000000e+00 0.000000000000000000e+00
4.371600000000000364e+03 4.000000000000000000e+00 0.000000000000000000e+00
4.371800000000000182e+03 4.000000000000000000e+00 0.000000000000000000e+00
4.372000000000000000e+03 4.000000000000000000e+00 1.750000000000000000e+11
4.372199999999999818e+03 4.000000000000000000e+00 1.750000000000000000e+11
4.372400000000000546e+03 4.000000000000000000e+00 1.750000000000000000e+11
4.372600000000000364e+03 4.000000000000000000e+00 1.750000000000000000e+11
4.372800000000000182e+03 4.000000000000000000e+00 1.750000000000000000e+11
4.373000000000000000e+03 5.656854249492380582e+00 1.749999800000000000e+11
4.373199999999999818e+03 5.656854249492380582e+00 1.750000000000000000e+11
4.373400000000000546e+03 4.000000000000000000e+00 1.750000000000000000e+11
4.373600000000000364e+03 4.000000000000000000e+00 1.750000000000000000e+11
4.373800000000000182e+03 4.000000000000000000e+00 1.750000000000000000e+11
4.374000000000000000e+03 4.000000000000000000e+00 1.749999800000000000e+11
4.374199999999999818e+03 4.000000000000000000e+00 1.750000000000000000e+11
4.374400000000000546e+03 5.656854249492380582e+00 1.750000000000000000e+11
4.374600000000000364e+03 4.000000000000000000e+00 1.750000000000000000e+11
4.374800000000000182e+03 4.000000000000000000e+00 1.750000000000000000e+11
4.375000000000000000e+03 4.000000000000000000e+00 1.749999800000000000e+11
4.375199999999999818e+03 4.000000000000000000e+00 1.750000000000000000e+11
4.375400000000000546e+03 4.000000000000000000e+00 1.750000000000000000e+11
4.375600000000000364e+03 5.656854249492380582e+00 1.750000000000000000e+11
4.375800000000000182e+03 5.656854249492380582e+00 1.750000000000000000e+11
4.376000000000000000e+03 4.000000000000000000e+00 0.000000000000000000e+00
4.376199999999999818e+03 4.000000000000000000e+00 0.000000000000000000e+00
4.376400000000000546e+03 4.000000000000000000e+00 0.000000000000000000e+00
4.376600000000000364e+03 4.000000000000000000e+00 0.000000000000000000e+00
4.376800000000000182e+03 5.656854249492380582e+00 0.000000000000000000e+00
4.377000000000000000e+03 4.000000000000000000e+00 0.000000000000000000e+00
4.377199999999999818e+03 5.656854249492380582e+00 0.000000000000000000e+00
4.377400000000000546e+03 4.000000000000000000e+00 0.000000000000000000e+00
4.377600000000000364e+03 4.000000000000000000e+00 0.000000000000000000e+00
4.377800000000000182e+03 5.656854249492380582e+00 0.000000000000000000e+00
4.378000000000000000e+03 5.656854249492380582e+00 0.000000000000000000e+00
4.378199999999999818e+03 5.656854249492380582e+00 0.000000000000000000e+00
4.378400000000000546e+03 4.000000000000000000e+00 0.000000000000000000e+00
4.378600000000000364e+03 4.000000000000000000e+00 0.000000000000000000e+00
4.378800000000000182e+03 4.000000000000000000e+00 0.000000000000000000e+00
4.379000000000000000e+03 4.000000000000000000e+00 0.000000000000000000e+00
4.379199999999999818e+03 5.656854249492380582e+00 0.000000000000000000e+00
4.379400000000000546e+03 5.656854249492380582e+00 0.000000000000000000e+00
4.379600000000000364e+03 4.000000000000000000e+00 0.000000000000000000e+00
4.379800000000000182e+03 4.000000000000000000e+00 0.000000000000000000e+00
4.380000000000000000e+03 4.000000000000000000e+00 1.750000000000000000e+11
4.380199999999999818e+03 4.000000000000000000e+00 1.750000000000000000e+11
4.380400000000000546e+03 5.656854249492380582e+00 1.750000000000000000e+11
4.380600000000000364e+03 5.656854249492380582e+00 1.750000000000000000e+11
4.380800000000000182e+03 4.000000000000000000e+00 1.750000000000000000e+11
4.381000000000000000e+03 4.000000000000000000e+00 1.750000000000000000e+11
4.381199999999999818e+03 4.000000000000000000e+00 1.750000000000000000e+11
4.381400000000000546e+03 4.000000000000000000e+00 1.749999800000000000e+11
4.381600000000000364e+03 5.656854249492380582e+00 1.749999800000000000e+11
4.381800000000000182e+03 5.656854249492380582e+00 1.750000000000000000e+11
4.382000000000000000e+03 4.000000000000000000e+00 1.750000000000000000e+11
4.382199999999999818e+03 4.000000000000000000e+00 1.750000000000000000e+11
4.382400000000000546e+03 4.000000000000000000e+00 1.750000000000000000e+11
4.382600000000000364e+03 4.000000000000000000e+00 1.750000000000000000e+11
4.382800000000000182e+03 5.656854249492380582e+00 1.750000000000000000e+11
4.383000000000000000e+03 5.656854249492380582e+00 1.750000000000000000e+11
4.383199999999999818e+03 4.000000000000000000e+00 1.750000000000000000e+11
4.383400000000000546e+03 4.000000000000000000e+00 1.750000000000000000e+11
4.383600000000000364e+03 4.000000000000000000e+00 1.750000000000000000e+11
4.383800000000000182e+03 4.000000000000000000e+00 1.749999800000000000e+11
4.384000000000000000e+03 5.656854249492380582e+00 0.000000000000000000e+00
4.384199999999999818e+03 5.656854249492380582e+00 0.000000000000000000e+00
4.384400000000000546e+03 4.000000000000000000e+00 0.000000000000000000e+00
4.384600000000000364e+03 4.000000000000000000e+00 0.000000000000000000e+00
4.384800000000000182e+03 4.000000000000000000e+00 0.000000000000000000e+00
4.385000000000000000e+03 4.000000000000000000e+00 0.000000000000000000e+00
4.385199999999999818e+03 5.656854249492380582e+00 0.000000000000000000e+00
4.385400000000000546e+03 5.656854249492380582e+00 0.000000000000000000e+00
4.385600000000000364e+03 5.656854249492380582e+00 0.000000000000000000e+00
4.385800000000000182e+03 4.000000000000000000e+00 0.000000000000000000e+00
4.386000000000000000e+03 4.000000000000000000e+00 0.000000000000000000e+00
4.386199999999999818e+03 5.656854249492380582e+00 0.000000000000000000e+00
4.386400000000000546e+03 4.000000000000000000e+00 0.000000000000000000e+00
4.386600000000000364e+03 5.656854249492380582e+00 0.000000000000000000e+00
4.386800000000000182e+03 5.656854249492380582e+00 0.000000000000000000e+00
4.387000000000000000e+03 4.000000000000000000e+00 0.000000000000000000e+00
4.387199999999999818e+03 4.000000000000000000e+00 0.000000000000000000e+00
4.387400000000000546e+03 4.000000000000000000e+00 0.000000000000000000e+00
4.387600000000000364e+03 5.656854249492380582e+00 0.000000000000000000e+00
4.387800000000000182e+03 5.656854249492380582e+00 0.000000000000000000e+00
4.388000000000000000e+03 5.656854249492380582e+00 1.750000000000000000e+11
4.388199999999999818e+03 4.000000000000000000e+00 1.750000000000000000e+11
4.388400000000000546e+03 4.000000000000000000e+00 1.750000000000000000e+11
4.388600000000000364e+03 4.000000000000000000e+00 1.749999800000000000e+11
4.388800000000000182e+03 4.000000000000000000e+00 1.750000000000000000e+11
4.389000000000000000e+03 5.656854249492380582e+00 1.750000000000000000e+11
4.389199999999999818e+03 4.000000000000000000e+00 1.750000000000000000e+11
4.389400000000000546e+03 4.000000000000000000e+00 1.750000000000000000e+11
4.389600000000000364e+03 4.000000000000000000e+00 1.750000000000000000e+11
4.389800000000000182e+03 4.000000000000000000e+00 1.750000000000000000e+11
4.390000000000000000e+03 4.000000000000000000e+00 1.749999800000000000e+11
4.390199999999999818e+03 5.656854249492380582e+00 1.750000000000000000e+11
4.390400000000000546e+03 5.656854249492380582e+00 1.750000000000000000e+11
4.390600000000000364e+03 4.000000000000000000e+00 1.750000000000000000e+11
4.390800000000000182e+03 4.000000000000000000e+00 1.750000000000000000e+11
4.391000000000000000e+03 4.000000000000000000e+00 1.750000000000000000e+11
4.391199999999999818e+03 4.000000000000000000e+00 1.750000000000000000e+11
4.391400000000000546e+03 5.656854249492380582e+00 1.750000000000000000e+11
4.391600000000000364e+03 5.656854249492380582e+00 1.750000000000000000e+11
4.391800000000000182e+03 4.000000000000000000e+00 1.750000000000000000e+11
4.392000000000000000e+03 4.000000000000000000e+00 0.000000000000000000e+00
4.392199999999999818e+03 4.000000000000000000e+00 0.000000000000000000e+00
4.392400000000000546e+03 4.000000000000000000e+00 0.000000000000000000e+00
4.392600000000000364e+03 5.656854249492380582e+00 0.000000000000000000e+00
4.392800000000000182e+03 5.656854249492380582e+00 0.000000000000000000e+00
4.393000000000000000e+03 4.000000000000000000e+00 0.000000000000000000e+00
4.393199999999999818e+03 4.000000000000000000e+00 0.000000000000000000e+00
4.393400000000000546e+03 4.000000000000000000e+00 0.000000000000000000e+00
4.393600000000000364e+03 4.000000000000000000e+00 0.000000000000000000e+00
4.393800000000000182e+03 5.656854249492380582e+00 0.000000000000000000e+00
4.394000000000000000e+03 5.656854249492380582e+00 0.000000000000000000e+00
4.394199999999999818e+03 5.656854249492380582e+00 0.000000000000000000e+00
4.394400000000000546e+03 4.000000000000000000e+00 0.000000000000000000e+00
4.394600000000000364e+03 4.000000000000000000e+00 0.000000000000000000e+00
4.394800000000000182e+03 4.000000000000000000e+00 0.000000000000000000e+00
4.395000000000000000e+03 5.656854249492380582e+00 0.000000000000000000e+00
4.395199999999999818e+03 5.656854249492380582e+00 0.000000000000000000e+00
4.395400000000000546e+03 4.000000000000000000e+00 0.000000000000000000e+00
4.395600000000000364e+03 4.000000000000000000e+00 0.000000000000000000e+00
4.395800000000000182e+03 4.000000000000000000e+00 0.000000000000000000e+00
4.396000000000000000e+03 5.656854249492380582e+00 1.749999800000000000e+11
4.396199999999999818e+03 5.656854249492380582e+00 1.750000000000000000e+11
4.396400000000000546e+03 5.656854249492380582e+00 1.749999800000000000e+11
4.396600000000000364e+03 5.656854249492380582e+00 1.750000000000000000e+11
4.396800000000000182e+03 4.000000000000000000e+00 1.750000000000000000e+11
4.397000000000000000e+03 4.000000000000000000e+00 1.749999800000000000e+11
4.397199999999999818e+03 4.000000000000000000e+00 1.749999800000000000e+11
4.397400000000000546e+03 4.000000000000000000e+00 1.750000000000000000e+11
4.397600000000000364e+03 5.656854249492380582e+00 1.750000000000000000e+11
4.397800000000000182e+03 5.656854249492380582e+00 1.750000000000000000e+11
4.398000000000000000e+03 4.000000000000000000e+00 1.749999800000000000e+11
4.398199999999999818e+03 4.000000000000000000e+00 1.750000000000000000e+11
4.398400000000000546e+03 5.656854249492380582e+00 1.750000000000000000e+11
4.398600000000000364e+03 4.000000000000000000e+00 1.750000000000000000e+11
4.398800000000000182e+03 5.656854249492380582e+00 1.750000000000000000e+11
4.399000000000000000e+03 5.656854249492380582e+00 1.750000000000000000e+11
4.399199999999999818e+03 4.000000000000000000e+00 1.750000000000000000e+11
4.399400000000000546e+03 4.000000000000000000e+00 1.750000000000000000e+11
4.399600000000000364e+03 5.656854249492380582e+00 1.750000000000000000e+11
4.399800000000000182e+03 4.000000000000000000e+00 1.750000000000000000e+11
