4.400000000000000000e+03 5.656854249492380582e+00 0.000000000000000000e+00
4.400199999999999818e+03 4.000000000000000000e+00 0.000000000000000000e+00
4.400400000000000546e+03 4.000000000000000000e+00 0.000000000000000000e+00
4.400600000000000364e+03 5.656854249492380582e+00 0.000000000000000000e+00
4.400800000000000182e+03 5.656854249492380582e+00 0.000000000000000000e+00
4.401000000000000000e+03 5.656854249492380582e+00 0.000000000000000000e+00
4.401199999999999818e+03 5.656854249492380582e+00 0.000000000000000000e+00
4.401400000000000546e+03 5.656854249492380582e+00 0.000000000000000000e+00
4.401600000000000364e+03 5.656854249492380582e+00 0.000000000000000000e+00
4.401800000000000182e+03 4.000000000000000000e+00 0.000000000000000000e+00
4.402000000000000000e+03 4.000000000000000000e+00 0.000000000000000000e+00
4.402199999999999818e+03 5.656854249492380582e+00 0.000000000000000000e+00
4.402400000000000546e+03 4.000000000000000000e+00 0.000000000000000000e+00
4.402600000000000364e+03 0.000000000000000000e+00 0.000000000000000000e+00
4.402800000000000182e+03 5.656854249492380582e+00 0.000000000000000000e+00
4.403000000000000000e+03 5.656854249492380582e+00 0.000000000000000000e+00
4.403199999999999818e+03 5.656854249492380582e+00 0.000000000000000000e+00
4.403400000000000546e+03 5.656854249492380582e+00 0.000000000000000000e+00
4.403600000000000364e+03 5.656854249492380582e+00 0.000000000000000000e+00
4.403800000000000182e+03 5.656854249492380582e+00 0.000000000000000000e+00
4.404000000000000000e+03 5.656854249492380582e+00 1.775000000000000000e+11
4.404199999999999818e+03 5.656854249492380582e+00 1.775000000000000000e+11
4.404400000000000546e+03 4.000000000000000000e+00 1.775000000000000000e+11
4.404600000000000364e+03 4.000000000000000000e+00 1.775000000000000000e+11
4.404800000000000182e+03 4.000000000000000000e+00 1.775000000000000000e+11
4.405000000000000000e+03 4.000000000000000000e+00 1.775000000000000000e+11
4.405199999999999818e+03 0.000000000000000000e+00 1.775000000000000000e+11
4.405400000000000546e+03 0.000000000000000000e+00 1.775000000000000000e+11
4.405600000000000364e+03 0.000000000000000000e+00 1.775000000000000000e+11
4.405800000000000182e+03 4.000000000000000000e+00 1.775000000000000000e+11
4.406000000000000000e+03 4.000000000000000000e+00 1.775000000000000000e+11
4.406199999999999818e+03 5.656854249492380582e+00 1.775000000000000000e+11
4.406400000000000546e+03 5.656854249492380582e+00 1.775000000000000000e+11
4.406600000000000364e+03 5.656854249492380582e+00 1.775000000000000000e+11
4.406800000000000182e+03 5.656854249492380582e+00 1.775000000000000000e+11
4.407000000000000000e+03 5.656854249492380582e+00 1.775000000000000000e+11
4.407199999999999818e+03 4.000000000000000000e+00 1.775000000000000000e+11
4.407400000000000546e+03 4.000000000000000000e+00 1.775000000000000000e+11
4.407600000000000364e+03 4.000000000000000000e+00 1.775000000000000000e+11
4.407800000000000182e+03 0.000000000000000000e+00 1.775000000000000000e+11
4.408000000000000000e+03 0.000000000000000000e+00 0.000000000000000000e+00
4.408199999999999818e+03 0.000000000000000000e+00 0.000000000000000000e+00
4.408400000000000546e+03 4.000000000000000000e+00 0.000000000000000000e+00
4.408600000000000364e+03 4.000000000000000000e+00 0.000000000000000000e+00
4.408800000000000182e+03 4.000000000000000000e+00 0.000000000000000000e+00
4.409000000000000000e+03 5.656854249492380582e+00 0.000000000000000000e+00
4.409199999999999818e+03 5.656854249492380582e+00 0.000000000000000000e+00
4.409400000000000546e+03 5.656854249492380582e+00 0.000000000000000000e+00
4.409600000000000364e+03 5.656854249492380582e+00 0.000000000000000000e+00
4.409800000000000182e+03 5.656854249492380582e+00 0.000000000000000000e+00
4.410000000000000000e+03 4.000000000000000000e+00 0.000000000000000000e+00
4.410199999999999818e+03 4.000000000000000000e+00 0.000000000000000000e+00
4.410400000000000546e+03 4.000000000000000000e+00 0.000000000000000000e+00
4.410600000000000364e+03 0.000000000000000000e+00 0.000000000000000000e+00
4.410800000000000182e+03 0.000000000000000000e+00 0.000000000000000000e+00
4.411000000000000000e+03 0.000000000000000000e+00 0.000000000000000000e+00
4.411199999999999818e+03 4.000000000000000000e+00 0.000000000000000000e+00
4.411400000000000546e+03 4.000000000000000000e+00 0.000000000000000000e+00
4.411600000000000364e+03 5.656854249492380582e+00 0.000000000000000000e+00
4.411800000000000182e+03 5.656854249492380582e+00 0.000000000000000000e+00
4.412000000000000000e+03 5.656854249492380582e+00 1.775000000000000000e+11
4.412199999999999818e+03 5.656854249492380582e+00 1.775000000000000000e+11
4.412400000000000546e+03 5.656854249492380582e+00 1.775000000000000000e+11
4.412600000000000364e+03 4.000000000000000000e+00 1.775000000000000000e+11
4.412800000000000182e+03 4.000000000000000000e+00 1.775000000000000000e+11
4.413000000000000000e+03 4.000000000000000000e+00 1.775000000000000000e+11
4.413199999999999818e+03 0.000000000000000000e+00 1.775000000000000000e+11
4.413400000000000546e+03 0.000000000000000000e+00 1.775000000000000000e+11
4.413600000000000364e+03 0.000000000000000000e+00 1.775000000000000000e+11
4.413800000000000182e+03 0.000000000000000000e+00 1.775000000000000000e+11
4.414000000000000000e+03 4.000000000000000000e+00 1.775000000000000000e+11
4.414199999999999818e+03 4.000000000000000000e+00 1.775000000000000000e+11
4.414400000000000546e+03 4.000000000000000000e+00 1.775000000000000000e+11
4.414600000000000364e+03 5.656854249492380582e+00 1.775000000000000000e+11
4.414800000000000182e+03 5.656854249492380582e+00 1.775000000000000000e+11
4.415000000000000000e+03 5.656854249492380582e+00 1.775000000000000000e+11
4.415199999999999818e+03 4.000000000000000000e+00 1.775000000000000000e+11
4.415400000000000546e+03 4.000000000000000000e+00 1.775000000000000000e+11
4.415600000000000364e+03 4.000000000000000000e+00 1.775000000000000000e+11
4.415800000000000182e+03 4.000000000000000000e+00 1.775000000000000000e+11
4.416000000000000000e+03 0.000000000000000000e+00 0.000000000000000000e+00
4.416199999999999818e+03 0.000000000000000000e+00 0.000000000000000000e+00
4.416400000000000546e+03 0.000000000000000000e+00 0.000000000000000000e+00
4.416600000000000364e+03 4.000000000000000000e+00 0.000000000000000000e+00
4.416800000000000182e+03 4.000000000000000000e+00 0.000000000000000000e+00
4.417000000000000000e+03 4.000000000000000000e+00 0.000000000000000000e+00
4.417199999999999818e+03 5.656854249492380582e+00 0.000000000000000000e+00
4.417400000000000546e+03 5.656854249492380582e+00 0.000000000000000000e+00
4.417600000000000364e+03 5.656854249492380582e+00 0.000000000000000000e+00
4.417800000000000182e+03 5.656854249492380582e+00 0.000000000000000000e+00
4.418000000000000000e+03 4.000000000000000000e+00 0.000000000000000000e+00
4.418199999999999818e+03 4.000000000000000000e+00 0.000000000000000000e+00
4.418400000000000546e+03 4.000000000000000000e+00 0.000000000000000000e+00
4.418600000000000364e+03 0.000000000000000000e+00 0.000000000000000000e+00
4.418800000000000182e+03 0.000000000000000000e+00 0.000000000000000000e+00
4.419000000000000000e+03 0.000000000000000000e+00 0.000000000000000000e+00
4.419199999999999818e+03 0.000000000000000000e+00 0.000000000000000000e+00
4.419400000000000546e+03 4.000000000000000000e+00 0.000000000000000000e+00
4.419600000000000364e+03 4.000000000000000000e+00 0.000000000000000000e+00
4.419800000000000182e+03 4.000000000000000000e+00 0.000000000000000000e+00
4.420000000000000000e+03 5.656854249492380582e+00 1.775000000000000000e+11
4.420199999999999818e+03 5.656854249492380582e+00 1.775000000000000000e+11
4.420400000000000546e+03 5.656854249492380582e+00 1.775000000000000000e+11
4.420600000000000364e+03 5.656854249492380582e+00 1.775000000000000000e+11
4.420800000000000182e+03 4.000000000000000000e+00 1.775000000000000000e+11
4.421000000000000000e+03 4.000000000000000000e+00 1.775000000000000000e+11
4.421199999999999818e+03 4.000000000000000000e+00 1.775000000000000000e+11
4.421400000000000546e+03 0.000000000000000000e+00 1.775000000000000000e+11
4.421600000000000364e+03 0.000000000000000000e+00 1.775000000000000000e+11
4.421800000000000182e+03 0.000000000000000000e+00 1.775000000000000000e+11
4.422000000000000000e+03 4.000000000000000000e+00 1.775000000000000000e+11
4.422199999999999818e+03 4.000000000000000000e+00 1.775000000000000000e+11
4.422400000000000546e+03 4.000000000000000000e+00 1.775000000000000000e+11
4.422600000000000364e+03 4.000000000000000000e+00 1.775000000000000000e+11
4.422800000000000182e+03 5.656854249492380582e+00 1.775000000000000000e+11
4.423000000000000000e+03 5.656854249492380582e+00 1.775000000000000000e+11
4.423199999999999818e+03 5.656854249492380582e+00 1.775000000000000000e+11
4.423400000000000546e+03 4.000000000000000000e+00 1.775000000000000000e+11
4.423600000000000364e+03 4.000000000000000000e+00 1.775000000000000000e+11
4.423800000000000182e+03 4.000000000000000000e+00 1.775000000000000000e+11
4.424000000000000000e+03 4.000000000000000000e+00 0.000000000000000000e+00
4.424199999999999818e+03 0.000000000000000000e+00 0.000000000000000000e+00
4.424400000000000546e+03 0.000000000000000000e+00 0.000000000000000000e+00
4.424600000000000364e+03 0.000000000000000000e+00 0.000000000000000000e+00
4.424800000000000182e+03 4.000000000000000000e+00 0.000000000000000000e+00
4.425000000000000000e+03 4.000000000000000000e+00 0.000000000000000000e+00
4.425199999999999818e+03 4.000000000000000000e+00 0.000000000000000000e+00
4.425400000000000546e+03 5.656854249492380582e+00 0.000000000000000000e+00
4.425600000000000364e+03 5.656854249492380582e+00 0.000000000000000000e+00
4.425800000000000182e+03 5.656854249492380582e+00 0.000000000000000000e+00
4.426000000000000000e+03 5.656854249492380582e+00 0.000000000000000000e+00
4.426199999999999818e+03 4.000000000000000000e+00 0.000000000000000000e+00
4.426400000000000546e+03 4.000000000000000000e+00 0.000000000000000000e+00
4.426600000000000364e+03 4.000000000000000000e+00 0.000000000000000000e+00
4.426800000000000182e+03 0.000000000000000000e+00 0.000000000000000000e+00
4.427000000000000000e+03 0.000000000000000000e+00 0.000000000000000000e+00
4.427199999999999818e+03 0.000000000000000000e+00 0.000000000000000000e+00
4.427400000000000546e+03 0.000000000000000000e+00 0.000000000000000000e+00
4.427600000000000364e+03 4.000000000000000000e+00 0.000000000000000000e+00
4.427800000000000182e+03 4.000000000000000000e+00 0.000000000000000000e+00
4.428000000000000000e+03 4.000000000000000000e+00 1.775000000000000000e+11
4.428199999999999818e+03 5.656854249492380582e+00 1.775000000000000000e+11
4.428400000000000546e+03 5.656854249492380582e+00 1.775000000000000000e+11
4.428600000000000364e+03 5.656854249492380582e+00 1.775000000000000000e+11
4.428800000000000182e+03 4.000000000000000000e+00 1.775000000000000000e+11
4.429000000000000000e+03 4.000000000000000000e+00 1.775000000000000000e+11
4.429199999999999818e+03 4.000000000000000000e+00 1.775000000000000000e+11
4.429400000000000546e+03 4.000000000000000000e+00 1.775000000000000000e+11
4.429600000000000364e+03 0.000000000000000000e+00 1.775000000000000000e+11
4.429800000000000182e+03 0.000000000000000000e+00 1.775000000000000000e+11
4.430000000000000000e+03 0.000000000000000000e+00 1.775000000000000000e+11
4.430199999999999818e+03 4.000000000000000000e+00 1.775000000000000000e+11
4.430400000000000546e+03 4.000000000000000000e+00 1.775000000000000000e+11
4.430600000000000364e+03 4.000000000000000000e+00 1.775000000000000000e+11
4.430800000000000182e+03 4.000000000000000000e+00 1.775000000000000000e+11
4.431000000000000000e+03 5.656854249492380582e+00 1.775000000000000000e+11
4.431199999999999818e+03 5.656854249492380582e+00 1.775000000000000000e+11
4.431400000000000546e+03 5.656854249492380582e+00 1.775000000000000000e+11
4.431600000000000364e+03 4.000000000000000000e+00 1.775000000000000000e+11
4.431800000000000182e+03 4.000000000000000000e+00 1.775000000000000000e+11
4.432000000000000000e+03 4.000000000000000000e+00 0.000000000000000000e+00
4.432199999999999818e+03 0.000000000000000000e+00 0.000000000000000000e+00
4.432400000000000546e+03 0.000000000000000000e+00 0.000000000000000000e+00
4.432600000000000364e+03 0.000000000000000000e+00 0.000000000000000000e+00
4.432800000000000182e+03 0.000000000000000000e+00 0.000000000000000000e+00
4.433000000000000000e+03 4.000000000000000000e+00 0.000000000000000000e+00
4.433199999999999818e+03 4.000000000000000000e+00 0.000000000000000000e+00
4.433400000000000546e+03 4.000000000000000000e+00 0.000000000000000000e+00
4.433600000000000364e+03 5.656854249492380582e+00 0.000000000000000000e+00
4.433800000000000182e+03 5.656854249492380582e+00 0.000000000000000000e+00
4.434000000000000000e+03 5.656854249492380582e+00 0.000000000000000000e+00
4.434199999999999818e+03 5.656854249492380582e+00 0.000000000000000000e+00
4.434400000000000546e+03 4.000000000000000000e+00 0.000000000000000000e+00
4.434600000000000364e+03 4.000000000000000000e+00 0.000000000000000000e+00
4.434800000000000182e+03 4.000000000000000000e+00 0.000000000000000000e+00
4.435000000000000000e+03 0.000000000000000000e+00 0.000000000000000000e+00
4.435199999999999818e+03 0.000000000000000000e+00 0.000000000000000000e+00
4.435400000000000546e+03 0.000000000000000000e+00 0.000000000000000000e+00
4.435600000000000364e+03 4.000000000000000000e+00 0.000000000000000000e+00
4.435800000000000182e+03 4.000000000000000000e+00 0.000000000000000000e+00
4.436000000000000000e+03 4.000000000000000000e+00 1.775000000000000000e+11
4.436199999999999818e+03 4.000000000000000000e+00 1.775000000000000000e+11
4.436400000000000546e+03 5.656854249492380582e+00 1.775000000000000000e+11
4.436600000000000364e+03 5.656854249492380582e+00 1.775000000000000000e+11
4.436800000000000182e+03 5.656854249492380582e+00 1.775000000000000000e+11
4.437000000000000000e+03 4.000000000000000000e+00 1.775000000000000000e+11
4.437199999999999818e+03 4.000000000000000000e+00 1.775000000000000000e+11
4.437400000000000546e+03 4.000000000000000000e+00 1.775000000000000000e+11
4.437600000000000364e+03 4.000000000000000000e+00 1.775000000000000000e+11
4.437800000000000182e+03 0.000000000000000000e+00 1.775000000000000000e+11
4.438000000000000000e+03 0.000000000000000000e+00 1.775000000000000000e+11
4.438199999999999818e+03 0.000000000000000000e+00 1.775000000000000000e+11
4.438400000000000546e+03 4.000000000000000000e+00 1.775000000000000000e+11
4.438600000000000364e+03 4.000000000000000000e+00 1.775000000000000000e+11
4.438800000000000182e+03 4.000000000000000000e+00 1.775000000000000000e+11
4.439000000000000000e+03 5.656854249492380582e+00 1.775000000000000000e+11
4.439199999999999818e+03 5.656854249492380582e+00 1.775000000000000000e+11
4.439400000000000546e+03 5.656854249492380582e+00 1.775000000000000000e+11
4.439600000000000364e+03 5.656854249492380582e+00 1.775000000000000000e+11
4.439800000000000182e+03 4.000000000000000000e+00 1.775000000000000000e+11
4.440000000000000000e+03 4.000000000000000000e+00 0.000000000000000000e+00
4.440199999999999818e+03 4.000000000000000000e+00 0.000000000000000000e+00
4.440400000000000546e+03 0.000000000000000000e+00 0.000000000000000000e+00
4.440600000000000364e+03 0.000000000000000000e+00 0.000000000000000000e+00
4.440800000000000182e+03 0.000000000000000000e+00 0.000000000000000000e+00
4.441000000000000000e+03 0.000000000000000000e+00 0.000000000000000000e+00
4.441199999999999818e+03 4.000000000000000000e+00 0.000000000000000000e+00
4.441400000000000546e+03 4.000000000000000000e+00 0.000000000000000000e+00
4.441600000000000364e+03 4.000000000000000000e+00 0.000000000000000000e+00
4.441800000000000182e+03 5.656854249492380582e+00 0.000000000000000000e+00
4.442000000000000000e+03 5.656854249492380582e+00 0.000000000000000000e+00
4.442199999999999818e+03 5.656854249492380582e+00 0.000000000000000000e+00
4.442400000000000546e+03 4.000000000000000000e+00 0.000000000000000000e+00
4.442600000000000364e+03 4.000000000000000000e+00 0.000000000000000000e+00
4.442800000000000182e+03 4.000000000000000000e+00 0.000000000000000000e+00
4.443000000000000000e+03 4.000000000000000000e+00 0.000000000000000000e+00
4.443199999999999818e+03 0.000000000000000000e+00 0.000000000000000000e+00
4.443400000000000546e+03 0.000000000000000000e+00 0.000000000000000000e+00
4.443600000000000364e+03 0.000000000000000000e+00 0.000000000000000000e+00
4.443800000000000182e+03 4.000000000000000000e+00 0.000000000000000000e+00
4.444000000000000000e+03 4.000000000000000000e+00 1.775000000000000000e+11
4.444199999999999818e+03 4.000000000000000000e+00 1.775000000000000000e+11
4.444400000000000546e+03 4.000000000000000000e+00 1.775000000000000000e+11
4.444600000000000364e+03 5.656854249492380582e+00 1.775000000000000000e+11
4.444800000000000182e+03 5.656854249492380582e+00 1.775000000000000000e+11
4.445000000000000000e+03 5.656854249492380582e+00 1.775000000000000000e+11
4.445199999999999818e+03 4.000000000000000000e+00 1.775000000000000000e+11
4.445400000000000546e+03 4.000000000000000000e+00 1.775000000000000000e+11
4.445600000000000364e+03 4.000000000000000000e+00 1.775000000000000000e+11
4.445800000000000182e+03 0.000000000000000000e+00 1.775000000000000000e+11
4.446000000000000000e+03 0.000000000000000000e+00 1.775000000000000000e+11
4.446199999999999818e+03 0.000000000000000000e+00 1.775000000000000000e+11
4.446400000000000546e+03 0.000000000000000000e+00 1.775000000000000000e+11
4.446600000000000364e+03 4.000000000000000000e+00 1.775000000000000000e+11
4.446800000000000182e+03 4.000000000000000000e+00 1.775000000000000000e+11
4.447000000000000000e+03 4.000000000000000000e+00 1.775000000000000000e+11
4.447199999999999818e+03 5.656854249492380582e+00 1.775000000000000000e+11
4.447400000000000546e+03 5.656854249492380582e+00 1.775000000000000000e+11
4.447600000000000364e+03 5.656854249492380582e+00 1.775000000000000000e+11
4.447800000000000182e+03 5.656854249492380582e+00 1.775000000000000000e+11
4.448000000000000000e+03 4.000000000000000000e+00 0.000000000000000000e+00
4.448199999999999818e+03 4.000000000000000000e+00 0.000000000000000000e+00
4.448400000000000546e+03 4.000000000000000000e+00 0.000000000000000000e+00
4.448600000000000364e+03 0.000000000000000000e+00 0.000000000000000000e+00
4.448800000000000182e+03 0.000000000000000000e+00 0.000000000000000000e+00
4.449000000000000000e+03 0.000000000000000000e+00 0.000000000000000000e+00
4.449199999999999818e+03 4.000000000000000000e+00 0.000000000000000000e+00
4.449400000000000546e+03 4.000000000000000000e+00 0.000000000000000000e+00
4.449600000000000364e+03 4.000000000000000000e+00 0.000000000000000000e+00
4.449800000000000182e+03 4.000000000000000000e+00 0.000000000000000000e+00
4.450000000000000000e+03 5.656854249492380582e+00 0.000000000000000000e+00
4.450199999999999818e+03 5.656854249492380582e+00 0.000000000000000000e+00
4.450400000000000546e+03 5.656854249492380582e+00 0.000000000000000000e+00
4.450600000000000364e+03 4.000000000000000000e+00 0.000000000000000000e+00
4.450800000000000182e+03 4.000000000000000000e+00 0.000000000000000000e+00
4.451000000000000000e+03 4.000000000000000000e+00 0.000000000000000000e+00
4.451199999999999818e+03 4.000000000000000000e+00 0.000000000000000000e+00
4.451400000000000546e+03 0.000000000000000000e+00 0.000000000000000000e+00
4.451600000000000364e+03 0.000000000000000000e+00 0.000000000000000000e+00
4.451800000000000182e+03 0.000000000000000000e+00 0.000000000000000000e+00
4.452000000000000000e+03 4.000000000000000000e+00 1.775000000000000000e+11
4.452199999999999818e+03 4.000000000000000000e+00 1.775000000000000000e+11
4.452400000000000546e+03 4.000000000000000000e+00 1.775000000000000000e+11
4.452600000000000364e+03 5.656854249492380582e+00 1.775000000000000000e+11
4.452800000000000182e+03 5.656854249492380582e+00 1.775000000000000000e+11
4.453000000000000000e+03 5.656854249492380582e+00 1.775000000000000000e+11
4.453199999999999818e+03 5.656854249492380582e+00 1.775000000000000000e+11
4.453400000000000546e+03 4.000000000000000000e+00 1.775000000000000000e+11
4.453600000000000364e+03 4.000000000000000000e+00 1.775000000000000000e+11
4.453800000000000182e+03 4.000000000000000000e+00 1.775000000000000000e+11
4.454000000000000000e+03 0.000000000000000000e+00 1.775000000000000000e+11
4.454199999999999818e+03 0.000000000000000000e+00 1.775000000000000000e+11
4.454400000000000546e+03 0.000000000000000000e+00 1.775000000000000000e+11
4.454600000000000364e+03 0.000000000000000000e+00 1.775000000000000000e+11
4.454800000000000182e+03 4.000000000000000000e+00 1.775000000000000000e+11
4.455000000000000000e+03 4.000000000000000000e+00 1.775000000000000000e+11
4.455199999999999818e+03 4.000000000000000000e+00 1.775000000000000000e+11
4.455400000000000546e+03 5.656854249492380582e+00 1.775000000000000000e+11
4.455600000000000364e+03 5.656854249492380582e+00 1.775000000000000000e+11
4.455800000000000182e+03 5.656854249492380582e+00 1.775000000000000000e+11
4.456000000000000000e+03 4.000000000000000000e+00 0.000000000000000000e+00
4.456199999999999818e+03 4.000000000000000000e+00 0.000000000000000000e+00
4.456400000000000546e+03 4.000000000000000000e+00 0.000000000000000000e+00
4.456600000000000364e+03 4.000000000000000000e+00 0.000000000000000000e+00
4.456800000000000182e+03 0.000000000000000000e+00 0.000000000000000000e+00
4.457000000000000000e+03 0.000000000000000000e+00 0.000000000000000000e+00
4.457199999999999818e+03 0.000000000000000000e+00 0.000000000000000000e+00
4.457400000000000546e+03 4.000000000000000000e+00 0.000000000000000000e+00
4.457600000000000364e+03 4.000000000000000000e+00 0.000000000000000000e+00
4.457800000000000182e+03 4.000000000000000000e+00 0.000000000000000000e+00
4.458000000000000000e+03 4.000000000000000000e+00 0.000000000000000000e+00
4.458199999999999818e+03 5.656854249492380582e+00 0.000000000000000000e+00
4.458400000000000546e+03 5.656854249492380582e+00 0.000000000000000000e+00
4.458600000000000364e+03 5.656854249492380582e+00 0.000000000000000000e+00
4.458800000000000182e+03 4.000000000000000000e+00 0.000000000000000000e+00
4.459000000000000000e+03 4.000000000000000000e+00 0.000000000000000000e+00
4.459199999999999818e+03 4.000000000000000000e+00 0.000000000000000000e+00
4.459400000000000546e+03 0.000000000000000000e+00 0.000000000000000000e+00
4.459600000000000364e+03 0.000000000000000000e+00 0.000000000000000000e+00
4.459800000000000182e+03 0.000000000000000000e+00 0.000000000000000000e+00
4.460000000000000000e+03 0.000000000000000000e+00 1.775000000000000000e+11
4.460199999999999818e+03 4.000000000000000000e+00 1.775000000000000000e+11
4.460400000000000546e+03 4.000000000000000000e+00 1.775000000000000000e+11
4.460600000000000364e+03 4.000000000000000000e+00 1.775000000000000000e+11
4.460800000000000182e+03 5.656854249492380582e+00 1.775000000000000000e+11
4.461000000000000000e+03 5.656854249492380582e+00 1.775000000000000000e+11
4.461199999999999818e+03 5.656854249492380582e+00 1.775000000000000000e+11
4.461400000000000546e+03 5.656854249492380582e+00 1.775000000000000000e+11
4.461600000000000364e+03 4.000000000000000000e+00 1.775000000000000000e+11
4.461800000000000182e+03 4.000000000000000000e+00 1.775000000000000000e+11
4.462000000000000000e+03 4.000000000000000000e+00 1.775000000000000000e+11
4.462199999999999818e+03 0.000000000000000000e+00 1.775000000000000000e+11
4.462400000000000546e+03 0.000000000000000000e+00 1.775000000000000000e+11
4.462600000000000364e+03 0.000000000000000000e+00 1.775000000000000000e+11
4.462800000000000182e+03 4.000000000000000000e+00 1.775000000000000000e+11
4.463000000000000000e+03 4.000000000000000000e+00 1.775000000000000000e+11
4.463199999999999818e+03 4.000000000000000000e+00 1.775000000000000000e+11
4.463400000000000546e+03 4.000000000000000000e+00 1.775000000000000000e+11
4.463600000000000364e+03 5.656854249492380582e+00 1.775000000000000000e+11
4.463800000000000182e+03 5.656854249492380582e+00 1.775000000000000000e+11
4.464000000000000000e+03 5.656854249492380582e+00 0.000000000000000000e+00
4.464199999999999818e+03 4.000000000000000000e+00 0.000000000000000000e+00
4.464400000000000546e+03 4.000000000000000000e+00 0.000000000000000000e+00
4.464600000000000364e+03 4.000000000000000000e+00 0.000000000000000000e+00
4.464800000000000182e+03 4.000000000000000000e+00 0.000000000000000000e+00
4.465000000000000000e+03 0.000000000000000000e+00 0.000000000000000000e+00
4.465199999999999818e+03 0.000000000000000000e+00 0.000000000000000000e+00
4.465400000000000546e+03 0.000000000000000000e+00 0.000000000000000000e+00
4.465600000000000364e+03 4.000000000000000000e+00 0.000000000000000000e+00
4.465800000000000182e+03 4.000000000000000000e+00 0.000000000000000000e+00
4.466000000000000000e+03 4.000000000000000000e+00 0.000000000000000000e+00
4.466199999999999818e+03 5.656854249492380582e+00 0.000000000000000000e+00
4.466400000000000546e+03 5.656854249492380582e+00 0.000000000000000000e+00
4.466600000000000364e+03 5.656854249492380582e+00 0.000000000000000000e+00
4.466800000000000182e+03 5.656854249492380582e+00 0.000000000000000000e+00
4.467000000000000000e+03 4.000000000000000000e+00 0.000000000000000000e+00
4.467199999999999818e+03 4.000000000000000000e+00 0.000000000000000000e+00
4.467400000000000546e+03 4.000000000000000000e+00 0.000000000000000000e+00
4.467600000000000364e+03 0.000000000000000000e+00 0.000000000000000000e+00
4.467800000000000182e+03 0.000000000000000000e+00 0.000000000000000000e+00
4.468000000000000000e+03 0.000000000000000000e+00 1.775000000000000000e+11
4.468199999999999818e+03 0.000000000000000000e+00 1.775000000000000000e+11
4.468400000000000546e+03 4.000000000000000000e+00 1.775000000000000000e+11
4.468600000000000364e+03 4.000000000000000000e+00 1.775000000000000000e+11
4.468800000000000182e+03 4.000000000000000000e+00 1.775000000000000000e+11
4.469000000000000000e+03 5.656854249492380582e+00 1.775000000000000000e+11
4.469199999999999818e+03 5.656854249492380582e+00 1.775000000000000000e+11
4.469400000000000546e+03 5.656854249492380582e+00 1.775000000000000000e+11
4.469600000000000364e+03 5.656854249492380582e+00 1.775000000000000000e+11
4.469800000000000182e+03 4.000000000000000000e+00 1.775000000000000000e+11
4.470000000000000000e+03 4.000000000000000000e+00 1.775000000000000000e+11
4.470199999999999818e+03 4.000000000000000000e+00 1.775000000000000000e+11
4.470400000000000546e+03 0.000000000000000000e+00 1.775000000000000000e+11
4.470600000000000364e+03 0.000000000000000000e+00 1.775000000000000000e+11
4.470800000000000182e+03 0.000000000000000000e+00 1.775000000000000000e+11
4.471000000000000000e+03 0.000000000000000000e+00 1.775000000000000000e+11
4.471199999999999818e+03 4.000000000000000000e+00 1.775000000000000000e+11
4.471400000000000546e+03 4.000000000000000000e+00 1.775000000000000000e+11
4.471600000000000364e+03 4.000000000000000000e+00 1.775000000000000000e+11
4.471800000000000182e+03 5.656854249492380582e+00 1.775000000000000000e+11
4.472000000000000000e+03 5.656854249492380582e+00 0.000000000000000000e+00
4.472199999999999818e+03 5.656854249492380582e+00 0.000000000000000000e+00
4.472400000000000546e+03 5.656854249492380582e+00 0.000000000000000000e+00
4.472600000000000364e+03 4.000000000000000000e+00 0.000000000000000000e+00
4.472800000000000182e+03 4.000000000000000000e+00 0.000000000000000000e+00
4.473000000000000000e+03 4.000000000000000000e+00 0.000000000000000000e+00
4.473199999999999818e+03 4.000000000000000000e+00 0.000000000000000000e+00
4.473400000000000546e+03 0.000000000000000000e+00 0.000000000000000000e+00
4.473600000000000364e+03 0.000000000000000000e+00 0.000000000000000000e+00
4.473800000000000182e+03 0.000000000000000000e+00 0.000000000000000000e+00
4.474000000000000000e+03 4.000000000000000000e+00 0.000000000000000000e+00
4.474199999999999818e+03 4.000000000000000000e+00 0.000000000000000000e+00
4.474400000000000546e+03 4.000000000000000000e+00 0.000000000000000000e+00
4.474600000000000364e+03 4.000000000000000000e+00 0.000000000000000000e+00
4.474800000000000182e+03 5.656854249492380582e+00 0.000000000000000000e+00
4.475000000000000000e+03 5.656854249492380582e+00 0.000000000000000000e+00
4.475199999999999818e+03 5.656854249492380582e+00 0.000000000000000000e+00
4.475400000000000546e+03 5.656854249492380582e+00 0.000000000000000000e+00
4.475600000000000364e+03 4.000000000000000000e+00 0.000000000000000000e+00
4.475800000000000182e+03 4.000000000000000000e+00 0.000000000000000000e+00
4.476000000000000000e+03 4.000000000000000000e+00 1.775000000000000000e+11
4.476199999999999818e+03 0.000000000000000000e+00 1.775000000000000000e+11
4.476400000000000546e+03 0.000000000000000000e+00 1.775000000000000000e+11
4.476600000000000364e+03 0.000000000000000000e+00 1.775000000000000000e+11
4.476800000000000182e+03 0.000000000000000000e+00 1.775000000000000000e+11
4.477000000000000000e+03 4.000000000000000000e+00 1.775000000000000000e+11
4.477199999999999818e+03 4.000000000000000000e+00 1.775000000000000000e+11
4.477400000000000546e+03 4.000000000000000000e+00 1.775000000000000000e+11
4.477600000000000364e+03 4.000000000000000000e+00 1.775000000000000000e+11
4.477800000000000182e+03 5.656854249492380582e+00 1.775000000000000000e+11
4.478000000000000000e+03 5.656854249492380582e+00 1.775000000000000000e+11
4.478199999999999818e+03 5.656854249492380582e+00 1.775000000000000000e+11
4.478400000000000546e+03 5.656854249492380582e+00 1.775000000000000000e+11
4.478600000000000364e+03 4.000000000000000000e+00 1.775000000000000000e+11
4.478800000000000182e+03 4.000000000000000000e+00 1.775000000000000000e+11
4.479000000000000000e+03 5.656854249492380582e+00 1.775000000000000000e+11
4.479199999999999818e+03 4.000000000000000000e+00 1.775000000000000000e+11
4.479400000000000546e+03 4.000000000000000000e+00 1.775000000000000000e+11
4.479600000000000364e+03 5.656854249492380582e+00 1.775000000000000000e+11
4.479800000000000182e+03 4.000000000000000000e+00 1.775000000000000000e+11
4.480000000000000000e+03 5.656854249492380582e+00 0.000000000000000000e+00
4.480199999999999818e+03 5.656854249492380582e+00 0.000000000000000000e+00
4.480400000000000546e+03 8.944271909999159220e+00 0.000000000000000000e+00
4.480600000000000364e+03 8.000000000000000000e+00 0.000000000000000000e+00
4.480800000000000182e+03 8.944271909999159220e+00 0.000000000000000000e+00
4.481000000000000000e+03 8.944271909999159220e+00 0.000000000000000000e+00
4.481199999999999818e+03 8.944271909999159220e+00 0.000000000000000000e+00
4.481400000000000546e+03 8.944271909999159220e+00 0.000000000000000000e+00
4.481600000000000364e+03 8.000000000000000000e+00 0.000000000000000000e+00
4.481800000000000182e+03 8.000000000000000000e+00 0.000000000000000000e+00
4.482000000000000000e+03 5.656854249492380582e+00 0.000000000000000000e+00
4.482199999999999818e+03 5.656854249492380582e+00 0.000000000000000000e+00
4.482400000000000546e+03 4.000000000000000000e+00 0.000000000000000000e+00
4.482600000000000364e+03 5.656854249492380582e+00 0.000000000000000000e+00
4.482800000000000182e+03 4.000000000000000000e+00 0.000000000000000000e+00
4.483000000000000000e+03 4.000000000000000000e+00 0.000000000000000000e+00
4.483199999999999818e+03 5.656854249492380582e+00 0.000000000000000000e+00
4.483400000000000546e+03 8.944271909999159220e+00 0.000000000000000000e+00
4.483600000000000364e+03 8.000000000000000000e+00 0.000000000000000000e+00
4.483800000000000182e+03 8.944271909999159220e+00 0.000000000000000000e+00
4.484000000000000000e+03 8.944271909999159220e+00 1.775000000000000000e+11
4.484199999999999818e+03 1.131370849898476116e+01 1.775000000000000000e+11
4.484400000000000546e+03 8.944271909999159220e+00 1.775000000000000000e+11
4.484600000000000364e+03 8.000000000000000000e+00 1.775000000000000000e+11
4.484800000000000182e+03 8.944271909999159220e+00 1.775000000000000000e+11
4.485000000000000000e+03 8.944271909999159220e+00 1.775000000000000000e+11
4.485199999999999818e+03 8.944271909999159220e+00 1.775000000000000000e+11
4.485400000000000546e+03 8.000000000000000000e+00 1.775000000000000000e+11
4.485600000000000364e+03 8.944271909999159220e+00 1.775000000000000000e+11
4.485800000000000182e+03 8.944271909999159220e+00 1.775000000000000000e+11
4.486000000000000000e+03 1.200000000000000000e+01 1.775000000000000000e+11
4.486199999999999818e+03 1.264911064067351809e+01 1.775000000000000000e+11
4.486400000000000546e+03 1.697056274847713908e+01 1.775000000000000000e+11
4.486600000000000364e+03 1.788854381999831844e+01 1.775000000000000000e+11
4.486800000000000182e+03 2.000000000000000000e+01 1.775000000000000000e+11
4.487000000000000000e+03 2.154065922853801496e+01 1.775000000000000000e+11
4.487199999999999818e+03 2.262741699796952233e+01 1.775000000000000000e+11
4.487400000000000546e+03 2.683281572999747766e+01 1.775000000000000000e+11
4.487600000000000364e+03 2.828427124746190202e+01 1.775000000000000000e+11
4.487800000000000182e+03 2.912043955712207222e+01 1.775000000000000000e+11
4.488000000000000000e+03 2.884441020371191300e+01 0.000000000000000000e+00
4.488199999999999818e+03 2.683281572999747766e+01 0.000000000000000000e+00
4.488400000000000546e+03 2.400000000000000000e+01 0.000000000000000000e+00
4.488600000000000364e+03 2.683281572999747766e+01 0.000000000000000000e+00
4.488800000000000182e+03 2.561249694973139412e+01 0.000000000000000000e+00
4.489000000000000000e+03 2.433105012119287736e+01 0.000000000000000000e+00
4.489199999999999818e+03 2.433105012119287736e+01 0.000000000000000000e+00
4.489400000000000546e+03 2.561249694973139412e+01 0.000000000000000000e+00
4.489600000000000364e+03 2.683281572999747766e+01 0.000000000000000000e+00
4.489800000000000182e+03 2.828427124746190202e+01 0.000000000000000000e+00
4.490000000000000000e+03 2.912043955712207222e+01 0.000000000000000000e+00
4.490199999999999818e+03 2.884441020371191300e+01 0.000000000000000000e+00
4.490400000000000546e+03 2.884441020371191300e+01 0.000000000000000000e+00
4.490600000000000364e+03 2.828427124746190202e+01 0.000000000000000000e+00
4.490800000000000182e+03 2.828427124746190202e+01 0.000000000000000000e+00
4.491000000000000000e+03 2.561249694973139412e+01 0.000000000000000000e+00
4.491199999999999818e+03 2.332380757938120297e+01 0.000000000000000000e+00
4.491400000000000546e+03 2.433105012119287736e+01 0.000000000000000000e+00
4.491600000000000364e+03 2.154065922853801496e+01 0.000000000000000000e+00
4.491800000000000182e+03 2.262741699796952233e+01 0.000000000000000000e+00
4.492000000000000000e+03 2.154065922853801496e+01 1.775000000000000000e+11
4.492199999999999818e+03 2.433105012119287736e+01 1.775000000000000000e+11
4.492400000000000546e+03 2.884441020371191300e+01 1.775000000000000000e+11
4.492600000000000364e+03 3.124099870362661591e+01 1.775000000000000000e+11
4.492800000000000182e+03 3.298484500494128469e+01 1.775000000000000000e+11
4.493000000000000000e+03 3.622154055254966920e+01 1.775000000000000000e+11
4.493199999999999818e+03 4.118252056394800320e+01 1.775000000000000000e+11
4.493400000000000546e+03 4.560701700396551672e+01 1.775000000000000000e+11
4.493600000000000364e+03 4.560701700396551672e+01 1.775000000000000000e+11
4.493800000000000182e+03 4.866210024238575471e+01 1.775000000000000000e+11
4.494000000000000000e+03 5.215361924162119323e+01 1.775000000000000000e+11
4.494199999999999818e+03 5.440588203494177577e+01 1.775000000000000000e+11
4.494400000000000546e+03 6.118823416311342100e+01 1.775000000000000000e+11
4.494600000000000364e+03 6.209669878504009688e+01 1.775000000000000000e+11
4.494800000000000182e+03 6.811754546370561059e+01 1.775000000000000000e+11
4.495000000000000000e+03 7.515317691222374208e+01 1.775000000000000000e+11
4.495199999999999818e+03 8.009993757800314995e+01 1.775000000000000000e+11
4.495400000000000546e+03 8.772684879784523559e+01 1.775000000000000000e+11
4.495600000000000364e+03 9.633275663033836622e+01 1.775000000000000000e+11
4.495800000000000182e+03 1.049952379872535033e+02 1.775000000000000000e+11
4.496000000000000000e+03 1.126410227226297849e+02 0.000000000000000000e+00
4.496199999999999818e+03 1.146123902551552192e+02 0.000000000000000000e+00
4.496400000000000546e+03 1.120714058089752001e+02 0.000000000000000000e+00
4.496600000000000364e+03 1.098362417419678536e+02 0.000000000000000000e+00
4.496800000000000182e+03 1.067333125130106737e+02 0.000000000000000000e+00
4.497000000000000000e+03 1.056030302595526820e+02 0.000000000000000000e+00
4.497199999999999818e+03 1.037689741685827727e+02 0.000000000000000000e+00
4.497400000000000546e+03 1.040768946500615044e+02 0.000000000000000000e+00
4.497600000000000364e+03 1.003194896318756264e+02 0.000000000000000000e+00
4.497800000000000182e+03 9.935793878699377046e+01 0.000000000000000000e+00
4.498000000000000000e+03 1.000000000000000000e+02 0.000000000000000000e+00
4.498199999999999818e+03 9.732420048477150942e+01 0.000000000000000000e+00
4.498400000000000546e+03 9.765244492586961655e+01 0.000000000000000000e+00
4.498600000000000364e+03 9.879271228182774678e+01 0.000000000000000000e+00
4.498800000000000182e+03 1.007174264961133758e+02 0.000000000000000000e+00
4.499000000000000000e+03 1.011928851253881447e+02 0.000000000000000000e+00
4.499199999999999818e+03 9.903534722511957966e+01 0.000000000000000000e+00
4.499400000000000546e+03 9.666436778875657865e+01 0.000000000000000000e+00
4.499600000000000364e+03 9.600000000000000000e+01 0.000000000000000000e+00
4.499800000000000182e+03 9.666436778875657865e+01 0.000000000000000000e+00
4.500000000000000000e+03 9.068627239003707530e+01 1.775000000000000000e+11
4.500199999999999818e+03 1.000000000000000000e+02 1.775000000000000000e+11
4.500400000000000546e+03 1.052235715037272428e+02 1.775000000000000000e+11
4.500600000000000364e+03 1.120714058089752001e+02 1.775000000000000000e+11
4.500800000000000182e+03 1.200666481584290750e+02 1.775000000000000000e+11
4.501000000000000000e+03 1.322422020385323265e+02 1.775000000000000000e+11
4.501199999999999818e+03 1.418731828077455930e+02 1.775000000000000000e+11
4.501400000000000546e+03 1.528397853963423927e+02 1.775000000000000000e+11
4.501600000000000364e+03 1.632176461048253202e+02 1.775000000000000000e+11
4.501800000000000182e+03 1.360000000000000000e+02 1.775000000000000000e+11
4.502000000000000000e+03 1.256025477448606580e+02 1.775000000000000000e+11
4.502199999999999818e+03 1.106345334875146449e+02 1.775000000000000000e+11
4.502400000000000546e+03 1.028396810574595293e+02 1.775000000000000000e+11
4.502600000000000364e+03 9.121403400793103344e+01 1.775000000000000000e+11
4.502800000000000182e+03 8.588364221433555201e+01 1.775000000000000000e+11
4.503000000000000000e+03 7.610519036176178531e+01 1.775000000000000000e+11
4.503199999999999818e+03 7.353910524340093957e+01 1.775000000000000000e+11
4.503400000000000546e+03 6.788225099390855632e+01 1.775000000000000000e+11
4.503600000000000364e+03 5.946427498927402411e+01 1.775000000000000000e+11
4.503800000000000182e+03 5.614267539047279598e+01 1.775000000000000000e+11
4.504000000000000000e+03 5.366563145999495532e+01 0.000000000000000000e+00
4.504199999999999818e+03 5.381449618829483938e+01 0.000000000000000000e+00
4.504400000000000546e+03 5.200000000000000000e+01 0.000000000000000000e+00
4.504600000000000364e+03 5.215361924162119323e+01 0.000000000000000000e+00
4.504800000000000182e+03 4.833218389437828932e+01 0.000000000000000000e+00
4.505000000000000000e+03 4.816637831516918311e+01 0.000000000000000000e+00
4.505199999999999818e+03 4.560701700396551672e+01 0.000000000000000000e+00
4.505400000000000546e+03 4.472135954999579610e+01 0.000000000000000000e+00
4.505600000000000364e+03 4.326661530556787483e+01 0.000000000000000000e+00
4.505800000000000182e+03 4.326661530556787483e+01 0.000000000000000000e+00
4.506000000000000000e+03 4.418144406874904462e+01 0.000000000000000000e+00
4.506199999999999818e+03 4.681879964287850271e+01 0.000000000000000000e+00
4.506400000000000546e+03 4.525483399593904466e+01 0.000000000000000000e+00
4.506600000000000364e+03 4.833218389437828932e+01 0.000000000000000000e+00
4.506800000000000182e+03 4.800000000000000000e+01 0.000000000000000000e+00
4.507000000000000000e+03 4.833218389437828932e+01 0.000000000000000000e+00
4.507199999999999818e+03 4.525483399593904466e+01 0.000000000000000000e+00
4.507400000000000546e+03 4.681879964287850271e+01 0.000000000000000000e+00
4.507600000000000364e+03 4.400000000000000000e+01 0.000000000000000000e+00
4.507800000000000182e+03 4.308131845707602992e+01 0.000000000000000000e+00
4.508000000000000000e+03 4.252058325093859992e+01 1.775000000000000000e+11
4.508199999999999818e+03 3.794733192202055250e+01 1.775000000000000000e+11
4.508400000000000546e+03 3.224903099319419653e+01 1.775000000000000000e+11
4.508600000000000364e+03 3.224903099319419653e+01 1.775000000000000000e+11
4.508800000000000182e+03 2.561249694973139412e+01 1.775000000000000000e+11
4.509000000000000000e+03 2.433105012119287736e+01 1.775000000000000000e+11
4.509199999999999818e+03 2.529822128134703618e+01 1.775000000000000000e+11
4.509400000000000546e+03 2.262741699796952233e+01 1.775000000000000000e+11
4.509600000000000364e+03 2.154065922853801496e+01 1.775000000000000000e+11
4.509800000000000182e+03 2.000000000000000000e+01 1.775000000000000000e+11
4.510000000000000000e+03 2.039607805437113797e+01 1.775000000000000000e+11
4.510199999999999818e+03 2.000000000000000000e+01 1.775000000000000000e+11
4.510400000000000546e+03 1.788854381999831844e+01 1.775000000000000000e+11
4.510600000000000364e+03 1.649242250247064234e+01 1.775000000000000000e+11
4.510800000000000182e+03 1.200000000000000000e+01 1.775000000000000000e+11
4.511000000000000000e+03 1.264911064067351809e+01 1.775000000000000000e+11
4.511199999999999818e+03 1.131370849898476116e+01 1.775000000000000000e+11
4.511400000000000546e+03 8.944271909999159220e+00 1.775000000000000000e+11
4.511600000000000364e+03 4.000000000000000000e+00 1.775000000000000000e+11
4.511800000000000182e+03 5.656854249492380582e+00 1.775000000000000000e+11
4.512000000000000000e+03 4.000000000000000000e+00 0.000000000000000000e+00
4.512199999999999818e+03 4.000000000000000000e+00 0.000000000000000000e+00
4.512400000000000546e+03 5.656854249492380582e+00 0.000000000000000000e+00
4.512600000000000364e+03 8.944271909999159220e+00 0.000000000000000000e+00
4.512800000000000182e+03 8.000000000000000000e+00 0.000000000000000000e+00
4.513000000000000000e+03 8.944271909999159220e+00 0.000000000000000000e+00
4.513199999999999818e+03 8.944271909999159220e+00 0.000000000000000000e+00
4.513400000000000546e+03 1.131370849898476116e+01 0.000000000000000000e+00
4.513600000000000364e+03 8.944271909999159220e+00 0.000000000000000000e+00
4.513800000000000182e+03 8.000000000000000000e+00 0.000000000000000000e+00
4.514000000000000000e+03 8.000000000000000000e+00 0.000000000000000000e+00
4.514199999999999818e+03 5.656854249492380582e+00 0.000000000000000000e+00
4.514400000000000546e+03 5.656854249492380582e+00 0.000000000000000000e+00
4.514600000000000364e+03 4.000000000000000000e+00 0.000000000000000000e+00
4.514800000000000182e+03 4.000000000000000000e+00 0.000000000000000000e+00
4.515000000000000000e+03 4.000000000000000000e+00 0.000000000000000000e+00
4.515199999999999818e+03 4.000000000000000000e+00 0.000000000000000000e+00
4.515400000000000546e+03 5.656854249492380582e+00 0.000000000000000000e+00
4.515600000000000364e+03 5.656854249492380582e+00 0.000000000000000000e+00
4.515800000000000182e+03 8.000000000000000000e+00 0.000000000000000000e+00
4.516000000000000000e+03 8.000000000000000000e+00 1.775000000000000000e+11
4.516199999999999818e+03 8.944271909999159220e+00 1.775000000000000000e+11
4.516400000000000546e+03 5.656854249492380582e+00 1.775000000000000000e+11
4.516600000000000364e+03 8.944271909999159220e+00 1.775000000000000000e+11
4.516800000000000182e+03 8.000000000000000000e+00 1.775000000000000000e+11
4.517000000000000000e+03 4.000000000000000000e+00 1.775000000000000000e+11
4.517199999999999818e+03 4.000000000000000000e+00 1.775000000000000000e+11
4.517400000000000546e+03 4.000000000000000000e+00 1.775000000000000000e+11
4.517600000000000364e+03 0.000000000000000000e+00 1.775000000000000000e+11
4.517800000000000182e+03 0.000000000000000000e+00 1.775000000000000000e+11
4.518000000000000000e+03 0.000000000000000000e+00 1.775000000000000000e+11
4.518199999999999818e+03 0.000000000000000000e+00 1.775000000000000000e+11
4.518400000000000546e+03 4.000000000000000000e+00 1.775000000000000000e+11
4.518600000000000364e+03 4.000000000000000000e+00 1.775000000000000000e+11
4.518800000000000182e+03 4.000000000000000000e+00 1.775000000000000000e+11
4.519000000000000000e+03 4.000000000000000000e+00 1.775000000000000000e+11
4.519199999999999818e+03 5.656854249492380582e+00 1.775000000000000000e+11
4.519400000000000546e+03 5.656854249492380582e+00 1.775000000000000000e+11
4.519600000000000364e+03 5.656854249492380582e+00 1.775000000000000000e+11
4.519800000000000182e+03 5.656854249492380582e+00 1.775000000000000000e+11
4.520000000000000000e+03 4.000000000000000000e+00 0.000000000000000000e+00
4.520199999999999818e+03 4.000000000000000000e+00 0.000000000000000000e+00
4.520400000000000546e+03 4.000000000000000000e+00 0.000000000000000000e+00
4.520600000000000364e+03 0.000000000000000000e+00 0.000000000000000000e+00
4.520800000000000182e+03 0.000000000000000000e+00 0.000000000000000000e+00
4.521000000000000000e+03 0.000000000000000000e+00 0.000000000000000000e+00
4.521199999999999818e+03 4.000000000000000000e+00 0.000000000000000000e+00
4.521400000000000546e+03 4.000000000000000000e+00 0.000000000000000000e+00
4.521600000000000364e+03 4.000000000000000000e+00 0.000000000000000000e+00
4.521800000000000182e+03 4.000000000000000000e+00 0.000000000000000000e+00
4.522000000000000000e+03 5.656854249492380582e+00 0.000000000000000000e+00
4.522199999999999818e+03 5.656854249492380582e+00 0.000000000000000000e+00
4.522400000000000546e+03 5.656854249492380582e+00 0.000000000000000000e+00
4.522600000000000364e+03 4.000000000000000000e+00 0.000000000000000000e+00
4.522800000000000182e+03 4.000000000000000000e+00 0.000000000000000000e+00
4.523000000000000000e+03 4.000000000000000000e+00 0.000000000000000000e+00
4.523199999999999818e+03 4.000000000000000000e+00 0.000000000000000000e+00
4.523400000000000546e+03 0.000000000000000000e+00 0.000000000000000000e+00
4.523600000000000364e+03 0.000000000000000000e+00 0.000000000000000000e+00
4.523800000000000182e+03 0.000000000000000000e+00 0.000000000000000000e+00
4.524000000000000000e+03 4.000000000000000000e+00 1.775000000000000000e+11
4.524199999999999818e+03 4.000000000000000000e+00 1.775000000000000000e+11
4.524400000000000546e+03 4.000000000000000000e+00 1.775000000000000000e+11
4.524600000000000364e+03 4.000000000000000000e+00 1.775000000000000000e+11
4.524800000000000182e+03 5.656854249492380582e+00 1.775000000000000000e+11
4.525000000000000000e+03 5.656854249492380582e+00 1.775000000000000000e+11
4.525199999999999818e+03 5.656854249492380582e+00 1.775000000000000000e+11
4.525400000000000546e+03 4.000000000000000000e+00 1.775000000000000000e+11
4.525600000000000364e+03 4.000000000000000000e+00 1.775000000000000000e+11
4.525800000000000182e+03 4.000000000000000000e+00 1.775000000000000000e+11
4.526000000000000000e+03 4.000000000000000000e+00 1.775000000000000000e+11
4.526199999999999818e+03 0.000000000000000000e+00 1.775000000000000000e+11
4.526400000000000546e+03 0.000000000000000000e+00 1.775000000000000000e+11
4.526600000000000364e+03 0.000000000000000000e+00 1.775000000000000000e+11
4.526800000000000182e+03 4.000000000000000000e+00 1.775000000000000000e+11
4.527000000000000000e+03 4.000000000000000000e+00 1.775000000000000000e+11
4.527199999999999818e+03 4.000000000000000000e+00 1.775000000000000000e+11
4.527400000000000546e+03 4.000000000000000000e+00 1.775000000000000000e+11
4.527600000000000364e+03 5.656854249492380582e+00 1.775000000000000000e+11
4.527800000000000182e+03 5.656854249492380582e+00 1.775000000000000000e+11
4.528000000000000000e+03 5.656854249492380582e+00 0.000000000000000000e+00
4.528199999999999818e+03 4.000000000000000000e+00 0.000000000000000000e+00
4.528400000000000546e+03 4.000000000000000000e+00 0.000000000000000000e+00
4.528600000000000364e+03 4.000000000000000000e+00 0.000000000000000000e+00
4.528800000000000182e+03 0.000000000000000000e+00 0.000000000000000000e+00
4.529000000000000000e+03 0.000000000000000000e+00 0.000000000000000000e+00
4.529199999999999818e+03 0.000000000000000000e+00 0.000000000000000000e+00
4.529400000000000546e+03 0.000000000000000000e+00 0.000000000000000000e+00
4.529600000000000364e+03 4.000000000000000000e+00 0.000000000000000000e+00
4.529800000000000182e+03 4.000000000000000000e+00 0.000000000000000000e+00
4.530000000000000000e+03 4.000000000000000000e+00 0.000000000000000000e+00
4.530199999999999818e+03 5.656854249492380582e+00 0.000000000000000000e+00
4.530400000000000546e+03 5.656854249492380582e+00 0.000000000000000000e+00
4.530600000000000364e+03 5.656854249492380582e+00 0.000000000000000000e+00
4.530800000000000182e+03 5.656854249492380582e+00 0.000000000000000000e+00
4.531000000000000000e+03 4.000000000000000000e+00 0.000000000000000000e+00
4.531199999999999818e+03 4.000000000000000000e+00 0.000000000000000000e+00
4.531400000000000546e+03 4.000000000000000000e+00 0.000000000000000000e+00
4.531600000000000364e+03 0.000000000000000000e+00 0.000000000000000000e+00
4.531800000000000182e+03 0.000000000000000000e+00 0.000000000000000000e+00
4.532000000000000000e+03 0.000000000000000000e+00 1.775000000000000000e+11
4.532199999999999818e+03 4.000000000000000000e+00 1.775000000000000000e+11
4.532400000000000546e+03 4.000000000000000000e+00 1.775000000000000000e+11
4.532600000000000364e+03 4.000000000000000000e+00 1.775000000000000000e+11
4.532800000000000182e+03 4.000000000000000000e+00 1.775000000000000000e+11
4.533000000000000000e+03 5.656854249492380582e+00 1.775000000000000000e+11
4.533199999999999818e+03 5.656854249492380582e+00 1.775000000000000000e+11
4.533400000000000546e+03 5.656854249492380582e+00 1.775000000000000000e+11
4.533600000000000364e+03 4.000000000000000000e+00 1.775000000000000000e+11
4.533800000000000182e+03 4.000000000000000000e+00 1.775000000000000000e+11
4.534000000000000000e+03 4.000000000000000000e+00 1.775000000000000000e+11
4.534199999999999818e+03 4.000000000000000000e+00 1.775000000000000000e+11
4.534400000000000546e+03 0.000000000000000000e+00 1.775000000000000000e+11
4.534600000000000364e+03 0.000000000000000000e+00 1.775000000000000000e+11
4.534800000000000182e+03 0.000000000000000000e+00 1.775000000000000000e+11
4.535000000000000000e+03 4.000000000000000000e+00 1.775000000000000000e+11
4.535199999999999818e+03 4.000000000000000000e+00 1.775000000000000000e+11
4.535400000000000546e+03 4.000000000000000000e+00 1.775000000000000000e+11
4.535600000000000364e+03 4.000000000000000000e+00 1.775000000000000000e+11
4.535800000000000182e+03 5.656854249492380582e+00 1.775000000000000000e+11
4.536000000000000000e+03 5.656854249492380582e+00 0.000000000000000000e+00
4.536199999999999818e+03 5.656854249492380582e+00 0.000000000000000000e+00
4.536400000000000546e+03 4.000000000000000000e+00 0.000000000000000000e+00
4.536600000000000364e+03 4.000000000000000000e+00 0.000000000000000000e+00
4.536800000000000182e+03 4.000000000000000000e+00 0.000000000000000000e+00
4.537000000000000000e+03 0.000000000000000000e+00 0.000000000000000000e+00
4.537199999999999818e+03 0.000000000000000000e+00 0.000000000000000000e+00
4.537400000000000546e+03 0.000000000000000000e+00 0.000000000000000000e+00
4.537600000000000364e+03 0.000000000000000000e+00 0.000000000000000000e+00
4.537800000000000182e+03 4.000000000000000000e+00 0.000000000000000000e+00
4.538000000000000000e+03 4.000000000000000000e+00 0.000000000000000000e+00
4.538199999999999818e+03 4.000000000000000000e+00 0.000000000000000000e+00
4.538400000000000546e+03 5.656854249492380582e+00 0.000000000000000000e+00
4.538600000000000364e+03 5.656854249492380582e+00 0.000000000000000000e+00
4.538800000000000182e+03 5.656854249492380582e+00 0.000000000000000000e+00
4.539000000000000000e+03 5.656854249492380582e+00 0.000000000000000000e+00
4.539199999999999818e+03 4.000000000000000000e+00 0.000000000000000000e+00
4.539400000000000546e+03 4.000000000000000000e+00 0.000000000000000000e+00
4.539600000000000364e+03 4.000000000000000000e+00 0.000000000000000000e+00
4.539800000000000182e+03 0.000000000000000000e+00 0.000000000000000000e+00
4.540000000000000000e+03 0.000000000000000000e+00 1.775000000000000000e+11
4.540199999999999818e+03 0.000000000000000000e+00 1.775000000000000000e+11
4.540400000000000546e+03 4.000000000000000000e+00 1.775000000000000000e+11
4.540600000000000364e+03 4.000000000000000000e+00 1.775000000000000000e+11
4.540800000000000182e+03 4.000000000000000000e+00 1.775000000000000000e+11
4.541000000000000000e+03 4.000000000000000000e+00 1.775000000000000000e+11
4.541199999999999818e+03 5.656854249492380582e+00 1.775000000000000000e+11
4.541400000000000546e+03 5.656854249492380582e+00 1.775000000000000000e+11
4.541600000000000364e+03 5.656854249492380582e+00 1.775000000000000000e+11
4.541800000000000182e+03 4.000000000000000000e+00 1.775000000000000000e+11
4.542000000000000000e+03 4.000000000000000000e+00 1.775000000000000000e+11
4.542199999999999818e+03 4.000000000000000000e+00 1.775000000000000000e+11
4.542400000000000546e+03 4.000000000000000000e+00 1.775000000000000000e+11
4.542600000000000364e+03 0.000000000000000000e+00 1.775000000000000000e+11
4.542800000000000182e+03 0.000000000000000000e+00 1.775000000000000000e+11
4.543000000000000000e+03 0.000000000000000000e+00 1.775000000000000000e+11
4.543199999999999818e+03 4.000000000000000000e+00 1.775000000000000000e+11
4.543400000000000546e+03 4.000000000000000000e+00 1.775000000000000000e+11
4.543600000000000364e+03 4.000000000000000000e+00 1.775000000000000000e+11
4.543800000000000182e+03 4.000000000000000000e+00 1.775000000000000000e+11
4.544000000000000000e+03 5.656854249492380582e+00 0.000000000000000000e+00
4.544199999999999818e+03 5.656854249492380582e+00 0.000000000000000000e+00
4.544400000000000546e+03 5.656854249492380582e+00 0.000000000000000000e+00
4.544600000000000364e+03 4.000000000000000000e+00 0.000000000000000000e+00
4.544800000000000182e+03 4.000000000000000000e+00 0.000000000000000000e+00
4.545000000000000000e+03 4.000000000000000000e+00 0.000000000000000000e+00
4.545199999999999818e+03 0.000000000000000000e+00 0.000000000000000000e+00
4.545400000000000546e+03 0.000000000000000000e+00 0.000000000000000000e+00
4.545600000000000364e+03 0.000000000000000000e+00 0.000000000000000000e+00
4.545800000000000182e+03 0.000000000000000000e+00 0.000000000000000000e+00
4.546000000000000000e+03 4.000000000000000000e+00 0.000000000000000000e+00
4.546199999999999818e+03 4.000000000000000000e+00 0.000000000000000000e+00
4.546400000000000546e+03 4.000000000000000000e+00 0.000000000000000000e+00
4.546600000000000364e+03 5.656854249492380582e+00 0.000000000000000000e+00
4.546800000000000182e+03 5.656854249492380582e+00 0.000000000000000000e+00
4.547000000000000000e+03 5.656854249492380582e+00 0.000000000000000000e+00
4.547199999999999818e+03 4.000000000000000000e+00 0.000000000000000000e+00
4.547400000000000546e+03 4.000000000000000000e+00 0.000000000000000000e+00
4.547600000000000364e+03 4.000000000000000000e+00 0.000000000000000000e+00
4.547800000000000182e+03 4.000000000000000000e+00 0.000000000000000000e+00
4.548000000000000000e+03 0.000000000000000000e+00 1.775000000000000000e+11
4.548199999999999818e+03 0.000000000000000000e+00 1.775000000000000000e+11
4.548400000000000546e+03 0.000000000000000000e+00 1.775000000000000000e+11
4.548600000000000364e+03 4.000000000000000000e+00 1.775000000000000000e+11
4.548800000000000182e+03 4.000000000000000000e+00 1.775000000000000000e+11
4.549000000000000000e+03 4.000000000000000000e+00 1.775000000000000000e+11
4.549199999999999818e+03 4.000000000000000000e+00 1.775000000000000000e+11
4.549400000000000546e+03 5.656854249492380582e+00 1.775000000000000000e+11
4.549600000000000364e+03 5.656854249492380582e+00 1.775000000000000000e+11
4.549800000000000182e+03 5.656854249492380582e+00 1.775000000000000000e+11
4.550000000000000000e+03 4.000000000000000000e+00 1.775000000000000000e+11
4.550199999999999818e+03 4.000000000000000000e+00 1.775000000000000000e+11
4.550400000000000546e+03 4.000000000000000000e+00 1.775000000000000000e+11
4.550600000000000364e+03 4.000000000000000000e+00 1.775000000000000000e+11
4.550800000000000182e+03 0.000000000000000000e+00 1.775000000000000000e+11
4.551000000000000000e+03 0.000000000000000000e+00 1.775000000000000000e+11
4.551199999999999818e+03 0.000000000000000000e+00 1.775000000000000000e+11
4.551400000000000546e+03 4.000000000000000000e+00 1.775000000000000000e+11
4.551600000000000364e+03 4.000000000000000000e+00 1.775000000000000000e+11
4.551800000000000182e+03 4.000000000000000000e+00 1.775000000000000000e+11
4.552000000000000000e+03 5.656854249492380582e+00 0.000000000000000000e+00
4.552199999999999818e+03 5.656854249492380582e+00 0.000000000000000000e+00
4.552400000000000546e+03 5.656854249492380582e+00 0.000000000000000000e+00
4.552600000000000364e+03 5.656854249492380582e+00 0.000000000000000000e+00
4.552800000000000182e+03 4.000000000000000000e+00 0.000000000000000000e+00
4.553000000000000000e+03 4.000000000000000000e+00 0.000000000000000000e+00
4.553199999999999818e+03 4.000000000000000000e+00 0.000000000000000000e+00
4.553400000000000546e+03 0.000000000000000000e+00 0.000000000000000000e+00
4.553600000000000364e+03 0.000000000000000000e+00 0.000000000000000000e+00
4.553800000000000182e+03 0.000000000000000000e+00 0.000000000000000000e+00
4.554000000000000000e+03 4.000000000000000000e+00 0.000000000000000000e+00
4.554199999999999818e+03 4.000000000000000000e+00 0.000000000000000000e+00
4.554400000000000546e+03 4.000000000000000000e+00 0.000000000000000000e+00
4.554600000000000364e+03 4.000000000000000000e+00 0.000000000000000000e+00
4.554800000000000182e+03 5.656854249492380582e+00 0.000000000000000000e+00
4.555000000000000000e+03 5.656854249492380582e+00 0.000000000000000000e+00
4.555199999999999818e+03 5.656854249492380582e+00 0.000000000000000000e+00
4.555400000000000546e+03 4.000000000000000000e+00 0.000000000000000000e+00
4.555600000000000364e+03 4.000000000000000000e+00 0.000000000000000000e+00
4.555800000000000182e+03 4.000000000000000000e+00 0.000000000000000000e+00
4.556000000000000000e+03 4.000000000000000000e+00 1.775000000000000000e+11
4.556199999999999818e+03 0.000000000000000000e+00 1.775000000000000000e+11
4.556400000000000546e+03 0.000000000000000000e+00 1.775000000000000000e+11
4.556600000000000364e+03 0.000000000000000000e+00 1.775000000000000000e+11
4.556800000000000182e+03 4.000000000000000000e+00 1.775000000000000000e+11
4.557000000000000000e+03 4.000000000000000000e+00 1.775000000000000000e+11
4.557199999999999818e+03 4.000000000000000000e+00 1.775000000000000000e+11
4.557400000000000546e+03 4.000000000000000000e+00 1.775000000000000000e+11
4.557600000000000364e+03 5.656854249492380582e+00 1.775000000000000000e+11
4.557800000000000182e+03 5.656854249492380582e+00 1.775000000000000000e+11
4.558000000000000000e+03 5.656854249492380582e+00 1.775000000000000000e+11
4.558199999999999818e+03 4.000000000000000000e+00 1.775000000000000000e+11
4.558400000000000546e+03 4.000000000000000000e+00 1.775000000000000000e+11
4.558600000000000364e+03 4.000000000000000000e+00 1.775000000000000000e+11
4.558800000000000182e+03 4.000000000000000000e+00 1.775000000000000000e+11
4.559000000000000000e+03 0.000000000000000000e+00 1.775000000000000000e+11
4.559199999999999818e+03 0.000000000000000000e+00 1.775000000000000000e+11
4.559400000000000546e+03 0.000000000000000000e+00 1.775000000000000000e+11
4.559600000000000364e+03 4.000000000000000000e+00 1.775000000000000000e+11
4.559800000000000182e+03 4.000000000000000000e+00 1.775000000000000000e+11
4.560000000000000000e+03 4.000000000000000000e+00 0.000000000000000000e+00
4.560199999999999818e+03 4.000000000000000000e+00 0.000000000000000000e+00
4.560400000000000546e+03 5.656854249492380582e+00 0.000000000000000000e+00
4.560600000000000364e+03 5.656854249492380582e+00 0.000000000000000000e+00
4.560800000000000182e+03 5.656854249492380582e+00 0.000000000000000000e+00
4.561000000000000000e+03 4.000000000000000000e+00 0.000000000000000000e+00
4.561199999999999818e+03 4.000000000000000000e+00 0.000000000000000000e+00
4.561400000000000546e+03 4.000000000000000000e+00 0.000000000000000000e+00
4.561600000000000364e+03 4.000000000000000000e+00 0.000000000000000000e+00
4.561800000000000182e+03 0.000000000000000000e+00 0.000000000000000000e+00
4.562000000000000000e+03 0.000000000000000000e+00 0.000000000000000000e+00
4.562199999999999818e+03 4.000000000000000000e+00 0.000000000000000000e+00
4.562400000000000546e+03 4.000000000000000000e+00 0.000000000000000000e+00
4.562600000000000364e+03 4.000000000000000000e+00 0.000000000000000000e+00
4.562800000000000182e+03 4.000000000000000000e+00 0.000000000000000000e+00
4.563000000000000000e+03 5.656854249492380582e+00 0.000000000000000000e+00
4.563199999999999818e+03 5.656854249492380582e+00 0.000000000000000000e+00
4.563400000000000546e+03 5.656854249492380582e+00 0.000000000000000000e+00
4.563600000000000364e+03 4.000000000000000000e+00 0.000000000000000000e+00
4.563800000000000182e+03 4.000000000000000000e+00 0.000000000000000000e+00
4.564000000000000000e+03 4.000000000000000000e+00 1.775000000000000000e+11
4.564199999999999818e+03 4.000000000000000000e+00 1.775000000000000000e+11
4.564400000000000546e+03 0.000000000000000000e+00 1.775000000000000000e+11
4.564600000000000364e+03 0.000000000000000000e+00 1.775000000000000000e+11
4.564800000000000182e+03 4.000000000000000000e+00 1.775000000000000000e+11
4.565000000000000000e+03 4.000000000000000000e+00 1.775000000000000000e+11
4.565199999999999818e+03 4.000000000000000000e+00 1.775000000000000000e+11
4.565400000000000546e+03 4.000000000000000000e+00 1.775000000000000000e+11
4.565600000000000364e+03 5.656854249492380582e+00 1.775000000000000000e+11
4.565800000000000182e+03 4.000000000000000000e+00 1.775000000000000000e+11
4.566000000000000000e+03 5.656854249492380582e+00 1.775000000000000000e+11
4.566199999999999818e+03 4.000000000000000000e+00 1.775000000000000000e+11
4.566400000000000546e+03 4.000000000000000000e+00 1.775000000000000000e+11
4.566600000000000364e+03 4.000000000000000000e+00 1.775000000000000000e+11
4.566800000000000182e+03 5.656854249492380582e+00 1.775000000000000000e+11
4.567000000000000000e+03 4.000000000000000000e+00 1.775000000000000000e+11
4.567199999999999818e+03 4.000000000000000000e+00 1.775000000000000000e+11
4.567400000000000546e+03 4.000000000000000000e+00 1.775000000000000000e+11
4.567600000000000364e+03 4.000000000000000000e+00 1.775000000000000000e+11
4.567800000000000182e+03 4.000000000000000000e+00 1.775000000000000000e+11
4.568000000000000000e+03 5.656854249492380582e+00 0.000000000000000000e+00
4.568199999999999818e+03 5.656854249492380582e+00 0.000000000000000000e+00
4.568400000000000546e+03 4.000000000000000000e+00 0.000000000000000000e+00
4.568600000000000364e+03 4.000000000000000000e+00 0.000000000000000000e+00
4.568800000000000182e+03 5.656854249492380582e+00 0.000000000000000000e+00
4.569000000000000000e+03 4.000000000000000000e+00 0.000000000000000000e+00
4.569199999999999818e+03 5.656854249492380582e+00 0.000000000000000000e+00
4.569400000000000546e+03 5.656854249492380582e+00 0.000000000000000000e+00
4.569600000000000364e+03 4.000000000000000000e+00 0.000000000000000000e+00
4.569800000000000182e+03 4.000000000000000000e+00 0.000000000000000000e+00
4.570000000000000000e+03 4.000000000000000000e+00 0.000000000000000000e+00
4.570199999999999818e+03 4.000000000000000000e+00 0.000000000000000000e+00
4.570400000000000546e+03 5.656854249492380582e+00 0.000000000000000000e+00
4.570600000000000364e+03 4.000000000000000000e+00 0.000000000000000000e+00
4.570800000000000182e+03 4.000000000000000000e+00 0.000000000000000000e+00
4.571000000000000000e+03 4.000000000000000000e+00 0.000000000000000000e+00
4.571199999999999818e+03 4.000000000000000000e+00 0.000000000000000000e+00
4.571400000000000546e+03 4.000000000000000000e+00 0.000000000000000000e+00
4.571600000000000364e+03 5.656854249492380582e+00 0.000000000000000000e+00
4.571800000000000182e+03 5.656854249492380582e+00 0.000000000000000000e+00
4.572000000000000000e+03 4.000000000000000000e+00 1.775000000000000000e+11
4.572199999999999818e+03 4.000000000000000000e+00 1.775000000000000000e+11
4.572400000000000546e+03 4.000000000000000000e+00 1.775000000000000000e+11
4.572600000000000364e+03 4.000000000000000000e+00 1.775000000000000000e+11
4.572800000000000182e+03 4.000000000000000000e+00 1.775000000000000000e+11
4.573000000000000000e+03 5.656854249492380582e+00 1.775000000000000000e+11
4.573199999999999818e+03 4.000000000000000000e+00 1.775000000000000000e+11
4.573400000000000546e+03 4.000000000000000000e+00 1.775000000000000000e+11
4.573600000000000364e+03 4.000000000000000000e+00 1.775000000000000000e+11
4.573800000000000182e+03 5.656854249492380582e+00 1.775000000000000000e+11
4.574000000000000000e+03 4.000000000000000000e+00 1.775000000000000000e+11
4.574199999999999818e+03 5.656854249492380582e+00 1.775000000000000000e+11
4.574400000000000546e+03 5.656854249492380582e+00 1.775000000000000000e+11
4.574600000000000364e+03 4.000000000000000000e+00 1.775000000000000000e+11
4.574800000000000182e+03 4.000000000000000000e+00 1.775000000000000000e+11
4.575000000000000000e+03 4.000000000000000000e+00 1.775000000000000000e+11
4.575199999999999818e+03 4.000000000000000000e+00 1.775000000000000000e+11
4.575400000000000546e+03 5.656854249492380582e+00 1.775000000000000000e+11
4.575600000000000364e+03 4.000000000000000000e+00 1.775000000000000000e+11
4.575800000000000182e+03 4.000000000000000000e+00 1.775000000000000000e+11
4.576000000000000000e+03 4.000000000000000000e+00 0.000000000000000000e+00
4.576199999999999818e+03 4.000000000000000000e+00 0.000000000000000000e+00
4.576400000000000546e+03 5.656854249492380582e+00 0.000000000000000000e+00
4.576600000000000364e+03 5.656854249492380582e+00 0.000000000000000000e+00
4.576800000000000182e+03 5.656854249492380582e+00 0.000000000000000000e+00
4.577000000000000000e+03 4.000000000000000000e+00 0.000000000000000000e+00
4.577199999999999818e+03 4.000000000000000000e+00 0.000000000000000000e+00
4.577400000000000546e+03 4.000000000000000000e+00 0.000000000000000000e+00
4.577600000000000364e+03 5.656854249492380582e+00 0.000000000000000000e+00
4.577800000000000182e+03 5.656854249492380582e+00 0.000000000000000000e+00
4.578000000000000000e+03 5.656854249492380582e+00 0.000000000000000000e+00
4.578199999999999818e+03 4.000000000000000000e+00 0.000000000000000000e+00
4.578400000000000546e+03 4.000000000000000000e+00 0.000000000000000000e+00
4.578600000000000364e+03 4.000000000000000000e+00 0.000000000000000000e+00
4.578800000000000182e+03 5.656854249492380582e+00 0.000000000000000000e+00
4.579000000000000000e+03 4.000000000000000000e+00 0.000000000000000000e+00
4.579199999999999818e+03 5.656854249492380582e+00 0.000000000000000000e+00
4.579400000000000546e+03 4.000000000000000000e+00 0.000000000000000000e+00
4.579600000000000364e+03 4.000000000000000000e+00 0.000000000000000000e+00
4.579800000000000182e+03 5.656854249492380582e+00 0.000000000000000000e+00
4.580000000000000000e+03 5.656854249492380582e+00 1.775000000000000000e+11
4.580199999999999818e+03 5.656854249492380582e+00 1.775000000000000000e+11
4.580400000000000546e+03 4.000000000000000000e+00 1.775000000000000000e+11
4.580600000000000364e+03 4.000000000000000000e+00 1.775000000000000000e+11
4.580800000000000182e+03 4.000000000000000000e+00 1.775000000000000000e+11
4.581000000000000000e+03 4.000000000000000000e+00 1.775000000000000000e+11
4.581199999999999818e+03 4.000000000000000000e+00 1.775000000000000000e+11
4.581400000000000546e+03 5.656854249492380582e+00 1.775000000000000000e+11
4.581600000000000364e+03 5.656854249492380582e+00 1.775000000000000000e+11
4.581800000000000182e+03 4.000000000000000000e+00 1.775000000000000000e+11
4.582000000000000000e+03 4.000000000000000000e+00 1.775000000000000000e+11
4.582199999999999818e+03 4.000000000000000000e+00 1.775000000000000000e+11
4.582400000000000546e+03 4.000000000000000000e+00 1.775000000000000000e+11
4.582600000000000364e+03 5.656854249492380582e+00 1.775000000000000000e+11
4.582800000000000182e+03 5.656854249492380582e+00 1.775000000000000000e+11
4.583000000000000000e+03 4.000000000000000000e+00 1.775000000000000000e+11
4.583199999999999818e+03 4.000000000000000000e+00 1.775000000000000000e+11
4.583400000000000546e+03 4.000000000000000000e+00 1.775000000000000000e+11
4.583600000000000364e+03 5.656854249492380582e+00 1.775000000000000000e+11
4.583800000000000182e+03 4.000000000000000000e+00 1.775000000000000000e+11
4.584000000000000000e+03 5.656854249492380582e+00 0.000000000000000000e+00
4.584199999999999818e+03 4.000000000000000000e+00 0.000000000000000000e+00
4.584400000000000546e+03 4.000000000000000000e+00 0.000000000000000000e+00
4.584600000000000364e+03 4.000000000000000000e+00 0.000000000000000000e+00
4.584800000000000182e+03 5.656854249492380582e+00 0.000000000000000000e+00
4.585000000000000000e+03 4.000000000000000000e+00 0.000000000000000000e+00
4.585199999999999818e+03 5.656854249492380582e+00 0.000000000000000000e+00
4.585400000000000546e+03 5.656854249492380582e+00 0.000000000000000000e+00
4.585600000000000364e+03 4.000000000000000000e+00 0.000000000000000000e+00
4.585800000000000182e+03 4.000000000000000000e+00 0.000000000000000000e+00
4.586000000000000000e+03 5.656854249492380582e+00 0.000000000000000000e+00
4.586199999999999818e+03 5.656854249492380582e+00 0.000000000000000000e+00
4.586400000000000546e+03 5.656854249492380582e+00 0.000000000000000000e+00
4.586600000000000364e+03 4.000000000000000000e+00 0.000000000000000000e+00
4.586800000000000182e+03 4.000000000000000000e+00 0.000000000000000000e+00
4.587000000000000000e+03 4.000000000000000000e+00 0.000000000000000000e+00
4.587199999999999818e+03 4.000000000000000000e+00 0.000000000000000000e+00
4.587400000000000546e+03 5.656854249492380582e+00 0.000000000000000000e+00
4.587600000000000364e+03 5.656854249492380582e+00 0.000000000000000000e+00
4.587800000000000182e+03 5.656854249492380582e+00 0.000000000000000000e+00
4.588000000000000000e+03 4.000000000000000000e+00 1.775000000000000000e+11
4.588199999999999818e+03 4.000000000000000000e+00 1.775000000000000000e+11
4.588400000000000546e+03 5.656854249492380582e+00 1.775000000000000000e+11
4.588600000000000364e+03 4.000000000000000000e+00 1.775000000000000000e+11
4.588800000000000182e+03 5.656854249492380582e+00 1.775000000000000000e+11
4.589000000000000000e+03 0.000000000000000000e+00 1.775000000000000000e+11
4.589199999999999818e+03 4.000000000000000000e+00 1.775000000000000000e+11
4.589400000000000546e+03 4.000000000000000000e+00 1.775000000000000000e+11
4.589600000000000364e+03 4.000000000000000000e+00 1.775000000000000000e+11
4.589800000000000182e+03 4.000000000000000000e+00 1.775000000000000000e+11
4.590000000000000000e+03 4.000000000000000000e+00 1.775000000000000000e+11
4.590199999999999818e+03 5.656854249492380582e+00 1.775000000000000000e+11
4.590400000000000546e+03 4.000000000000000000e+00 1.775000000000000000e+11
4.590600000000000364e+03 4.000000000000000000e+00 1.775000000000000000e+11
4.590800000000000182e+03 4.000000000000000000e+00 1.775000000000000000e+11
4.591000000000000000e+03 5.656854249492380582e+00 1.775000000000000000e+11
4.591199999999999818e+03 5.656854249492380582e+00 1.775000000000000000e+11
4.591400000000000546e+03 5.656854249492380582e+00 1.775000000000000000e+11
4.591600000000000364e+03 4.000000000000000000e+00 1.775000000000000000e+11
4.591800000000000182e+03 4.000000000000000000e+00 1.775000000000000000e+11
4.592000000000000000e+03 4.000000000000000000e+00 0.000000000000000000e+00
4.592199999999999818e+03 4.000000000000000000e+00 0.000000000000000000e+00
4.592400000000000546e+03 5.656854249492380582e+00 0.000000000000000000e+00
4.592600000000000364e+03 5.656854249492380582e+00 0.000000000000000000e+00
4.592800000000000182e+03 4.000000000000000000e+00 0.000000000000000000e+00
4.593000000000000000e+03 4.000000000000000000e+00 0.000000000000000000e+00
4.593199999999999818e+03 5.656854249492380582e+00 0.000000000000000000e+00
4.593400000000000546e+03 4.000000000000000000e+00 0.000000000000000000e+00
4.593600000000000364e+03 5.656854249492380582e+00 0.000000000000000000e+00
4.593800000000000182e+03 5.656854249492380582e+00 0.000000000000000000e+00
4.594000000000000000e+03 4.000000000000000000e+00 0.000000000000000000e+00
4.594199999999999818e+03 4.000000000000000000e+00 0.000000000000000000e+00
4.594400000000000546e+03 4.000000000000000000e+00 0.000000000000000000e+00
4.594600000000000364e+03 5.656854249492380582e+00 0.000000000000000000e+00
4.594800000000000182e+03 5.656854249492380582e+00 0.000000000000000000e+00
4.595000000000000000e+03 5.656854249492380582e+00 0.000000000000000000e+00
4.595199999999999818e+03 4.000000000000000000e+00 0.000000000000000000e+00
4.595400000000000546e+03 4.000000000000000000e+00 0.000000000000000000e+00
4.595600000000000364e+03 4.000000000000000000e+00 0.000000000000000000e+00
4.595800000000000182e+03 5.656854249492380582e+00 0.000000000000000000e+00
4.596000000000000000e+03 5.656854249492380582e+00 1.775000000000000000e+11
4.596199999999999818e+03 5.656854249492380582e+00 1.775000000000000000e+11
4.596400000000000546e+03 5.656854249492380582e+00 1.775000000000000000e+11
4.596600000000000364e+03 4.000000000000000000e+00 1.775000000000000000e+11
4.596800000000000182e+03 4.000000000000000000e+00 1.775000000000000000e+11
4.597000000000000000e+03 5.656854249492380582e+00 1.775000000000000000e+11
4.597199999999999818e+03 5.656854249492380582e+00 1.775000000000000000e+11
4.597400000000000546e+03 5.656854249492380582e+00 1.775000000000000000e+11
4.597600000000000364e+03 4.000000000000000000e+00 1.775000000000000000e+11
4.597800000000000182e+03 4.000000000000000000e+00 1.775000000000000000e+11
4.598000000000000000e+03 4.000000000000000000e+00 1.775000000000000000e+11
4.598199999999999818e+03 5.656854249492380582e+00 1.775000000000000000e+11
4.598400000000000546e+03 4.000000000000000000e+00 1.775000000000000000e+11
4.598600000000000364e+03 5.656854249492380582e+00 1.775000000000000000e+11
4.598800000000000182e+03 4.000000000000000000e+00 1.775000000000000000e+11
4.599000000000000000e+03 4.000000000000000000e+00 1.775000000000000000e+11
4.599199999999999818e+03 4.000000000000000000e+00 1.775000000000000000e+11
4.599400000000000546e+03 4.000000000000000000e+00 1.775000000000000000e+11
4.599600000000000364e+03 5.656854249492380582e+00 1.775000000000000000e+11
4.599800000000000182e+03 5.656854249492380582e+00 1.775000000000000000e+11
