4.800000000000000000e+03 5.656854249492380582e+00 0.000000000000000000e+00
4.800199999999999818e+03 4.000000000000000000e+00 0.000000000000000000e+00
4.800400000000000546e+03 5.656854249492380582e+00 0.000000000000000000e+00
4.800600000000000364e+03 5.656854249492380582e+00 0.000000000000000000e+00
4.800800000000000182e+03 5.656854249492380582e+00 0.000000000000000000e+00
4.801000000000000000e+03 5.656854249492380582e+00 0.000000000000000000e+00
4.801199999999999818e+03 5.656854249492380582e+00 0.000000000000000000e+00
4.801400000000000546e+03 5.656854249492380582e+00 0.000000000000000000e+00
4.801600000000000364e+03 4.000000000000000000e+00 0.000000000000000000e+00
4.801800000000000182e+03 4.000000000000000000e+00 0.000000000000000000e+00
4.802000000000000000e+03 4.000000000000000000e+00 0.000000000000000000e+00
4.802199999999999818e+03 0.000000000000000000e+00 0.000000000000000000e+00
4.802400000000000546e+03 4.000000000000000000e+00 0.000000000000000000e+00
4.802600000000000364e+03 5.656854249492380582e+00 0.000000000000000000e+00
4.802800000000000182e+03 5.656854249492380582e+00 0.000000000000000000e+00
4.803000000000000000e+03 5.656854249492380582e+00 0.000000000000000000e+00
4.803199999999999818e+03 5.656854249492380582e+00 0.000000000000000000e+00
4.803400000000000546e+03 5.656854249492380582e+00 0.000000000000000000e+00
4.803600000000000364e+03 5.656854249492380582e+00 0.000000000000000000e+00
4.803800000000000182e+03 5.656854249492380582e+00 0.000000000000000000e+00
4.804000000000000000e+03 5.656854249492380582e+00 1.824999800000000000e+11
4.804199999999999818e+03 5.656854249492380582e+00 1.824999800000000000e+11
4.804400000000000546e+03 4.000000000000000000e+00 1.824999800000000000e+11
4.804600000000000364e+03 4.000000000000000000e+00 1.824999800000000000e+11
4.804800000000000182e+03 4.000000000000000000e+00 1.824999800000000000e+11
4.805000000000000000e+03 4.000000000000000000e+00 1.824999800000000000e+11
4.805199999999999818e+03 0.000000000000000000e+00 1.824999800000000000e+11
4.805400000000000546e+03 0.000000000000000000e+00 1.824999800000000000e+11
4.805600000000000364e+03 0.000000000000000000e+00 1.824999800000000000e+11
4.805800000000000182e+03 0.000000000000000000e+00 1.825000000000000000e+11
4.806000000000000000e+03 4.000000000000000000e+00 1.825000000000000000e+11
4.806199999999999818e+03 5.656854249492380582e+00 1.824999800000000000e+11
4.806400000000000546e+03 5.656854249492380582e+00 1.824999800000000000e+11
4.806600000000000364e+03 5.656854249492380582e+00 1.824999800000000000e+11
4.806800000000000182e+03 5.656854249492380582e+00 1.824999800000000000e+11
4.807000000000000000e+03 5.656854249492380582e+00 1.825000000000000000e+11
4.807199999999999818e+03 4.000000000000000000e+00 1.824999800000000000e+11
4.807400000000000546e+03 4.000000000000000000e+00 1.824999800000000000e+11
4.807600000000000364e+03 4.000000000000000000e+00 1.824999800000000000e+11
4.807800000000000182e+03 4.000000000000000000e+00 1.824999800000000000e+11
4.808000000000000000e+03 0.000000000000000000e+00 0.000000000000000000e+00
4.808199999999999818e+03 0.000000000000000000e+00 0.000000000000000000e+00
4.808400000000000546e+03 0.000000000000000000e+00 0.000000000000000000e+00
4.808600000000000364e+03 4.000000000000000000e+00 0.000000000000000000e+00
4.808800000000000182e+03 4.000000000000000000e+00 0.000000000000000000e+00
4.809000000000000000e+03 4.000000000000000000e+00 0.000000000000000000e+00
4.809199999999999818e+03 5.656854249492380582e+00 0.000000000000000000e+00
4.809400000000000546e+03 5.656854249492380582e+00 0.000000000000000000e+00
4.809600000000000364e+03 5.656854249492380582e+00 0.000000000000000000e+00
4.809800000000000182e+03 5.656854249492380582e+00 0.000000000000000000e+00
4.810000000000000000e+03 4.000000000000000000e+00 0.000000000000000000e+00
4.810199999999999818e+03 4.000000000000000000e+00 0.000000000000000000e+00
4.810400000000000546e+03 4.000000000000000000e+00 0.000000000000000000e+00
4.810600000000000364e+03 0.000000000000000000e+00 0.000000000000000000e+00
4.810800000000000182e+03 0.000000000000000000e+00 0.000000000000000000e+00
4.811000000000000000e+03 0.000000000000000000e+00 0.000000000000000000e+00
4.811199999999999818e+03 0.000000000000000000e+00 0.000000000000000000e+00
4.811400000000000546e+03 4.000000000000000000e+00 0.000000000000000000e+00
4.811600000000000364e+03 4.000000000000000000e+00 0.000000000000000000e+00
4.811800000000000182e+03 5.656854249492380582e+00 0.000000000000000000e+00
4.812000000000000000e+03 5.656854249492380582e+00 1.825000000000000000e+11
4.812199999999999818e+03 5.656854249492380582e+00 1.824999800000000000e+11
4.812400000000000546e+03 5.656854249492380582e+00 1.824999800000000000e+11
4.812600000000000364e+03 4.000000000000000000e+00 1.825000000000000000e+11
4.812800000000000182e+03 4.000000000000000000e+00 1.824999800000000000e+11
4.813000000000000000e+03 4.000000000000000000e+00 1.824999800000000000e+11
4.813199999999999818e+03 4.000000000000000000e+00 1.824999800000000000e+11
4.813400000000000546e+03 0.000000000000000000e+00 1.824999800000000000e+11
4.813600000000000364e+03 0.000000000000000000e+00 1.824999800000000000e+11
4.813800000000000182e+03 0.000000000000000000e+00 1.824999800000000000e+11
4.814000000000000000e+03 4.000000000000000000e+00 1.824999800000000000e+11
4.814199999999999818e+03 4.000000000000000000e+00 1.824999800000000000e+11
4.814400000000000546e+03 4.000000000000000000e+00 1.824999800000000000e+11
4.814600000000000364e+03 5.656854249492380582e+00 1.824999800000000000e+11
4.814800000000000182e+03 5.656854249492380582e+00 1.824999800000000000e+11
4.815000000000000000e+03 5.656854249492380582e+00 1.824999800000000000e+11
4.815199999999999818e+03 5.656854249492380582e+00 1.824999800000000000e+11
4.815400000000000546e+03 4.000000000000000000e+00 1.824999800000000000e+11
4.815600000000000364e+03 4.000000000000000000e+00 1.825000000000000000e+11
4.815800000000000182e+03 4.000000000000000000e+00 1.824999800000000000e+11
4.816000000000000000e+03 4.000000000000000000e+00 0.000000000000000000e+00
4.816199999999999818e+03 0.000000000000000000e+00 0.000000000000000000e+00
4.816400000000000546e+03 0.000000000000000000e+00 0.000000000000000000e+00
4.816600000000000364e+03 0.000000000000000000e+00 0.000000000000000000e+00
4.816800000000000182e+03 4.000000000000000000e+00 0.000000000000000000e+00
4.817000000000000000e+03 4.000000000000000000e+00 0.000000000000000000e+00
4.817199999999999818e+03 4.000000000000000000e+00 0.000000000000000000e+00
4.817400000000000546e+03 5.656854249492380582e+00 0.000000000000000000e+00
4.817600000000000364e+03 5.656854249492380582e+00 0.000000000000000000e+00
4.817800000000000182e+03 5.656854249492380582e+00 0.000000000000000000e+00
4.818000000000000000e+03 5.656854249492380582e+00 0.000000000000000000e+00
4.818199999999999818e+03 4.000000000000000000e+00 0.000000000000000000e+00
4.818400000000000546e+03 4.000000000000000000e+00 0.000000000000000000e+00
4.818600000000000364e+03 4.000000000000000000e+00 0.000000000000000000e+00
4.818800000000000182e+03 0.000000000000000000e+00 0.000000000000000000e+00
4.819000000000000000e+03 0.000000000000000000e+00 0.000000000000000000e+00
4.819199999999999818e+03 0.000000000000000000e+00 0.000000000000000000e+00
4.819400000000000546e+03 4.000000000000000000e+00 0.000000000000000000e+00
4.819600000000000364e+03 4.000000000000000000e+00 0.000000000000000000e+00
4.819800000000000182e+03 4.000000000000000000e+00 0.000000000000000000e+00
4.820000000000000000e+03 4.000000000000000000e+00 1.824999800000000000e+11
4.820199999999999818e+03 5.656854249492380582e+00 1.825000000000000000e+11
4.820400000000000546e+03 5.656854249492380582e+00 1.824999800000000000e+11
4.820600000000000364e+03 5.656854249492380582e+00 1.824999800000000000e+11
4.820800000000000182e+03 4.000000000000000000e+00 1.824999800000000000e+11
4.821000000000000000e+03 4.000000000000000000e+00 1.824999800000000000e+11
4.821199999999999818e+03 4.000000000000000000e+00 1.824999800000000000e+11
4.821400000000000546e+03 4.000000000000000000e+00 1.824999800000000000e+11
4.821600000000000364e+03 0.000000000000000000e+00 1.824999800000000000e+11
4.821800000000000182e+03 0.000000000000000000e+00 1.824999800000000000e+11
4.822000000000000000e+03 0.000000000000000000e+00 1.824999800000000000e+11
4.822199999999999818e+03 4.000000000000000000e+00 1.824999800000000000e+11
4.822400000000000546e+03 4.000000000000000000e+00 1.824999800000000000e+11
4.822600000000000364e+03 4.000000000000000000e+00 1.824999800000000000e+11
4.822800000000000182e+03 5.656854249492380582e+00 1.824999800000000000e+11
4.823000000000000000e+03 5.656854249492380582e+00 1.824999800000000000e+11
4.823199999999999818e+03 5.656854249492380582e+00 1.825000000000000000e+11
4.823400000000000546e+03 5.656854249492380582e+00 1.824999800000000000e+11
4.823600000000000364e+03 4.000000000000000000e+00 1.824999800000000000e+11
4.823800000000000182e+03 4.000000000000000000e+00 1.824999800000000000e+11
4.824000000000000000e+03 4.000000000000000000e+00 0.000000000000000000e+00
4.824199999999999818e+03 0.000000000000000000e+00 0.000000000000000000e+00
4.824400000000000546e+03 0.000000000000000000e+00 0.000000000000000000e+00
4.824600000000000364e+03 0.000000000000000000e+00 0.000000000000000000e+00
4.824800000000000182e+03 0.000000000000000000e+00 0.000000000000000000e+00
4.825000000000000000e+03 4.000000000000000000e+00 0.000000000000000000e+00
4.825199999999999818e+03 4.000000000000000000e+00 0.000000000000000000e+00
4.825400000000000546e+03 4.000000000000000000e+00 0.000000000000000000e+00
4.825600000000000364e+03 5.656854249492380582e+00 0.000000000000000000e+00
4.825800000000000182e+03 5.656854249492380582e+00 0.000000000000000000e+00
4.826000000000000000e+03 5.656854249492380582e+00 0.000000000000000000e+00
4.826199999999999818e+03 5.656854249492380582e+00 0.000000000000000000e+00
4.826400000000000546e+03 4.000000000000000000e+00 0.000000000000000000e+00
4.826600000000000364e+03 4.000000000000000000e+00 0.000000000000000000e+00
4.826800000000000182e+03 4.000000000000000000e+00 0.000000000000000000e+00
4.827000000000000000e+03 0.000000000000000000e+00 0.000000000000000000e+00
4.827199999999999818e+03 0.000000000000000000e+00 0.000000000000000000e+00
4.827400000000000546e+03 0.000000000000000000e+00 0.000000000000000000e+00
4.827600000000000364e+03 4.000000000000000000e+00 0.000000000000000000e+00
4.827800000000000182e+03 4.000000000000000000e+00 0.000000000000000000e+00
4.828000000000000000e+03 4.000000000000000000e+00 1.825000000000000000e+11
4.828199999999999818e+03 4.000000000000000000e+00 1.824999800000000000e+11
4.828400000000000546e+03 5.656854249492380582e+00 1.824999800000000000e+11
4.828600000000000364e+03 5.656854249492380582e+00 1.824999800000000000e+11
4.828800000000000182e+03 5.656854249492380582e+00 1.824999800000000000e+11
4.829000000000000000e+03 4.000000000000000000e+00 1.824999800000000000e+11
4.829199999999999818e+03 4.000000000000000000e+00 1.824999800000000000e+11
4.829400000000000546e+03 4.000000000000000000e+00 1.824999800000000000e+11
4.829600000000000364e+03 4.000000000000000000e+00 1.824999800000000000e+11
4.829800000000000182e+03 0.000000000000000000e+00 1.824999800000000000e+11
4.830000000000000000e+03 0.000000000000000000e+00 1.824999800000000000e+11
4.830199999999999818e+03 0.000000000000000000e+00 1.824999800000000000e+11
4.830400000000000546e+03 4.000000000000000000e+00 1.824999800000000000e+11
4.830600000000000364e+03 4.000000000000000000e+00 1.824999800000000000e+11
4.830800000000000182e+03 4.000000000000000000e+00 1.824999800000000000e+11
4.831000000000000000e+03 5.656854249492380582e+00 1.824999800000000000e+11
4.831199999999999818e+03 5.656854249492380582e+00 1.824999800000000000e+11
4.831400000000000546e+03 5.656854249492380582e+00 1.824999800000000000e+11
4.831600000000000364e+03 5.656854249492380582e+00 1.824999800000000000e+11
4.831800000000000182e+03 4.000000000000000000e+00 1.824999800000000000e+11
4.832000000000000000e+03 4.000000000000000000e+00 0.000000000000000000e+00
4.832199999999999818e+03 4.000000000000000000e+00 0.000000000000000000e+00
4.832400000000000546e+03 0.000000000000000000e+00 0.000000000000000000e+00
4.832600000000000364e+03 0.000000000000000000e+00 0.000000000000000000e+00
4.832800000000000182e+03 0.000000000000000000e+00 0.000000000000000000e+00
4.833000000000000000e+03 0.000000000000000000e+00 0.000000000000000000e+00
4.833199999999999818e+03 4.000000000000000000e+00 0.000000000000000000e+00
4.833400000000000546e+03 4.000000000000000000e+00 0.000000000000000000e+00
4.833600000000000364e+03 4.000000000000000000e+00 0.000000000000000000e+00
4.833800000000000182e+03 5.656854249492380582e+00 0.000000000000000000e+00
4.834000000000000000e+03 5.656854249492380582e+00 0.000000000000000000e+00
4.834199999999999818e+03 5.656854249492380582e+00 0.000000000000000000e+00
4.834400000000000546e+03 4.000000000000000000e+00 0.000000000000000000e+00
4.834600000000000364e+03 4.000000000000000000e+00 0.000000000000000000e+00
4.834800000000000182e+03 4.000000000000000000e+00 0.000000000000000000e+00
4.835000000000000000e+03 4.000000000000000000e+00 0.000000000000000000e+00
4.835199999999999818e+03 0.000000000000000000e+00 0.000000000000000000e+00
4.835400000000000546e+03 0.000000000000000000e+00 0.000000000000000000e+00
4.835600000000000364e+03 0.000000000000000000e+00 0.000000000000000000e+00
4.835800000000000182e+03 4.000000000000000000e+00 0.000000000000000000e+00
4.836000000000000000e+03 4.000000000000000000e+00 1.824999800000000000e+11
4.836199999999999818e+03 4.000000000000000000e+00 1.824999800000000000e+11
4.836400000000000546e+03 4.000000000000000000e+00 1.824999800000000000e+11
4.836600000000000364e+03 5.656854249492380582e+00 1.824999800000000000e+11
4.836800000000000182e+03 5.656854249492380582e+00 1.824999800000000000e+11
4.837000000000000000e+03 5.656854249492380582e+00 1.825000000000000000e+11
4.837199999999999818e+03 4.000000000000000000e+00 1.824999800000000000e+11
4.837400000000000546e+03 4.000000000000000000e+00 1.824999800000000000e+11
4.837600000000000364e+03 4.000000000000000000e+00 1.824999800000000000e+11
4.837800000000000182e+03 0.000000000000000000e+00 1.824999800000000000e+11
4.838000000000000000e+03 0.000000000000000000e+00 1.824999800000000000e+11
4.838199999999999818e+03 0.000000000000000000e+00 1.824999800000000000e+11
4.838400000000000546e+03 0.000000000000000000e+00 1.824999800000000000e+11
4.838600000000000364e+03 4.000000000000000000e+00 1.824999800000000000e+11
4.838800000000000182e+03 4.000000000000000000e+00 1.824999800000000000e+11
4.839000000000000000e+03 4.000000000000000000e+00 1.824999800000000000e+11
4.839199999999999818e+03 5.656854249492380582e+00 1.824999800000000000e+11
4.839400000000000546e+03 5.656854249492380582e+00 1.824999800000000000e+11
4.839600000000000364e+03 5.656854249492380582e+00 1.824999800000000000e+11
4.839800000000000182e+03 5.656854249492380582e+00 1.824999800000000000e+11
4.840000000000000000e+03 4.000000000000000000e+00 0.000000000000000000e+00
4.840199999999999818e+03 4.000000000000000000e+00 0.000000000000000000e+00
4.840400000000000546e+03 4.000000000000000000e+00 0.000000000000000000e+00
4.840600000000000364e+03 0.000000000000000000e+00 0.000000000000000000e+00
4.840800000000000182e+03 0.000000000000000000e+00 0.000000000000000000e+00
4.841000000000000000e+03 0.000000000000000000e+00 0.000000000000000000e+00
4.841199999999999818e+03 4.000000000000000000e+00 0.000000000000000000e+00
4.841400000000000546e+03 4.000000000000000000e+00 0.000000000000000000e+00
4.841600000000000364e+03 4.000000000000000000e+00 0.000000000000000000e+00
4.841800000000000182e+03 4.000000000000000000e+00 0.000000000000000000e+00
4.842000000000000000e+03 5.656854249492380582e+00 0.000000000000000000e+00
4.842199999999999818e+03 5.656854249492380582e+00 0.000000000000000000e+00
4.842400000000000546e+03 5.656854249492380582e+00 0.000000000000000000e+00
4.842600000000000364e+03 4.000000000000000000e+00 0.000000000000000000e+00
4.842800000000000182e+03 4.000000000000000000e+00 0.000000000000000000e+00
4.843000000000000000e+03 4.000000000000000000e+00 0.000000000000000000e+00
4.843199999999999818e+03 4.000000000000000000e+00 0.000000000000000000e+00
4.843400000000000546e+03 0.000000000000000000e+00 0.000000000000000000e+00
4.843600000000000364e+03 0.000000000000000000e+00 0.000000000000000000e+00
4.843800000000000182e+03 0.000000000000000000e+00 0.000000000000000000e+00
4.844000000000000000e+03 4.000000000000000000e+00 1.824999800000000000e+11
4.844199999999999818e+03 4.000000000000000000e+00 1.824999800000000000e+11
4.844400000000000546e+03 4.000000000000000000e+00 1.824999800000000000e+11
4.844600000000000364e+03 5.656854249492380582e+00 1.824999800000000000e+11
4.844800000000000182e+03 5.656854249492380582e+00 1.825000000000000000e+11
4.845000000000000000e+03 5.656854249492380582e+00 1.824999800000000000e+11
4.845199999999999818e+03 5.656854249492380582e+00 1.824999800000000000e+11
4.845400000000000546e+03 4.000000000000000000e+00 1.824999800000000000e+11
4.845600000000000364e+03 4.000000000000000000e+00 1.824999800000000000e+11
4.845800000000000182e+03 4.000000000000000000e+00 1.824999800000000000e+11
4.846000000000000000e+03 0.000000000000000000e+00 1.824999800000000000e+11
4.846199999999999818e+03 0.000000000000000000e+00 1.824999800000000000e+11
4.846400000000000546e+03 0.000000000000000000e+00 1.825000000000000000e+11
4.846600000000000364e+03 0.000000000000000000e+00 1.824999800000000000e+11
4.846800000000000182e+03 4.000000000000000000e+00 1.824999800000000000e+11
4.847000000000000000e+03 4.000000000000000000e+00 1.824999800000000000e+11
4.847199999999999818e+03 4.000000000000000000e+00 1.824999800000000000e+11
4.847400000000000546e+03 5.656854249492380582e+00 1.824999800000000000e+11
4.847600000000000364e+03 5.656854249492380582e+00 1.825000000000000000e+11
4.847800000000000182e+03 5.656854249492380582e+00 1.824999800000000000e+11
4.848000000000000000e+03 4.000000000000000000e+00 0.000000000000000000e+00
4.848199999999999818e+03 4.000000000000000000e+00 0.000000000000000000e+00
4.848400000000000546e+03 4.000000000000000000e+00 0.000000000000000000e+00
4.848600000000000364e+03 4.000000000000000000e+00 0.000000000000000000e+00
4.848800000000000182e+03 0.000000000000000000e+00 0.000000000000000000e+00
4.849000000000000000e+03 0.000000000000000000e+00 0.000000000000000000e+00
4.849199999999999818e+03 0.000000000000000000e+00 0.000000000000000000e+00
4.849400000000000546e+03 4.000000000000000000e+00 0.000000000000000000e+00
4.849600000000000364e+03 4.000000000000000000e+00 0.000000000000000000e+00
4.849800000000000182e+03 4.000000000000000000e+00 0.000000000000000000e+00
4.850000000000000000e+03 4.000000000000000000e+00 0.000000000000000000e+00
4.850199999999999818e+03 5.656854249492380582e+00 0.000000000000000000e+00
4.850400000000000546e+03 5.656854249492380582e+00 0.000000000000000000e+00
4.850600000000000364e+03 5.656854249492380582e+00 0.000000000000000000e+00
4.850800000000000182e+03 4.000000000000000000e+00 0.000000000000000000e+00
4.851000000000000000e+03 4.000000000000000000e+00 0.000000000000000000e+00
4.851199999999999818e+03 4.000000000000000000e+00 0.000000000000000000e+00
4.851400000000000546e+03 0.000000000000000000e+00 0.000000000000000000e+00
4.851600000000000364e+03 0.000000000000000000e+00 0.000000000000000000e+00
4.851800000000000182e+03 0.000000000000000000e+00 0.000000000000000000e+00
4.852000000000000000e+03 0.000000000000000000e+00 1.824999800000000000e+11
4.852199999999999818e+03 4.000000000000000000e+00 1.824999800000000000e+11
4.852400000000000546e+03 4.000000000000000000e+00 1.824999800000000000e+11
4.852600000000000364e+03 4.000000000000000000e+00 1.824999800000000000e+11
4.852800000000000182e+03 5.656854249492380582e+00 1.824999800000000000e+11
4.853000000000000000e+03 5.656854249492380582e+00 1.824999800000000000e+11
4.853199999999999818e+03 5.656854249492380582e+00 1.825000000000000000e+11
4.853400000000000546e+03 5.656854249492380582e+00 1.824999800000000000e+11
4.853600000000000364e+03 4.000000000000000000e+00 1.824999800000000000e+11
4.853800000000000182e+03 4.000000000000000000e+00 1.824999800000000000e+11
4.854000000000000000e+03 4.000000000000000000e+00 1.824999800000000000e+11
4.854199999999999818e+03 0.000000000000000000e+00 1.824999800000000000e+11
4.854400000000000546e+03 0.000000000000000000e+00 1.824999800000000000e+11
4.854600000000000364e+03 0.000000000000000000e+00 1.824999800000000000e+11
4.854800000000000182e+03 4.000000000000000000e+00 1.824999800000000000e+11
4.855000000000000000e+03 4.000000000000000000e+00 1.824999800000000000e+11
4.855199999999999818e+03 4.000000000000000000e+00 1.824999800000000000e+11
4.855400000000000546e+03 4.000000000000000000e+00 1.824999800000000000e+11
4.855600000000000364e+03 5.656854249492380582e+00 1.824999800000000000e+11
4.855800000000000182e+03 5.656854249492380582e+00 1.825000000000000000e+11
4.856000000000000000e+03 5.656854249492380582e+00 0.000000000000000000e+00
4.856199999999999818e+03 4.000000000000000000e+00 0.000000000000000000e+00
4.856400000000000546e+03 4.000000000000000000e+00 0.000000000000000000e+00
4.856600000000000364e+03 4.000000000000000000e+00 0.000000000000000000e+00
4.856800000000000182e+03 4.000000000000000000e+00 0.000000000000000000e+00
4.857000000000000000e+03 0.000000000000000000e+00 0.000000000000000000e+00
4.857199999999999818e+03 0.000000000000000000e+00 0.000000000000000000e+00
4.857400000000000546e+03 0.000000000000000000e+00 0.000000000000000000e+00
4.857600000000000364e+03 4.000000000000000000e+00 0.000000000000000000e+00
4.857800000000000182e+03 4.000000000000000000e+00 0.000000000000000000e+00
4.858000000000000000e+03 4.000000000000000000e+00 0.000000000000000000e+00
4.858199999999999818e+03 5.656854249492380582e+00 0.000000000000000000e+00
4.858400000000000546e+03 5.656854249492380582e+00 0.000000000000000000e+00
4.858600000000000364e+03 5.656854249492380582e+00 0.000000000000000000e+00
4.858800000000000182e+03 5.656854249492380582e+00 0.000000000000000000e+00
4.859000000000000000e+03 4.000000000000000000e+00 0.000000000000000000e+00
4.859199999999999818e+03 4.000000000000000000e+00 0.000000000000000000e+00
4.859400000000000546e+03 4.000000000000000000e+00 0.000000000000000000e+00
4.859600000000000364e+03 0.000000000000000000e+00 0.000000000000000000e+00
4.859800000000000182e+03 0.000000000000000000e+00 0.000000000000000000e+00
4.860000000000000000e+03 0.000000000000000000e+00 1.824999800000000000e+11
4.860199999999999818e+03 0.000000000000000000e+00 1.824999800000000000e+11
4.860400000000000546e+03 4.000000000000000000e+00 1.825000000000000000e+11
4.860600000000000364e+03 4.000000000000000000e+00 1.824999800000000000e+11
4.860800000000000182e+03 4.000000000000000000e+00 1.824999800000000000e+11
4.861000000000000000e+03 5.656854249492380582e+00 1.824999800000000000e+11
4.861199999999999818e+03 5.656854249492380582e+00 1.824999800000000000e+11
4.861400000000000546e+03 5.656854249492380582e+00 1.824999800000000000e+11
4.861600000000000364e+03 4.000000000000000000e+00 1.824999800000000000e+11
4.861800000000000182e+03 4.000000000000000000e+00 1.824999800000000000e+11
4.862000000000000000e+03 4.000000000000000000e+00 1.824999800000000000e+11
4.862199999999999818e+03 4.000000000000000000e+00 1.824999800000000000e+11
4.862400000000000546e+03 0.000000000000000000e+00 1.824999800000000000e+11
4.862600000000000364e+03 0.000000000000000000e+00 1.824999800000000000e+11
4.862800000000000182e+03 0.000000000000000000e+00 1.824999800000000000e+11
4.863000000000000000e+03 4.000000000000000000e+00 1.825000000000000000e+11
4.863199999999999818e+03 4.000000000000000000e+00 1.824999800000000000e+11
4.863400000000000546e+03 4.000000000000000000e+00 1.825000000000000000e+11
4.863600000000000364e+03 4.000000000000000000e+00 1.824999800000000000e+11
4.863800000000000182e+03 5.656854249492380582e+00 1.824999800000000000e+11
4.864000000000000000e+03 5.656854249492380582e+00 0.000000000000000000e+00
4.864199999999999818e+03 5.656854249492380582e+00 0.000000000000000000e+00
4.864400000000000546e+03 4.000000000000000000e+00 0.000000000000000000e+00
4.864600000000000364e+03 4.000000000000000000e+00 0.000000000000000000e+00
4.864800000000000182e+03 4.000000000000000000e+00 0.000000000000000000e+00
4.865000000000000000e+03 0.000000000000000000e+00 0.000000000000000000e+00
4.865199999999999818e+03 0.000000000000000000e+00 0.000000000000000000e+00
4.865400000000000546e+03 0.000000000000000000e+00 0.000000000000000000e+00
4.865600000000000364e+03 0.000000000000000000e+00 0.000000000000000000e+00
4.865800000000000182e+03 4.000000000000000000e+00 0.000000000000000000e+00
4.866000000000000000e+03 4.000000000000000000e+00 0.000000000000000000e+00
4.866199999999999818e+03 4.000000000000000000e+00 0.000000000000000000e+00
4.866400000000000546e+03 5.656854249492380582e+00 0.000000000000000000e+00
4.866600000000000364e+03 5.656854249492380582e+00 0.000000000000000000e+00
4.866800000000000182e+03 5.656854249492380582e+00 0.000000000000000000e+00
4.867000000000000000e+03 5.656854249492380582e+00 0.000000000000000000e+00
4.867199999999999818e+03 4.000000000000000000e+00 0.000000000000000000e+00
4.867400000000000546e+03 4.000000000000000000e+00 0.000000000000000000e+00
4.867600000000000364e+03 4.000000000000000000e+00 0.000000000000000000e+00
4.867800000000000182e+03 0.000000000000000000e+00 0.000000000000000000e+00
4.868000000000000000e+03 0.000000000000000000e+00 1.824999800000000000e+11
4.868199999999999818e+03 0.000000000000000000e+00 1.824999800000000000e+11
4.868400000000000546e+03 4.000000000000000000e+00 1.824999800000000000e+11
4.868600000000000364e+03 4.000000000000000000e+00 1.824999800000000000e+11
4.868800000000000182e+03 4.000000000000000000e+00 1.824999800000000000e+11
4.869000000000000000e+03 4.000000000000000000e+00 1.824999800000000000e+11
4.869199999999999818e+03 5.656854249492380582e+00 1.824999800000000000e+11
4.869400000000000546e+03 5.656854249492380582e+00 1.824999800000000000e+11
4.869600000000000364e+03 5.656854249492380582e+00 1.824999800000000000e+11
4.869800000000000182e+03 4.000000000000000000e+00 1.824999800000000000e+11
4.870000000000000000e+03 4.000000000000000000e+00 1.824999800000000000e+11
4.870199999999999818e+03 4.000000000000000000e+00 1.824999800000000000e+11
4.870400000000000546e+03 4.000000000000000000e+00 1.824999800000000000e+11
4.870600000000000364e+03 0.000000000000000000e+00 1.824999800000000000e+11
4.870800000000000182e+03 0.000000000000000000e+00 1.824999800000000000e+11
4.871000000000000000e+03 0.000000000000000000e+00 1.824999800000000000e+11
4.871199999999999818e+03 4.000000000000000000e+00 1.824999800000000000e+11
4.871400000000000546e+03 4.000000000000000000e+00 1.824999800000000000e+11
4.871600000000000364e+03 4.000000000000000000e+00 1.824999800000000000e+11
4.871800000000000182e+03 4.000000000000000000e+00 1.824999800000000000e+11
4.872000000000000000e+03 5.656854249492380582e+00 0.000000000000000000e+00
4.872199999999999818e+03 5.656854249492380582e+00 0.000000000000000000e+00
4.872400000000000546e+03 5.656854249492380582e+00 0.000000000000000000e+00
4.872600000000000364e+03 5.656854249492380582e+00 0.000000000000000000e+00
4.872800000000000182e+03 4.000000000000000000e+00 0.000000000000000000e+00
4.873000000000000000e+03 4.000000000000000000e+00 0.000000000000000000e+00
4.873199999999999818e+03 4.000000000000000000e+00 0.000000000000000000e+00
4.873400000000000546e+03 0.000000000000000000e+00 0.000000000000000000e+00
4.873600000000000364e+03 0.000000000000000000e+00 0.000000000000000000e+00
4.873800000000000182e+03 0.000000000000000000e+00 0.000000000000000000e+00
4.874000000000000000e+03 0.000000000000000000e+00 0.000000000000000000e+00
4.874199999999999818e+03 4.000000000000000000e+00 0.000000000000000000e+00
4.874400000000000546e+03 4.000000000000000000e+00 0.000000000000000000e+00
4.874600000000000364e+03 4.000000000000000000e+00 0.000000000000000000e+00
4.874800000000000182e+03 5.656854249492380582e+00 0.000000000000000000e+00
4.875000000000000000e+03 5.656854249492380582e+00 0.000000000000000000e+00
4.875199999999999818e+03 5.656854249492380582e+00 0.000000000000000000e+00
4.875400000000000546e+03 5.656854249492380582e+00 0.000000000000000000e+00
4.875600000000000364e+03 4.000000000000000000e+00 0.000000000000000000e+00
4.875800000000000182e+03 4.000000000000000000e+00 0.000000000000000000e+00
4.876000000000000000e+03 4.000000000000000000e+00 1.825000000000000000e+11
4.876199999999999818e+03 4.000000000000000000e+00 1.824999800000000000e+11
4.876400000000000546e+03 0.000000000000000000e+00 1.824999800000000000e+11
4.876600000000000364e+03 0.000000000000000000e+00 1.824999800000000000e+11
4.876800000000000182e+03 0.000000000000000000e+00 1.824999800000000000e+11
4.877000000000000000e+03 4.000000000000000000e+00 1.824999800000000000e+11
4.877199999999999818e+03 4.000000000000000000e+00 1.824999800000000000e+11
4.877400000000000546e+03 4.000000000000000000e+00 1.824999800000000000e+11
4.877600000000000364e+03 4.000000000000000000e+00 1.824999800000000000e+11
4.877800000000000182e+03 5.656854249492380582e+00 1.824999800000000000e+11
4.878000000000000000e+03 5.656854249492380582e+00 1.824999800000000000e+11
4.878199999999999818e+03 5.656854249492380582e+00 1.824999800000000000e+11
4.878400000000000546e+03 5.656854249492380582e+00 1.824999800000000000e+11
4.878600000000000364e+03 4.000000000000000000e+00 1.824999800000000000e+11
4.878800000000000182e+03 4.000000000000000000e+00 1.824999800000000000e+11
4.879000000000000000e+03 4.000000000000000000e+00 1.824999800000000000e+11
4.879199999999999818e+03 5.656854249492380582e+00 1.824999800000000000e+11
4.879400000000000546e+03 4.000000000000000000e+00 1.824999800000000000e+11
4.879600000000000364e+03 4.000000000000000000e+00 1.824999800000000000e+11
4.879800000000000182e+03 4.000000000000000000e+00 1.825000000000000000e+11
4.880000000000000000e+03 4.000000000000000000e+00 0.000000000000000000e+00
4.880199999999999818e+03 5.656854249492380582e+00 0.000000000000000000e+00
4.880400000000000546e+03 8.944271909999159220e+00 0.000000000000000000e+00
4.880600000000000364e+03 8.000000000000000000e+00 0.000000000000000000e+00
4.880800000000000182e+03 8.944271909999159220e+00 0.000000000000000000e+00
4.881000000000000000e+03 8.944271909999159220e+00 0.000000000000000000e+00
4.881199999999999818e+03 1.131370849898476116e+01 0.000000000000000000e+00
4.881400000000000546e+03 8.944271909999159220e+00 0.000000000000000000e+00
4.881600000000000364e+03 8.000000000000000000e+00 0.000000000000000000e+00
4.881800000000000182e+03 8.000000000000000000e+00 0.000000000000000000e+00
4.882000000000000000e+03 5.656854249492380582e+00 0.000000000000000000e+00
4.882199999999999818e+03 5.656854249492380582e+00 0.000000000000000000e+00
4.882400000000000546e+03 4.000000000000000000e+00 0.000000000000000000e+00
4.882600000000000364e+03 4.000000000000000000e+00 0.000000000000000000e+00
4.882800000000000182e+03 4.000000000000000000e+00 0.000000000000000000e+00
4.883000000000000000e+03 4.000000000000000000e+00 0.000000000000000000e+00
4.883199999999999818e+03 5.656854249492380582e+00 0.000000000000000000e+00
4.883400000000000546e+03 5.656854249492380582e+00 0.000000000000000000e+00
4.883600000000000364e+03 8.000000000000000000e+00 0.000000000000000000e+00
4.883800000000000182e+03 8.000000000000000000e+00 0.000000000000000000e+00
4.884000000000000000e+03 8.944271909999159220e+00 1.824999800000000000e+11
4.884199999999999818e+03 1.131370849898476116e+01 1.824999800000000000e+11
4.884400000000000546e+03 8.944271909999159220e+00 1.824999800000000000e+11
4.884600000000000364e+03 8.000000000000000000e+00 1.824999800000000000e+11
4.884800000000000182e+03 8.000000000000000000e+00 1.824999800000000000e+11
4.885000000000000000e+03 8.944271909999159220e+00 1.824999800000000000e+11
4.885199999999999818e+03 8.944271909999159220e+00 1.824999800000000000e+11
4.885400000000000546e+03 8.000000000000000000e+00 1.824999800000000000e+11
4.885600000000000364e+03 8.944271909999159220e+00 1.825000000000000000e+11
4.885800000000000182e+03 8.944271909999159220e+00 1.824999800000000000e+11
4.886000000000000000e+03 8.000000000000000000e+00 1.824999800000000000e+11
4.886199999999999818e+03 1.264911064067351809e+01 1.824999800000000000e+11
4.886400000000000546e+03 1.442220510185595650e+01 1.824999800000000000e+11
4.886600000000000364e+03 1.788854381999831844e+01 1.824999800000000000e+11
4.886800000000000182e+03 2.000000000000000000e+01 1.824999800000000000e+11
4.887000000000000000e+03 2.154065922853801496e+01 1.824999800000000000e+11
4.887199999999999818e+03 2.000000000000000000e+01 1.824999800000000000e+11
4.887400000000000546e+03 2.332380757938120297e+01 1.824999800000000000e+11
4.887600000000000364e+03 2.433105012119287736e+01 1.824999800000000000e+11
4.887800000000000182e+03 2.433105012119287736e+01 1.824999800000000000e+11
4.888000000000000000e+03 2.884441020371191300e+01 0.000000000000000000e+00
4.888199999999999818e+03 2.332380757938120297e+01 0.000000000000000000e+00
4.888400000000000546e+03 2.433105012119287736e+01 0.000000000000000000e+00
4.888600000000000364e+03 2.529822128134703618e+01 0.000000000000000000e+00
4.888800000000000182e+03 2.262741699796952233e+01 0.000000000000000000e+00
4.889000000000000000e+03 2.529822128134703618e+01 0.000000000000000000e+00
4.889199999999999818e+03 2.433105012119287736e+01 0.000000000000000000e+00
4.889400000000000546e+03 2.332380757938120297e+01 0.000000000000000000e+00
4.889600000000000364e+03 2.561249694973139412e+01 0.000000000000000000e+00
4.889800000000000182e+03 2.828427124746190202e+01 0.000000000000000000e+00
4.890000000000000000e+03 2.828427124746190202e+01 0.000000000000000000e+00
4.890199999999999818e+03 2.884441020371191300e+01 0.000000000000000000e+00
4.890400000000000546e+03 2.561249694973139412e+01 0.000000000000000000e+00
4.890600000000000364e+03 2.529822128134703618e+01 0.000000000000000000e+00
4.890800000000000182e+03 2.433105012119287736e+01 0.000000000000000000e+00
4.891000000000000000e+03 2.332380757938120297e+01 0.000000000000000000e+00
4.891199999999999818e+03 2.561249694973139412e+01 0.000000000000000000e+00
4.891400000000000546e+03 2.039607805437113797e+01 0.000000000000000000e+00
4.891600000000000364e+03 2.039607805437113797e+01 0.000000000000000000e+00
4.891800000000000182e+03 2.000000000000000000e+01 0.000000000000000000e+00
4.892000000000000000e+03 2.154065922853801496e+01 1.825000000000000000e+11
4.892199999999999818e+03 2.400000000000000000e+01 1.824999800000000000e+11
4.892400000000000546e+03 2.683281572999747766e+01 1.825000000000000000e+11
4.892600000000000364e+03 3.124099870362661591e+01 1.824999800000000000e+11
4.892800000000000182e+03 3.417601498127012150e+01 1.824999800000000000e+11
4.893000000000000000e+03 3.622154055254966920e+01 1.825000000000000000e+11
4.893199999999999818e+03 3.939543120718441571e+01 1.824999800000000000e+11
4.893400000000000546e+03 4.252058325093859992e+01 1.824999800000000000e+11
4.893600000000000364e+03 4.681879964287850271e+01 1.824999800000000000e+11
4.893800000000000182e+03 4.816637831516918311e+01 1.824999800000000000e+11
4.894000000000000000e+03 5.366563145999495532e+01 1.824999800000000000e+11
4.894199999999999818e+03 5.381449618829483938e+01 1.824999800000000000e+11
4.894400000000000546e+03 5.824087911424414443e+01 1.824999800000000000e+11
4.894600000000000364e+03 6.053098380168622583e+01 1.824999800000000000e+11
4.894800000000000182e+03 6.657326790837295505e+01 1.824999800000000000e+11
4.895000000000000000e+03 7.211102550927978427e+01 1.824999800000000000e+11
4.895199999999999818e+03 8.089499366462673891e+01 1.824999800000000000e+11
4.895400000000000546e+03 8.736131867136622020e+01 1.824999800000000000e+11
4.895600000000000364e+03 9.633275663033836622e+01 1.824999800000000000e+11
4.895800000000000182e+03 1.056030302595526820e+02 1.824999800000000000e+11
4.896000000000000000e+03 1.120000000000000000e+02 0.000000000000000000e+00
4.896199999999999818e+03 1.145425685062108272e+02 0.000000000000000000e+00
4.896400000000000546e+03 1.106345334875146449e+02 0.000000000000000000e+00
4.896600000000000364e+03 1.088117640698835515e+02 0.000000000000000000e+00
4.896800000000000182e+03 1.091787525116494493e+02 0.000000000000000000e+00
4.897000000000000000e+03 1.043072384832423865e+02 0.000000000000000000e+00
4.897199999999999818e+03 1.043072384832423865e+02 0.000000000000000000e+00
4.897400000000000546e+03 1.007174264961133758e+02 0.000000000000000000e+00
4.897600000000000364e+03 1.011928851253881447e+02 0.000000000000000000e+00
4.897800000000000182e+03 9.903534722511957966e+01 0.000000000000000000e+00
4.898000000000000000e+03 9.879271228182774678e+01 0.000000000000000000e+00
4.898199999999999818e+03 1.003194896318756264e+02 0.000000000000000000e+00
4.898400000000000546e+03 1.002397126891333414e+02 0.000000000000000000e+00
4.898600000000000364e+03 1.000000000000000000e+02 0.000000000000000000e+00
4.898800000000000182e+03 9.806120537705010065e+01 0.000000000000000000e+00
4.899000000000000000e+03 9.806120537705010065e+01 0.000000000000000000e+00
4.899199999999999818e+03 1.000000000000000000e+02 0.000000000000000000e+00
4.899400000000000546e+03 9.674709297958258958e+01 0.000000000000000000e+00
4.899600000000000364e+03 9.633275663033836622e+01 0.000000000000000000e+00
4.899800000000000182e+03 9.363759928575700542e+01 0.000000000000000000e+00
4.900000000000000000e+03 9.338094023943001787e+01 1.824999800000000000e+11
4.900199999999999818e+03 9.879271228182774678e+01 1.824999800000000000e+11
4.900400000000000546e+03 1.040768946500615044e+02 1.824999800000000000e+11
4.900600000000000364e+03 1.127120224288429711e+02 1.824999800000000000e+11
4.900800000000000182e+03 1.232233744059949032e+02 1.824999800000000000e+11
4.901000000000000000e+03 1.341640786499873741e+02 1.824999800000000000e+11
4.901199999999999818e+03 1.417603611733547950e+02 1.824999800000000000e+11
4.901400000000000546e+03 1.557947367532035798e+02 1.824999800000000000e+11
4.901600000000000364e+03 1.649242250247064305e+02 1.824999800000000000e+11
4.901800000000000182e+03 1.153776408148476520e+02 1.824999800000000000e+11
4.902000000000000000e+03 1.216552506059643974e+02 1.824999800000000000e+11
4.902199999999999818e+03 1.319393800197651387e+02 1.824999800000000000e+11
4.902400000000000546e+03 1.393125981381439829e+02 1.824999800000000000e+11
4.902600000000000364e+03 1.503063538244474842e+02 1.824999800000000000e+11
4.902800000000000182e+03 1.600000000000000000e+02 1.824999800000000000e+11
4.903000000000000000e+03 1.397139935725838313e+02 1.824999800000000000e+11
4.903199999999999818e+03 1.122853507809455920e+02 1.824999800000000000e+11
4.903400000000000546e+03 1.235475616918440096e+02 1.824999800000000000e+11
4.903600000000000364e+03 1.320605921537534186e+02 1.824999800000000000e+11
4.903800000000000182e+03 1.381014120130565459e+02 1.824999800000000000e+11
4.904000000000000000e+03 1.494523335381552442e+02 0.000000000000000000e+00
4.904199999999999818e+03 1.471869559437927819e+02 0.000000000000000000e+00
4.904400000000000546e+03 1.456021977856103717e+02 0.000000000000000000e+00
4.904600000000000364e+03 1.448861622101986768e+02 0.000000000000000000e+00
4.904800000000000182e+03 1.454372717015827448e+02 0.000000000000000000e+00
4.905000000000000000e+03 1.454372717015827448e+02 0.000000000000000000e+00
4.905199999999999818e+03 1.448861622101986768e+02 0.000000000000000000e+00
4.905400000000000546e+03 1.442220510185595685e+02 0.000000000000000000e+00
4.905600000000000364e+03 1.414213562373095101e+02 0.000000000000000000e+00
4.905800000000000182e+03 1.404563989286355081e+02 0.000000000000000000e+00
4.906000000000000000e+03 1.369379421489895208e+02 0.000000000000000000e+00
4.906199999999999818e+03 1.365283853270080954e+02 0.000000000000000000e+00
4.906400000000000546e+03 1.331465358167459101e+02 0.000000000000000000e+00
4.906600000000000364e+03 1.329661611087572908e+02 0.000000000000000000e+00
4.906800000000000182e+03 1.278123624693636629e+02 0.000000000000000000e+00
4.907000000000000000e+03 1.273106437027163906e+02 0.000000000000000000e+00
4.907199999999999818e+03 1.264911064067351703e+02 0.000000000000000000e+00
4.907400000000000546e+03 1.250279968647022741e+02 0.000000000000000000e+00
4.907600000000000364e+03 1.264911064067351703e+02 0.000000000000000000e+00
4.907800000000000182e+03 1.255388386118017223e+02 0.000000000000000000e+00
4.908000000000000000e+03 1.245792920191794906e+02 1.824999800000000000e+11
4.908199999999999818e+03 1.353513945255090505e+02 1.824999800000000000e+11
4.908400000000000546e+03 1.470782104868018791e+02 1.824999800000000000e+11
4.908600000000000364e+03 1.568693724090206274e+02 1.824999800000000000e+11
4.908800000000000182e+03 1.400571312000927833e+02 1.824999800000000000e+11
4.909000000000000000e+03 1.305986217385160728e+02 1.824999800000000000e+11
4.909199999999999818e+03 1.193314711214103880e+02 1.824999800000000000e+11
4.909400000000000546e+03 1.077032961426900783e+02 1.824999800000000000e+11
4.909600000000000364e+03 9.674709297958258958e+01 1.824999800000000000e+11
4.909800000000000182e+03 8.438009243891595190e+01 1.824999800000000000e+11
4.910000000000000000e+03 7.766595135579039777e+01 1.824999800000000000e+11
4.910199999999999818e+03 6.905070600652827295e+01 1.824999800000000000e+11
4.910400000000000546e+03 6.209669878504009688e+01 1.825000000000000000e+11
4.910600000000000364e+03 5.685068161420758059e+01 1.824999800000000000e+11
4.910800000000000182e+03 5.011985634456667071e+01 1.824999800000000000e+11
4.911000000000000000e+03 4.800000000000000000e+01 1.824999800000000000e+11
4.911199999999999818e+03 4.308131845707602992e+01 1.824999800000000000e+11
4.911400000000000546e+03 3.959797974644666141e+01 1.824999800000000000e+11
4.911600000000000364e+03 3.794733192202055250e+01 1.824999800000000000e+11
4.911800000000000182e+03 3.600000000000000000e+01 1.824999800000000000e+11
4.912000000000000000e+03 3.417601498127012150e+01 0.000000000000000000e+00
4.912199999999999818e+03 3.394112549695427816e+01 0.000000000000000000e+00
4.912400000000000546e+03 3.417601498127012150e+01 0.000000000000000000e+00
4.912600000000000364e+03 3.200000000000000000e+01 0.000000000000000000e+00
4.912800000000000182e+03 3.046309242345563462e+01 0.000000000000000000e+00
4.913000000000000000e+03 2.828427124746190202e+01 0.000000000000000000e+00
4.913199999999999818e+03 2.912043955712207222e+01 0.000000000000000000e+00
4.913400000000000546e+03 2.828427124746190202e+01 0.000000000000000000e+00
4.913600000000000364e+03 2.683281572999747766e+01 0.000000000000000000e+00
4.913800000000000182e+03 2.561249694973139412e+01 0.000000000000000000e+00
4.914000000000000000e+03 2.828427124746190202e+01 0.000000000000000000e+00
4.914199999999999818e+03 2.529822128134703618e+01 0.000000000000000000e+00
4.914400000000000546e+03 2.828427124746190202e+01 0.000000000000000000e+00
4.914600000000000364e+03 3.046309242345563462e+01 0.000000000000000000e+00
4.914800000000000182e+03 2.800000000000000000e+01 0.000000000000000000e+00
4.915000000000000000e+03 3.046309242345563462e+01 0.000000000000000000e+00
4.915200000000000728e+03 3.124099870362661591e+01 0.000000000000000000e+00
4.915400000000000546e+03 3.046309242345563462e+01 0.000000000000000000e+00
4.915600000000000364e+03 2.828427124746190202e+01 0.000000000000000000e+00
4.915800000000000182e+03 2.912043955712207222e+01 0.000000000000000000e+00
4.916000000000000000e+03 2.561249694973139412e+01 1.824999800000000000e+11
4.916200000000000728e+03 2.332380757938120297e+01 1.824999800000000000e+11
4.916400000000000546e+03 2.000000000000000000e+01 1.824999800000000000e+11
4.916600000000000364e+03 1.788854381999831844e+01 1.824999800000000000e+11
4.916800000000000182e+03 1.442220510185595650e+01 1.824999800000000000e+11
4.917000000000000000e+03 1.264911064067351809e+01 1.824999800000000000e+11
4.917200000000000728e+03 1.264911064067351809e+01 1.824999800000000000e+11
4.917400000000000546e+03 1.442220510185595650e+01 1.824999800000000000e+11
4.917600000000000364e+03 1.264911064067351809e+01 1.824999800000000000e+11
4.917800000000000182e+03 1.200000000000000000e+01 1.824999800000000000e+11
4.918000000000000000e+03 1.264911064067351809e+01 1.824999800000000000e+11
4.918200000000000728e+03 1.442220510185595650e+01 1.824999800000000000e+11
4.918400000000000546e+03 1.131370849898476116e+01 1.824999800000000000e+11
4.918600000000000364e+03 8.944271909999159220e+00 1.824999800000000000e+11
4.918800000000000182e+03 8.000000000000000000e+00 1.824999800000000000e+11
4.919000000000000000e+03 8.000000000000000000e+00 1.824999800000000000e+11
4.919200000000000728e+03 5.656854249492380582e+00 1.824999800000000000e+11
4.919400000000000546e+03 5.656854249492380582e+00 1.824999800000000000e+11
4.919600000000000364e+03 4.000000000000000000e+00 1.824999800000000000e+11
4.919800000000000182e+03 0.000000000000000000e+00 1.824999800000000000e+11
4.920000000000000000e+03 0.000000000000000000e+00 0.000000000000000000e+00
4.920200000000000728e+03 4.000000000000000000e+00 0.000000000000000000e+00
4.920400000000000546e+03 4.000000000000000000e+00 0.000000000000000000e+00
4.920600000000000364e+03 4.000000000000000000e+00 0.000000000000000000e+00
4.920800000000000182e+03 4.000000000000000000e+00 0.000000000000000000e+00
4.921000000000000000e+03 4.000000000000000000e+00 0.000000000000000000e+00
4.921200000000000728e+03 5.656854249492380582e+00 0.000000000000000000e+00
4.921400000000000546e+03 5.656854249492380582e+00 0.000000000000000000e+00
4.921600000000000364e+03 5.656854249492380582e+00 0.000000000000000000e+00
4.921800000000000182e+03 4.000000000000000000e+00 0.000000000000000000e+00
4.922000000000000000e+03 4.000000000000000000e+00 0.000000000000000000e+00
4.922200000000000728e+03 4.000000000000000000e+00 0.000000000000000000e+00
4.922400000000000546e+03 4.000000000000000000e+00 0.000000000000000000e+00
4.922600000000000364e+03 0.000000000000000000e+00 0.000000000000000000e+00
4.922800000000000182e+03 0.000000000000000000e+00 0.000000000000000000e+00
4.923000000000000000e+03 0.000000000000000000e+00 0.000000000000000000e+00
4.923200000000000728e+03 0.000000000000000000e+00 0.000000000000000000e+00
4.923400000000000546e+03 4.000000000000000000e+00 0.000000000000000000e+00
4.923600000000000364e+03 4.000000000000000000e+00 0.000000000000000000e+00
4.923800000000000182e+03 4.000000000000000000e+00 0.000000000000000000e+00
4.924000000000000000e+03 4.000000000000000000e+00 1.825000000000000000e+11
4.924200000000000728e+03 5.656854249492380582e+00 1.824999800000000000e+11
4.924400000000000546e+03 5.656854249492380582e+00 1.824999800000000000e+11
4.924600000000000364e+03 5.656854249492380582e+00 1.824999800000000000e+11
4.924800000000000182e+03 5.656854249492380582e+00 1.824999800000000000e+11
4.925000000000000000e+03 4.000000000000000000e+00 1.824999800000000000e+11
4.925200000000000728e+03 4.000000000000000000e+00 1.824999800000000000e+11
4.925400000000000546e+03 4.000000000000000000e+00 1.824999800000000000e+11
4.925600000000000364e+03 4.000000000000000000e+00 1.824999800000000000e+11
4.925800000000000182e+03 0.000000000000000000e+00 1.824999800000000000e+11
4.926000000000000000e+03 0.000000000000000000e+00 1.825000000000000000e+11
4.926200000000000728e+03 0.000000000000000000e+00 1.824999800000000000e+11
4.926400000000000546e+03 4.000000000000000000e+00 1.824999800000000000e+11
4.926600000000000364e+03 4.000000000000000000e+00 1.824999800000000000e+11
4.926800000000000182e+03 4.000000000000000000e+00 1.824999800000000000e+11
4.927000000000000000e+03 4.000000000000000000e+00 1.824999800000000000e+11
4.927200000000000728e+03 5.656854249492380582e+00 1.824999800000000000e+11
4.927400000000000546e+03 5.656854249492380582e+00 1.824999800000000000e+11
4.927600000000000364e+03 5.656854249492380582e+00 1.824999800000000000e+11
4.927800000000000182e+03 4.000000000000000000e+00 1.824999800000000000e+11
4.928000000000000000e+03 4.000000000000000000e+00 0.000000000000000000e+00
4.928200000000000728e+03 4.000000000000000000e+00 0.000000000000000000e+00
4.928400000000000546e+03 4.000000000000000000e+00 0.000000000000000000e+00
4.928600000000000364e+03 0.000000000000000000e+00 0.000000000000000000e+00
4.928800000000000182e+03 0.000000000000000000e+00 0.000000000000000000e+00
4.929000000000000000e+03 0.000000000000000000e+00 0.000000000000000000e+00
4.929200000000000728e+03 4.000000000000000000e+00 0.000000000000000000e+00
4.929400000000000546e+03 4.000000000000000000e+00 0.000000000000000000e+00
4.929600000000000364e+03 4.000000000000000000e+00 0.000000000000000000e+00
4.929800000000000182e+03 4.000000000000000000e+00 0.000000000000000000e+00
4.930000000000000000e+03 5.656854249492380582e+00 0.000000000000000000e+00
4.930200000000000728e+03 5.656854249492380582e+00 0.000000000000000000e+00
4.930400000000000546e+03 5.656854249492380582e+00 0.000000000000000000e+00
4.930600000000000364e+03 4.000000000000000000e+00 0.000000000000000000e+00
4.930800000000000182e+03 4.000000000000000000e+00 0.000000000000000000e+00
4.931000000000000000e+03 4.000000000000000000e+00 0.000000000000000000e+00
4.931200000000000728e+03 4.000000000000000000e+00 0.000000000000000000e+00
4.931400000000000546e+03 0.000000000000000000e+00 0.000000000000000000e+00
4.931600000000000364e+03 0.000000000000000000e+00 0.000000000000000000e+00
4.931800000000000182e+03 0.000000000000000000e+00 0.000000000000000000e+00
4.932000000000000000e+03 4.000000000000000000e+00 1.824999800000000000e+11
4.932200000000000728e+03 4.000000000000000000e+00 1.824999800000000000e+11
4.932400000000000546e+03 4.000000000000000000e+00 1.824999800000000000e+11
4.932600000000000364e+03 5.656854249492380582e+00 1.824999800000000000e+11
4.932800000000000182e+03 5.656854249492380582e+00 1.824999800000000000e+11
4.933000000000000000e+03 5.656854249492380582e+00 1.824999800000000000e+11
4.933200000000000728e+03 5.656854249492380582e+00 1.824999800000000000e+11
4.933400000000000546e+03 4.000000000000000000e+00 1.824999800000000000e+11
4.933600000000000364e+03 4.000000000000000000e+00 1.824999800000000000e+11
4.933800000000000182e+03 4.000000000000000000e+00 1.824999800000000000e+11
4.934000000000000000e+03 0.000000000000000000e+00 1.825000000000000000e+11
4.934200000000000728e+03 0.000000000000000000e+00 1.824999800000000000e+11
4.934400000000000546e+03 0.000000000000000000e+00 1.824999800000000000e+11
4.934600000000000364e+03 0.000000000000000000e+00 1.824999800000000000e+11
4.934800000000000182e+03 4.000000000000000000e+00 1.824999800000000000e+11
4.935000000000000000e+03 4.000000000000000000e+00 1.824999800000000000e+11
4.935200000000000728e+03 4.000000000000000000e+00 1.824999800000000000e+11
4.935400000000000546e+03 5.656854249492380582e+00 1.824999800000000000e+11
4.935600000000000364e+03 5.656854249492380582e+00 1.824999800000000000e+11
4.935800000000000182e+03 5.656854249492380582e+00 1.824999800000000000e+11
4.936000000000000000e+03 5.656854249492380582e+00 0.000000000000000000e+00
4.936200000000000728e+03 4.000000000000000000e+00 0.000000000000000000e+00
4.936400000000000546e+03 4.000000000000000000e+00 0.000000000000000000e+00
4.936600000000000364e+03 4.000000000000000000e+00 0.000000000000000000e+00
4.936800000000000182e+03 0.000000000000000000e+00 0.000000000000000000e+00
4.937000000000000000e+03 0.000000000000000000e+00 0.000000000000000000e+00
4.937200000000000728e+03 0.000000000000000000e+00 0.000000000000000000e+00
4.937400000000000546e+03 4.000000000000000000e+00 0.000000000000000000e+00
4.937600000000000364e+03 4.000000000000000000e+00 0.000000000000000000e+00
4.937800000000000182e+03 4.000000000000000000e+00 0.000000000000000000e+00
4.938000000000000000e+03 4.000000000000000000e+00 0.000000000000000000e+00
4.938200000000000728e+03 5.656854249492380582e+00 0.000000000000000000e+00
4.938400000000000546e+03 5.656854249492380582e+00 0.000000000000000000e+00
4.938600000000000364e+03 5.656854249492380582e+00 0.000000000000000000e+00
4.938800000000000182e+03 4.000000000000000000e+00 0.000000000000000000e+00
4.939000000000000000e+03 4.000000000000000000e+00 0.000000000000000000e+00
4.939200000000000728e+03 4.000000000000000000e+00 0.000000000000000000e+00
4.939400000000000546e+03 4.000000000000000000e+00 0.000000000000000000e+00
4.939600000000000364e+03 0.000000000000000000e+00 0.000000000000000000e+00
4.939800000000000182e+03 0.000000000000000000e+00 0.000000000000000000e+00
4.940000000000000000e+03 0.000000000000000000e+00 1.824999800000000000e+11
4.940200000000000728e+03 4.000000000000000000e+00 1.824999800000000000e+11
4.940400000000000546e+03 4.000000000000000000e+00 1.824999800000000000e+11
4.940600000000000364e+03 4.000000000000000000e+00 1.824999800000000000e+11
4.940800000000000182e+03 5.656854249492380582e+00 1.824999800000000000e+11
4.941000000000000000e+03 5.656854249492380582e+00 1.824999800000000000e+11
4.941200000000000728e+03 5.656854249492380582e+00 1.824999800000000000e+11
4.941400000000000546e+03 5.656854249492380582e+00 1.825000000000000000e+11
4.941600000000000364e+03 4.000000000000000000e+00 1.824999800000000000e+11
4.941800000000000182e+03 4.000000000000000000e+00 1.824999800000000000e+11
4.942000000000000000e+03 4.000000000000000000e+00 1.824999800000000000e+11
4.942200000000000728e+03 0.000000000000000000e+00 1.824999800000000000e+11
4.942400000000000546e+03 0.000000000000000000e+00 1.824999800000000000e+11
4.942600000000000364e+03 0.000000000000000000e+00 1.824999800000000000e+11
4.942800000000000182e+03 0.000000000000000000e+00 1.824999800000000000e+11
4.943000000000000000e+03 4.000000000000000000e+00 1.824999800000000000e+11
4.943200000000000728e+03 4.000000000000000000e+00 1.824999800000000000e+11
4.943400000000000546e+03 4.000000000000000000e+00 1.824999800000000000e+11
4.943600000000000364e+03 5.656854249492380582e+00 1.824999800000000000e+11
4.943800000000000182e+03 5.656854249492380582e+00 1.824999800000000000e+11
4.944000000000000000e+03 5.656854249492380582e+00 0.000000000000000000e+00
4.944200000000000728e+03 5.656854249492380582e+00 0.000000000000000000e+00
4.944400000000000546e+03 4.000000000000000000e+00 0.000000000000000000e+00
4.944600000000000364e+03 4.000000000000000000e+00 0.000000000000000000e+00
4.944800000000000182e+03 4.000000000000000000e+00 0.000000000000000000e+00
4.945000000000000000e+03 0.000000000000000000e+00 0.000000000000000000e+00
4.945200000000000728e+03 0.000000000000000000e+00 0.000000000000000000e+00
4.945400000000000546e+03 0.000000000000000000e+00 0.000000000000000000e+00
4.945600000000000364e+03 4.000000000000000000e+00 0.000000000000000000e+00
4.945800000000000182e+03 4.000000000000000000e+00 0.000000000000000000e+00
4.946000000000000000e+03 4.000000000000000000e+00 0.000000000000000000e+00
4.946200000000000728e+03 4.000000000000000000e+00 0.000000000000000000e+00
4.946400000000000546e+03 5.656854249492380582e+00 0.000000000000000000e+00
4.946600000000000364e+03 5.656854249492380582e+00 0.000000000000000000e+00
4.946800000000000182e+03 5.656854249492380582e+00 0.000000000000000000e+00
4.947000000000000000e+03 4.000000000000000000e+00 0.000000000000000000e+00
4.947200000000000728e+03 4.000000000000000000e+00 0.000000000000000000e+00
4.947400000000000546e+03 4.000000000000000000e+00 0.000000000000000000e+00
4.947600000000000364e+03 0.000000000000000000e+00 0.000000000000000000e+00
4.947800000000000182e+03 0.000000000000000000e+00 0.000000000000000000e+00
4.948000000000000000e+03 0.000000000000000000e+00 1.824999800000000000e+11
4.948200000000000728e+03 0.000000000000000000e+00 1.824999800000000000e+11
4.948400000000000546e+03 4.000000000000000000e+00 1.825000000000000000e+11
4.948600000000000364e+03 4.000000000000000000e+00 1.824999800000000000e+11
4.948800000000000182e+03 4.000000000000000000e+00 1.824999800000000000e+11
4.949000000000000000e+03 5.656854249492380582e+00 1.824999800000000000e+11
4.949200000000000728e+03 5.656854249492380582e+00 1.824999800000000000e+11
4.949400000000000546e+03 5.656854249492380582e+00 1.824999800000000000e+11
4.949600000000000364e+03 5.656854249492380582e+00 1.824999800000000000e+11
4.949800000000000182e+03 4.000000000000000000e+00 1.824999800000000000e+11
4.950000000000000000e+03 4.000000000000000000e+00 1.824999800000000000e+11
4.950200000000000728e+03 4.000000000000000000e+00 1.824999800000000000e+11
4.950400000000000546e+03 0.000000000000000000e+00 1.824999800000000000e+11
4.950600000000000364e+03 0.000000000000000000e+00 1.824999800000000000e+11
4.950800000000000182e+03 0.000000000000000000e+00 1.824999800000000000e+11
4.951000000000000000e+03 0.000000000000000000e+00 1.824999800000000000e+11
4.951200000000000728e+03 4.000000000000000000e+00 1.824999800000000000e+11
4.951400000000000546e+03 4.000000000000000000e+00 1.824999800000000000e+11
4.951600000000000364e+03 4.000000000000000000e+00 1.824999800000000000e+11
4.951800000000000182e+03 5.656854249492380582e+00 1.824999800000000000e+11
4.952000000000000000e+03 5.656854249492380582e+00 0.000000000000000000e+00
4.952200000000000728e+03 5.656854249492380582e+00 0.000000000000000000e+00
4.952400000000000546e+03 4.000000000000000000e+00 0.000000000000000000e+00
4.952600000000000364e+03 4.000000000000000000e+00 0.000000000000000000e+00
4.952800000000000182e+03 4.000000000000000000e+00 0.000000000000000000e+00
4.953000000000000000e+03 4.000000000000000000e+00 0.000000000000000000e+00
4.953200000000000728e+03 0.000000000000000000e+00 0.000000000000000000e+00
4.953400000000000546e+03 0.000000000000000000e+00 0.000000000000000000e+00
4.953600000000000364e+03 0.000000000000000000e+00 0.000000000000000000e+00
4.953800000000000182e+03 4.000000000000000000e+00 0.000000000000000000e+00
4.954000000000000000e+03 4.000000000000000000e+00 0.000000000000000000e+00
4.954200000000000728e+03 4.000000000000000000e+00 0.000000000000000000e+00
4.954400000000000546e+03 4.000000000000000000e+00 0.000000000000000000e+00
4.954600000000000364e+03 5.656854249492380582e+00 0.000000000000000000e+00
4.954800000000000182e+03 5.656854249492380582e+00 0.000000000000000000e+00
4.955000000000000000e+03 5.656854249492380582e+00 0.000000000000000000e+00
4.955200000000000728e+03 4.000000000000000000e+00 0.000000000000000000e+00
4.955400000000000546e+03 4.000000000000000000e+00 0.000000000000000000e+00
4.955600000000000364e+03 4.000000000000000000e+00 0.000000000000000000e+00
4.955800000000000182e+03 0.000000000000000000e+00 0.000000000000000000e+00
4.956000000000000000e+03 0.000000000000000000e+00 1.824999800000000000e+11
4.956200000000000728e+03 0.000000000000000000e+00 1.824999800000000000e+11
4.956400000000000546e+03 0.000000000000000000e+00 1.824999800000000000e+11
4.956600000000000364e+03 4.000000000000000000e+00 1.824999800000000000e+11
4.956800000000000182e+03 4.000000000000000000e+00 1.824999800000000000e+11
4.957000000000000000e+03 4.000000000000000000e+00 1.824999800000000000e+11
4.957200000000000728e+03 5.656854249492380582e+00 1.824999800000000000e+11
4.957400000000000546e+03 5.656854249492380582e+00 1.824999800000000000e+11
4.957600000000000364e+03 5.656854249492380582e+00 1.824999800000000000e+11
4.957800000000000182e+03 5.656854249492380582e+00 1.824999800000000000e+11
4.958000000000000000e+03 4.000000000000000000e+00 1.824999800000000000e+11
4.958200000000000728e+03 4.000000000000000000e+00 1.824999800000000000e+11
4.958400000000000546e+03 4.000000000000000000e+00 1.824999800000000000e+11
4.958600000000000364e+03 0.000000000000000000e+00 1.824999800000000000e+11
4.958800000000000182e+03 0.000000000000000000e+00 1.824999800000000000e+11
4.959000000000000000e+03 0.000000000000000000e+00 1.824999800000000000e+11
4.959200000000000728e+03 4.000000000000000000e+00 1.824999800000000000e+11
4.959400000000000546e+03 4.000000000000000000e+00 1.824999800000000000e+11
4.959600000000000364e+03 4.000000000000000000e+00 1.824999800000000000e+11
4.959800000000000182e+03 4.000000000000000000e+00 1.824999800000000000e+11
4.960000000000000000e+03 5.656854249492380582e+00 0.000000000000000000e+00
4.960200000000000728e+03 5.656854249492380582e+00 0.000000000000000000e+00
4.960400000000000546e+03 5.656854249492380582e+00 0.000000000000000000e+00
4.960600000000000364e+03 4.000000000000000000e+00 0.000000000000000000e+00
4.960800000000000182e+03 4.000000000000000000e+00 0.000000000000000000e+00
4.961000000000000000e+03 4.000000000000000000e+00 0.000000000000000000e+00
4.961200000000000728e+03 4.000000000000000000e+00 0.000000000000000000e+00
4.961400000000000546e+03 0.000000000000000000e+00 0.000000000000000000e+00
4.961600000000000364e+03 0.000000000000000000e+00 0.000000000000000000e+00
4.961800000000000182e+03 0.000000000000000000e+00 0.000000000000000000e+00
4.962000000000000000e+03 4.000000000000000000e+00 0.000000000000000000e+00
4.962200000000000728e+03 4.000000000000000000e+00 0.000000000000000000e+00
4.962400000000000546e+03 4.000000000000000000e+00 0.000000000000000000e+00
4.962600000000000364e+03 5.656854249492380582e+00 0.000000000000000000e+00
4.962800000000000182e+03 5.656854249492380582e+00 0.000000000000000000e+00
4.963000000000000000e+03 5.656854249492380582e+00 0.000000000000000000e+00
4.963200000000000728e+03 5.656854249492380582e+00 0.000000000000000000e+00
4.963400000000000546e+03 4.000000000000000000e+00 0.000000000000000000e+00
4.963600000000000364e+03 4.000000000000000000e+00 0.000000000000000000e+00
4.963800000000000182e+03 4.000000000000000000e+00 0.000000000000000000e+00
4.964000000000000000e+03 0.000000000000000000e+00 1.824999800000000000e+11
4.964200000000000728e+03 0.000000000000000000e+00 1.824999800000000000e+11
4.964400000000000546e+03 0.000000000000000000e+00 1.824999800000000000e+11
4.964600000000000364e+03 0.000000000000000000e+00 1.824999800000000000e+11
4.964800000000000182e+03 4.000000000000000000e+00 1.824999800000000000e+11
4.965000000000000000e+03 4.000000000000000000e+00 1.824999800000000000e+11
4.965200000000000728e+03 4.000000000000000000e+00 1.824999800000000000e+11
4.965400000000000546e+03 5.656854249492380582e+00 1.824999800000000000e+11
4.965600000000000364e+03 5.656854249492380582e+00 1.824999800000000000e+11
4.965800000000000182e+03 5.656854249492380582e+00 1.825000000000000000e+11
4.966000000000000000e+03 5.656854249492380582e+00 1.824999800000000000e+11
4.966200000000000728e+03 4.000000000000000000e+00 1.824999800000000000e+11
4.966400000000000546e+03 4.000000000000000000e+00 1.824999800000000000e+11
4.966600000000000364e+03 4.000000000000000000e+00 1.825000000000000000e+11
4.966800000000000182e+03 4.000000000000000000e+00 1.824999800000000000e+11
4.967000000000000000e+03 0.000000000000000000e+00 1.824999800000000000e+11
4.967200000000000728e+03 0.000000000000000000e+00 1.824999800000000000e+11
4.967400000000000546e+03 4.000000000000000000e+00 1.824999800000000000e+11
4.967600000000000364e+03 4.000000000000000000e+00 1.824999800000000000e+11
4.967800000000000182e+03 4.000000000000000000e+00 1.825000000000000000e+11
4.968000000000000000e+03 4.000000000000000000e+00 0.000000000000000000e+00
4.968200000000000728e+03 5.656854249492380582e+00 0.000000000000000000e+00
4.968400000000000546e+03 5.656854249492380582e+00 0.000000000000000000e+00
4.968600000000000364e+03 5.656854249492380582e+00 0.000000000000000000e+00
4.968800000000000182e+03 5.656854249492380582e+00 0.000000000000000000e+00
4.969000000000000000e+03 4.000000000000000000e+00 0.000000000000000000e+00
4.969200000000000728e+03 4.000000000000000000e+00 0.000000000000000000e+00
4.969400000000000546e+03 4.000000000000000000e+00 0.000000000000000000e+00
4.969600000000000364e+03 4.000000000000000000e+00 0.000000000000000000e+00
4.969800000000000182e+03 0.000000000000000000e+00 0.000000000000000000e+00
4.970000000000000000e+03 4.000000000000000000e+00 0.000000000000000000e+00
4.970200000000000728e+03 4.000000000000000000e+00 0.000000000000000000e+00
4.970400000000000546e+03 4.000000000000000000e+00 0.000000000000000000e+00
4.970600000000000364e+03 4.000000000000000000e+00 0.000000000000000000e+00
4.970800000000000182e+03 5.656854249492380582e+00 0.000000000000000000e+00
4.971000000000000000e+03 5.656854249492380582e+00 0.000000000000000000e+00
4.971200000000000728e+03 5.656854249492380582e+00 0.000000000000000000e+00
4.971400000000000546e+03 5.656854249492380582e+00 0.000000000000000000e+00
4.971600000000000364e+03 4.000000000000000000e+00 0.000000000000000000e+00
4.971800000000000182e+03 4.000000000000000000e+00 0.000000000000000000e+00
4.972000000000000000e+03 4.000000000000000000e+00 1.824999800000000000e+11
4.972200000000000728e+03 0.000000000000000000e+00 1.824999800000000000e+11
4.972400000000000546e+03 0.000000000000000000e+00 1.824999800000000000e+11
4.972600000000000364e+03 4.000000000000000000e+00 1.824999800000000000e+11
4.972800000000000182e+03 4.000000000000000000e+00 1.824999800000000000e+11
4.973000000000000000e+03 4.000000000000000000e+00 1.824999800000000000e+11
4.973200000000000728e+03 4.000000000000000000e+00 1.824999800000000000e+11
4.973400000000000546e+03 5.656854249492380582e+00 1.824999800000000000e+11
4.973600000000000364e+03 5.656854249492380582e+00 1.824999800000000000e+11
4.973800000000000182e+03 5.656854249492380582e+00 1.824999800000000000e+11
4.974000000000000000e+03 4.000000000000000000e+00 1.824999800000000000e+11
4.974200000000000728e+03 4.000000000000000000e+00 1.824999800000000000e+11
4.974400000000000546e+03 5.656854249492380582e+00 1.824999800000000000e+11
4.974600000000000364e+03 5.656854249492380582e+00 1.824999800000000000e+11
4.974800000000000182e+03 4.000000000000000000e+00 1.824999800000000000e+11
4.975000000000000000e+03 4.000000000000000000e+00 1.824999800000000000e+11
4.975200000000000728e+03 4.000000000000000000e+00 1.824999800000000000e+11
4.975400000000000546e+03 4.000000000000000000e+00 1.824999800000000000e+11
4.975600000000000364e+03 4.000000000000000000e+00 1.824999800000000000e+11
4.975800000000000182e+03 5.656854249492380582e+00 1.824999800000000000e+11
4.976000000000000000e+03 4.000000000000000000e+00 0.000000000000000000e+00
4.976200000000000728e+03 4.000000000000000000e+00 0.000000000000000000e+00
4.976400000000000546e+03 4.000000000000000000e+00 0.000000000000000000e+00
4.976600000000000364e+03 4.000000000000000000e+00 0.000000000000000000e+00
4.976800000000000182e+03 5.656854249492380582e+00 0.000000000000000000e+00
4.977000000000000000e+03 5.656854249492380582e+00 0.000000000000000000e+00
4.977200000000000728e+03 5.656854249492380582e+00 0.000000000000000000e+00
4.977400000000000546e+03 5.656854249492380582e+00 0.000000000000000000e+00
4.977600000000000364e+03 4.000000000000000000e+00 0.000000000000000000e+00
4.977800000000000182e+03 4.000000000000000000e+00 0.000000000000000000e+00
4.978000000000000000e+03 4.000000000000000000e+00 0.000000000000000000e+00
4.978200000000000728e+03 5.656854249492380582e+00 0.000000000000000000e+00
4.978400000000000546e+03 4.000000000000000000e+00 0.000000000000000000e+00
4.978600000000000364e+03 5.656854249492380582e+00 0.000000000000000000e+00
4.978800000000000182e+03 4.000000000000000000e+00 0.000000000000000000e+00
4.979000000000000000e+03 4.000000000000000000e+00 0.000000000000000000e+00
4.979200000000000728e+03 4.000000000000000000e+00 0.000000000000000000e+00
4.979400000000000546e+03 5.656854249492380582e+00 0.000000000000000000e+00
4.979600000000000364e+03 5.656854249492380582e+00 0.000000000000000000e+00
4.979800000000000182e+03 5.656854249492380582e+00 0.000000000000000000e+00
4.980000000000000000e+03 4.000000000000000000e+00 1.824999800000000000e+11
4.980200000000000728e+03 4.000000000000000000e+00 1.824999800000000000e+11
4.980400000000000546e+03 4.000000000000000000e+00 1.824999800000000000e+11
4.980600000000000364e+03 5.656854249492380582e+00 1.824999800000000000e+11
4.980800000000000182e+03 5.656854249492380582e+00 1.824999800000000000e+11
4.981000000000000000e+03 5.656854249492380582e+00 1.824999800000000000e+11
4.981200000000000728e+03 4.000000000000000000e+00 1.824999800000000000e+11
4.981400000000000546e+03 4.000000000000000000e+00 1.825000000000000000e+11
4.981600000000000364e+03 4.000000000000000000e+00 1.824999800000000000e+11
4.981800000000000182e+03 5.656854249492380582e+00 1.824999800000000000e+11
4.982000000000000000e+03 4.000000000000000000e+00 1.824999800000000000e+11
4.982200000000000728e+03 5.656854249492380582e+00 1.824999800000000000e+11
4.982400000000000546e+03 4.000000000000000000e+00 1.824999800000000000e+11
4.982600000000000364e+03 4.000000000000000000e+00 1.824999800000000000e+11
4.982800000000000182e+03 5.656854249492380582e+00 1.824999800000000000e+11
4.983000000000000000e+03 4.000000000000000000e+00 1.824999800000000000e+11
4.983200000000000728e+03 5.656854249492380582e+00 1.824999800000000000e+11
4.983400000000000546e+03 4.000000000000000000e+00 1.824999800000000000e+11
4.983600000000000364e+03 4.000000000000000000e+00 1.824999800000000000e+11
4.983800000000000182e+03 4.000000000000000000e+00 1.824999800000000000e+11
4.984000000000000000e+03 4.000000000000000000e+00 0.000000000000000000e+00
4.984200000000000728e+03 5.656854249492380582e+00 0.000000000000000000e+00
4.984400000000000546e+03 5.656854249492380582e+00 0.000000000000000000e+00
4.984600000000000364e+03 5.656854249492380582e+00 0.000000000000000000e+00
4.984800000000000182e+03 4.000000000000000000e+00 0.000000000000000000e+00
4.985000000000000000e+03 4.000000000000000000e+00 0.000000000000000000e+00
4.985200000000000728e+03 5.656854249492380582e+00 0.000000000000000000e+00
4.985400000000000546e+03 5.656854249492380582e+00 0.000000000000000000e+00
4.985600000000000364e+03 5.656854249492380582e+00 0.000000000000000000e+00
4.985800000000000182e+03 5.656854249492380582e+00 0.000000000000000000e+00
4.986000000000000000e+03 4.000000000000000000e+00 0.000000000000000000e+00
4.986200000000000728e+03 4.000000000000000000e+00 0.000000000000000000e+00
4.986400000000000546e+03 4.000000000000000000e+00 0.000000000000000000e+00
4.986600000000000364e+03 5.656854249492380582e+00 0.000000000000000000e+00
4.986800000000000182e+03 5.656854249492380582e+00 0.000000000000000000e+00
4.987000000000000000e+03 5.656854249492380582e+00 0.000000000000000000e+00
4.987200000000000728e+03 5.656854249492380582e+00 0.000000000000000000e+00
4.987400000000000546e+03 4.000000000000000000e+00 0.000000000000000000e+00
4.987600000000000364e+03 4.000000000000000000e+00 0.000000000000000000e+00
4.987800000000000182e+03 5.656854249492380582e+00 0.000000000000000000e+00
4.988000000000000000e+03 5.656854249492380582e+00 1.824999800000000000e+11
4.988200000000000728e+03 5.656854249492380582e+00 1.824999800000000000e+11
4.988400000000000546e+03 4.000000000000000000e+00 1.824999800000000000e+11
4.988600000000000364e+03 4.000000000000000000e+00 1.824999800000000000e+11
4.988800000000000182e+03 4.000000000000000000e+00 1.824999800000000000e+11
4.989000000000000000e+03 4.000000000000000000e+00 1.824999800000000000e+11
4.989200000000000728e+03 5.656854249492380582e+00 1.824999800000000000e+11
4.989400000000000546e+03 5.656854249492380582e+00 1.824999800000000000e+11
4.989600000000000364e+03 4.000000000000000000e+00 1.824999800000000000e+11
4.989800000000000182e+03 4.000000000000000000e+00 1.824999800000000000e+11
4.990000000000000000e+03 4.000000000000000000e+00 1.824999800000000000e+11
4.990200000000000728e+03 4.000000000000000000e+00 1.824999800000000000e+11
4.990400000000000546e+03 4.000000000000000000e+00 1.824999800000000000e+11
4.990600000000000364e+03 5.656854249492380582e+00 1.824999800000000000e+11
4.990800000000000182e+03 4.000000000000000000e+00 1.824999800000000000e+11
4.991000000000000000e+03 4.000000000000000000e+00 1.824999800000000000e+11
4.991200000000000728e+03 4.000000000000000000e+00 1.824999800000000000e+11
4.991400000000000546e+03 4.000000000000000000e+00 1.824999800000000000e+11
4.991600000000000364e+03 5.656854249492380582e+00 1.824999800000000000e+11
4.991800000000000182e+03 5.656854249492380582e+00 1.824999800000000000e+11
4.992000000000000000e+03 4.000000000000000000e+00 0.000000000000000000e+00
4.992200000000000728e+03 4.000000000000000000e+00 0.000000000000000000e+00
4.992400000000000546e+03 4.000000000000000000e+00 0.000000000000000000e+00
4.992600000000000364e+03 4.000000000000000000e+00 0.000000000000000000e+00
4.992800000000000182e+03 5.656854249492380582e+00 0.000000000000000000e+00
4.993000000000000000e+03 5.656854249492380582e+00 0.000000000000000000e+00
4.993200000000000728e+03 5.656854249492380582e+00 0.000000000000000000e+00
4.993400000000000546e+03 4.000000000000000000e+00 0.000000000000000000e+00
4.993600000000000364e+03 4.000000000000000000e+00 0.000000000000000000e+00
4.993800000000000182e+03 5.656854249492380582e+00 0.000000000000000000e+00
4.994000000000000000e+03 4.000000000000000000e+00 0.000000000000000000e+00
4.994200000000000728e+03 5.656854249492380582e+00 0.000000000000000000e+00
4.994400000000000546e+03 4.000000000000000000e+00 0.000000000000000000e+00
4.994600000000000364e+03 4.000000000000000000e+00 0.000000000000000000e+00
4.994800000000000182e+03 4.000000000000000000e+00 0.000000000000000000e+00
4.995000000000000000e+03 4.000000000000000000e+00 0.000000000000000000e+00
4.995200000000000728e+03 4.000000000000000000e+00 0.000000000000000000e+00
4.995400000000000546e+03 5.656854249492380582e+00 0.000000000000000000e+00
4.995600000000000364e+03 5.656854249492380582e+00 0.000000000000000000e+00
4.995800000000000182e+03 4.000000000000000000e+00 0.000000000000000000e+00
4.996000000000000000e+03 4.000000000000000000e+00 1.824999800000000000e+11
4.996200000000000728e+03 4.000000000000000000e+00 1.825000000000000000e+11
4.996400000000000546e+03 5.656854249492380582e+00 1.824999800000000000e+11
4.996600000000000364e+03 5.656854249492380582e+00 1.824999800000000000e+11
4.996800000000000182e+03 5.656854249492380582e+00 1.824999800000000000e+11
4.997000000000000000e+03 4.000000000000000000e+00 1.824999800000000000e+11
4.997200000000000728e+03 4.000000000000000000e+00 1.824999800000000000e+11
4.997400000000000546e+03 4.000000000000000000e+00 1.824999800000000000e+11
4.997600000000000364e+03 5.656854249492380582e+00 1.824999800000000000e+11
4.997800000000000182e+03 5.656854249492380582e+00 1.824999800000000000e+11
4.998000000000000000e+03 4.000000000000000000e+00 1.824999800000000000e+11
4.998200000000000728e+03 4.000000000000000000e+00 1.824999800000000000e+11
4.998400000000000546e+03 4.000000000000000000e+00 1.824999800000000000e+11
4.998600000000000364e+03 4.000000000000000000e+00 1.824999800000000000e+11
4.998800000000000182e+03 5.656854249492380582e+00 1.824999800000000000e+11
4.999000000000000000e+03 4.000000000000000000e+00 1.824999800000000000e+11
4.999200000000000728e+03 5.656854249492380582e+00 1.824999800000000000e+11
4.999400000000000546e+03 4.000000000000000000e+00 1.824999800000000000e+11
4.999600000000000364e+03 4.000000000000000000e+00 1.824999800000000000e+11
4.999800000000000182e+03 4.000000000000000000e+00 1.824999800000000000e+11
