5.000000000000000000e+03 4.000000000000000000e+00 0.000000000000000000e+00
5.000200000000000728e+03 4.000000000000000000e+00 0.000000000000000000e+00
5.000400000000000546e+03 4.000000000000000000e+00 0.000000000000000000e+00
5.000600000000000364e+03 5.656854249492380582e+00 0.000000000000000000e+00
5.000800000000000182e+03 5.656854249492380582e+00 0.000000000000000000e+00
5.001000000000000000e+03 5.656854249492380582e+00 0.000000000000000000e+00
5.001200000000000728e+03 5.656854249492380582e+00 0.000000000000000000e+00
5.001400000000000546e+03 5.656854249492380582e+00 0.000000000000000000e+00
5.001600000000000364e+03 4.000000000000000000e+00 0.000000000000000000e+00
5.001800000000000182e+03 4.000000000000000000e+00 0.000000000000000000e+00
5.002000000000000000e+03 5.656854249492380582e+00 0.000000000000000000e+00
5.002200000000000728e+03 0.000000000000000000e+00 0.000000000000000000e+00
5.002400000000000546e+03 4.000000000000000000e+00 0.000000000000000000e+00
5.002600000000000364e+03 0.000000000000000000e+00 0.000000000000000000e+00
5.002800000000000182e+03 5.656854249492380582e+00 0.000000000000000000e+00
5.003000000000000000e+03 5.656854249492380582e+00 0.000000000000000000e+00
5.003200000000000728e+03 5.656854249492380582e+00 0.000000000000000000e+00
5.003400000000000546e+03 5.656854249492380582e+00 0.000000000000000000e+00
5.003600000000000364e+03 5.656854249492380582e+00 0.000000000000000000e+00
5.003800000000000182e+03 5.656854249492380582e+00 0.000000000000000000e+00
5.004000000000000000e+03 5.656854249492380582e+00 1.850000000000000000e+11
5.004200000000000728e+03 5.656854249492380582e+00 1.850000000000000000e+11
5.004400000000000546e+03 4.000000000000000000e+00 1.850000000000000000e+11
5.004600000000000364e+03 4.000000000000000000e+00 1.850000000000000000e+11
5.004800000000000182e+03 4.000000000000000000e+00 1.849999900000000000e+11
5.005000000000000000e+03 0.000000000000000000e+00 1.850000000000000000e+11
5.005200000000000728e+03 0.000000000000000000e+00 1.850000000000000000e+11
5.005400000000000546e+03 0.000000000000000000e+00 1.850000000000000000e+11
5.005600000000000364e+03 4.000000000000000000e+00 1.850000000000000000e+11
5.005800000000000182e+03 4.000000000000000000e+00 1.850000000000000000e+11
5.006000000000000000e+03 4.000000000000000000e+00 1.849999900000000000e+11
5.006200000000000728e+03 5.656854249492380582e+00 1.850000000000000000e+11
5.006400000000000546e+03 5.656854249492380582e+00 1.849999900000000000e+11
5.006600000000000364e+03 5.656854249492380582e+00 1.849999900000000000e+11
5.006800000000000182e+03 5.656854249492380582e+00 1.849999900000000000e+11
5.007000000000000000e+03 4.000000000000000000e+00 1.849999900000000000e+11
5.007200000000000728e+03 4.000000000000000000e+00 1.849999900000000000e+11
5.007400000000000546e+03 4.000000000000000000e+00 1.849999900000000000e+11
5.007600000000000364e+03 4.000000000000000000e+00 1.849999900000000000e+11
5.007800000000000182e+03 0.000000000000000000e+00 1.849999900000000000e+11
5.008000000000000000e+03 0.000000000000000000e+00 0.000000000000000000e+00
5.008200000000000728e+03 0.000000000000000000e+00 0.000000000000000000e+00
5.008400000000000546e+03 4.000000000000000000e+00 0.000000000000000000e+00
5.008600000000000364e+03 4.000000000000000000e+00 0.000000000000000000e+00
5.008800000000000182e+03 4.000000000000000000e+00 0.000000000000000000e+00
5.009000000000000000e+03 5.656854249492380582e+00 0.000000000000000000e+00
5.009200000000000728e+03 5.656854249492380582e+00 0.000000000000000000e+00
5.009400000000000546e+03 5.656854249492380582e+00 0.000000000000000000e+00
5.009600000000000364e+03 5.656854249492380582e+00 0.000000000000000000e+00
5.009800000000000182e+03 4.000000000000000000e+00 0.000000000000000000e+00
5.010000000000000000e+03 4.000000000000000000e+00 0.000000000000000000e+00
5.010200000000000728e+03 4.000000000000000000e+00 0.000000000000000000e+00
5.010400000000000546e+03 0.000000000000000000e+00 0.000000000000000000e+00
5.010600000000000364e+03 0.000000000000000000e+00 0.000000000000000000e+00
5.010800000000000182e+03 0.000000000000000000e+00 0.000000000000000000e+00
5.011000000000000000e+03 4.000000000000000000e+00 0.000000000000000000e+00
5.011200000000000728e+03 4.000000000000000000e+00 0.000000000000000000e+00
5.011400000000000546e+03 4.000000000000000000e+00 0.000000000000000000e+00
5.011600000000000364e+03 5.656854249492380582e+00 0.000000000000000000e+00
5.011800000000000182e+03 5.656854249492380582e+00 0.000000000000000000e+00
5.012000000000000000e+03 5.656854249492380582e+00 1.849999900000000000e+11
5.012200000000000728e+03 5.656854249492380582e+00 1.850000000000000000e+11
5.012400000000000546e+03 4.000000000000000000e+00 1.849999900000000000e+11
5.012600000000000364e+03 4.000000000000000000e+00 1.849999900000000000e+11
5.012800000000000182e+03 4.000000000000000000e+00 1.849999900000000000e+11
5.013000000000000000e+03 4.000000000000000000e+00 1.849999900000000000e+11
5.013200000000000728e+03 0.000000000000000000e+00 1.849999900000000000e+11
5.013400000000000546e+03 0.000000000000000000e+00 1.849999900000000000e+11
5.013600000000000364e+03 0.000000000000000000e+00 1.850000000000000000e+11
5.013800000000000182e+03 4.000000000000000000e+00 1.850000000000000000e+11
5.014000000000000000e+03 4.000000000000000000e+00 1.849999900000000000e+11
5.014200000000000728e+03 4.000000000000000000e+00 1.850000000000000000e+11
5.014400000000000546e+03 5.656854249492380582e+00 1.850000000000000000e+11
5.014600000000000364e+03 5.656854249492380582e+00 1.850000000000000000e+11
5.014800000000000182e+03 5.656854249492380582e+00 1.850000000000000000e+11
5.015000000000000000e+03 5.656854249492380582e+00 1.850000000000000000e+11
5.015200000000000728e+03 4.000000000000000000e+00 1.849999900000000000e+11
5.015400000000000546e+03 4.000000000000000000e+00 1.849999900000000000e+11
5.015600000000000364e+03 4.000000000000000000e+00 1.849999900000000000e+11
5.015800000000000182e+03 0.000000000000000000e+00 1.850000000000000000e+11
5.016000000000000000e+03 0.000000000000000000e+00 0.000000000000000000e+00
5.016200000000000728e+03 0.000000000000000000e+00 0.000000000000000000e+00
5.016400000000000546e+03 0.000000000000000000e+00 0.000000000000000000e+00
5.016600000000000364e+03 4.000000000000000000e+00 0.000000000000000000e+00
5.016800000000000182e+03 4.000000000000000000e+00 0.000000000000000000e+00
5.017000000000000000e+03 4.000000000000000000e+00 0.000000000000000000e+00
5.017200000000000728e+03 5.656854249492380582e+00 0.000000000000000000e+00
5.017400000000000546e+03 5.656854249492380582e+00 0.000000000000000000e+00
5.017600000000000364e+03 5.656854249492380582e+00 0.000000000000000000e+00
5.017800000000000182e+03 5.656854249492380582e+00 0.000000000000000000e+00
5.018000000000000000e+03 4.000000000000000000e+00 0.000000000000000000e+00
5.018200000000000728e+03 4.000000000000000000e+00 0.000000000000000000e+00
5.018400000000000546e+03 4.000000000000000000e+00 0.000000000000000000e+00
5.018600000000000364e+03 0.000000000000000000e+00 0.000000000000000000e+00
5.018800000000000182e+03 0.000000000000000000e+00 0.000000000000000000e+00
5.019000000000000000e+03 0.000000000000000000e+00 0.000000000000000000e+00
5.019200000000000728e+03 4.000000000000000000e+00 0.000000000000000000e+00
5.019400000000000546e+03 4.000000000000000000e+00 0.000000000000000000e+00
5.019600000000000364e+03 4.000000000000000000e+00 0.000000000000000000e+00
5.019800000000000182e+03 4.000000000000000000e+00 0.000000000000000000e+00
5.020000000000000000e+03 5.656854249492380582e+00 1.850000000000000000e+11
5.020200000000000728e+03 5.656854249492380582e+00 1.850000000000000000e+11
5.020400000000000546e+03 5.656854249492380582e+00 1.849999900000000000e+11
5.020600000000000364e+03 4.000000000000000000e+00 1.849999900000000000e+11
5.020800000000000182e+03 4.000000000000000000e+00 1.850000000000000000e+11
5.021000000000000000e+03 4.000000000000000000e+00 1.849999900000000000e+11
5.021200000000000728e+03 0.000000000000000000e+00 1.849999900000000000e+11
5.021400000000000546e+03 0.000000000000000000e+00 1.849999900000000000e+11
5.021600000000000364e+03 0.000000000000000000e+00 1.849999900000000000e+11
5.021800000000000182e+03 0.000000000000000000e+00 1.849999900000000000e+11
5.022000000000000000e+03 4.000000000000000000e+00 1.850000000000000000e+11
5.022200000000000728e+03 4.000000000000000000e+00 1.850000000000000000e+11
5.022400000000000546e+03 4.000000000000000000e+00 1.850000000000000000e+11
5.022600000000000364e+03 5.656854249492380582e+00 1.850000000000000000e+11
5.022800000000000182e+03 5.656854249492380582e+00 1.849999900000000000e+11
5.023000000000000000e+03 5.656854249492380582e+00 1.850000000000000000e+11
5.023200000000000728e+03 5.656854249492380582e+00 1.850000000000000000e+11
5.023400000000000546e+03 4.000000000000000000e+00 1.849999900000000000e+11
5.023600000000000364e+03 4.000000000000000000e+00 1.849999900000000000e+11
5.023800000000000182e+03 4.000000000000000000e+00 1.849999900000000000e+11
5.024000000000000000e+03 0.000000000000000000e+00 0.000000000000000000e+00
5.024200000000000728e+03 0.000000000000000000e+00 0.000000000000000000e+00
5.024400000000000546e+03 0.000000000000000000e+00 0.000000000000000000e+00
5.024600000000000364e+03 4.000000000000000000e+00 0.000000000000000000e+00
5.024800000000000182e+03 4.000000000000000000e+00 0.000000000000000000e+00
5.025000000000000000e+03 4.000000000000000000e+00 0.000000000000000000e+00
5.025200000000000728e+03 4.000000000000000000e+00 0.000000000000000000e+00
5.025400000000000546e+03 5.656854249492380582e+00 0.000000000000000000e+00
5.025600000000000364e+03 5.656854249492380582e+00 0.000000000000000000e+00
5.025800000000000182e+03 5.656854249492380582e+00 0.000000000000000000e+00
5.026000000000000000e+03 4.000000000000000000e+00 0.000000000000000000e+00
5.026200000000000728e+03 4.000000000000000000e+00 0.000000000000000000e+00
5.026400000000000546e+03 4.000000000000000000e+00 0.000000000000000000e+00
5.026600000000000364e+03 4.000000000000000000e+00 0.000000000000000000e+00
5.026800000000000182e+03 0.000000000000000000e+00 0.000000000000000000e+00
5.027000000000000000e+03 0.000000000000000000e+00 0.000000000000000000e+00
5.027200000000000728e+03 0.000000000000000000e+00 0.000000000000000000e+00
5.027400000000000546e+03 4.000000000000000000e+00 0.000000000000000000e+00
5.027600000000000364e+03 4.000000000000000000e+00 0.000000000000000000e+00
5.027800000000000182e+03 4.000000000000000000e+00 0.000000000000000000e+00
5.028000000000000000e+03 5.656854249492380582e+00 1.850000000000000000e+11
5.028200000000000728e+03 5.656854249492380582e+00 1.849999900000000000e+11
5.028400000000000546e+03 5.656854249492380582e+00 1.849999900000000000e+11
5.028600000000000364e+03 5.656854249492380582e+00 1.849999900000000000e+11
5.028800000000000182e+03 4.000000000000000000e+00 1.850000000000000000e+11
5.029000000000000000e+03 4.000000000000000000e+00 1.850000000000000000e+11
5.029200000000000728e+03 4.000000000000000000e+00 1.849999900000000000e+11
5.029400000000000546e+03 0.000000000000000000e+00 1.850000000000000000e+11
5.029600000000000364e+03 0.000000000000000000e+00 1.849999900000000000e+11
5.029800000000000182e+03 0.000000000000000000e+00 1.849999900000000000e+11
5.030000000000000000e+03 0.000000000000000000e+00 1.850000000000000000e+11
5.030200000000000728e+03 4.000000000000000000e+00 1.849999900000000000e+11
5.030400000000000546e+03 4.000000000000000000e+00 1.850000000000000000e+11
5.030600000000000364e+03 4.000000000000000000e+00 1.850000000000000000e+11
5.030800000000000182e+03 5.656854249492380582e+00 1.849999900000000000e+11
5.031000000000000000e+03 5.656854249492380582e+00 1.849999900000000000e+11
5.031200000000000728e+03 5.656854249492380582e+00 1.850000000000000000e+11
5.031400000000000546e+03 4.000000000000000000e+00 1.850000000000000000e+11
5.031600000000000364e+03 4.000000000000000000e+00 1.850000000000000000e+11
5.031800000000000182e+03 4.000000000000000000e+00 1.849999900000000000e+11
5.032000000000000000e+03 4.000000000000000000e+00 0.000000000000000000e+00
5.032200000000000728e+03 0.000000000000000000e+00 0.000000000000000000e+00
5.032400000000000546e+03 0.000000000000000000e+00 0.000000000000000000e+00
5.032600000000000364e+03 0.000000000000000000e+00 0.000000000000000000e+00
5.032800000000000182e+03 4.000000000000000000e+00 0.000000000000000000e+00
5.033000000000000000e+03 4.000000000000000000e+00 0.000000000000000000e+00
5.033200000000000728e+03 4.000000000000000000e+00 0.000000000000000000e+00
5.033400000000000546e+03 4.000000000000000000e+00 0.000000000000000000e+00
5.033600000000000364e+03 5.656854249492380582e+00 0.000000000000000000e+00
5.033800000000000182e+03 5.656854249492380582e+00 0.000000000000000000e+00
5.034000000000000000e+03 5.656854249492380582e+00 0.000000000000000000e+00
5.034200000000000728e+03 4.000000000000000000e+00 0.000000000000000000e+00
5.034400000000000546e+03 4.000000000000000000e+00 0.000000000000000000e+00
5.034600000000000364e+03 4.000000000000000000e+00 0.000000000000000000e+00
5.034800000000000182e+03 0.000000000000000000e+00 0.000000000000000000e+00
5.035000000000000000e+03 0.000000000000000000e+00 0.000000000000000000e+00
5.035200000000000728e+03 0.000000000000000000e+00 0.000000000000000000e+00
5.035400000000000546e+03 0.000000000000000000e+00 0.000000000000000000e+00
5.035600000000000364e+03 4.000000000000000000e+00 0.000000000000000000e+00
5.035800000000000182e+03 4.000000000000000000e+00 0.000000000000000000e+00
5.036000000000000000e+03 4.000000000000000000e+00 1.849999900000000000e+11
5.036200000000000728e+03 5.656854249492380582e+00 1.849999900000000000e+11
5.036400000000000546e+03 5.656854249492380582e+00 1.850000000000000000e+11
5.036600000000000364e+03 5.656854249492380582e+00 1.849999900000000000e+11
5.036800000000000182e+03 5.656854249492380582e+00 1.849999900000000000e+11
5.037000000000000000e+03 4.000000000000000000e+00 1.849999900000000000e+11
5.037200000000000728e+03 4.000000000000000000e+00 1.850000000000000000e+11
5.037400000000000546e+03 4.000000000000000000e+00 1.849999900000000000e+11
5.037600000000000364e+03 0.000000000000000000e+00 1.849999900000000000e+11
5.037800000000000182e+03 0.000000000000000000e+00 1.850000000000000000e+11
5.038000000000000000e+03 0.000000000000000000e+00 1.850000000000000000e+11
5.038200000000000728e+03 4.000000000000000000e+00 1.849999900000000000e+11
5.038400000000000546e+03 4.000000000000000000e+00 1.849999900000000000e+11
5.038600000000000364e+03 4.000000000000000000e+00 1.850000000000000000e+11
5.038800000000000182e+03 4.000000000000000000e+00 1.849999900000000000e+11
5.039000000000000000e+03 5.656854249492380582e+00 1.849999900000000000e+11
5.039200000000000728e+03 5.656854249492380582e+00 1.850000000000000000e+11
5.039400000000000546e+03 5.656854249492380582e+00 1.849999900000000000e+11
5.039600000000000364e+03 4.000000000000000000e+00 1.849999900000000000e+11
5.039800000000000182e+03 4.000000000000000000e+00 1.849999900000000000e+11
5.040000000000000000e+03 4.000000000000000000e+00 0.000000000000000000e+00
5.040200000000000728e+03 4.000000000000000000e+00 0.000000000000000000e+00
5.040400000000000546e+03 0.000000000000000000e+00 0.000000000000000000e+00
5.040600000000000364e+03 0.000000000000000000e+00 0.000000000000000000e+00
5.040800000000000182e+03 0.000000000000000000e+00 0.000000000000000000e+00
5.041000000000000000e+03 4.000000000000000000e+00 0.000000000000000000e+00
5.041200000000000728e+03 4.000000000000000000e+00 0.000000000000000000e+00
5.041400000000000546e+03 4.000000000000000000e+00 0.000000000000000000e+00
5.041600000000000364e+03 5.656854249492380582e+00 0.000000000000000000e+00
5.041800000000000182e+03 5.656854249492380582e+00 0.000000000000000000e+00
5.042000000000000000e+03 5.656854249492380582e+00 0.000000000000000000e+00
5.042200000000000728e+03 5.656854249492380582e+00 0.000000000000000000e+00
5.042400000000000546e+03 4.000000000000000000e+00 0.000000000000000000e+00
5.042600000000000364e+03 4.000000000000000000e+00 0.000000000000000000e+00
5.042800000000000182e+03 4.000000000000000000e+00 0.000000000000000000e+00
5.043000000000000000e+03 0.000000000000000000e+00 0.000000000000000000e+00
5.043200000000000728e+03 0.000000000000000000e+00 0.000000000000000000e+00
5.043400000000000546e+03 0.000000000000000000e+00 0.000000000000000000e+00
5.043600000000000364e+03 0.000000000000000000e+00 0.000000000000000000e+00
5.043800000000000182e+03 4.000000000000000000e+00 0.000000000000000000e+00
5.044000000000000000e+03 4.000000000000000000e+00 1.849999900000000000e+11
5.044200000000000728e+03 4.000000000000000000e+00 1.850000000000000000e+11
5.044400000000000546e+03 5.656854249492380582e+00 1.850000000000000000e+11
5.044600000000000364e+03 5.656854249492380582e+00 1.850000000000000000e+11
5.044800000000000182e+03 5.656854249492380582e+00 1.849999900000000000e+11
5.045000000000000000e+03 4.000000000000000000e+00 1.850000000000000000e+11
5.045200000000000728e+03 4.000000000000000000e+00 1.849999900000000000e+11
5.045400000000000546e+03 4.000000000000000000e+00 1.850000000000000000e+11
5.045600000000000364e+03 4.000000000000000000e+00 1.849999900000000000e+11
5.045800000000000182e+03 0.000000000000000000e+00 1.849999900000000000e+11
5.046000000000000000e+03 0.000000000000000000e+00 1.849999900000000000e+11
5.046200000000000728e+03 0.000000000000000000e+00 1.850000000000000000e+11
5.046400000000000546e+03 4.000000000000000000e+00 1.849999900000000000e+11
5.046600000000000364e+03 4.000000000000000000e+00 1.849999900000000000e+11
5.046800000000000182e+03 4.000000000000000000e+00 1.850000000000000000e+11
5.047000000000000000e+03 4.000000000000000000e+00 1.849999900000000000e+11
5.047200000000000728e+03 5.656854249492380582e+00 1.849999900000000000e+11
5.047400000000000546e+03 5.656854249492380582e+00 1.850000000000000000e+11
5.047600000000000364e+03 5.656854249492380582e+00 1.850000000000000000e+11
5.047800000000000182e+03 4.000000000000000000e+00 1.849999900000000000e+11
5.048000000000000000e+03 4.000000000000000000e+00 0.000000000000000000e+00
5.048200000000000728e+03 4.000000000000000000e+00 0.000000000000000000e+00
5.048400000000000546e+03 0.000000000000000000e+00 0.000000000000000000e+00
5.048600000000000364e+03 0.000000000000000000e+00 0.000000000000000000e+00
5.048800000000000182e+03 0.000000000000000000e+00 0.000000000000000000e+00
5.049000000000000000e+03 0.000000000000000000e+00 0.000000000000000000e+00
5.049200000000000728e+03 4.000000000000000000e+00 0.000000000000000000e+00
5.049400000000000546e+03 4.000000000000000000e+00 0.000000000000000000e+00
5.049600000000000364e+03 4.000000000000000000e+00 0.000000000000000000e+00
5.049800000000000182e+03 5.656854249492380582e+00 0.000000000000000000e+00
5.050000000000000000e+03 5.656854249492380582e+00 0.000000000000000000e+00
5.050200000000000728e+03 5.656854249492380582e+00 0.000000000000000000e+00
5.050400000000000546e+03 5.656854249492380582e+00 0.000000000000000000e+00
5.050600000000000364e+03 4.000000000000000000e+00 0.000000000000000000e+00
5.050800000000000182e+03 4.000000000000000000e+00 0.000000000000000000e+00
5.051000000000000000e+03 4.000000000000000000e+00 0.000000000000000000e+00
5.051200000000000728e+03 0.000000000000000000e+00 0.000000000000000000e+00
5.051400000000000546e+03 0.000000000000000000e+00 0.000000000000000000e+00
5.051600000000000364e+03 0.000000000000000000e+00 0.000000000000000000e+00
5.051800000000000182e+03 4.000000000000000000e+00 0.000000000000000000e+00
5.052000000000000000e+03 4.000000000000000000e+00 1.850000000000000000e+11
5.052200000000000728e+03 4.000000000000000000e+00 1.850000000000000000e+11
5.052400000000000546e+03 4.000000000000000000e+00 1.850000000000000000e+11
5.052600000000000364e+03 5.656854249492380582e+00 1.850000000000000000e+11
5.052800000000000182e+03 5.656854249492380582e+00 1.850000000000000000e+11
5.053000000000000000e+03 5.656854249492380582e+00 1.849999900000000000e+11
5.053200000000000728e+03 4.000000000000000000e+00 1.850000000000000000e+11
5.053400000000000546e+03 4.000000000000000000e+00 1.849999900000000000e+11
5.053600000000000364e+03 4.000000000000000000e+00 1.850000000000000000e+11
5.053800000000000182e+03 4.000000000000000000e+00 1.849999900000000000e+11
5.054000000000000000e+03 0.000000000000000000e+00 1.849999900000000000e+11
5.054200000000000728e+03 0.000000000000000000e+00 1.850000000000000000e+11
5.054400000000000546e+03 0.000000000000000000e+00 1.849999900000000000e+11
5.054600000000000364e+03 4.000000000000000000e+00 1.849999900000000000e+11
5.054800000000000182e+03 4.000000000000000000e+00 1.849999900000000000e+11
5.055000000000000000e+03 4.000000000000000000e+00 1.850000000000000000e+11
5.055200000000000728e+03 4.000000000000000000e+00 1.850000000000000000e+11
5.055400000000000546e+03 5.656854249492380582e+00 1.850000000000000000e+11
5.055600000000000364e+03 5.656854249492380582e+00 1.850000000000000000e+11
5.055800000000000182e+03 5.656854249492380582e+00 1.849999900000000000e+11
5.056000000000000000e+03 4.000000000000000000e+00 0.000000000000000000e+00
5.056200000000000728e+03 4.000000000000000000e+00 0.000000000000000000e+00
5.056400000000000546e+03 4.000000000000000000e+00 0.000000000000000000e+00
5.056600000000000364e+03 0.000000000000000000e+00 0.000000000000000000e+00
5.056800000000000182e+03 0.000000000000000000e+00 0.000000000000000000e+00
5.057000000000000000e+03 0.000000000000000000e+00 0.000000000000000000e+00
5.057200000000000728e+03 0.000000000000000000e+00 0.000000000000000000e+00
5.057400000000000546e+03 4.000000000000000000e+00 0.000000000000000000e+00
5.057600000000000364e+03 4.000000000000000000e+00 0.000000000000000000e+00
5.057800000000000182e+03 4.000000000000000000e+00 0.000000000000000000e+00
5.058000000000000000e+03 5.656854249492380582e+00 0.000000000000000000e+00
5.058200000000000728e+03 5.656854249492380582e+00 0.000000000000000000e+00
5.058400000000000546e+03 5.656854249492380582e+00 0.000000000000000000e+00
5.058600000000000364e+03 5.656854249492380582e+00 0.000000000000000000e+00
5.058800000000000182e+03 4.000000000000000000e+00 0.000000000000000000e+00
5.059000000000000000e+03 4.000000000000000000e+00 0.000000000000000000e+00
5.059200000000000728e+03 4.000000000000000000e+00 0.000000000000000000e+00
5.059400000000000546e+03 0.000000000000000000e+00 0.000000000000000000e+00
5.059600000000000364e+03 0.000000000000000000e+00 0.000000000000000000e+00
5.059800000000000182e+03 0.000000000000000000e+00 0.000000000000000000e+00
5.060000000000000000e+03 4.000000000000000000e+00 1.849999900000000000e+11
5.060200000000000728e+03 4.000000000000000000e+00 1.850000000000000000e+11
5.060400000000000546e+03 4.000000000000000000e+00 1.849999900000000000e+11
5.060600000000000364e+03 4.000000000000000000e+00 1.850000000000000000e+11
5.060800000000000182e+03 5.656854249492380582e+00 1.849999900000000000e+11
5.061000000000000000e+03 5.656854249492380582e+00 1.850000000000000000e+11
5.061200000000000728e+03 5.656854249492380582e+00 1.849999900000000000e+11
5.061400000000000546e+03 4.000000000000000000e+00 1.849999900000000000e+11
5.061600000000000364e+03 4.000000000000000000e+00 1.850000000000000000e+11
5.061800000000000182e+03 4.000000000000000000e+00 1.849999900000000000e+11
5.062000000000000000e+03 4.000000000000000000e+00 1.849999900000000000e+11
5.062200000000000728e+03 0.000000000000000000e+00 1.850000000000000000e+11
5.062400000000000546e+03 0.000000000000000000e+00 1.850000000000000000e+11
5.062600000000000364e+03 0.000000000000000000e+00 1.850000000000000000e+11
5.062800000000000182e+03 4.000000000000000000e+00 1.850000000000000000e+11
5.063000000000000000e+03 4.000000000000000000e+00 1.849999900000000000e+11
5.063200000000000728e+03 4.000000000000000000e+00 1.850000000000000000e+11
5.063400000000000546e+03 4.000000000000000000e+00 1.849999900000000000e+11
5.063600000000000364e+03 5.656854249492380582e+00 1.849999900000000000e+11
5.063800000000000182e+03 5.656854249492380582e+00 1.849999900000000000e+11
5.064000000000000000e+03 5.656854249492380582e+00 0.000000000000000000e+00
5.064200000000000728e+03 4.000000000000000000e+00 0.000000000000000000e+00
5.064400000000000546e+03 4.000000000000000000e+00 0.000000000000000000e+00
5.064600000000000364e+03 4.000000000000000000e+00 0.000000000000000000e+00
5.064800000000000182e+03 4.000000000000000000e+00 0.000000000000000000e+00
5.065000000000000000e+03 0.000000000000000000e+00 0.000000000000000000e+00
5.065200000000000728e+03 0.000000000000000000e+00 0.000000000000000000e+00
5.065400000000000546e+03 0.000000000000000000e+00 0.000000000000000000e+00
5.065600000000000364e+03 4.000000000000000000e+00 0.000000000000000000e+00
5.065800000000000182e+03 4.000000000000000000e+00 0.000000000000000000e+00
5.066000000000000000e+03 4.000000000000000000e+00 0.000000000000000000e+00
5.066200000000000728e+03 4.000000000000000000e+00 0.000000000000000000e+00
5.066400000000000546e+03 5.656854249492380582e+00 0.000000000000000000e+00
5.066600000000000364e+03 5.656854249492380582e+00 0.000000000000000000e+00
5.066800000000000182e+03 5.656854249492380582e+00 0.000000000000000000e+00
5.067000000000000000e+03 4.000000000000000000e+00 0.000000000000000000e+00
5.067200000000000728e+03 4.000000000000000000e+00 0.000000000000000000e+00
5.067400000000000546e+03 4.000000000000000000e+00 0.000000000000000000e+00
5.067600000000000364e+03 4.000000000000000000e+00 0.000000000000000000e+00
5.067800000000000182e+03 0.000000000000000000e+00 0.000000000000000000e+00
5.068000000000000000e+03 0.000000000000000000e+00 1.850000000000000000e+11
5.068200000000000728e+03 0.000000000000000000e+00 1.850000000000000000e+11
5.068400000000000546e+03 4.000000000000000000e+00 1.850000000000000000e+11
5.068600000000000364e+03 4.000000000000000000e+00 1.849999900000000000e+11
5.068800000000000182e+03 4.000000000000000000e+00 1.850000000000000000e+11
5.069000000000000000e+03 4.000000000000000000e+00 1.850000000000000000e+11
5.069200000000000728e+03 5.656854249492380582e+00 1.849999900000000000e+11
5.069400000000000546e+03 5.656854249492380582e+00 1.849999900000000000e+11
5.069600000000000364e+03 5.656854249492380582e+00 1.850000000000000000e+11
5.069800000000000182e+03 5.656854249492380582e+00 1.849999900000000000e+11
5.070000000000000000e+03 4.000000000000000000e+00 1.850000000000000000e+11
5.070200000000000728e+03 4.000000000000000000e+00 1.850000000000000000e+11
5.070400000000000546e+03 4.000000000000000000e+00 1.850000000000000000e+11
5.070600000000000364e+03 0.000000000000000000e+00 1.849999900000000000e+11
5.070800000000000182e+03 0.000000000000000000e+00 1.849999900000000000e+11
5.071000000000000000e+03 0.000000000000000000e+00 1.849999900000000000e+11
5.071200000000000728e+03 0.000000000000000000e+00 1.850000000000000000e+11
5.071400000000000546e+03 5.656854249492380582e+00 1.850000000000000000e+11
5.071600000000000364e+03 4.000000000000000000e+00 1.849999900000000000e+11
5.071800000000000182e+03 4.000000000000000000e+00 1.850000000000000000e+11
5.072000000000000000e+03 8.000000000000000000e+00 0.000000000000000000e+00
5.072200000000000728e+03 8.944271909999159220e+00 0.000000000000000000e+00
5.072400000000000546e+03 8.944271909999159220e+00 0.000000000000000000e+00
5.072600000000000364e+03 8.944271909999159220e+00 0.000000000000000000e+00
5.072800000000000182e+03 8.944271909999159220e+00 0.000000000000000000e+00
5.073000000000000000e+03 8.000000000000000000e+00 0.000000000000000000e+00
5.073200000000000728e+03 4.000000000000000000e+00 0.000000000000000000e+00
5.073400000000000546e+03 5.656854249492380582e+00 0.000000000000000000e+00
5.073600000000000364e+03 5.656854249492380582e+00 0.000000000000000000e+00
5.073800000000000182e+03 4.000000000000000000e+00 0.000000000000000000e+00
5.074000000000000000e+03 0.000000000000000000e+00 0.000000000000000000e+00
5.074200000000000728e+03 4.000000000000000000e+00 0.000000000000000000e+00
5.074400000000000546e+03 4.000000000000000000e+00 0.000000000000000000e+00
5.074600000000000364e+03 5.656854249492380582e+00 0.000000000000000000e+00
5.074800000000000182e+03 4.000000000000000000e+00 0.000000000000000000e+00
5.075000000000000000e+03 8.000000000000000000e+00 0.000000000000000000e+00
5.075200000000000728e+03 8.944271909999159220e+00 0.000000000000000000e+00
5.075400000000000546e+03 8.944271909999159220e+00 0.000000000000000000e+00
5.075600000000000364e+03 5.656854249492380582e+00 0.000000000000000000e+00
5.075800000000000182e+03 8.944271909999159220e+00 0.000000000000000000e+00
5.076000000000000000e+03 8.000000000000000000e+00 1.850000000000000000e+11
5.076200000000000728e+03 8.000000000000000000e+00 1.850000000000000000e+11
5.076400000000000546e+03 5.656854249492380582e+00 1.849999900000000000e+11
5.076600000000000364e+03 5.656854249492380582e+00 1.850000000000000000e+11
5.076800000000000182e+03 4.000000000000000000e+00 1.850000000000000000e+11
5.077000000000000000e+03 4.000000000000000000e+00 1.849999900000000000e+11
5.077200000000000728e+03 4.000000000000000000e+00 1.849999900000000000e+11
5.077400000000000546e+03 4.000000000000000000e+00 1.850000000000000000e+11
5.077600000000000364e+03 8.944271909999159220e+00 1.850000000000000000e+11
5.077800000000000182e+03 8.944271909999159220e+00 1.850000000000000000e+11
5.078000000000000000e+03 1.264911064067351809e+01 1.850000000000000000e+11
5.078200000000000728e+03 1.200000000000000000e+01 1.850000000000000000e+11
5.078400000000000546e+03 1.264911064067351809e+01 1.850000000000000000e+11
5.078600000000000364e+03 1.697056274847713908e+01 1.850000000000000000e+11
5.078800000000000182e+03 1.788854381999831844e+01 1.849999900000000000e+11
5.079000000000000000e+03 1.649242250247064234e+01 1.849999900000000000e+11
5.079200000000000728e+03 1.649242250247064234e+01 1.850000000000000000e+11
5.079400000000000546e+03 2.000000000000000000e+01 1.850000000000000000e+11
5.079600000000000364e+03 1.788854381999831844e+01 1.850000000000000000e+11
5.079800000000000182e+03 2.000000000000000000e+01 1.850000000000000000e+11
5.080000000000000000e+03 2.154065922853801496e+01 0.000000000000000000e+00
5.080200000000000728e+03 2.000000000000000000e+01 0.000000000000000000e+00
5.080400000000000546e+03 2.039607805437113797e+01 0.000000000000000000e+00
5.080600000000000364e+03 2.039607805437113797e+01 0.000000000000000000e+00
5.080800000000000182e+03 2.000000000000000000e+01 0.000000000000000000e+00
5.081000000000000000e+03 2.332380757938120297e+01 0.000000000000000000e+00
5.081200000000000728e+03 2.433105012119287736e+01 0.000000000000000000e+00
5.081400000000000546e+03 2.529822128134703618e+01 0.000000000000000000e+00
5.081600000000000364e+03 2.332380757938120297e+01 0.000000000000000000e+00
5.081800000000000182e+03 2.332380757938120297e+01 0.000000000000000000e+00
5.082000000000000000e+03 2.433105012119287736e+01 0.000000000000000000e+00
5.082200000000000728e+03 2.039607805437113797e+01 0.000000000000000000e+00
5.082400000000000546e+03 2.000000000000000000e+01 0.000000000000000000e+00
5.082600000000000364e+03 2.000000000000000000e+01 0.000000000000000000e+00
5.082800000000000182e+03 1.649242250247064234e+01 0.000000000000000000e+00
5.083000000000000000e+03 1.649242250247064234e+01 0.000000000000000000e+00
5.083200000000000728e+03 1.697056274847713908e+01 0.000000000000000000e+00
5.083400000000000546e+03 1.649242250247064234e+01 0.000000000000000000e+00
5.083600000000000364e+03 1.649242250247064234e+01 0.000000000000000000e+00
5.083800000000000182e+03 1.788854381999831844e+01 0.000000000000000000e+00
5.084000000000000000e+03 2.000000000000000000e+01 1.850000000000000000e+11
5.084200000000000728e+03 2.039607805437113797e+01 1.849999900000000000e+11
5.084400000000000546e+03 2.433105012119287736e+01 1.849999900000000000e+11
5.084600000000000364e+03 2.683281572999747766e+01 1.849999900000000000e+11
5.084800000000000182e+03 3.124099870362661591e+01 1.850000000000000000e+11
5.085000000000000000e+03 2.912043955712207222e+01 1.849999900000000000e+11
5.085200000000000728e+03 3.224903099319419653e+01 1.850000000000000000e+11
5.085400000000000546e+03 3.577708763999663688e+01 1.849999900000000000e+11
5.085600000000000364e+03 3.687817782917154830e+01 1.849999900000000000e+11
5.085800000000000182e+03 3.687817782917154830e+01 1.850000000000000000e+11
5.086000000000000000e+03 4.079215610874227593e+01 1.849999900000000000e+11
5.086200000000000728e+03 4.326661530556787483e+01 1.849999900000000000e+11
5.086400000000000546e+03 4.664761515876240594e+01 1.850000000000000000e+11
5.086600000000000364e+03 5.215361924162119323e+01 1.849999900000000000e+11
5.086800000000000182e+03 5.571355310873647682e+01 1.849999900000000000e+11
5.087000000000000000e+03 6.222539674441618018e+01 1.850000000000000000e+11
5.087200000000000728e+03 6.985699678629191567e+01 1.849999900000000000e+11
5.087400000000000546e+03 7.600000000000000000e+01 1.849999900000000000e+11
5.087600000000000364e+03 8.246211251235321527e+01 1.849999900000000000e+11
5.087800000000000182e+03 8.772684879784523559e+01 1.849999900000000000e+11
5.088000000000000000e+03 9.740636529508736885e+01 0.000000000000000000e+00
5.088200000000000728e+03 9.633275663033836622e+01 0.000000000000000000e+00
5.088400000000000546e+03 9.130169768410661391e+01 0.000000000000000000e+00
5.088600000000000364e+03 9.121403400793103344e+01 0.000000000000000000e+00
5.088800000000000182e+03 9.024411338142782313e+01 0.000000000000000000e+00
5.089000000000000000e+03 8.634813257969160816e+01 0.000000000000000000e+00
5.089200000000000728e+03 8.560373823613078059e+01 0.000000000000000000e+00
5.089400000000000546e+03 8.588364221433555201e+01 0.000000000000000000e+00
5.089600000000000364e+03 8.409518416651455652e+01 0.000000000000000000e+00
5.089800000000000182e+03 8.772684879784523559e+01 0.000000000000000000e+00
5.090000000000000000e+03 8.504116650187719983e+01 0.000000000000000000e+00
5.090200000000000728e+03 8.854377448471461776e+01 0.000000000000000000e+00
5.090400000000000546e+03 8.836288813749808924e+01 0.000000000000000000e+00
5.090600000000000364e+03 8.781799360040059810e+01 0.000000000000000000e+00
5.090800000000000182e+03 8.560373823613078059e+01 0.000000000000000000e+00
5.091000000000000000e+03 8.634813257969160816e+01 0.000000000000000000e+00
5.091200000000000728e+03 8.158431221748455187e+01 0.000000000000000000e+00
5.091400000000000546e+03 8.323460818673925132e+01 0.000000000000000000e+00
5.091600000000000364e+03 7.889233169326408301e+01 0.000000000000000000e+00
5.091800000000000182e+03 7.641989269817119634e+01 0.000000000000000000e+00
5.092000000000000000e+03 7.589466384404110499e+01 1.850000000000000000e+11
5.092200000000000728e+03 8.207313811473277099e+01 1.850000000000000000e+11
5.092400000000000546e+03 8.988882021697692437e+01 1.850000000000000000e+11
5.092600000000000364e+03 1.003194896318756264e+02 1.850000000000000000e+11
5.092800000000000182e+03 1.091787525116494493e+02 1.849999900000000000e+11
5.093000000000000000e+03 1.176435293588219366e+02 1.849999900000000000e+11
5.093200000000000728e+03 1.271219886565656338e+02 1.849999900000000000e+11
5.093400000000000546e+03 1.397139935725838313e+02 1.850000000000000000e+11
5.093600000000000364e+03 1.480540441865739751e+02 1.849999900000000000e+11
5.093800000000000182e+03 1.556406116667497486e+02 1.849999900000000000e+11
5.094000000000000000e+03 1.459863007271572712e+02 1.850000000000000000e+11
5.094200000000000728e+03 1.126410227226297849e+02 1.850000000000000000e+11
5.094400000000000546e+03 1.210619676033724517e+02 1.849999900000000000e+11
5.094600000000000364e+03 1.310267148332735871e+02 1.850000000000000000e+11
5.094800000000000182e+03 1.386794865868777151e+02 1.849999900000000000e+11
5.095000000000000000e+03 1.488623525274271628e+02 1.850000000000000000e+11
5.095200000000000728e+03 1.568693724090206274e+02 1.850000000000000000e+11
5.095400000000000546e+03 1.329661611087572908e+02 1.849999900000000000e+11
5.095600000000000364e+03 1.242577965360725329e+02 1.850000000000000000e+11
5.095800000000000182e+03 1.146123902551552192e+02 1.850000000000000000e+11
5.096000000000000000e+03 1.032279032045115201e+02 0.000000000000000000e+00
5.096200000000000728e+03 1.019803902718556969e+02 0.000000000000000000e+00
5.096400000000000546e+03 1.028396810574595293e+02 0.000000000000000000e+00
5.096600000000000364e+03 1.056030302595526820e+02 0.000000000000000000e+00
5.096800000000000182e+03 1.002397126891333414e+02 0.000000000000000000e+00
5.097000000000000000e+03 1.003194896318756264e+02 0.000000000000000000e+00
5.097200000000000728e+03 9.740636529508736885e+01 0.000000000000000000e+00
5.097400000000000546e+03 9.616652224137045835e+01 0.000000000000000000e+00
5.097600000000000364e+03 9.363759928575700542e+01 0.000000000000000000e+00
5.097800000000000182e+03 9.234717104492156636e+01 0.000000000000000000e+00
5.098000000000000000e+03 9.130169768410661391e+01 0.000000000000000000e+00
5.098200000000000728e+03 9.208691546577070142e+01 0.000000000000000000e+00
5.098400000000000546e+03 8.944271909999159220e+01 0.000000000000000000e+00
5.098600000000000364e+03 9.121403400793103344e+01 0.000000000000000000e+00
5.098800000000000182e+03 9.068627239003707530e+01 0.000000000000000000e+00
5.099000000000000000e+03 9.303762679690406401e+01 0.000000000000000000e+00
5.099200000000000728e+03 9.200000000000000000e+01 0.000000000000000000e+00
5.099400000000000546e+03 9.138927727036690385e+01 0.000000000000000000e+00
5.099600000000000364e+03 9.338094023943001787e+01 0.000000000000000000e+00
5.099800000000000182e+03 8.988882021697692437e+01 0.000000000000000000e+00
5.100000000000000000e+03 8.836288813749808924e+01 1.850000000000000000e+11
5.100200000000000728e+03 8.049844718999243298e+01 1.850000000000000000e+11
5.100400000000000546e+03 7.121797525905942905e+01 1.849999900000000000e+11
5.100600000000000364e+03 6.209669878504009688e+01 1.850000000000000000e+11
5.100800000000000182e+03 5.656854249492380404e+01 1.850000000000000000e+11
5.101000000000000000e+03 5.215361924162119323e+01 1.849999900000000000e+11
5.101200000000000728e+03 4.664761515876240594e+01 1.849999900000000000e+11
5.101400000000000546e+03 4.019950248448355978e+01 1.850000000000000000e+11
5.101600000000000364e+03 3.794733192202055250e+01 1.850000000000000000e+11
5.101800000000000182e+03 3.687817782917154830e+01 1.850000000000000000e+11
5.102000000000000000e+03 3.577708763999663688e+01 1.849999900000000000e+11
5.102200000000000728e+03 3.200000000000000000e+01 1.849999900000000000e+11
5.102400000000000546e+03 3.046309242345563462e+01 1.850000000000000000e+11
5.102600000000000364e+03 2.828427124746190202e+01 1.849999900000000000e+11
5.102800000000000182e+03 2.683281572999747766e+01 1.850000000000000000e+11
5.103000000000000000e+03 2.433105012119287736e+01 1.850000000000000000e+11
5.103200000000000728e+03 2.039607805437113797e+01 1.849999900000000000e+11
5.103400000000000546e+03 1.788854381999831844e+01 1.850000000000000000e+11
5.103600000000000364e+03 1.442220510185595650e+01 1.850000000000000000e+11
5.103800000000000182e+03 1.264911064067351809e+01 1.849999900000000000e+11
5.104000000000000000e+03 8.944271909999159220e+00 0.000000000000000000e+00
5.104200000000000728e+03 1.131370849898476116e+01 0.000000000000000000e+00
5.104400000000000546e+03 8.944271909999159220e+00 0.000000000000000000e+00
5.104600000000000364e+03 1.264911064067351809e+01 0.000000000000000000e+00
5.104800000000000182e+03 1.131370849898476116e+01 0.000000000000000000e+00
5.105000000000000000e+03 1.264911064067351809e+01 0.000000000000000000e+00
5.105200000000000728e+03 1.200000000000000000e+01 0.000000000000000000e+00
5.105400000000000546e+03 1.649242250247064234e+01 0.000000000000000000e+00
5.105600000000000364e+03 1.442220510185595650e+01 0.000000000000000000e+00
5.105800000000000182e+03 1.442220510185595650e+01 0.000000000000000000e+00
5.106000000000000000e+03 1.264911064067351809e+01 0.000000000000000000e+00
5.106200000000000728e+03 1.200000000000000000e+01 0.000000000000000000e+00
5.106400000000000546e+03 1.264911064067351809e+01 0.000000000000000000e+00
5.106600000000000364e+03 1.131370849898476116e+01 0.000000000000000000e+00
5.106800000000000182e+03 8.944271909999159220e+00 0.000000000000000000e+00
5.107000000000000000e+03 8.000000000000000000e+00 0.000000000000000000e+00
5.107200000000000728e+03 8.944271909999159220e+00 0.000000000000000000e+00
5.107400000000000546e+03 8.944271909999159220e+00 0.000000000000000000e+00
5.107600000000000364e+03 8.000000000000000000e+00 0.000000000000000000e+00
5.107800000000000182e+03 1.131370849898476116e+01 0.000000000000000000e+00
5.108000000000000000e+03 8.944271909999159220e+00 1.850000000000000000e+11
5.108200000000000728e+03 1.200000000000000000e+01 1.849999900000000000e+11
5.108400000000000546e+03 1.264911064067351809e+01 1.850000000000000000e+11
5.108600000000000364e+03 8.944271909999159220e+00 1.850000000000000000e+11
5.108800000000000182e+03 1.131370849898476116e+01 1.850000000000000000e+11
5.109000000000000000e+03 8.944271909999159220e+00 1.850000000000000000e+11
5.109200000000000728e+03 8.000000000000000000e+00 1.850000000000000000e+11
5.109400000000000546e+03 8.000000000000000000e+00 1.849999900000000000e+11
5.109600000000000364e+03 5.656854249492380582e+00 1.850000000000000000e+11
5.109800000000000182e+03 5.656854249492380582e+00 1.849999900000000000e+11
5.110000000000000000e+03 4.000000000000000000e+00 1.849999900000000000e+11
5.110200000000000728e+03 0.000000000000000000e+00 1.849999900000000000e+11
5.110400000000000546e+03 0.000000000000000000e+00 1.849999900000000000e+11
5.110600000000000364e+03 0.000000000000000000e+00 1.850000000000000000e+11
5.110800000000000182e+03 4.000000000000000000e+00 1.849999900000000000e+11
5.111000000000000000e+03 4.000000000000000000e+00 1.850000000000000000e+11
5.111200000000000728e+03 4.000000000000000000e+00 1.849999900000000000e+11
5.111400000000000546e+03 4.000000000000000000e+00 1.849999900000000000e+11
5.111600000000000364e+03 5.656854249492380582e+00 1.850000000000000000e+11
5.111800000000000182e+03 5.656854249492380582e+00 1.850000000000000000e+11
5.112000000000000000e+03 5.656854249492380582e+00 0.000000000000000000e+00
5.112200000000000728e+03 5.656854249492380582e+00 0.000000000000000000e+00
5.112400000000000546e+03 4.000000000000000000e+00 0.000000000000000000e+00
5.112600000000000364e+03 4.000000000000000000e+00 0.000000000000000000e+00
5.112800000000000182e+03 4.000000000000000000e+00 0.000000000000000000e+00
5.113000000000000000e+03 0.000000000000000000e+00 0.000000000000000000e+00
5.113200000000000728e+03 0.000000000000000000e+00 0.000000000000000000e+00
5.113400000000000546e+03 0.000000000000000000e+00 0.000000000000000000e+00
5.113600000000000364e+03 0.000000000000000000e+00 0.000000000000000000e+00
5.113800000000000182e+03 4.000000000000000000e+00 0.000000000000000000e+00
5.114000000000000000e+03 4.000000000000000000e+00 0.000000000000000000e+00
5.114200000000000728e+03 4.000000000000000000e+00 0.000000000000000000e+00
5.114400000000000546e+03 4.000000000000000000e+00 0.000000000000000000e+00
5.114600000000000364e+03 5.656854249492380582e+00 0.000000000000000000e+00
5.114800000000000182e+03 5.656854249492380582e+00 0.000000000000000000e+00
5.115000000000000000e+03 5.656854249492380582e+00 0.000000000000000000e+00
5.115200000000000728e+03 4.000000000000000000e+00 0.000000000000000000e+00
5.115400000000000546e+03 4.000000000000000000e+00 0.000000000000000000e+00
5.115600000000000364e+03 4.000000000000000000e+00 0.000000000000000000e+00
5.115800000000000182e+03 4.000000000000000000e+00 0.000000000000000000e+00
5.116000000000000000e+03 0.000000000000000000e+00 1.849999900000000000e+11
5.116200000000000728e+03 0.000000000000000000e+00 1.849999900000000000e+11
5.116400000000000546e+03 0.000000000000000000e+00 1.849999900000000000e+11
5.116600000000000364e+03 4.000000000000000000e+00 1.850000000000000000e+11
5.116800000000000182e+03 4.000000000000000000e+00 1.849999900000000000e+11
5.117000000000000000e+03 4.000000000000000000e+00 1.850000000000000000e+11
5.117200000000000728e+03 4.000000000000000000e+00 1.850000000000000000e+11
5.117400000000000546e+03 5.656854249492380582e+00 1.850000000000000000e+11
5.117600000000000364e+03 5.656854249492380582e+00 1.850000000000000000e+11
5.117800000000000182e+03 5.656854249492380582e+00 1.849999900000000000e+11
5.118000000000000000e+03 4.000000000000000000e+00 1.849999900000000000e+11
5.118200000000000728e+03 4.000000000000000000e+00 1.849999900000000000e+11
5.118400000000000546e+03 4.000000000000000000e+00 1.849999900000000000e+11
5.118600000000000364e+03 4.000000000000000000e+00 1.849999900000000000e+11
5.118800000000000182e+03 0.000000000000000000e+00 1.849999900000000000e+11
5.119000000000000000e+03 0.000000000000000000e+00 1.850000000000000000e+11
5.119200000000000728e+03 0.000000000000000000e+00 1.849999900000000000e+11
5.119400000000000546e+03 4.000000000000000000e+00 1.850000000000000000e+11
5.119600000000000364e+03 4.000000000000000000e+00 1.849999900000000000e+11
5.119800000000000182e+03 4.000000000000000000e+00 1.850000000000000000e+11
5.120000000000000000e+03 4.000000000000000000e+00 0.000000000000000000e+00
5.120200000000000728e+03 5.656854249492380582e+00 0.000000000000000000e+00
5.120400000000000546e+03 5.656854249492380582e+00 0.000000000000000000e+00
5.120600000000000364e+03 5.656854249492380582e+00 0.000000000000000000e+00
5.120800000000000182e+03 4.000000000000000000e+00 0.000000000000000000e+00
5.121000000000000000e+03 4.000000000000000000e+00 0.000000000000000000e+00
5.121200000000000728e+03 4.000000000000000000e+00 0.000000000000000000e+00
5.121400000000000546e+03 4.000000000000000000e+00 0.000000000000000000e+00
5.121600000000000364e+03 0.000000000000000000e+00 0.000000000000000000e+00
5.121800000000000182e+03 0.000000000000000000e+00 0.000000000000000000e+00
5.122000000000000000e+03 0.000000000000000000e+00 0.000000000000000000e+00
5.122200000000000728e+03 4.000000000000000000e+00 0.000000000000000000e+00
5.122400000000000546e+03 4.000000000000000000e+00 0.000000000000000000e+00
5.122600000000000364e+03 4.000000000000000000e+00 0.000000000000000000e+00
5.122800000000000182e+03 5.656854249492380582e+00 0.000000000000000000e+00
5.123000000000000000e+03 5.656854249492380582e+00 0.000000000000000000e+00
5.123200000000000728e+03 5.656854249492380582e+00 0.000000000000000000e+00
5.123400000000000546e+03 5.656854249492380582e+00 0.000000000000000000e+00
5.123600000000000364e+03 4.000000000000000000e+00 0.000000000000000000e+00
5.123800000000000182e+03 4.000000000000000000e+00 0.000000000000000000e+00
5.124000000000000000e+03 4.000000000000000000e+00 1.849999900000000000e+11
5.124200000000000728e+03 0.000000000000000000e+00 1.849999900000000000e+11
5.124400000000000546e+03 0.000000000000000000e+00 1.850000000000000000e+11
5.124600000000000364e+03 0.000000000000000000e+00 1.850000000000000000e+11
5.124800000000000182e+03 0.000000000000000000e+00 1.849999900000000000e+11
5.125000000000000000e+03 4.000000000000000000e+00 1.849999900000000000e+11
5.125200000000000728e+03 4.000000000000000000e+00 1.850000000000000000e+11
5.125400000000000546e+03 4.000000000000000000e+00 1.849999900000000000e+11
5.125600000000000364e+03 5.656854249492380582e+00 1.849999900000000000e+11
5.125800000000000182e+03 5.656854249492380582e+00 1.849999900000000000e+11
5.126000000000000000e+03 5.656854249492380582e+00 1.850000000000000000e+11
5.126200000000000728e+03 4.000000000000000000e+00 1.850000000000000000e+11
5.126400000000000546e+03 4.000000000000000000e+00 1.850000000000000000e+11
5.126600000000000364e+03 4.000000000000000000e+00 1.850000000000000000e+11
5.126800000000000182e+03 4.000000000000000000e+00 1.850000000000000000e+11
5.127000000000000000e+03 0.000000000000000000e+00 1.849999900000000000e+11
5.127200000000000728e+03 0.000000000000000000e+00 1.849999900000000000e+11
5.127400000000000546e+03 0.000000000000000000e+00 1.849999900000000000e+11
5.127600000000000364e+03 4.000000000000000000e+00 1.850000000000000000e+11
5.127800000000000182e+03 4.000000000000000000e+00 1.850000000000000000e+11
5.128000000000000000e+03 4.000000000000000000e+00 0.000000000000000000e+00
5.128200000000000728e+03 4.000000000000000000e+00 0.000000000000000000e+00
5.128400000000000546e+03 5.656854249492380582e+00 0.000000000000000000e+00
5.128600000000000364e+03 5.656854249492380582e+00 0.000000000000000000e+00
5.128800000000000182e+03 5.656854249492380582e+00 0.000000000000000000e+00
5.129000000000000000e+03 4.000000000000000000e+00 0.000000000000000000e+00
5.129200000000000728e+03 4.000000000000000000e+00 0.000000000000000000e+00
5.129400000000000546e+03 4.000000000000000000e+00 0.000000000000000000e+00
5.129600000000000364e+03 4.000000000000000000e+00 0.000000000000000000e+00
5.129800000000000182e+03 0.000000000000000000e+00 0.000000000000000000e+00
5.130000000000000000e+03 0.000000000000000000e+00 0.000000000000000000e+00
5.130200000000000728e+03 0.000000000000000000e+00 0.000000000000000000e+00
5.130400000000000546e+03 4.000000000000000000e+00 0.000000000000000000e+00
5.130600000000000364e+03 4.000000000000000000e+00 0.000000000000000000e+00
5.130800000000000182e+03 4.000000000000000000e+00 0.000000000000000000e+00
5.131000000000000000e+03 5.656854249492380582e+00 0.000000000000000000e+00
5.131200000000000728e+03 5.656854249492380582e+00 0.000000000000000000e+00
5.131400000000000546e+03 5.656854249492380582e+00 0.000000000000000000e+00
5.131600000000000364e+03 5.656854249492380582e+00 0.000000000000000000e+00
5.131800000000000182e+03 4.000000000000000000e+00 0.000000000000000000e+00
5.132000000000000000e+03 4.000000000000000000e+00 1.849999900000000000e+11
5.132200000000000728e+03 4.000000000000000000e+00 1.849999900000000000e+11
5.132400000000000546e+03 0.000000000000000000e+00 1.850000000000000000e+11
5.132600000000000364e+03 0.000000000000000000e+00 1.849999900000000000e+11
5.132800000000000182e+03 0.000000000000000000e+00 1.849999900000000000e+11
5.133000000000000000e+03 0.000000000000000000e+00 1.849999900000000000e+11
5.133200000000000728e+03 4.000000000000000000e+00 1.849999900000000000e+11
5.133400000000000546e+03 4.000000000000000000e+00 1.850000000000000000e+11
5.133600000000000364e+03 4.000000000000000000e+00 1.849999900000000000e+11
5.133800000000000182e+03 5.656854249492380582e+00 1.849999900000000000e+11
5.134000000000000000e+03 5.656854249492380582e+00 1.849999900000000000e+11
5.134200000000000728e+03 5.656854249492380582e+00 1.850000000000000000e+11
5.134400000000000546e+03 4.000000000000000000e+00 1.849999900000000000e+11
5.134600000000000364e+03 4.000000000000000000e+00 1.849999900000000000e+11
5.134800000000000182e+03 4.000000000000000000e+00 1.850000000000000000e+11
5.135000000000000000e+03 4.000000000000000000e+00 1.849999900000000000e+11
5.135200000000000728e+03 0.000000000000000000e+00 1.849999900000000000e+11
5.135400000000000546e+03 0.000000000000000000e+00 1.849999900000000000e+11
5.135600000000000364e+03 0.000000000000000000e+00 1.849999900000000000e+11
5.135800000000000182e+03 4.000000000000000000e+00 1.849999900000000000e+11
5.136000000000000000e+03 4.000000000000000000e+00 0.000000000000000000e+00
5.136200000000000728e+03 4.000000000000000000e+00 0.000000000000000000e+00
5.136400000000000546e+03 4.000000000000000000e+00 0.000000000000000000e+00
5.136600000000000364e+03 5.656854249492380582e+00 0.000000000000000000e+00
5.136800000000000182e+03 5.656854249492380582e+00 0.000000000000000000e+00
5.137000000000000000e+03 5.656854249492380582e+00 0.000000000000000000e+00
5.137200000000000728e+03 4.000000000000000000e+00 0.000000000000000000e+00
5.137400000000000546e+03 4.000000000000000000e+00 0.000000000000000000e+00
5.137600000000000364e+03 4.000000000000000000e+00 0.000000000000000000e+00
5.137800000000000182e+03 0.000000000000000000e+00 0.000000000000000000e+00
5.138000000000000000e+03 0.000000000000000000e+00 0.000000000000000000e+00
5.138200000000000728e+03 0.000000000000000000e+00 0.000000000000000000e+00
5.138400000000000546e+03 0.000000000000000000e+00 0.000000000000000000e+00
5.138600000000000364e+03 4.000000000000000000e+00 0.000000000000000000e+00
5.138800000000000182e+03 4.000000000000000000e+00 0.000000000000000000e+00
5.139000000000000000e+03 4.000000000000000000e+00 0.000000000000000000e+00
5.139200000000000728e+03 5.656854249492380582e+00 0.000000000000000000e+00
5.139400000000000546e+03 5.656854249492380582e+00 0.000000000000000000e+00
5.139600000000000364e+03 5.656854249492380582e+00 0.000000000000000000e+00
5.139800000000000182e+03 5.656854249492380582e+00 0.000000000000000000e+00
5.140000000000000000e+03 4.000000000000000000e+00 1.849999900000000000e+11
5.140200000000000728e+03 4.000000000000000000e+00 1.850000000000000000e+11
5.140400000000000546e+03 4.000000000000000000e+00 1.849999900000000000e+11
5.140600000000000364e+03 0.000000000000000000e+00 1.849999900000000000e+11
5.140800000000000182e+03 0.000000000000000000e+00 1.850000000000000000e+11
5.141000000000000000e+03 0.000000000000000000e+00 1.850000000000000000e+11
5.141200000000000728e+03 4.000000000000000000e+00 1.849999900000000000e+11
5.141400000000000546e+03 4.000000000000000000e+00 1.850000000000000000e+11
5.141600000000000364e+03 4.000000000000000000e+00 1.850000000000000000e+11
5.141800000000000182e+03 4.000000000000000000e+00 1.849999900000000000e+11
5.142000000000000000e+03 5.656854249492380582e+00 1.849999900000000000e+11
5.142200000000000728e+03 5.656854249492380582e+00 1.849999900000000000e+11
5.142400000000000546e+03 5.656854249492380582e+00 1.849999900000000000e+11
5.142600000000000364e+03 4.000000000000000000e+00 1.850000000000000000e+11
5.142800000000000182e+03 4.000000000000000000e+00 1.850000000000000000e+11
5.143000000000000000e+03 4.000000000000000000e+00 1.849999900000000000e+11
5.143200000000000728e+03 4.000000000000000000e+00 1.849999900000000000e+11
5.143400000000000546e+03 0.000000000000000000e+00 1.850000000000000000e+11
5.143600000000000364e+03 0.000000000000000000e+00 1.849999900000000000e+11
5.143800000000000182e+03 0.000000000000000000e+00 1.850000000000000000e+11
5.144000000000000000e+03 4.000000000000000000e+00 0.000000000000000000e+00
5.144200000000000728e+03 4.000000000000000000e+00 0.000000000000000000e+00
5.144400000000000546e+03 4.000000000000000000e+00 0.000000000000000000e+00
5.144600000000000364e+03 4.000000000000000000e+00 0.000000000000000000e+00
5.144800000000000182e+03 5.656854249492380582e+00 0.000000000000000000e+00
5.145000000000000000e+03 5.656854249492380582e+00 0.000000000000000000e+00
5.145200000000000728e+03 5.656854249492380582e+00 0.000000000000000000e+00
5.145400000000000546e+03 4.000000000000000000e+00 0.000000000000000000e+00
5.145600000000000364e+03 4.000000000000000000e+00 0.000000000000000000e+00
5.145800000000000182e+03 4.000000000000000000e+00 0.000000000000000000e+00
5.146000000000000000e+03 0.000000000000000000e+00 0.000000000000000000e+00
5.146200000000000728e+03 0.000000000000000000e+00 0.000000000000000000e+00
5.146400000000000546e+03 0.000000000000000000e+00 0.000000000000000000e+00
5.146600000000000364e+03 0.000000000000000000e+00 0.000000000000000000e+00
5.146800000000000182e+03 4.000000000000000000e+00 0.000000000000000000e+00
5.147000000000000000e+03 4.000000000000000000e+00 0.000000000000000000e+00
5.147200000000000728e+03 4.000000000000000000e+00 0.000000000000000000e+00
5.147400000000000546e+03 5.656854249492380582e+00 0.000000000000000000e+00
5.147600000000000364e+03 5.656854249492380582e+00 0.000000000000000000e+00
5.147800000000000182e+03 5.656854249492380582e+00 0.000000000000000000e+00
5.148000000000000000e+03 5.656854249492380582e+00 1.849999900000000000e+11
5.148200000000000728e+03 4.000000000000000000e+00 1.849999900000000000e+11
5.148400000000000546e+03 4.000000000000000000e+00 1.849999900000000000e+11
5.148600000000000364e+03 4.000000000000000000e+00 1.850000000000000000e+11
5.148800000000000182e+03 0.000000000000000000e+00 1.850000000000000000e+11
5.149000000000000000e+03 0.000000000000000000e+00 1.849999900000000000e+11
5.149200000000000728e+03 0.000000000000000000e+00 1.849999900000000000e+11
5.149400000000000546e+03 4.000000000000000000e+00 1.850000000000000000e+11
5.149600000000000364e+03 4.000000000000000000e+00 1.850000000000000000e+11
5.149800000000000182e+03 4.000000000000000000e+00 1.850000000000000000e+11
5.150000000000000000e+03 4.000000000000000000e+00 1.849999900000000000e+11
5.150200000000000728e+03 5.656854249492380582e+00 1.850000000000000000e+11
5.150400000000000546e+03 5.656854249492380582e+00 1.850000000000000000e+11
5.150600000000000364e+03 5.656854249492380582e+00 1.849999900000000000e+11
5.150800000000000182e+03 4.000000000000000000e+00 1.850000000000000000e+11
5.151000000000000000e+03 4.000000000000000000e+00 1.850000000000000000e+11
5.151200000000000728e+03 4.000000000000000000e+00 1.849999900000000000e+11
5.151400000000000546e+03 4.000000000000000000e+00 1.850000000000000000e+11
5.151600000000000364e+03 0.000000000000000000e+00 1.849999900000000000e+11
5.151800000000000182e+03 0.000000000000000000e+00 1.850000000000000000e+11
5.152000000000000000e+03 0.000000000000000000e+00 0.000000000000000000e+00
5.152200000000000728e+03 4.000000000000000000e+00 0.000000000000000000e+00
5.152400000000000546e+03 4.000000000000000000e+00 0.000000000000000000e+00
5.152600000000000364e+03 4.000000000000000000e+00 0.000000000000000000e+00
5.152800000000000182e+03 5.656854249492380582e+00 0.000000000000000000e+00
5.153000000000000000e+03 5.656854249492380582e+00 0.000000000000000000e+00
5.153200000000000728e+03 5.656854249492380582e+00 0.000000000000000000e+00
5.153400000000000546e+03 5.656854249492380582e+00 0.000000000000000000e+00
5.153600000000000364e+03 4.000000000000000000e+00 0.000000000000000000e+00
5.153800000000000182e+03 4.000000000000000000e+00 0.000000000000000000e+00
5.154000000000000000e+03 4.000000000000000000e+00 0.000000000000000000e+00
5.154200000000000728e+03 0.000000000000000000e+00 0.000000000000000000e+00
5.154400000000000546e+03 0.000000000000000000e+00 0.000000000000000000e+00
5.154600000000000364e+03 0.000000000000000000e+00 0.000000000000000000e+00
5.154800000000000182e+03 4.000000000000000000e+00 0.000000000000000000e+00
5.155000000000000000e+03 4.000000000000000000e+00 0.000000000000000000e+00
5.155200000000000728e+03 4.000000000000000000e+00 0.000000000000000000e+00
5.155400000000000546e+03 4.000000000000000000e+00 0.000000000000000000e+00
5.155600000000000364e+03 5.656854249492380582e+00 0.000000000000000000e+00
5.155800000000000182e+03 5.656854249492380582e+00 0.000000000000000000e+00
5.156000000000000000e+03 5.656854249492380582e+00 1.850000000000000000e+11
5.156200000000000728e+03 4.000000000000000000e+00 1.850000000000000000e+11
5.156400000000000546e+03 4.000000000000000000e+00 1.849999900000000000e+11
5.156600000000000364e+03 4.000000000000000000e+00 1.850000000000000000e+11
5.156800000000000182e+03 4.000000000000000000e+00 1.849999900000000000e+11
5.157000000000000000e+03 0.000000000000000000e+00 1.850000000000000000e+11
5.157200000000000728e+03 4.000000000000000000e+00 1.850000000000000000e+11
5.157400000000000546e+03 4.000000000000000000e+00 1.850000000000000000e+11
5.157600000000000364e+03 4.000000000000000000e+00 1.850000000000000000e+11
5.157800000000000182e+03 4.000000000000000000e+00 1.850000000000000000e+11
5.158000000000000000e+03 4.000000000000000000e+00 1.850000000000000000e+11
5.158200000000000728e+03 4.000000000000000000e+00 1.850000000000000000e+11
5.158400000000000546e+03 4.000000000000000000e+00 1.849999900000000000e+11
5.158600000000000364e+03 5.656854249492380582e+00 1.849999900000000000e+11
5.158800000000000182e+03 5.656854249492380582e+00 1.850000000000000000e+11
5.159000000000000000e+03 5.656854249492380582e+00 1.849999900000000000e+11
5.159200000000000728e+03 4.000000000000000000e+00 1.850000000000000000e+11
5.159400000000000546e+03 4.000000000000000000e+00 1.849999900000000000e+11
5.159600000000000364e+03 4.000000000000000000e+00 1.849999900000000000e+11
5.159800000000000182e+03 4.000000000000000000e+00 1.849999900000000000e+11
5.160000000000000000e+03 4.000000000000000000e+00 0.000000000000000000e+00
5.160200000000000728e+03 4.000000000000000000e+00 0.000000000000000000e+00
5.160400000000000546e+03 4.000000000000000000e+00 0.000000000000000000e+00
5.160600000000000364e+03 4.000000000000000000e+00 0.000000000000000000e+00
5.160800000000000182e+03 4.000000000000000000e+00 0.000000000000000000e+00
5.161000000000000000e+03 4.000000000000000000e+00 0.000000000000000000e+00
5.161200000000000728e+03 5.656854249492380582e+00 0.000000000000000000e+00
5.161400000000000546e+03 5.656854249492380582e+00 0.000000000000000000e+00
5.161600000000000364e+03 5.656854249492380582e+00 0.000000000000000000e+00
5.161800000000000182e+03 5.656854249492380582e+00 0.000000000000000000e+00
5.162000000000000000e+03 4.000000000000000000e+00 0.000000000000000000e+00
5.162200000000000728e+03 4.000000000000000000e+00 0.000000000000000000e+00
5.162400000000000546e+03 4.000000000000000000e+00 0.000000000000000000e+00
5.162600000000000364e+03 0.000000000000000000e+00 0.000000000000000000e+00
5.162800000000000182e+03 0.000000000000000000e+00 0.000000000000000000e+00
5.163000000000000000e+03 4.000000000000000000e+00 0.000000000000000000e+00
5.163200000000000728e+03 4.000000000000000000e+00 0.000000000000000000e+00
5.163400000000000546e+03 4.000000000000000000e+00 0.000000000000000000e+00
5.163600000000000364e+03 4.000000000000000000e+00 0.000000000000000000e+00
5.163800000000000182e+03 5.656854249492380582e+00 0.000000000000000000e+00
5.164000000000000000e+03 5.656854249492380582e+00 1.850000000000000000e+11
5.164200000000000728e+03 5.656854249492380582e+00 1.849999900000000000e+11
5.164400000000000546e+03 4.000000000000000000e+00 1.850000000000000000e+11
5.164600000000000364e+03 4.000000000000000000e+00 1.850000000000000000e+11
5.164800000000000182e+03 4.000000000000000000e+00 1.849999900000000000e+11
5.165000000000000000e+03 5.656854249492380582e+00 1.850000000000000000e+11
5.165200000000000728e+03 4.000000000000000000e+00 1.850000000000000000e+11
5.165400000000000546e+03 4.000000000000000000e+00 1.850000000000000000e+11
5.165600000000000364e+03 4.000000000000000000e+00 1.850000000000000000e+11
5.165800000000000182e+03 4.000000000000000000e+00 1.849999900000000000e+11
5.166000000000000000e+03 4.000000000000000000e+00 1.849999900000000000e+11
5.166200000000000728e+03 5.656854249492380582e+00 1.849999900000000000e+11
5.166400000000000546e+03 4.000000000000000000e+00 1.850000000000000000e+11
5.166600000000000364e+03 5.656854249492380582e+00 1.850000000000000000e+11
5.166800000000000182e+03 4.000000000000000000e+00 1.849999900000000000e+11
5.167000000000000000e+03 4.000000000000000000e+00 1.850000000000000000e+11
5.167200000000000728e+03 4.000000000000000000e+00 1.850000000000000000e+11
5.167400000000000546e+03 5.656854249492380582e+00 1.849999900000000000e+11
5.167600000000000364e+03 5.656854249492380582e+00 1.850000000000000000e+11
5.167800000000000182e+03 5.656854249492380582e+00 1.850000000000000000e+11
5.168000000000000000e+03 4.000000000000000000e+00 0.000000000000000000e+00
5.168200000000000728e+03 4.000000000000000000e+00 0.000000000000000000e+00
5.168400000000000546e+03 4.000000000000000000e+00 0.000000000000000000e+00
5.168600000000000364e+03 5.656854249492380582e+00 0.000000000000000000e+00
5.168800000000000182e+03 5.656854249492380582e+00 0.000000000000000000e+00
5.169000000000000000e+03 5.656854249492380582e+00 0.000000000000000000e+00
5.169200000000000728e+03 5.656854249492380582e+00 0.000000000000000000e+00
5.169400000000000546e+03 4.000000000000000000e+00 0.000000000000000000e+00
5.169600000000000364e+03 4.000000000000000000e+00 0.000000000000000000e+00
5.169800000000000182e+03 5.656854249492380582e+00 0.000000000000000000e+00
5.170000000000000000e+03 5.656854249492380582e+00 0.000000000000000000e+00
5.170200000000000728e+03 4.000000000000000000e+00 0.000000000000000000e+00
5.170400000000000546e+03 5.656854249492380582e+00 0.000000000000000000e+00
5.170600000000000364e+03 4.000000000000000000e+00 0.000000000000000000e+00
5.170800000000000182e+03 4.000000000000000000e+00 0.000000000000000000e+00
5.171000000000000000e+03 5.656854249492380582e+00 0.000000000000000000e+00
5.171200000000000728e+03 5.656854249492380582e+00 0.000000000000000000e+00
5.171400000000000546e+03 4.000000000000000000e+00 0.000000000000000000e+00
5.171600000000000364e+03 5.656854249492380582e+00 0.000000000000000000e+00
5.171800000000000182e+03 4.000000000000000000e+00 0.000000000000000000e+00
5.172000000000000000e+03 4.000000000000000000e+00 1.849999900000000000e+11
5.172200000000000728e+03 5.656854249492380582e+00 1.849999900000000000e+11
5.172400000000000546e+03 5.656854249492380582e+00 1.850000000000000000e+11
5.172600000000000364e+03 4.000000000000000000e+00 1.849999900000000000e+11
5.172800000000000182e+03 4.000000000000000000e+00 1.850000000000000000e+11
5.173000000000000000e+03 4.000000000000000000e+00 1.850000000000000000e+11
5.173200000000000728e+03 4.000000000000000000e+00 1.850000000000000000e+11
5.173400000000000546e+03 4.000000000000000000e+00 1.849999900000000000e+11
5.173600000000000364e+03 5.656854249492380582e+00 1.850000000000000000e+11
5.173800000000000182e+03 5.656854249492380582e+00 1.850000000000000000e+11
5.174000000000000000e+03 4.000000000000000000e+00 1.850000000000000000e+11
5.174200000000000728e+03 4.000000000000000000e+00 1.850000000000000000e+11
5.174400000000000546e+03 4.000000000000000000e+00 1.850000000000000000e+11
5.174600000000000364e+03 5.656854249492380582e+00 1.849999900000000000e+11
5.174800000000000182e+03 5.656854249492380582e+00 1.849999900000000000e+11
5.175000000000000000e+03 4.000000000000000000e+00 1.849999900000000000e+11
5.175200000000000728e+03 5.656854249492380582e+00 1.849999900000000000e+11
5.175400000000000546e+03 4.000000000000000000e+00 1.849999900000000000e+11
5.175600000000000364e+03 4.000000000000000000e+00 1.849999900000000000e+11
5.175800000000000182e+03 4.000000000000000000e+00 1.850000000000000000e+11
5.176000000000000000e+03 5.656854249492380582e+00 0.000000000000000000e+00
5.176200000000000728e+03 4.000000000000000000e+00 0.000000000000000000e+00
5.176400000000000546e+03 5.656854249492380582e+00 0.000000000000000000e+00
5.176600000000000364e+03 4.000000000000000000e+00 0.000000000000000000e+00
5.176800000000000182e+03 4.000000000000000000e+00 0.000000000000000000e+00
5.177000000000000000e+03 4.000000000000000000e+00 0.000000000000000000e+00
5.177200000000000728e+03 5.656854249492380582e+00 0.000000000000000000e+00
5.177400000000000546e+03 4.000000000000000000e+00 0.000000000000000000e+00
5.177600000000000364e+03 5.656854249492380582e+00 0.000000000000000000e+00
5.177800000000000182e+03 4.000000000000000000e+00 0.000000000000000000e+00
5.178000000000000000e+03 4.000000000000000000e+00 0.000000000000000000e+00
5.178200000000000728e+03 5.656854249492380582e+00 0.000000000000000000e+00
5.178400000000000546e+03 5.656854249492380582e+00 0.000000000000000000e+00
5.178600000000000364e+03 5.656854249492380582e+00 0.000000000000000000e+00
5.178800000000000182e+03 5.656854249492380582e+00 0.000000000000000000e+00
5.179000000000000000e+03 4.000000000000000000e+00 0.000000000000000000e+00
5.179200000000000728e+03 4.000000000000000000e+00 0.000000000000000000e+00
5.179400000000000546e+03 4.000000000000000000e+00 0.000000000000000000e+00
5.179600000000000364e+03 5.656854249492380582e+00 0.000000000000000000e+00
5.179800000000000182e+03 5.656854249492380582e+00 0.000000000000000000e+00
5.180000000000000000e+03 4.000000000000000000e+00 1.850000000000000000e+11
5.180200000000000728e+03 5.656854249492380582e+00 1.849999900000000000e+11
5.180400000000000546e+03 4.000000000000000000e+00 1.850000000000000000e+11
5.180600000000000364e+03 4.000000000000000000e+00 1.850000000000000000e+11
5.180800000000000182e+03 5.656854249492380582e+00 1.849999900000000000e+11
5.181000000000000000e+03 5.656854249492380582e+00 1.850000000000000000e+11
5.181200000000000728e+03 4.000000000000000000e+00 1.850000000000000000e+11
5.181400000000000546e+03 4.000000000000000000e+00 1.849999900000000000e+11
5.181600000000000364e+03 4.000000000000000000e+00 1.849999900000000000e+11
5.181800000000000182e+03 4.000000000000000000e+00 1.849999900000000000e+11
5.182000000000000000e+03 4.000000000000000000e+00 1.850000000000000000e+11
5.182200000000000728e+03 5.656854249492380582e+00 1.850000000000000000e+11
5.182400000000000546e+03 4.000000000000000000e+00 1.850000000000000000e+11
5.182600000000000364e+03 4.000000000000000000e+00 1.850000000000000000e+11
5.182800000000000182e+03 4.000000000000000000e+00 1.849999900000000000e+11
5.183000000000000000e+03 4.000000000000000000e+00 1.850000000000000000e+11
5.183200000000000728e+03 5.656854249492380582e+00 1.850000000000000000e+11
5.183400000000000546e+03 5.656854249492380582e+00 1.850000000000000000e+11
5.183600000000000364e+03 4.000000000000000000e+00 1.849999900000000000e+11
5.183800000000000182e+03 4.000000000000000000e+00 1.850000000000000000e+11
5.184000000000000000e+03 4.000000000000000000e+00 0.000000000000000000e+00
5.184200000000000728e+03 4.000000000000000000e+00 0.000000000000000000e+00
5.184400000000000546e+03 4.000000000000000000e+00 0.000000000000000000e+00
5.184600000000000364e+03 5.656854249492380582e+00 0.000000000000000000e+00
5.184800000000000182e+03 5.656854249492380582e+00 0.000000000000000000e+00
5.185000000000000000e+03 4.000000000000000000e+00 0.000000000000000000e+00
5.185200000000000728e+03 4.000000000000000000e+00 0.000000000000000000e+00
5.185400000000000546e+03 4.000000000000000000e+00 0.000000000000000000e+00
5.185600000000000364e+03 4.000000000000000000e+00 0.000000000000000000e+00
5.185800000000000182e+03 5.656854249492380582e+00 0.000000000000000000e+00
5.186000000000000000e+03 5.656854249492380582e+00 0.000000000000000000e+00
5.186200000000000728e+03 4.000000000000000000e+00 0.000000000000000000e+00
5.186400000000000546e+03 4.000000000000000000e+00 0.000000000000000000e+00
5.186600000000000364e+03 4.000000000000000000e+00 0.000000000000000000e+00
5.186800000000000182e+03 4.000000000000000000e+00 0.000000000000000000e+00
5.187000000000000000e+03 5.656854249492380582e+00 0.000000000000000000e+00
5.187200000000000728e+03 5.656854249492380582e+00 0.000000000000000000e+00
5.187400000000000546e+03 4.000000000000000000e+00 0.000000000000000000e+00
5.187600000000000364e+03 4.000000000000000000e+00 0.000000000000000000e+00
5.187800000000000182e+03 4.000000000000000000e+00 0.000000000000000000e+00
5.188000000000000000e+03 5.656854249492380582e+00 1.850000000000000000e+11
5.188200000000000728e+03 5.656854249492380582e+00 1.849999900000000000e+11
5.188400000000000546e+03 5.656854249492380582e+00 1.849999900000000000e+11
5.188600000000000364e+03 4.000000000000000000e+00 1.849999900000000000e+11
5.188800000000000182e+03 4.000000000000000000e+00 1.850000000000000000e+11
5.189000000000000000e+03 4.000000000000000000e+00 1.850000000000000000e+11
5.189200000000000728e+03 4.000000000000000000e+00 1.850000000000000000e+11
5.189400000000000546e+03 5.656854249492380582e+00 1.850000000000000000e+11
5.189600000000000364e+03 5.656854249492380582e+00 1.849999900000000000e+11
5.189800000000000182e+03 4.000000000000000000e+00 1.849999900000000000e+11
5.190000000000000000e+03 4.000000000000000000e+00 1.850000000000000000e+11
5.190200000000000728e+03 4.000000000000000000e+00 1.849999900000000000e+11
5.190400000000000546e+03 4.000000000000000000e+00 1.849999900000000000e+11
5.190600000000000364e+03 5.656854249492380582e+00 1.849999900000000000e+11
5.190800000000000182e+03 5.656854249492380582e+00 1.849999900000000000e+11
5.191000000000000000e+03 4.000000000000000000e+00 1.849999900000000000e+11
5.191200000000000728e+03 4.000000000000000000e+00 1.850000000000000000e+11
5.191400000000000546e+03 4.000000000000000000e+00 1.849999900000000000e+11
5.191600000000000364e+03 5.656854249492380582e+00 1.850000000000000000e+11
5.191800000000000182e+03 4.000000000000000000e+00 1.849999900000000000e+11
5.192000000000000000e+03 5.656854249492380582e+00 0.000000000000000000e+00
5.192200000000000728e+03 5.656854249492380582e+00 0.000000000000000000e+00
5.192400000000000546e+03 4.000000000000000000e+00 0.000000000000000000e+00
5.192600000000000364e+03 4.000000000000000000e+00 0.000000000000000000e+00
5.192800000000000182e+03 5.656854249492380582e+00 0.000000000000000000e+00
5.193000000000000000e+03 4.000000000000000000e+00 0.000000000000000000e+00
5.193200000000000728e+03 5.656854249492380582e+00 0.000000000000000000e+00
5.193400000000000546e+03 5.656854249492380582e+00 0.000000000000000000e+00
5.193600000000000364e+03 4.000000000000000000e+00 0.000000000000000000e+00
5.193800000000000182e+03 4.000000000000000000e+00 0.000000000000000000e+00
5.194000000000000000e+03 4.000000000000000000e+00 0.000000000000000000e+00
5.194200000000000728e+03 4.000000000000000000e+00 0.000000000000000000e+00
5.194400000000000546e+03 5.656854249492380582e+00 0.000000000000000000e+00
5.194600000000000364e+03 5.656854249492380582e+00 0.000000000000000000e+00
5.194800000000000182e+03 4.000000000000000000e+00 0.000000000000000000e+00
5.195000000000000000e+03 4.000000000000000000e+00 0.000000000000000000e+00
5.195200000000000728e+03 5.656854249492380582e+00 0.000000000000000000e+00
5.195400000000000546e+03 4.000000000000000000e+00 0.000000000000000000e+00
5.195600000000000364e+03 5.656854249492380582e+00 0.000000000000000000e+00
5.195800000000000182e+03 5.656854249492380582e+00 0.000000000000000000e+00
5.196000000000000000e+03 4.000000000000000000e+00 1.849999900000000000e+11
5.196200000000000728e+03 4.000000000000000000e+00 1.849999900000000000e+11
5.196400000000000546e+03 4.000000000000000000e+00 1.850000000000000000e+11
5.196600000000000364e+03 4.000000000000000000e+00 1.850000000000000000e+11
5.196800000000000182e+03 4.000000000000000000e+00 1.850000000000000000e+11
5.197000000000000000e+03 5.656854249492380582e+00 1.850000000000000000e+11
5.197200000000000728e+03 4.000000000000000000e+00 1.849999900000000000e+11
5.197400000000000546e+03 4.000000000000000000e+00 1.850000000000000000e+11
5.197600000000000364e+03 4.000000000000000000e+00 1.849999900000000000e+11
5.197800000000000182e+03 5.656854249492380582e+00 1.849999900000000000e+11
5.198000000000000000e+03 5.656854249492380582e+00 1.850000000000000000e+11
5.198200000000000728e+03 5.656854249492380582e+00 1.849999900000000000e+11
5.198400000000000546e+03 5.656854249492380582e+00 1.850000000000000000e+11
5.198600000000000364e+03 4.000000000000000000e+00 1.850000000000000000e+11
5.198800000000000182e+03 4.000000000000000000e+00 1.850000000000000000e+11
5.199000000000000000e+03 5.656854249492380582e+00 1.849999900000000000e+11
5.199200000000000728e+03 5.656854249492380582e+00 1.849999900000000000e+11
5.199400000000000546e+03 5.656854249492380582e+00 1.849999900000000000e+11
5.199600000000000364e+03 4.000000000000000000e+00 1.850000000000000000e+11
5.199800000000000182e+03 4.000000000000000000e+00 1.849999900000000000e+11
