5.200000000000000000e+03 4.000000000000000000e+00 0.000000000000000000e+00
5.200200000000000728e+03 4.000000000000000000e+00 0.000000000000000000e+00
5.200400000000000546e+03 5.656854249492380582e+00 0.000000000000000000e+00
5.200600000000000364e+03 5.656854249492380582e+00 0.000000000000000000e+00
5.200800000000000182e+03 5.656854249492380582e+00 0.000000000000000000e+00
5.201000000000000000e+03 5.656854249492380582e+00 0.000000000000000000e+00
5.201200000000000728e+03 5.656854249492380582e+00 0.000000000000000000e+00
5.201400000000000546e+03 5.656854249492380582e+00 0.000000000000000000e+00
5.201600000000000364e+03 5.656854249492380582e+00 0.000000000000000000e+00
5.201800000000000182e+03 5.656854249492380582e+00 0.000000000000000000e+00
5.202000000000000000e+03 5.656854249492380582e+00 0.000000000000000000e+00
5.202200000000000728e+03 5.656854249492380582e+00 0.000000000000000000e+00
5.202400000000000546e+03 5.656854249492380582e+00 0.000000000000000000e+00
5.202600000000000364e+03 5.656854249492380582e+00 0.000000000000000000e+00
5.202800000000000182e+03 5.656854249492380582e+00 0.000000000000000000e+00
5.203000000000000000e+03 5.656854249492380582e+00 0.000000000000000000e+00
5.203200000000000728e+03 5.656854249492380582e+00 0.000000000000000000e+00
5.203400000000000546e+03 5.656854249492380582e+00 0.000000000000000000e+00
5.203600000000000364e+03 5.656854249492380582e+00 0.000000000000000000e+00
5.203800000000000182e+03 5.656854249492380582e+00 0.000000000000000000e+00
5.204000000000000000e+03 5.656854249492380582e+00 1.875000000000000000e+11
5.204200000000000728e+03 5.656854249492380582e+00 1.875000000000000000e+11
5.204400000000000546e+03 5.656854249492380582e+00 1.875000000000000000e+11
5.204600000000000364e+03 5.656854249492380582e+00 1.875000000000000000e+11
5.204800000000000182e+03 4.000000000000000000e+00 1.875000000000000000e+11
5.205000000000000000e+03 5.656854249492380582e+00 1.875000000000000000e+11
5.205200000000000728e+03 4.000000000000000000e+00 1.875000000000000000e+11
5.205400000000000546e+03 5.656854249492380582e+00 1.875000000000000000e+11
5.205600000000000364e+03 5.656854249492380582e+00 1.875000000000000000e+11
5.205800000000000182e+03 5.656854249492380582e+00 1.875000000000000000e+11
5.206000000000000000e+03 5.656854249492380582e+00 1.875000000000000000e+11
5.206200000000000728e+03 5.656854249492380582e+00 1.875000000000000000e+11
5.206400000000000546e+03 5.656854249492380582e+00 1.875000000000000000e+11
5.206600000000000364e+03 5.656854249492380582e+00 1.875000000000000000e+11
5.206800000000000182e+03 5.656854249492380582e+00 1.875000000000000000e+11
5.207000000000000000e+03 4.000000000000000000e+00 1.875000000000000000e+11
5.207200000000000728e+03 4.000000000000000000e+00 1.875000000000000000e+11
5.207400000000000546e+03 4.000000000000000000e+00 1.875000000000000000e+11
5.207600000000000364e+03 4.000000000000000000e+00 1.875000000000000000e+11
5.207800000000000182e+03 0.000000000000000000e+00 1.875000000000000000e+11
5.208000000000000000e+03 0.000000000000000000e+00 0.000000000000000000e+00
5.208200000000000728e+03 0.000000000000000000e+00 0.000000000000000000e+00
5.208400000000000546e+03 5.656854249492380582e+00 0.000000000000000000e+00
5.208600000000000364e+03 5.656854249492380582e+00 0.000000000000000000e+00
5.208800000000000182e+03 5.656854249492380582e+00 0.000000000000000000e+00
5.209000000000000000e+03 5.656854249492380582e+00 0.000000000000000000e+00
5.209200000000000728e+03 5.656854249492380582e+00 0.000000000000000000e+00
5.209400000000000546e+03 5.656854249492380582e+00 0.000000000000000000e+00
5.209600000000000364e+03 5.656854249492380582e+00 0.000000000000000000e+00
5.209800000000000182e+03 5.656854249492380582e+00 0.000000000000000000e+00
5.210000000000000000e+03 4.000000000000000000e+00 0.000000000000000000e+00
5.210200000000000728e+03 4.000000000000000000e+00 0.000000000000000000e+00
5.210400000000000546e+03 0.000000000000000000e+00 0.000000000000000000e+00
5.210600000000000364e+03 0.000000000000000000e+00 0.000000000000000000e+00
5.210800000000000182e+03 0.000000000000000000e+00 0.000000000000000000e+00
5.211000000000000000e+03 0.000000000000000000e+00 0.000000000000000000e+00
5.211200000000000728e+03 4.000000000000000000e+00 0.000000000000000000e+00
5.211400000000000546e+03 5.656854249492380582e+00 0.000000000000000000e+00
5.211600000000000364e+03 5.656854249492380582e+00 0.000000000000000000e+00
5.211800000000000182e+03 5.656854249492380582e+00 0.000000000000000000e+00
5.212000000000000000e+03 5.656854249492380582e+00 1.875000000000000000e+11
5.212200000000000728e+03 5.656854249492380582e+00 1.875000000000000000e+11
5.212400000000000546e+03 5.656854249492380582e+00 1.875000000000000000e+11
5.212600000000000364e+03 4.000000000000000000e+00 1.875000000000000000e+11
5.212800000000000182e+03 4.000000000000000000e+00 1.875000000000000000e+11
5.213000000000000000e+03 4.000000000000000000e+00 1.875000000000000000e+11
5.213200000000000728e+03 0.000000000000000000e+00 1.875000000000000000e+11
5.213400000000000546e+03 0.000000000000000000e+00 1.875000000000000000e+11
5.213600000000000364e+03 0.000000000000000000e+00 1.875000000000000000e+11
5.213800000000000182e+03 4.000000000000000000e+00 1.875000000000000000e+11
5.214000000000000000e+03 4.000000000000000000e+00 1.875000000000000000e+11
5.214200000000000728e+03 4.000000000000000000e+00 1.875000000000000000e+11
5.214400000000000546e+03 5.656854249492380582e+00 1.875000000000000000e+11
5.214600000000000364e+03 5.656854249492380582e+00 1.875000000000000000e+11
5.214800000000000182e+03 5.656854249492380582e+00 1.875000000000000000e+11
5.215000000000000000e+03 5.656854249492380582e+00 1.875000000000000000e+11
5.215200000000000728e+03 5.656854249492380582e+00 1.875000000000000000e+11
5.215400000000000546e+03 4.000000000000000000e+00 1.875000000000000000e+11
5.215600000000000364e+03 4.000000000000000000e+00 1.875000000000000000e+11
5.215800000000000182e+03 4.000000000000000000e+00 1.875000000000000000e+11
5.216000000000000000e+03 0.000000000000000000e+00 0.000000000000000000e+00
5.216200000000000728e+03 0.000000000000000000e+00 0.000000000000000000e+00
5.216400000000000546e+03 0.000000000000000000e+00 0.000000000000000000e+00
5.216600000000000364e+03 0.000000000000000000e+00 0.000000000000000000e+00
5.216800000000000182e+03 4.000000000000000000e+00 0.000000000000000000e+00
5.217000000000000000e+03 4.000000000000000000e+00 0.000000000000000000e+00
5.217200000000000728e+03 4.000000000000000000e+00 0.000000000000000000e+00
5.217400000000000546e+03 5.656854249492380582e+00 0.000000000000000000e+00
5.217600000000000364e+03 5.656854249492380582e+00 0.000000000000000000e+00
5.217800000000000182e+03 5.656854249492380582e+00 0.000000000000000000e+00
5.218000000000000000e+03 5.656854249492380582e+00 0.000000000000000000e+00
5.218200000000000728e+03 4.000000000000000000e+00 0.000000000000000000e+00
5.218400000000000546e+03 4.000000000000000000e+00 0.000000000000000000e+00
5.218600000000000364e+03 4.000000000000000000e+00 0.000000000000000000e+00
5.218800000000000182e+03 0.000000000000000000e+00 0.000000000000000000e+00
5.219000000000000000e+03 0.000000000000000000e+00 0.000000000000000000e+00
5.219200000000000728e+03 0.000000000000000000e+00 0.000000000000000000e+00
5.219400000000000546e+03 4.000000000000000000e+00 0.000000000000000000e+00
5.219600000000000364e+03 4.000000000000000000e+00 0.000000000000000000e+00
5.219800000000000182e+03 4.000000000000000000e+00 0.000000000000000000e+00
5.220000000000000000e+03 5.656854249492380582e+00 1.875000000000000000e+11
5.220200000000000728e+03 5.656854249492380582e+00 1.875000000000000000e+11
5.220400000000000546e+03 5.656854249492380582e+00 1.875000000000000000e+11
5.220600000000000364e+03 5.656854249492380582e+00 1.875000000000000000e+11
5.220800000000000182e+03 4.000000000000000000e+00 1.875000000000000000e+11
5.221000000000000000e+03 4.000000000000000000e+00 1.875000000000000000e+11
5.221200000000000728e+03 4.000000000000000000e+00 1.875000000000000000e+11
5.221400000000000546e+03 0.000000000000000000e+00 1.875000000000000000e+11
5.221600000000000364e+03 0.000000000000000000e+00 1.875000000000000000e+11
5.221800000000000182e+03 0.000000000000000000e+00 1.875000000000000000e+11
5.222000000000000000e+03 4.000000000000000000e+00 1.875000000000000000e+11
5.222200000000000728e+03 4.000000000000000000e+00 1.875000000000000000e+11
5.222400000000000546e+03 4.000000000000000000e+00 1.875000000000000000e+11
5.222600000000000364e+03 4.000000000000000000e+00 1.875000000000000000e+11
5.222800000000000182e+03 5.656854249492380582e+00 1.875000000000000000e+11
5.223000000000000000e+03 5.656854249492380582e+00 1.875000000000000000e+11
5.223200000000000728e+03 5.656854249492380582e+00 1.875000000000000000e+11
5.223400000000000546e+03 4.000000000000000000e+00 1.875000000000000000e+11
5.223600000000000364e+03 4.000000000000000000e+00 1.875000000000000000e+11
5.223800000000000182e+03 4.000000000000000000e+00 1.875000000000000000e+11
5.224000000000000000e+03 4.000000000000000000e+00 0.000000000000000000e+00
5.224200000000000728e+03 0.000000000000000000e+00 0.000000000000000000e+00
5.224400000000000546e+03 0.000000000000000000e+00 0.000000000000000000e+00
5.224600000000000364e+03 0.000000000000000000e+00 0.000000000000000000e+00
5.224800000000000182e+03 4.000000000000000000e+00 0.000000000000000000e+00
5.225000000000000000e+03 4.000000000000000000e+00 0.000000000000000000e+00
5.225200000000000728e+03 4.000000000000000000e+00 0.000000000000000000e+00
5.225400000000000546e+03 5.656854249492380582e+00 0.000000000000000000e+00
5.225600000000000364e+03 5.656854249492380582e+00 0.000000000000000000e+00
5.225800000000000182e+03 5.656854249492380582e+00 0.000000000000000000e+00
5.226000000000000000e+03 5.656854249492380582e+00 0.000000000000000000e+00
5.226200000000000728e+03 4.000000000000000000e+00 0.000000000000000000e+00
5.226400000000000546e+03 4.000000000000000000e+00 0.000000000000000000e+00
5.226600000000000364e+03 4.000000000000000000e+00 0.000000000000000000e+00
5.226800000000000182e+03 0.000000000000000000e+00 0.000000000000000000e+00
5.227000000000000000e+03 0.000000000000000000e+00 0.000000000000000000e+00
5.227200000000000728e+03 0.000000000000000000e+00 0.000000000000000000e+00
5.227400000000000546e+03 0.000000000000000000e+00 0.000000000000000000e+00
5.227600000000000364e+03 4.000000000000000000e+00 0.000000000000000000e+00
5.227800000000000182e+03 4.000000000000000000e+00 0.000000000000000000e+00
5.228000000000000000e+03 4.000000000000000000e+00 1.875000000000000000e+11
5.228200000000000728e+03 5.656854249492380582e+00 1.875000000000000000e+11
5.228400000000000546e+03 5.656854249492380582e+00 1.875000000000000000e+11
5.228600000000000364e+03 5.656854249492380582e+00 1.875000000000000000e+11
5.228800000000000182e+03 5.656854249492380582e+00 1.875000000000000000e+11
5.229000000000000000e+03 4.000000000000000000e+00 1.875000000000000000e+11
5.229200000000000728e+03 4.000000000000000000e+00 1.875000000000000000e+11
5.229400000000000546e+03 4.000000000000000000e+00 1.875000000000000000e+11
5.229600000000000364e+03 0.000000000000000000e+00 1.875000000000000000e+11
5.229800000000000182e+03 0.000000000000000000e+00 1.875000000000000000e+11
5.230000000000000000e+03 0.000000000000000000e+00 1.875000000000000000e+11
5.230200000000000728e+03 4.000000000000000000e+00 1.875000000000000000e+11
5.230400000000000546e+03 4.000000000000000000e+00 1.875000000000000000e+11
5.230600000000000364e+03 4.000000000000000000e+00 1.875000000000000000e+11
5.230800000000000182e+03 4.000000000000000000e+00 1.875000000000000000e+11
5.231000000000000000e+03 5.656854249492380582e+00 1.875000000000000000e+11
5.231200000000000728e+03 5.656854249492380582e+00 1.875000000000000000e+11
5.231400000000000546e+03 5.656854249492380582e+00 1.875000000000000000e+11
5.231600000000000364e+03 4.000000000000000000e+00 1.875000000000000000e+11
5.231800000000000182e+03 4.000000000000000000e+00 1.875000000000000000e+11
5.232000000000000000e+03 4.000000000000000000e+00 0.000000000000000000e+00
5.232200000000000728e+03 4.000000000000000000e+00 0.000000000000000000e+00
5.232400000000000546e+03 0.000000000000000000e+00 0.000000000000000000e+00
5.232600000000000364e+03 0.000000000000000000e+00 0.000000000000000000e+00
5.232800000000000182e+03 0.000000000000000000e+00 0.000000000000000000e+00
5.233000000000000000e+03 4.000000000000000000e+00 0.000000000000000000e+00
5.233200000000000728e+03 4.000000000000000000e+00 0.000000000000000000e+00
5.233400000000000546e+03 4.000000000000000000e+00 0.000000000000000000e+00
5.233600000000000364e+03 5.656854249492380582e+00 0.000000000000000000e+00
5.233800000000000182e+03 5.656854249492380582e+00 0.000000000000000000e+00
5.234000000000000000e+03 5.656854249492380582e+00 0.000000000000000000e+00
5.234200000000000728e+03 5.656854249492380582e+00 0.000000000000000000e+00
5.234400000000000546e+03 4.000000000000000000e+00 0.000000000000000000e+00
5.234600000000000364e+03 4.000000000000000000e+00 0.000000000000000000e+00
5.234800000000000182e+03 4.000000000000000000e+00 0.000000000000000000e+00
5.235000000000000000e+03 0.000000000000000000e+00 0.000000000000000000e+00
5.235200000000000728e+03 0.000000000000000000e+00 0.000000000000000000e+00
5.235400000000000546e+03 0.000000000000000000e+00 0.000000000000000000e+00
5.235600000000000364e+03 0.000000000000000000e+00 0.000000000000000000e+00
5.235800000000000182e+03 4.000000000000000000e+00 0.000000000000000000e+00
5.236000000000000000e+03 4.000000000000000000e+00 1.875000000000000000e+11
5.236200000000000728e+03 4.000000000000000000e+00 1.875000000000000000e+11
5.236400000000000546e+03 5.656854249492380582e+00 1.875000000000000000e+11
5.236600000000000364e+03 5.656854249492380582e+00 1.875000000000000000e+11
5.236800000000000182e+03 5.656854249492380582e+00 1.875000000000000000e+11
5.237000000000000000e+03 4.000000000000000000e+00 1.875000000000000000e+11
5.237200000000000728e+03 4.000000000000000000e+00 1.875000000000000000e+11
5.237400000000000546e+03 4.000000000000000000e+00 1.875000000000000000e+11
5.237600000000000364e+03 4.000000000000000000e+00 1.875000000000000000e+11
5.237800000000000182e+03 0.000000000000000000e+00 1.875000000000000000e+11
5.238000000000000000e+03 0.000000000000000000e+00 1.875000000000000000e+11
5.238200000000000728e+03 0.000000000000000000e+00 1.875000000000000000e+11
5.238400000000000546e+03 4.000000000000000000e+00 1.875000000000000000e+11
5.238600000000000364e+03 4.000000000000000000e+00 1.875000000000000000e+11
5.238800000000000182e+03 4.000000000000000000e+00 1.875000000000000000e+11
5.239000000000000000e+03 4.000000000000000000e+00 1.875000000000000000e+11
5.239200000000000728e+03 5.656854249492380582e+00 1.875000000000000000e+11
5.239400000000000546e+03 5.656854249492380582e+00 1.875000000000000000e+11
5.239600000000000364e+03 5.656854249492380582e+00 1.875000000000000000e+11
5.239800000000000182e+03 4.000000000000000000e+00 1.875000000000000000e+11
5.240000000000000000e+03 4.000000000000000000e+00 0.000000000000000000e+00
5.240200000000000728e+03 4.000000000000000000e+00 0.000000000000000000e+00
5.240400000000000546e+03 0.000000000000000000e+00 0.000000000000000000e+00
5.240600000000000364e+03 0.000000000000000000e+00 0.000000000000000000e+00
5.240800000000000182e+03 0.000000000000000000e+00 0.000000000000000000e+00
5.241000000000000000e+03 0.000000000000000000e+00 0.000000000000000000e+00
5.241200000000000728e+03 4.000000000000000000e+00 0.000000000000000000e+00
5.241400000000000546e+03 4.000000000000000000e+00 0.000000000000000000e+00
5.241600000000000364e+03 4.000000000000000000e+00 0.000000000000000000e+00
5.241800000000000182e+03 5.656854249492380582e+00 0.000000000000000000e+00
5.242000000000000000e+03 5.656854249492380582e+00 0.000000000000000000e+00
5.242200000000000728e+03 5.656854249492380582e+00 0.000000000000000000e+00
5.242400000000000546e+03 5.656854249492380582e+00 0.000000000000000000e+00
5.242600000000000364e+03 4.000000000000000000e+00 0.000000000000000000e+00
5.242800000000000182e+03 4.000000000000000000e+00 0.000000000000000000e+00
5.243000000000000000e+03 4.000000000000000000e+00 0.000000000000000000e+00
5.243200000000000728e+03 0.000000000000000000e+00 0.000000000000000000e+00
5.243400000000000546e+03 0.000000000000000000e+00 0.000000000000000000e+00
5.243600000000000364e+03 0.000000000000000000e+00 0.000000000000000000e+00
5.243800000000000182e+03 4.000000000000000000e+00 0.000000000000000000e+00
5.244000000000000000e+03 4.000000000000000000e+00 1.875000000000000000e+11
5.244200000000000728e+03 4.000000000000000000e+00 1.875000000000000000e+11
5.244400000000000546e+03 4.000000000000000000e+00 1.875000000000000000e+11
5.244600000000000364e+03 5.656854249492380582e+00 1.875000000000000000e+11
5.244800000000000182e+03 5.656854249492380582e+00 1.875000000000000000e+11
5.245000000000000000e+03 5.656854249492380582e+00 1.875000000000000000e+11
5.245200000000000728e+03 4.000000000000000000e+00 1.875000000000000000e+11
5.245400000000000546e+03 4.000000000000000000e+00 1.875000000000000000e+11
5.245600000000000364e+03 4.000000000000000000e+00 1.875000000000000000e+11
5.245800000000000182e+03 4.000000000000000000e+00 1.875000000000000000e+11
5.246000000000000000e+03 0.000000000000000000e+00 1.875000000000000000e+11
5.246200000000000728e+03 0.000000000000000000e+00 1.875000000000000000e+11
5.246400000000000546e+03 0.000000000000000000e+00 1.875000000000000000e+11
5.246600000000000364e+03 4.000000000000000000e+00 1.875000000000000000e+11
5.246800000000000182e+03 4.000000000000000000e+00 1.875000000000000000e+11
5.247000000000000000e+03 4.000000000000000000e+00 1.875000000000000000e+11
5.247200000000000728e+03 5.656854249492380582e+00 1.875000000000000000e+11
5.247400000000000546e+03 5.656854249492380582e+00 1.875000000000000000e+11
5.247600000000000364e+03 5.656854249492380582e+00 1.875000000000000000e+11
5.247800000000000182e+03 5.656854249492380582e+00 1.875000000000000000e+11
5.248000000000000000e+03 4.000000000000000000e+00 0.000000000000000000e+00
5.248200000000000728e+03 4.000000000000000000e+00 0.000000000000000000e+00
5.248400000000000546e+03 4.000000000000000000e+00 0.000000000000000000e+00
5.248600000000000364e+03 0.000000000000000000e+00 0.000000000000000000e+00
5.248800000000000182e+03 0.000000000000000000e+00 0.000000000000000000e+00
5.249000000000000000e+03 0.000000000000000000e+00 0.000000000000000000e+00
5.249200000000000728e+03 0.000000000000000000e+00 0.000000000000000000e+00
5.249400000000000546e+03 4.000000000000000000e+00 0.000000000000000000e+00
5.249600000000000364e+03 4.000000000000000000e+00 0.000000000000000000e+00
5.249800000000000182e+03 4.000000000000000000e+00 0.000000000000000000e+00
5.250000000000000000e+03 5.656854249492380582e+00 0.000000000000000000e+00
5.250200000000000728e+03 5.656854249492380582e+00 0.000000000000000000e+00
5.250400000000000546e+03 5.656854249492380582e+00 0.000000000000000000e+00
5.250600000000000364e+03 4.000000000000000000e+00 0.000000000000000000e+00
5.250800000000000182e+03 4.000000000000000000e+00 0.000000000000000000e+00
5.251000000000000000e+03 4.000000000000000000e+00 0.000000000000000000e+00
5.251200000000000728e+03 4.000000000000000000e+00 0.000000000000000000e+00
5.251400000000000546e+03 0.000000000000000000e+00 0.000000000000000000e+00
5.251600000000000364e+03 0.000000000000000000e+00 0.000000000000000000e+00
5.251800000000000182e+03 0.000000000000000000e+00 0.000000000000000000e+00
5.252000000000000000e+03 4.000000000000000000e+00 1.875000000000000000e+11
5.252200000000000728e+03 4.000000000000000000e+00 1.875000000000000000e+11
5.252400000000000546e+03 4.000000000000000000e+00 1.875000000000000000e+11
5.252600000000000364e+03 4.000000000000000000e+00 1.875000000000000000e+11
5.252800000000000182e+03 5.656854249492380582e+00 1.875000000000000000e+11
5.253000000000000000e+03 5.656854249492380582e+00 1.875000000000000000e+11
5.253200000000000728e+03 5.656854249492380582e+00 1.875000000000000000e+11
5.253400000000000546e+03 4.000000000000000000e+00 1.875000000000000000e+11
5.253600000000000364e+03 4.000000000000000000e+00 1.875000000000000000e+11
5.253800000000000182e+03 4.000000000000000000e+00 1.875000000000000000e+11
5.254000000000000000e+03 0.000000000000000000e+00 1.875000000000000000e+11
5.254200000000000728e+03 0.000000000000000000e+00 1.875000000000000000e+11
5.254400000000000546e+03 0.000000000000000000e+00 1.875000000000000000e+11
5.254600000000000364e+03 0.000000000000000000e+00 1.875000000000000000e+11
5.254800000000000182e+03 4.000000000000000000e+00 1.875000000000000000e+11
5.255000000000000000e+03 4.000000000000000000e+00 1.875000000000000000e+11
5.255200000000000728e+03 4.000000000000000000e+00 1.875000000000000000e+11
5.255400000000000546e+03 5.656854249492380582e+00 1.875000000000000000e+11
5.255600000000000364e+03 5.656854249492380582e+00 1.875000000000000000e+11
5.255800000000000182e+03 5.656854249492380582e+00 1.875000000000000000e+11
5.256000000000000000e+03 5.656854249492380582e+00 0.000000000000000000e+00
5.256200000000000728e+03 4.000000000000000000e+00 0.000000000000000000e+00
5.256400000000000546e+03 4.000000000000000000e+00 0.000000000000000000e+00
5.256600000000000364e+03 4.000000000000000000e+00 0.000000000000000000e+00
5.256800000000000182e+03 0.000000000000000000e+00 0.000000000000000000e+00
5.257000000000000000e+03 0.000000000000000000e+00 0.000000000000000000e+00
5.257200000000000728e+03 0.000000000000000000e+00 0.000000000000000000e+00
5.257400000000000546e+03 4.000000000000000000e+00 0.000000000000000000e+00
5.257600000000000364e+03 4.000000000000000000e+00 0.000000000000000000e+00
5.257800000000000182e+03 4.000000000000000000e+00 0.000000000000000000e+00
5.258000000000000000e+03 4.000000000000000000e+00 0.000000000000000000e+00
5.258200000000000728e+03 5.656854249492380582e+00 0.000000000000000000e+00
5.258400000000000546e+03 5.656854249492380582e+00 0.000000000000000000e+00
5.258600000000000364e+03 5.656854249492380582e+00 0.000000000000000000e+00
5.258800000000000182e+03 4.000000000000000000e+00 0.000000000000000000e+00
5.259000000000000000e+03 4.000000000000000000e+00 0.000000000000000000e+00
5.259200000000000728e+03 4.000000000000000000e+00 0.000000000000000000e+00
5.259400000000000546e+03 4.000000000000000000e+00 0.000000000000000000e+00
5.259600000000000364e+03 0.000000000000000000e+00 0.000000000000000000e+00
5.259800000000000182e+03 0.000000000000000000e+00 0.000000000000000000e+00
5.260000000000000000e+03 0.000000000000000000e+00 1.875000000000000000e+11
5.260200000000000728e+03 4.000000000000000000e+00 1.875000000000000000e+11
5.260400000000000546e+03 4.000000000000000000e+00 1.875000000000000000e+11
5.260600000000000364e+03 4.000000000000000000e+00 1.875000000000000000e+11
5.260800000000000182e+03 5.656854249492380582e+00 1.875000000000000000e+11
5.261000000000000000e+03 5.656854249492380582e+00 1.875000000000000000e+11
5.261200000000000728e+03 5.656854249492380582e+00 1.875000000000000000e+11
5.261400000000000546e+03 5.656854249492380582e+00 1.875000000000000000e+11
5.261600000000000364e+03 4.000000000000000000e+00 1.875000000000000000e+11
5.261800000000000182e+03 4.000000000000000000e+00 1.875000000000000000e+11
5.262000000000000000e+03 4.000000000000000000e+00 1.875000000000000000e+11
5.262200000000000728e+03 0.000000000000000000e+00 1.875000000000000000e+11
5.262400000000000546e+03 0.000000000000000000e+00 1.875000000000000000e+11
5.262600000000000364e+03 0.000000000000000000e+00 1.875000000000000000e+11
5.262800000000000182e+03 0.000000000000000000e+00 1.875000000000000000e+11
5.263000000000000000e+03 4.000000000000000000e+00 1.875000000000000000e+11
5.263200000000000728e+03 4.000000000000000000e+00 1.875000000000000000e+11
5.263400000000000546e+03 4.000000000000000000e+00 1.875000000000000000e+11
5.263600000000000364e+03 5.656854249492380582e+00 1.875000000000000000e+11
5.263800000000000182e+03 5.656854249492380582e+00 1.875000000000000000e+11
5.264000000000000000e+03 5.656854249492380582e+00 0.000000000000000000e+00
5.264200000000000728e+03 5.656854249492380582e+00 0.000000000000000000e+00
5.264400000000000546e+03 4.000000000000000000e+00 0.000000000000000000e+00
5.264600000000000364e+03 4.000000000000000000e+00 0.000000000000000000e+00
5.264800000000000182e+03 4.000000000000000000e+00 0.000000000000000000e+00
5.265000000000000000e+03 0.000000000000000000e+00 0.000000000000000000e+00
5.265200000000000728e+03 0.000000000000000000e+00 0.000000000000000000e+00
5.265400000000000546e+03 0.000000000000000000e+00 0.000000000000000000e+00
5.265600000000000364e+03 4.000000000000000000e+00 0.000000000000000000e+00
5.265800000000000182e+03 4.000000000000000000e+00 0.000000000000000000e+00
5.266000000000000000e+03 4.000000000000000000e+00 0.000000000000000000e+00
5.266200000000000728e+03 4.000000000000000000e+00 0.000000000000000000e+00
5.266400000000000546e+03 5.656854249492380582e+00 0.000000000000000000e+00
5.266600000000000364e+03 5.656854249492380582e+00 0.000000000000000000e+00
5.266800000000000182e+03 5.656854249492380582e+00 0.000000000000000000e+00
5.267000000000000000e+03 4.000000000000000000e+00 0.000000000000000000e+00
5.267200000000000728e+03 4.000000000000000000e+00 0.000000000000000000e+00
5.267400000000000546e+03 4.000000000000000000e+00 0.000000000000000000e+00
5.267600000000000364e+03 4.000000000000000000e+00 0.000000000000000000e+00
5.267800000000000182e+03 0.000000000000000000e+00 0.000000000000000000e+00
5.268000000000000000e+03 0.000000000000000000e+00 1.875000000000000000e+11
5.268200000000000728e+03 0.000000000000000000e+00 1.875000000000000000e+11
5.268400000000000546e+03 4.000000000000000000e+00 1.875000000000000000e+11
5.268600000000000364e+03 4.000000000000000000e+00 1.875000000000000000e+11
5.268800000000000182e+03 4.000000000000000000e+00 1.875000000000000000e+11
5.269000000000000000e+03 5.656854249492380582e+00 1.875000000000000000e+11
5.269200000000000728e+03 5.656854249492380582e+00 1.875000000000000000e+11
5.269400000000000546e+03 5.656854249492380582e+00 1.875000000000000000e+11
5.269600000000000364e+03 5.656854249492380582e+00 1.875000000000000000e+11
5.269800000000000182e+03 4.000000000000000000e+00 1.875000000000000000e+11
5.270000000000000000e+03 4.000000000000000000e+00 1.875000000000000000e+11
5.270200000000000728e+03 4.000000000000000000e+00 1.875000000000000000e+11
5.270400000000000546e+03 0.000000000000000000e+00 1.875000000000000000e+11
5.270600000000000364e+03 0.000000000000000000e+00 1.875000000000000000e+11
5.270800000000000182e+03 0.000000000000000000e+00 1.875000000000000000e+11
5.271000000000000000e+03 0.000000000000000000e+00 1.875000000000000000e+11
5.271200000000000728e+03 4.000000000000000000e+00 1.875000000000000000e+11
5.271400000000000546e+03 4.000000000000000000e+00 1.875000000000000000e+11
5.271600000000000364e+03 4.000000000000000000e+00 1.875000000000000000e+11
5.271800000000000182e+03 5.656854249492380582e+00 1.875000000000000000e+11
5.272000000000000000e+03 5.656854249492380582e+00 0.000000000000000000e+00
5.272200000000000728e+03 5.656854249492380582e+00 0.000000000000000000e+00
5.272400000000000546e+03 5.656854249492380582e+00 0.000000000000000000e+00
5.272600000000000364e+03 4.000000000000000000e+00 0.000000000000000000e+00
5.272800000000000182e+03 4.000000000000000000e+00 0.000000000000000000e+00
5.273000000000000000e+03 4.000000000000000000e+00 0.000000000000000000e+00
5.273200000000000728e+03 0.000000000000000000e+00 0.000000000000000000e+00
5.273400000000000546e+03 0.000000000000000000e+00 0.000000000000000000e+00
5.273600000000000364e+03 0.000000000000000000e+00 0.000000000000000000e+00
5.273800000000000182e+03 0.000000000000000000e+00 0.000000000000000000e+00
5.274000000000000000e+03 4.000000000000000000e+00 0.000000000000000000e+00
5.274200000000000728e+03 4.000000000000000000e+00 0.000000000000000000e+00
5.274400000000000546e+03 4.000000000000000000e+00 0.000000000000000000e+00
5.274600000000000364e+03 4.000000000000000000e+00 0.000000000000000000e+00
5.274800000000000182e+03 5.656854249492380582e+00 0.000000000000000000e+00
5.275000000000000000e+03 5.656854249492380582e+00 0.000000000000000000e+00
5.275200000000000728e+03 5.656854249492380582e+00 0.000000000000000000e+00
5.275400000000000546e+03 4.000000000000000000e+00 0.000000000000000000e+00
5.275600000000000364e+03 4.000000000000000000e+00 0.000000000000000000e+00
5.275800000000000182e+03 4.000000000000000000e+00 0.000000000000000000e+00
5.276000000000000000e+03 4.000000000000000000e+00 1.875000000000000000e+11
5.276200000000000728e+03 0.000000000000000000e+00 1.875000000000000000e+11
5.276400000000000546e+03 0.000000000000000000e+00 1.875000000000000000e+11
5.276600000000000364e+03 0.000000000000000000e+00 1.875000000000000000e+11
5.276800000000000182e+03 4.000000000000000000e+00 1.875000000000000000e+11
5.277000000000000000e+03 4.000000000000000000e+00 1.875000000000000000e+11
5.277200000000000728e+03 4.000000000000000000e+00 1.875000000000000000e+11
5.277400000000000546e+03 4.000000000000000000e+00 1.875000000000000000e+11
5.277600000000000364e+03 5.656854249492380582e+00 1.875000000000000000e+11
5.277800000000000182e+03 5.656854249492380582e+00 1.875000000000000000e+11
5.278000000000000000e+03 5.656854249492380582e+00 1.875000000000000000e+11
5.278200000000000728e+03 5.656854249492380582e+00 1.875000000000000000e+11
5.278400000000000546e+03 4.000000000000000000e+00 1.875000000000000000e+11
5.278600000000000364e+03 4.000000000000000000e+00 1.875000000000000000e+11
5.278800000000000182e+03 4.000000000000000000e+00 1.875000000000000000e+11
5.279000000000000000e+03 4.000000000000000000e+00 1.875000000000000000e+11
5.279200000000000728e+03 4.000000000000000000e+00 1.875000000000000000e+11
5.279400000000000546e+03 0.000000000000000000e+00 1.875000000000000000e+11
5.279600000000000364e+03 4.000000000000000000e+00 1.875000000000000000e+11
5.279800000000000182e+03 4.000000000000000000e+00 1.875000000000000000e+11
5.280000000000000000e+03 5.656854249492380582e+00 0.000000000000000000e+00
5.280200000000000728e+03 8.944271909999159220e+00 0.000000000000000000e+00
5.280400000000000546e+03 8.000000000000000000e+00 0.000000000000000000e+00
5.280600000000000364e+03 8.944271909999159220e+00 0.000000000000000000e+00
5.280800000000000182e+03 8.944271909999159220e+00 0.000000000000000000e+00
5.281000000000000000e+03 8.944271909999159220e+00 0.000000000000000000e+00
5.281200000000000728e+03 8.944271909999159220e+00 0.000000000000000000e+00
5.281400000000000546e+03 8.000000000000000000e+00 0.000000000000000000e+00
5.281600000000000364e+03 8.000000000000000000e+00 0.000000000000000000e+00
5.281800000000000182e+03 5.656854249492380582e+00 0.000000000000000000e+00
5.282000000000000000e+03 5.656854249492380582e+00 0.000000000000000000e+00
5.282200000000000728e+03 4.000000000000000000e+00 0.000000000000000000e+00
5.282400000000000546e+03 4.000000000000000000e+00 0.000000000000000000e+00
5.282600000000000364e+03 4.000000000000000000e+00 0.000000000000000000e+00
5.282800000000000182e+03 4.000000000000000000e+00 0.000000000000000000e+00
5.283000000000000000e+03 5.656854249492380582e+00 0.000000000000000000e+00
5.283200000000000728e+03 4.000000000000000000e+00 0.000000000000000000e+00
5.283400000000000546e+03 8.000000000000000000e+00 0.000000000000000000e+00
5.283600000000000364e+03 8.944271909999159220e+00 0.000000000000000000e+00
5.283800000000000182e+03 8.944271909999159220e+00 0.000000000000000000e+00
5.284000000000000000e+03 5.656854249492380582e+00 1.875000000000000000e+11
5.284200000000000728e+03 8.944271909999159220e+00 1.875000000000000000e+11
5.284400000000000546e+03 8.000000000000000000e+00 1.875000000000000000e+11
5.284600000000000364e+03 8.000000000000000000e+00 1.875000000000000000e+11
5.284800000000000182e+03 8.944271909999159220e+00 1.875000000000000000e+11
5.285000000000000000e+03 5.656854249492380582e+00 1.875000000000000000e+11
5.285200000000000728e+03 8.000000000000000000e+00 1.875000000000000000e+11
5.285400000000000546e+03 5.656854249492380582e+00 1.875000000000000000e+11
5.285600000000000364e+03 8.944271909999159220e+00 1.875000000000000000e+11
5.285800000000000182e+03 8.000000000000000000e+00 1.875000000000000000e+11
5.286000000000000000e+03 8.944271909999159220e+00 1.875000000000000000e+11
5.286200000000000728e+03 1.131370849898476116e+01 1.875000000000000000e+11
5.286400000000000546e+03 1.264911064067351809e+01 1.875000000000000000e+11
5.286600000000000364e+03 1.600000000000000000e+01 1.875000000000000000e+11
5.286800000000000182e+03 1.788854381999831844e+01 1.875000000000000000e+11
5.287000000000000000e+03 2.000000000000000000e+01 1.875000000000000000e+11
5.287200000000000728e+03 2.332380757938120297e+01 1.875000000000000000e+11
5.287400000000000546e+03 2.433105012119287736e+01 1.875000000000000000e+11
5.287600000000000364e+03 2.433105012119287736e+01 1.875000000000000000e+11
5.287800000000000182e+03 2.561249694973139412e+01 1.875000000000000000e+11
5.288000000000000000e+03 2.332380757938120297e+01 0.000000000000000000e+00
5.288200000000000728e+03 2.433105012119287736e+01 0.000000000000000000e+00
5.288400000000000546e+03 2.154065922853801496e+01 0.000000000000000000e+00
5.288600000000000364e+03 2.262741699796952233e+01 0.000000000000000000e+00
5.288800000000000182e+03 2.154065922853801496e+01 0.000000000000000000e+00
5.289000000000000000e+03 2.433105012119287736e+01 0.000000000000000000e+00
5.289200000000000728e+03 2.332380757938120297e+01 0.000000000000000000e+00
5.289400000000000546e+03 2.332380757938120297e+01 0.000000000000000000e+00
5.289600000000000364e+03 2.433105012119287736e+01 0.000000000000000000e+00
5.289800000000000182e+03 2.828427124746190202e+01 0.000000000000000000e+00
5.290000000000000000e+03 2.884441020371191300e+01 0.000000000000000000e+00
5.290200000000000728e+03 2.561249694973139412e+01 0.000000000000000000e+00
5.290400000000000546e+03 2.529822128134703618e+01 0.000000000000000000e+00
5.290600000000000364e+03 2.433105012119287736e+01 0.000000000000000000e+00
5.290800000000000182e+03 2.332380757938120297e+01 0.000000000000000000e+00
5.291000000000000000e+03 2.332380757938120297e+01 0.000000000000000000e+00
5.291200000000000728e+03 2.039607805437113797e+01 0.000000000000000000e+00
5.291400000000000546e+03 2.039607805437113797e+01 0.000000000000000000e+00
5.291600000000000364e+03 2.000000000000000000e+01 0.000000000000000000e+00
5.291800000000000182e+03 2.154065922853801496e+01 0.000000000000000000e+00
5.292000000000000000e+03 2.000000000000000000e+01 1.875000000000000000e+11
5.292200000000000728e+03 2.332380757938120297e+01 1.875000000000000000e+11
5.292400000000000546e+03 2.561249694973139412e+01 1.875000000000000000e+11
5.292600000000000364e+03 2.912043955712207222e+01 1.875000000000000000e+11
5.292800000000000182e+03 3.224903099319419653e+01 1.875000000000000000e+11
5.293000000000000000e+03 3.577708763999663688e+01 1.875000000000000000e+11
5.293200000000000728e+03 3.687817782917154830e+01 1.875000000000000000e+11
5.293400000000000546e+03 4.176122603564220270e+01 1.875000000000000000e+11
5.293600000000000364e+03 4.418144406874904462e+01 1.875000000000000000e+11
5.293800000000000182e+03 4.833218389437828932e+01 1.875000000000000000e+11
5.294000000000000000e+03 5.122499389946278825e+01 1.875000000000000000e+11
5.294200000000000728e+03 5.440588203494177577e+01 1.875000000000000000e+11
5.294400000000000546e+03 5.656854249492380404e+01 1.875000000000000000e+11
5.294600000000000364e+03 6.324555320336758513e+01 1.875000000000000000e+11
5.294800000000000182e+03 6.657326790837295505e+01 1.875000000000000000e+11
5.295000000000000000e+03 7.244308110509933840e+01 1.875000000000000000e+11
5.295200000000000728e+03 7.969943538068510236e+01 1.875000000000000000e+11
5.295400000000000546e+03 8.772684879784523559e+01 1.875000000000000000e+11
5.295600000000000364e+03 9.666436778875657865e+01 1.875000000000000000e+11
5.295800000000000182e+03 1.080000000000000000e+02 1.875000000000000000e+11
5.296000000000000000e+03 1.145425685062108272e+02 0.000000000000000000e+00
5.296200000000000728e+03 1.162755348299890699e+02 0.000000000000000000e+00
5.296400000000000546e+03 1.126410227226297849e+02 0.000000000000000000e+00
5.296600000000000364e+03 1.131370849898476081e+02 0.000000000000000000e+00
5.296800000000000182e+03 1.098362417419678536e+02 0.000000000000000000e+00
5.297000000000000000e+03 1.043072384832423865e+02 0.000000000000000000e+00
5.297200000000000728e+03 1.046900186264192030e+02 0.000000000000000000e+00
5.297400000000000546e+03 1.011928851253881447e+02 0.000000000000000000e+00
5.297600000000000364e+03 1.018233764908628416e+02 0.000000000000000000e+00
5.297800000000000182e+03 1.025280449438103716e+02 0.000000000000000000e+00
5.298000000000000000e+03 1.003194896318756264e+02 0.000000000000000000e+00
5.298200000000000728e+03 1.022154587134451020e+02 0.000000000000000000e+00
5.298400000000000546e+03 1.032279032045115201e+02 0.000000000000000000e+00
5.298600000000000364e+03 1.019803902718556969e+02 0.000000000000000000e+00
5.298800000000000182e+03 1.028396810574595293e+02 0.000000000000000000e+00
5.299000000000000000e+03 1.000000000000000000e+02 0.000000000000000000e+00
5.299200000000000728e+03 1.002397126891333414e+02 0.000000000000000000e+00
5.299400000000000546e+03 1.003194896318756264e+02 0.000000000000000000e+00
5.299600000000000364e+03 9.740636529508736885e+01 0.000000000000000000e+00
5.299800000000000182e+03 9.616652224137045835e+01 0.000000000000000000e+00
5.300000000000000000e+03 9.363759928575700542e+01 1.875000000000000000e+11
5.300200000000000728e+03 1.003194896318756264e+02 1.875000000000000000e+11
5.300400000000000546e+03 1.056787585089832504e+02 1.875000000000000000e+11
5.300600000000000364e+03 1.176435293588219366e+02 1.875000000000000000e+11
5.300800000000000182e+03 1.256025477448606580e+02 1.875000000000000000e+11
5.301000000000000000e+03 1.379275171965333300e+02 1.875000000000000000e+11
5.301200000000000728e+03 1.501465950329876762e+02 1.875000000000000000e+11
5.301400000000000546e+03 1.596997182214170437e+02 1.875000000000000000e+11
5.301600000000000364e+03 1.353513945255090505e+02 1.875000000000000000e+11
5.301800000000000182e+03 1.273106437027163906e+02 1.875000000000000000e+11
5.302000000000000000e+03 1.151694403911037483e+02 1.875000000000000000e+11
5.302200000000000728e+03 1.003194896318756264e+02 1.875000000000000000e+11
5.302400000000000546e+03 9.130169768410661391e+01 1.875000000000000000e+11
5.302600000000000364e+03 8.323460818673925132e+01 1.875000000000000000e+11
5.302800000000000182e+03 7.766595135579039777e+01 1.875000000000000000e+11
5.303000000000000000e+03 6.985699678629191567e+01 1.875000000000000000e+11
5.303200000000000728e+03 6.560487786742690730e+01 1.875000000000000000e+11
5.303400000000000546e+03 5.905929224093360119e+01 1.875000000000000000e+11
5.303600000000000364e+03 5.656854249492380404e+01 1.875000000000000000e+11
5.303800000000000182e+03 5.059644256269407236e+01 1.875000000000000000e+11
5.304000000000000000e+03 4.560701700396551672e+01 0.000000000000000000e+00
5.304200000000000728e+03 4.664761515876240594e+01 0.000000000000000000e+00
5.304400000000000546e+03 4.418144406874904462e+01 0.000000000000000000e+00
5.304600000000000364e+03 4.560701700396551672e+01 0.000000000000000000e+00
5.304800000000000182e+03 4.252058325093859992e+01 0.000000000000000000e+00
5.305000000000000000e+03 4.118252056394800320e+01 0.000000000000000000e+00
5.305200000000000728e+03 4.000000000000000000e+01 0.000000000000000000e+00
5.305400000000000546e+03 3.939543120718441571e+01 0.000000000000000000e+00
5.305600000000000364e+03 3.687817782917154830e+01 0.000000000000000000e+00
5.305800000000000182e+03 3.794733192202055250e+01 0.000000000000000000e+00
5.306000000000000000e+03 4.079215610874227593e+01 0.000000000000000000e+00
5.306200000000000728e+03 3.773592452822641263e+01 0.000000000000000000e+00
5.306400000000000546e+03 4.118252056394800320e+01 0.000000000000000000e+00
5.306600000000000364e+03 4.079215610874227593e+01 0.000000000000000000e+00
5.306800000000000182e+03 4.079215610874227593e+01 0.000000000000000000e+00
5.307000000000000000e+03 4.326661530556787483e+01 0.000000000000000000e+00
5.307200000000000728e+03 4.326661530556787483e+01 0.000000000000000000e+00
5.307400000000000546e+03 4.079215610874227593e+01 0.000000000000000000e+00
5.307600000000000364e+03 4.079215610874227593e+01 0.000000000000000000e+00
5.307800000000000182e+03 4.000000000000000000e+01 0.000000000000000000e+00
5.308000000000000000e+03 3.773592452822641263e+01 1.875000000000000000e+11
5.308200000000000728e+03 3.224903099319419653e+01 1.875000000000000000e+11
5.308400000000000546e+03 2.912043955712207222e+01 1.875000000000000000e+11
5.308600000000000364e+03 2.561249694973139412e+01 1.875000000000000000e+11
5.308800000000000182e+03 2.154065922853801496e+01 1.875000000000000000e+11
5.309000000000000000e+03 2.000000000000000000e+01 1.875000000000000000e+11
5.309200000000000728e+03 2.000000000000000000e+01 1.875000000000000000e+11
5.309400000000000546e+03 2.000000000000000000e+01 1.875000000000000000e+11
5.309600000000000364e+03 2.039607805437113797e+01 1.875000000000000000e+11
5.309800000000000182e+03 1.649242250247064234e+01 1.875000000000000000e+11
5.310000000000000000e+03 1.788854381999831844e+01 1.875000000000000000e+11
5.310200000000000728e+03 1.697056274847713908e+01 1.875000000000000000e+11
5.310400000000000546e+03 1.264911064067351809e+01 1.875000000000000000e+11
5.310600000000000364e+03 1.200000000000000000e+01 1.875000000000000000e+11
5.310800000000000182e+03 1.264911064067351809e+01 1.875000000000000000e+11
5.311000000000000000e+03 8.944271909999159220e+00 1.875000000000000000e+11
5.311200000000000728e+03 5.656854249492380582e+00 1.875000000000000000e+11
5.311400000000000546e+03 4.000000000000000000e+00 1.875000000000000000e+11
5.311600000000000364e+03 4.000000000000000000e+00 1.875000000000000000e+11
5.311800000000000182e+03 4.000000000000000000e+00 1.875000000000000000e+11
5.312000000000000000e+03 4.000000000000000000e+00 0.000000000000000000e+00
5.312200000000000728e+03 5.656854249492380582e+00 0.000000000000000000e+00
5.312400000000000546e+03 5.656854249492380582e+00 0.000000000000000000e+00
5.312600000000000364e+03 8.000000000000000000e+00 0.000000000000000000e+00
5.312800000000000182e+03 8.000000000000000000e+00 0.000000000000000000e+00
5.313000000000000000e+03 8.944271909999159220e+00 0.000000000000000000e+00
5.313200000000000728e+03 5.656854249492380582e+00 0.000000000000000000e+00
5.313400000000000546e+03 8.944271909999159220e+00 0.000000000000000000e+00
5.313600000000000364e+03 8.944271909999159220e+00 0.000000000000000000e+00
5.313800000000000182e+03 8.000000000000000000e+00 0.000000000000000000e+00
5.314000000000000000e+03 4.000000000000000000e+00 0.000000000000000000e+00
5.314200000000000728e+03 5.656854249492380582e+00 0.000000000000000000e+00
5.314400000000000546e+03 4.000000000000000000e+00 0.000000000000000000e+00
5.314600000000000364e+03 4.000000000000000000e+00 0.000000000000000000e+00
5.314800000000000182e+03 0.000000000000000000e+00 0.000000000000000000e+00
5.315000000000000000e+03 4.000000000000000000e+00 0.000000000000000000e+00
5.315200000000000728e+03 5.656854249492380582e+00 0.000000000000000000e+00
5.315400000000000546e+03 5.656854249492380582e+00 0.000000000000000000e+00
5.315600000000000364e+03 4.000000000000000000e+00 0.000000000000000000e+00
5.315800000000000182e+03 8.000000000000000000e+00 0.000000000000000000e+00
5.316000000000000000e+03 8.944271909999159220e+00 1.875000000000000000e+11
5.316200000000000728e+03 5.656854249492380582e+00 1.875000000000000000e+11
5.316400000000000546e+03 5.656854249492380582e+00 1.875000000000000000e+11
5.316600000000000364e+03 5.656854249492380582e+00 1.875000000000000000e+11
5.316800000000000182e+03 4.000000000000000000e+00 1.875000000000000000e+11
5.317000000000000000e+03 4.000000000000000000e+00 1.875000000000000000e+11
5.317200000000000728e+03 4.000000000000000000e+00 1.875000000000000000e+11
5.317400000000000546e+03 4.000000000000000000e+00 1.875000000000000000e+11
5.317600000000000364e+03 0.000000000000000000e+00 1.875000000000000000e+11
5.317800000000000182e+03 0.000000000000000000e+00 1.875000000000000000e+11
5.318000000000000000e+03 0.000000000000000000e+00 1.875000000000000000e+11
5.318200000000000728e+03 0.000000000000000000e+00 1.875000000000000000e+11
5.318400000000000546e+03 4.000000000000000000e+00 1.875000000000000000e+11
5.318600000000000364e+03 4.000000000000000000e+00 1.875000000000000000e+11
5.318800000000000182e+03 4.000000000000000000e+00 1.875000000000000000e+11
5.319000000000000000e+03 5.656854249492380582e+00 1.875000000000000000e+11
5.319200000000000728e+03 5.656854249492380582e+00 1.875000000000000000e+11
5.319400000000000546e+03 5.656854249492380582e+00 1.875000000000000000e+11
5.319600000000000364e+03 5.656854249492380582e+00 1.875000000000000000e+11
5.319800000000000182e+03 4.000000000000000000e+00 1.875000000000000000e+11
5.320000000000000000e+03 4.000000000000000000e+00 0.000000000000000000e+00
5.320200000000000728e+03 4.000000000000000000e+00 0.000000000000000000e+00
5.320400000000000546e+03 0.000000000000000000e+00 0.000000000000000000e+00
5.320600000000000364e+03 0.000000000000000000e+00 0.000000000000000000e+00
5.320800000000000182e+03 0.000000000000000000e+00 0.000000000000000000e+00
5.321000000000000000e+03 0.000000000000000000e+00 0.000000000000000000e+00
5.321200000000000728e+03 4.000000000000000000e+00 0.000000000000000000e+00
5.321400000000000546e+03 4.000000000000000000e+00 0.000000000000000000e+00
5.321600000000000364e+03 4.000000000000000000e+00 0.000000000000000000e+00
5.321800000000000182e+03 5.656854249492380582e+00 0.000000000000000000e+00
5.322000000000000000e+03 5.656854249492380582e+00 0.000000000000000000e+00
5.322200000000000728e+03 5.656854249492380582e+00 0.000000000000000000e+00
5.322400000000000546e+03 5.656854249492380582e+00 0.000000000000000000e+00
5.322600000000000364e+03 4.000000000000000000e+00 0.000000000000000000e+00
5.322800000000000182e+03 4.000000000000000000e+00 0.000000000000000000e+00
5.323000000000000000e+03 4.000000000000000000e+00 0.000000000000000000e+00
5.323200000000000728e+03 0.000000000000000000e+00 0.000000000000000000e+00
5.323400000000000546e+03 0.000000000000000000e+00 0.000000000000000000e+00
5.323600000000000364e+03 0.000000000000000000e+00 0.000000000000000000e+00
5.323800000000000182e+03 4.000000000000000000e+00 0.000000000000000000e+00
5.324000000000000000e+03 4.000000000000000000e+00 1.875000000000000000e+11
5.324200000000000728e+03 4.000000000000000000e+00 1.875000000000000000e+11
5.324400000000000546e+03 4.000000000000000000e+00 1.875000000000000000e+11
5.324600000000000364e+03 5.656854249492380582e+00 1.875000000000000000e+11
5.324800000000000182e+03 5.656854249492380582e+00 1.875000000000000000e+11
5.325000000000000000e+03 5.656854249492380582e+00 1.875000000000000000e+11
5.325200000000000728e+03 4.000000000000000000e+00 1.875000000000000000e+11
5.325400000000000546e+03 4.000000000000000000e+00 1.875000000000000000e+11
5.325600000000000364e+03 4.000000000000000000e+00 1.875000000000000000e+11
5.325800000000000182e+03 4.000000000000000000e+00 1.875000000000000000e+11
5.326000000000000000e+03 0.000000000000000000e+00 1.875000000000000000e+11
5.326200000000000728e+03 0.000000000000000000e+00 1.875000000000000000e+11
5.326400000000000546e+03 0.000000000000000000e+00 1.875000000000000000e+11
5.326600000000000364e+03 4.000000000000000000e+00 1.875000000000000000e+11
5.326800000000000182e+03 4.000000000000000000e+00 1.875000000000000000e+11
5.327000000000000000e+03 4.000000000000000000e+00 1.875000000000000000e+11
5.327200000000000728e+03 4.000000000000000000e+00 1.875000000000000000e+11
5.327400000000000546e+03 5.656854249492380582e+00 1.875000000000000000e+11
5.327600000000000364e+03 5.656854249492380582e+00 1.875000000000000000e+11
5.327800000000000182e+03 5.656854249492380582e+00 1.875000000000000000e+11
5.328000000000000000e+03 4.000000000000000000e+00 0.000000000000000000e+00
5.328200000000000728e+03 4.000000000000000000e+00 0.000000000000000000e+00
5.328400000000000546e+03 4.000000000000000000e+00 0.000000000000000000e+00
5.328600000000000364e+03 0.000000000000000000e+00 0.000000000000000000e+00
5.328800000000000182e+03 0.000000000000000000e+00 0.000000000000000000e+00
5.329000000000000000e+03 0.000000000000000000e+00 0.000000000000000000e+00
5.329200000000000728e+03 0.000000000000000000e+00 0.000000000000000000e+00
5.329400000000000546e+03 4.000000000000000000e+00 0.000000000000000000e+00
5.329600000000000364e+03 4.000000000000000000e+00 0.000000000000000000e+00
5.329800000000000182e+03 4.000000000000000000e+00 0.000000000000000000e+00
5.330000000000000000e+03 5.656854249492380582e+00 0.000000000000000000e+00
5.330200000000000728e+03 5.656854249492380582e+00 0.000000000000000000e+00
5.330400000000000546e+03 5.656854249492380582e+00 0.000000000000000000e+00
5.330600000000000364e+03 5.656854249492380582e+00 0.000000000000000000e+00
5.330800000000000182e+03 4.000000000000000000e+00 0.000000000000000000e+00
5.331000000000000000e+03 4.000000000000000000e+00 0.000000000000000000e+00
5.331200000000000728e+03 4.000000000000000000e+00 0.000000000000000000e+00
5.331400000000000546e+03 0.000000000000000000e+00 0.000000000000000000e+00
5.331600000000000364e+03 0.000000000000000000e+00 0.000000000000000000e+00
5.331800000000000182e+03 0.000000000000000000e+00 0.000000000000000000e+00
5.332000000000000000e+03 4.000000000000000000e+00 1.875000000000000000e+11
5.332200000000000728e+03 4.000000000000000000e+00 1.875000000000000000e+11
5.332400000000000546e+03 4.000000000000000000e+00 1.875000000000000000e+11
5.332600000000000364e+03 4.000000000000000000e+00 1.875000000000000000e+11
5.332800000000000182e+03 5.656854249492380582e+00 1.875000000000000000e+11
5.333000000000000000e+03 5.656854249492380582e+00 1.875000000000000000e+11
5.333200000000000728e+03 5.656854249492380582e+00 1.875000000000000000e+11
5.333400000000000546e+03 4.000000000000000000e+00 1.875000000000000000e+11
5.333600000000000364e+03 4.000000000000000000e+00 1.875000000000000000e+11
5.333800000000000182e+03 4.000000000000000000e+00 1.875000000000000000e+11
5.334000000000000000e+03 4.000000000000000000e+00 1.875000000000000000e+11
5.334200000000000728e+03 0.000000000000000000e+00 1.875000000000000000e+11
5.334400000000000546e+03 0.000000000000000000e+00 1.875000000000000000e+11
5.334600000000000364e+03 0.000000000000000000e+00 1.875000000000000000e+11
5.334800000000000182e+03 4.000000000000000000e+00 1.875000000000000000e+11
5.335000000000000000e+03 4.000000000000000000e+00 1.875000000000000000e+11
5.335200000000000728e+03 4.000000000000000000e+00 1.875000000000000000e+11
5.335400000000000546e+03 4.000000000000000000e+00 1.875000000000000000e+11
5.335600000000000364e+03 5.656854249492380582e+00 1.875000000000000000e+11
5.335800000000000182e+03 5.656854249492380582e+00 1.875000000000000000e+11
5.336000000000000000e+03 5.656854249492380582e+00 0.000000000000000000e+00
5.336200000000000728e+03 4.000000000000000000e+00 0.000000000000000000e+00
5.336400000000000546e+03 4.000000000000000000e+00 0.000000000000000000e+00
5.336600000000000364e+03 4.000000000000000000e+00 0.000000000000000000e+00
5.336800000000000182e+03 0.000000000000000000e+00 0.000000000000000000e+00
5.337000000000000000e+03 0.000000000000000000e+00 0.000000000000000000e+00
5.337200000000000728e+03 0.000000000000000000e+00 0.000000000000000000e+00
5.337400000000000546e+03 0.000000000000000000e+00 0.000000000000000000e+00
5.337600000000000364e+03 4.000000000000000000e+00 0.000000000000000000e+00
5.337800000000000182e+03 4.000000000000000000e+00 0.000000000000000000e+00
5.338000000000000000e+03 4.000000000000000000e+00 0.000000000000000000e+00
5.338200000000000728e+03 5.656854249492380582e+00 0.000000000000000000e+00
5.338400000000000546e+03 5.656854249492380582e+00 0.000000000000000000e+00
5.338600000000000364e+03 5.656854249492380582e+00 0.000000000000000000e+00
5.338800000000000182e+03 5.656854249492380582e+00 0.000000000000000000e+00
5.339000000000000000e+03 4.000000000000000000e+00 0.000000000000000000e+00
5.339200000000000728e+03 4.000000000000000000e+00 0.000000000000000000e+00
5.339400000000000546e+03 4.000000000000000000e+00 0.000000000000000000e+00
5.339600000000000364e+03 0.000000000000000000e+00 0.000000000000000000e+00
5.339800000000000182e+03 0.000000000000000000e+00 0.000000000000000000e+00
5.340000000000000000e+03 0.000000000000000000e+00 1.875000000000000000e+11
5.340200000000000728e+03 4.000000000000000000e+00 1.875000000000000000e+11
5.340400000000000546e+03 4.000000000000000000e+00 1.875000000000000000e+11
5.340600000000000364e+03 4.000000000000000000e+00 1.875000000000000000e+11
5.340800000000000182e+03 4.000000000000000000e+00 1.875000000000000000e+11
5.341000000000000000e+03 5.656854249492380582e+00 1.875000000000000000e+11
5.341200000000000728e+03 5.656854249492380582e+00 1.875000000000000000e+11
5.341400000000000546e+03 5.656854249492380582e+00 1.875000000000000000e+11
5.341600000000000364e+03 4.000000000000000000e+00 1.875000000000000000e+11
5.341800000000000182e+03 4.000000000000000000e+00 1.875000000000000000e+11
5.342000000000000000e+03 4.000000000000000000e+00 1.875000000000000000e+11
5.342200000000000728e+03 4.000000000000000000e+00 1.875000000000000000e+11
5.342400000000000546e+03 0.000000000000000000e+00 1.875000000000000000e+11
5.342600000000000364e+03 0.000000000000000000e+00 1.875000000000000000e+11
5.342800000000000182e+03 0.000000000000000000e+00 1.875000000000000000e+11
5.343000000000000000e+03 4.000000000000000000e+00 1.875000000000000000e+11
5.343200000000000728e+03 4.000000000000000000e+00 1.875000000000000000e+11
5.343400000000000546e+03 4.000000000000000000e+00 1.875000000000000000e+11
5.343600000000000364e+03 4.000000000000000000e+00 1.875000000000000000e+11
5.343800000000000182e+03 5.656854249492380582e+00 1.875000000000000000e+11
5.344000000000000000e+03 5.656854249492380582e+00 0.000000000000000000e+00
5.344200000000000728e+03 5.656854249492380582e+00 0.000000000000000000e+00
5.344400000000000546e+03 4.000000000000000000e+00 0.000000000000000000e+00
5.344600000000000364e+03 4.000000000000000000e+00 0.000000000000000000e+00
5.344800000000000182e+03 4.000000000000000000e+00 0.000000000000000000e+00
5.345000000000000000e+03 0.000000000000000000e+00 0.000000000000000000e+00
5.345200000000000728e+03 0.000000000000000000e+00 0.000000000000000000e+00
5.345400000000000546e+03 0.000000000000000000e+00 0.000000000000000000e+00
5.345600000000000364e+03 0.000000000000000000e+00 0.000000000000000000e+00
5.345800000000000182e+03 4.000000000000000000e+00 0.000000000000000000e+00
5.346000000000000000e+03 4.000000000000000000e+00 0.000000000000000000e+00
5.346200000000000728e+03 4.000000000000000000e+00 0.000000000000000000e+00
5.346400000000000546e+03 5.656854249492380582e+00 0.000000000000000000e+00
5.346600000000000364e+03 5.656854249492380582e+00 0.000000000000000000e+00
5.346800000000000182e+03 5.656854249492380582e+00 0.000000000000000000e+00
5.347000000000000000e+03 5.656854249492380582e+00 0.000000000000000000e+00
5.347200000000000728e+03 4.000000000000000000e+00 0.000000000000000000e+00
5.347400000000000546e+03 4.000000000000000000e+00 0.000000000000000000e+00
5.347600000000000364e+03 4.000000000000000000e+00 0.000000000000000000e+00
5.347800000000000182e+03 0.000000000000000000e+00 0.000000000000000000e+00
5.348000000000000000e+03 0.000000000000000000e+00 1.875000000000000000e+11
5.348200000000000728e+03 0.000000000000000000e+00 1.875000000000000000e+11
5.348400000000000546e+03 4.000000000000000000e+00 1.875000000000000000e+11
5.348600000000000364e+03 4.000000000000000000e+00 1.875000000000000000e+11
5.348800000000000182e+03 4.000000000000000000e+00 1.875000000000000000e+11
5.349000000000000000e+03 4.000000000000000000e+00 1.875000000000000000e+11
5.349200000000000728e+03 5.656854249492380582e+00 1.875000000000000000e+11
5.349400000000000546e+03 5.656854249492380582e+00 1.875000000000000000e+11
5.349600000000000364e+03 5.656854249492380582e+00 1.875000000000000000e+11
5.349800000000000182e+03 4.000000000000000000e+00 1.875000000000000000e+11
5.350000000000000000e+03 4.000000000000000000e+00 1.875000000000000000e+11
5.350200000000000728e+03 4.000000000000000000e+00 1.875000000000000000e+11
5.350400000000000546e+03 4.000000000000000000e+00 1.875000000000000000e+11
5.350600000000000364e+03 0.000000000000000000e+00 1.875000000000000000e+11
5.350800000000000182e+03 0.000000000000000000e+00 1.875000000000000000e+11
5.351000000000000000e+03 0.000000000000000000e+00 1.875000000000000000e+11
5.351200000000000728e+03 4.000000000000000000e+00 1.875000000000000000e+11
5.351400000000000546e+03 4.000000000000000000e+00 1.875000000000000000e+11
5.351600000000000364e+03 4.000000000000000000e+00 1.875000000000000000e+11
5.351800000000000182e+03 5.656854249492380582e+00 1.875000000000000000e+11
5.352000000000000000e+03 5.656854249492380582e+00 0.000000000000000000e+00
5.352200000000000728e+03 5.656854249492380582e+00 0.000000000000000000e+00
5.352400000000000546e+03 5.656854249492380582e+00 0.000000000000000000e+00
5.352600000000000364e+03 4.000000000000000000e+00 0.000000000000000000e+00
5.352800000000000182e+03 4.000000000000000000e+00 0.000000000000000000e+00
5.353000000000000000e+03 4.000000000000000000e+00 0.000000000000000000e+00
5.353200000000000728e+03 0.000000000000000000e+00 0.000000000000000000e+00
5.353400000000000546e+03 0.000000000000000000e+00 0.000000000000000000e+00
5.353600000000000364e+03 0.000000000000000000e+00 0.000000000000000000e+00
5.353800000000000182e+03 0.000000000000000000e+00 0.000000000000000000e+00
5.354000000000000000e+03 4.000000000000000000e+00 0.000000000000000000e+00
5.354200000000000728e+03 4.000000000000000000e+00 0.000000000000000000e+00
5.354400000000000546e+03 4.000000000000000000e+00 0.000000000000000000e+00
5.354600000000000364e+03 5.656854249492380582e+00 0.000000000000000000e+00
5.354800000000000182e+03 5.656854249492380582e+00 0.000000000000000000e+00
5.355000000000000000e+03 5.656854249492380582e+00 0.000000000000000000e+00
5.355200000000000728e+03 5.656854249492380582e+00 0.000000000000000000e+00
5.355400000000000546e+03 4.000000000000000000e+00 0.000000000000000000e+00
5.355600000000000364e+03 4.000000000000000000e+00 0.000000000000000000e+00
5.355800000000000182e+03 4.000000000000000000e+00 0.000000000000000000e+00
5.356000000000000000e+03 0.000000000000000000e+00 1.875000000000000000e+11
5.356200000000000728e+03 0.000000000000000000e+00 1.875000000000000000e+11
5.356400000000000546e+03 0.000000000000000000e+00 1.875000000000000000e+11
5.356600000000000364e+03 4.000000000000000000e+00 1.875000000000000000e+11
5.356800000000000182e+03 4.000000000000000000e+00 1.875000000000000000e+11
5.357000000000000000e+03 4.000000000000000000e+00 1.875000000000000000e+11
5.357200000000000728e+03 4.000000000000000000e+00 1.875000000000000000e+11
5.357400000000000546e+03 5.656854249492380582e+00 1.875000000000000000e+11
5.357600000000000364e+03 5.656854249492380582e+00 1.875000000000000000e+11
5.357800000000000182e+03 5.656854249492380582e+00 1.875000000000000000e+11
5.358000000000000000e+03 4.000000000000000000e+00 1.875000000000000000e+11
5.358200000000000728e+03 4.000000000000000000e+00 1.875000000000000000e+11
5.358400000000000546e+03 4.000000000000000000e+00 1.875000000000000000e+11
5.358600000000000364e+03 4.000000000000000000e+00 1.875000000000000000e+11
5.358800000000000182e+03 0.000000000000000000e+00 1.875000000000000000e+11
5.359000000000000000e+03 0.000000000000000000e+00 1.875000000000000000e+11
5.359200000000000728e+03 4.000000000000000000e+00 1.875000000000000000e+11
5.359400000000000546e+03 4.000000000000000000e+00 1.875000000000000000e+11
5.359600000000000364e+03 4.000000000000000000e+00 1.875000000000000000e+11
5.359800000000000182e+03 4.000000000000000000e+00 1.875000000000000000e+11
5.360000000000000000e+03 5.656854249492380582e+00 0.000000000000000000e+00
5.360200000000000728e+03 5.656854249492380582e+00 0.000000000000000000e+00
5.360400000000000546e+03 5.656854249492380582e+00 0.000000000000000000e+00
5.360600000000000364e+03 4.000000000000000000e+00 0.000000000000000000e+00
5.360800000000000182e+03 4.000000000000000000e+00 0.000000000000000000e+00
5.361000000000000000e+03 4.000000000000000000e+00 0.000000000000000000e+00
5.361200000000000728e+03 4.000000000000000000e+00 0.000000000000000000e+00
5.361400000000000546e+03 0.000000000000000000e+00 0.000000000000000000e+00
5.361600000000000364e+03 0.000000000000000000e+00 0.000000000000000000e+00
5.361800000000000182e+03 4.000000000000000000e+00 0.000000000000000000e+00
5.362000000000000000e+03 4.000000000000000000e+00 0.000000000000000000e+00
5.362200000000000728e+03 4.000000000000000000e+00 0.000000000000000000e+00
5.362400000000000546e+03 4.000000000000000000e+00 0.000000000000000000e+00
5.362600000000000364e+03 5.656854249492380582e+00 0.000000000000000000e+00
5.362800000000000182e+03 5.656854249492380582e+00 0.000000000000000000e+00
5.363000000000000000e+03 5.656854249492380582e+00 0.000000000000000000e+00
5.363200000000000728e+03 5.656854249492380582e+00 0.000000000000000000e+00
5.363400000000000546e+03 5.656854249492380582e+00 0.000000000000000000e+00
5.363600000000000364e+03 4.000000000000000000e+00 0.000000000000000000e+00
5.363800000000000182e+03 4.000000000000000000e+00 0.000000000000000000e+00
5.364000000000000000e+03 4.000000000000000000e+00 1.875000000000000000e+11
5.364200000000000728e+03 4.000000000000000000e+00 1.875000000000000000e+11
5.364400000000000546e+03 4.000000000000000000e+00 1.875000000000000000e+11
5.364600000000000364e+03 4.000000000000000000e+00 1.875000000000000000e+11
5.364800000000000182e+03 4.000000000000000000e+00 1.875000000000000000e+11
5.365000000000000000e+03 4.000000000000000000e+00 1.875000000000000000e+11
5.365200000000000728e+03 4.000000000000000000e+00 1.875000000000000000e+11
5.365400000000000546e+03 4.000000000000000000e+00 1.875000000000000000e+11
5.365600000000000364e+03 4.000000000000000000e+00 1.875000000000000000e+11
5.365800000000000182e+03 5.656854249492380582e+00 1.875000000000000000e+11
5.366000000000000000e+03 5.656854249492380582e+00 1.875000000000000000e+11
5.366200000000000728e+03 5.656854249492380582e+00 1.875000000000000000e+11
5.366400000000000546e+03 4.000000000000000000e+00 1.875000000000000000e+11
5.366600000000000364e+03 4.000000000000000000e+00 1.875000000000000000e+11
5.366800000000000182e+03 4.000000000000000000e+00 1.875000000000000000e+11
5.367000000000000000e+03 4.000000000000000000e+00 1.875000000000000000e+11
5.367200000000000728e+03 4.000000000000000000e+00 1.875000000000000000e+11
5.367400000000000546e+03 5.656854249492380582e+00 1.875000000000000000e+11
5.367600000000000364e+03 5.656854249492380582e+00 1.875000000000000000e+11
5.367800000000000182e+03 4.000000000000000000e+00 1.875000000000000000e+11
5.368000000000000000e+03 4.000000000000000000e+00 0.000000000000000000e+00
5.368200000000000728e+03 5.656854249492380582e+00 0.000000000000000000e+00
5.368400000000000546e+03 4.000000000000000000e+00 0.000000000000000000e+00
5.368600000000000364e+03 5.656854249492380582e+00 0.000000000000000000e+00
5.368800000000000182e+03 5.656854249492380582e+00 0.000000000000000000e+00
5.369000000000000000e+03 4.000000000000000000e+00 0.000000000000000000e+00
5.369200000000000728e+03 4.000000000000000000e+00 0.000000000000000000e+00
5.369400000000000546e+03 4.000000000000000000e+00 0.000000000000000000e+00
5.369600000000000364e+03 4.000000000000000000e+00 0.000000000000000000e+00
5.369800000000000182e+03 5.656854249492380582e+00 0.000000000000000000e+00
5.370000000000000000e+03 4.000000000000000000e+00 0.000000000000000000e+00
5.370200000000000728e+03 4.000000000000000000e+00 0.000000000000000000e+00
5.370400000000000546e+03 4.000000000000000000e+00 0.000000000000000000e+00
5.370600000000000364e+03 4.000000000000000000e+00 0.000000000000000000e+00
5.370800000000000182e+03 5.656854249492380582e+00 0.000000000000000000e+00
5.371000000000000000e+03 5.656854249492380582e+00 0.000000000000000000e+00
5.371200000000000728e+03 5.656854249492380582e+00 0.000000000000000000e+00
5.371400000000000546e+03 5.656854249492380582e+00 0.000000000000000000e+00
5.371600000000000364e+03 4.000000000000000000e+00 0.000000000000000000e+00
5.371800000000000182e+03 4.000000000000000000e+00 0.000000000000000000e+00
5.372000000000000000e+03 4.000000000000000000e+00 1.875000000000000000e+11
5.372200000000000728e+03 5.656854249492380582e+00 1.875000000000000000e+11
5.372400000000000546e+03 4.000000000000000000e+00 1.875000000000000000e+11
5.372600000000000364e+03 4.000000000000000000e+00 1.875000000000000000e+11
5.372800000000000182e+03 4.000000000000000000e+00 1.875000000000000000e+11
5.373000000000000000e+03 4.000000000000000000e+00 1.875000000000000000e+11
5.373200000000000728e+03 4.000000000000000000e+00 1.875000000000000000e+11
5.373400000000000546e+03 5.656854249492380582e+00 1.875000000000000000e+11
5.373600000000000364e+03 5.656854249492380582e+00 1.875000000000000000e+11
5.373800000000000182e+03 4.000000000000000000e+00 1.875000000000000000e+11
5.374000000000000000e+03 4.000000000000000000e+00 1.875000000000000000e+11
5.374200000000000728e+03 4.000000000000000000e+00 1.875000000000000000e+11
5.374400000000000546e+03 4.000000000000000000e+00 1.875000000000000000e+11
5.374600000000000364e+03 5.656854249492380582e+00 1.875000000000000000e+11
5.374800000000000182e+03 5.656854249492380582e+00 1.875000000000000000e+11
5.375000000000000000e+03 4.000000000000000000e+00 1.875000000000000000e+11
5.375200000000000728e+03 4.000000000000000000e+00 1.875000000000000000e+11
5.375400000000000546e+03 4.000000000000000000e+00 1.875000000000000000e+11
5.375600000000000364e+03 4.000000000000000000e+00 1.875000000000000000e+11
5.375800000000000182e+03 5.656854249492380582e+00 1.875000000000000000e+11
5.376000000000000000e+03 4.000000000000000000e+00 0.000000000000000000e+00
5.376200000000000728e+03 4.000000000000000000e+00 0.000000000000000000e+00
5.376400000000000546e+03 4.000000000000000000e+00 0.000000000000000000e+00
5.376600000000000364e+03 4.000000000000000000e+00 0.000000000000000000e+00
5.376800000000000182e+03 5.656854249492380582e+00 0.000000000000000000e+00
5.377000000000000000e+03 5.656854249492380582e+00 0.000000000000000000e+00
5.377200000000000728e+03 5.656854249492380582e+00 0.000000000000000000e+00
5.377400000000000546e+03 4.000000000000000000e+00 0.000000000000000000e+00
5.377600000000000364e+03 4.000000000000000000e+00 0.000000000000000000e+00
5.377800000000000182e+03 4.000000000000000000e+00 0.000000000000000000e+00
5.378000000000000000e+03 4.000000000000000000e+00 0.000000000000000000e+00
5.378200000000000728e+03 4.000000000000000000e+00 0.000000000000000000e+00
5.378400000000000546e+03 5.656854249492380582e+00 0.000000000000000000e+00
5.378600000000000364e+03 5.656854249492380582e+00 0.000000000000000000e+00
5.378800000000000182e+03 4.000000000000000000e+00 0.000000000000000000e+00
5.379000000000000000e+03 4.000000000000000000e+00 0.000000000000000000e+00
5.379200000000000728e+03 5.656854249492380582e+00 0.000000000000000000e+00
5.379400000000000546e+03 4.000000000000000000e+00 0.000000000000000000e+00
5.379600000000000364e+03 5.656854249492380582e+00 0.000000000000000000e+00
5.379800000000000182e+03 5.656854249492380582e+00 0.000000000000000000e+00
5.380000000000000000e+03 4.000000000000000000e+00 1.875000000000000000e+11
5.380200000000000728e+03 4.000000000000000000e+00 1.875000000000000000e+11
5.380400000000000546e+03 4.000000000000000000e+00 1.875000000000000000e+11
5.380600000000000364e+03 4.000000000000000000e+00 1.875000000000000000e+11
5.380800000000000182e+03 5.656854249492380582e+00 1.875000000000000000e+11
5.381000000000000000e+03 4.000000000000000000e+00 1.875000000000000000e+11
5.381200000000000728e+03 4.000000000000000000e+00 1.875000000000000000e+11
5.381400000000000546e+03 4.000000000000000000e+00 1.875000000000000000e+11
5.381600000000000364e+03 4.000000000000000000e+00 1.875000000000000000e+11
5.381800000000000182e+03 5.656854249492380582e+00 1.875000000000000000e+11
5.382000000000000000e+03 5.656854249492380582e+00 1.875000000000000000e+11
5.382200000000000728e+03 4.000000000000000000e+00 1.875000000000000000e+11
5.382400000000000546e+03 4.000000000000000000e+00 1.875000000000000000e+11
5.382600000000000364e+03 4.000000000000000000e+00 1.875000000000000000e+11
5.382800000000000182e+03 4.000000000000000000e+00 1.875000000000000000e+11
5.383000000000000000e+03 4.000000000000000000e+00 1.875000000000000000e+11
5.383200000000000728e+03 5.656854249492380582e+00 1.875000000000000000e+11
5.383400000000000546e+03 5.656854249492380582e+00 1.875000000000000000e+11
5.383600000000000364e+03 4.000000000000000000e+00 1.875000000000000000e+11
5.383800000000000182e+03 4.000000000000000000e+00 1.875000000000000000e+11
5.384000000000000000e+03 4.000000000000000000e+00 0.000000000000000000e+00
5.384200000000000728e+03 4.000000000000000000e+00 0.000000000000000000e+00
5.384400000000000546e+03 5.656854249492380582e+00 0.000000000000000000e+00
5.384600000000000364e+03 5.656854249492380582e+00 0.000000000000000000e+00
5.384800000000000182e+03 5.656854249492380582e+00 0.000000000000000000e+00
5.385000000000000000e+03 4.000000000000000000e+00 0.000000000000000000e+00
5.385200000000000728e+03 5.656854249492380582e+00 0.000000000000000000e+00
5.385400000000000546e+03 4.000000000000000000e+00 0.000000000000000000e+00
5.385600000000000364e+03 5.656854249492380582e+00 0.000000000000000000e+00
5.385800000000000182e+03 5.656854249492380582e+00 0.000000000000000000e+00
5.386000000000000000e+03 4.000000000000000000e+00 0.000000000000000000e+00
5.386200000000000728e+03 4.000000000000000000e+00 0.000000000000000000e+00
5.386400000000000546e+03 4.000000000000000000e+00 0.000000000000000000e+00
5.386600000000000364e+03 4.000000000000000000e+00 0.000000000000000000e+00
5.386800000000000182e+03 5.656854249492380582e+00 0.000000000000000000e+00
5.387000000000000000e+03 5.656854249492380582e+00 0.000000000000000000e+00
5.387200000000000728e+03 4.000000000000000000e+00 0.000000000000000000e+00
5.387400000000000546e+03 4.000000000000000000e+00 0.000000000000000000e+00
5.387600000000000364e+03 4.000000000000000000e+00 0.000000000000000000e+00
5.387800000000000182e+03 4.000000000000000000e+00 0.000000000000000000e+00
5.388000000000000000e+03 5.656854249492380582e+00 1.875000000000000000e+11
5.388200000000000728e+03 5.656854249492380582e+00 1.875000000000000000e+11
5.388400000000000546e+03 4.000000000000000000e+00 1.875000000000000000e+11
5.388600000000000364e+03 4.000000000000000000e+00 1.875000000000000000e+11
5.388800000000000182e+03 4.000000000000000000e+00 1.875000000000000000e+11
5.389000000000000000e+03 4.000000000000000000e+00 1.875000000000000000e+11
5.389200000000000728e+03 4.000000000000000000e+00 1.875000000000000000e+11
5.389400000000000546e+03 5.656854249492380582e+00 1.875000000000000000e+11
5.389600000000000364e+03 4.000000000000000000e+00 1.875000000000000000e+11
5.389800000000000182e+03 4.000000000000000000e+00 1.875000000000000000e+11
5.390000000000000000e+03 4.000000000000000000e+00 1.875000000000000000e+11
5.390200000000000728e+03 5.656854249492380582e+00 1.875000000000000000e+11
5.390400000000000546e+03 4.000000000000000000e+00 1.875000000000000000e+11
5.390600000000000364e+03 5.656854249492380582e+00 1.875000000000000000e+11
5.390800000000000182e+03 5.656854249492380582e+00 1.875000000000000000e+11
5.391000000000000000e+03 4.000000000000000000e+00 1.875000000000000000e+11
5.391200000000000728e+03 4.000000000000000000e+00 1.875000000000000000e+11
5.391400000000000546e+03 4.000000000000000000e+00 1.875000000000000000e+11
5.391600000000000364e+03 4.000000000000000000e+00 1.875000000000000000e+11
5.391800000000000182e+03 5.656854249492380582e+00 1.875000000000000000e+11
5.392000000000000000e+03 4.000000000000000000e+00 0.000000000000000000e+00
5.392200000000000728e+03 4.000000000000000000e+00 0.000000000000000000e+00
5.392400000000000546e+03 4.000000000000000000e+00 0.000000000000000000e+00
5.392600000000000364e+03 4.000000000000000000e+00 0.000000000000000000e+00
5.392800000000000182e+03 5.656854249492380582e+00 0.000000000000000000e+00
5.393000000000000000e+03 5.656854249492380582e+00 0.000000000000000000e+00
5.393200000000000728e+03 5.656854249492380582e+00 0.000000000000000000e+00
5.393400000000000546e+03 4.000000000000000000e+00 0.000000000000000000e+00
5.393600000000000364e+03 4.000000000000000000e+00 0.000000000000000000e+00
5.393800000000000182e+03 4.000000000000000000e+00 0.000000000000000000e+00
5.394000000000000000e+03 4.000000000000000000e+00 0.000000000000000000e+00
5.394200000000000728e+03 5.656854249492380582e+00 0.000000000000000000e+00
5.394400000000000546e+03 5.656854249492380582e+00 0.000000000000000000e+00
5.394600000000000364e+03 4.000000000000000000e+00 0.000000000000000000e+00
5.394800000000000182e+03 4.000000000000000000e+00 0.000000000000000000e+00
5.395000000000000000e+03 4.000000000000000000e+00 0.000000000000000000e+00
5.395200000000000728e+03 4.000000000000000000e+00 0.000000000000000000e+00
5.395400000000000546e+03 5.656854249492380582e+00 0.000000000000000000e+00
5.395600000000000364e+03 5.656854249492380582e+00 0.000000000000000000e+00
5.395800000000000182e+03 4.000000000000000000e+00 0.000000000000000000e+00
5.396000000000000000e+03 4.000000000000000000e+00 1.875000000000000000e+11
5.396200000000000728e+03 4.000000000000000000e+00 1.875000000000000000e+11
5.396400000000000546e+03 4.000000000000000000e+00 1.875000000000000000e+11
5.396600000000000364e+03 5.656854249492380582e+00 1.875000000000000000e+11
5.396800000000000182e+03 5.656854249492380582e+00 1.875000000000000000e+11
5.397000000000000000e+03 4.000000000000000000e+00 1.875000000000000000e+11
5.397200000000000728e+03 4.000000000000000000e+00 1.875000000000000000e+11
5.397400000000000546e+03 4.000000000000000000e+00 1.875000000000000000e+11
5.397600000000000364e+03 4.000000000000000000e+00 1.875000000000000000e+11
5.397800000000000182e+03 5.656854249492380582e+00 1.875000000000000000e+11
5.398000000000000000e+03 5.656854249492380582e+00 1.875000000000000000e+11
5.398200000000000728e+03 4.000000000000000000e+00 1.875000000000000000e+11
5.398400000000000546e+03 4.000000000000000000e+00 1.875000000000000000e+11
5.398600000000000364e+03 4.000000000000000000e+00 1.875000000000000000e+11
5.398800000000000182e+03 4.000000000000000000e+00 1.875000000000000000e+11
5.399000000000000000e+03 5.656854249492380582e+00 1.875000000000000000e+11
5.399200000000000728e+03 5.656854249492380582e+00 1.875000000000000000e+11
5.399400000000000546e+03 5.656854249492380582e+00 1.875000000000000000e+11
5.399600000000000364e+03 4.000000000000000000e+00 1.875000000000000000e+11
5.399800000000000182e+03 4.000000000000000000e+00 1.875000000000000000e+11
