5.400000000000000000e+03 4.000000000000000000e+00 0.000000000000000000e+00
5.400200000000000728e+03 4.000000000000000000e+00 0.000000000000000000e+00
5.400400000000000546e+03 5.656854249492380582e+00 0.000000000000000000e+00
5.400600000000000364e+03 5.656854249492380582e+00 0.000000000000000000e+00
5.400800000000000182e+03 5.656854249492380582e+00 0.000000000000000000e+00
5.401000000000000000e+03 5.656854249492380582e+00 0.000000000000000000e+00
5.401200000000000728e+03 5.656854249492380582e+00 0.000000000000000000e+00
5.401400000000000546e+03 5.656854249492380582e+00 0.000000000000000000e+00
5.401600000000000364e+03 5.656854249492380582e+00 0.000000000000000000e+00
5.401800000000000182e+03 5.656854249492380582e+00 0.000000000000000000e+00
5.402000000000000000e+03 4.000000000000000000e+00 0.000000000000000000e+00
5.402200000000000728e+03 5.656854249492380582e+00 0.000000000000000000e+00
5.402400000000000546e+03 5.656854249492380582e+00 0.000000000000000000e+00
5.402600000000000364e+03 5.656854249492380582e+00 0.000000000000000000e+00
5.402800000000000182e+03 5.656854249492380582e+00 0.000000000000000000e+00
5.403000000000000000e+03 5.656854249492380582e+00 0.000000000000000000e+00
5.403200000000000728e+03 5.656854249492380582e+00 0.000000000000000000e+00
5.403400000000000546e+03 5.656854249492380582e+00 0.000000000000000000e+00
5.403600000000000364e+03 5.656854249492380582e+00 0.000000000000000000e+00
5.403800000000000182e+03 5.656854249492380582e+00 0.000000000000000000e+00
5.404000000000000000e+03 5.656854249492380582e+00 1.899999900000000000e+11
5.404200000000000728e+03 5.656854249492380582e+00 1.900000000000000000e+11
5.404400000000000546e+03 5.656854249492380582e+00 1.900000000000000000e+11
5.404600000000000364e+03 5.656854249492380582e+00 1.900000000000000000e+11
5.404800000000000182e+03 5.656854249492380582e+00 1.900000000000000000e+11
5.405000000000000000e+03 5.656854249492380582e+00 1.899999900000000000e+11
5.405200000000000728e+03 4.000000000000000000e+00 1.900000000000000000e+11
5.405400000000000546e+03 5.656854249492380582e+00 1.899999900000000000e+11
5.405600000000000364e+03 5.656854249492380582e+00 1.900000000000000000e+11
5.405800000000000182e+03 5.656854249492380582e+00 1.900000000000000000e+11
5.406000000000000000e+03 5.656854249492380582e+00 1.900000000000000000e+11
5.406200000000000728e+03 5.656854249492380582e+00 1.899999900000000000e+11
5.406400000000000546e+03 5.656854249492380582e+00 1.900000000000000000e+11
5.406600000000000364e+03 5.656854249492380582e+00 1.900000000000000000e+11
5.406800000000000182e+03 5.656854249492380582e+00 1.900000200000000000e+11
5.407000000000000000e+03 5.656854249492380582e+00 1.900000000000000000e+11
5.407200000000000728e+03 5.656854249492380582e+00 1.900000000000000000e+11
5.407400000000000546e+03 5.656854249492380582e+00 1.899999900000000000e+11
5.407600000000000364e+03 5.656854249492380582e+00 1.900000000000000000e+11
5.407800000000000182e+03 5.656854249492380582e+00 1.900000000000000000e+11
5.408000000000000000e+03 4.000000000000000000e+00 0.000000000000000000e+00
5.408200000000000728e+03 5.656854249492380582e+00 0.000000000000000000e+00
5.408400000000000546e+03 5.656854249492380582e+00 0.000000000000000000e+00
5.408600000000000364e+03 0.000000000000000000e+00 0.000000000000000000e+00
5.408800000000000182e+03 5.656854249492380582e+00 0.000000000000000000e+00
5.409000000000000000e+03 5.656854249492380582e+00 0.000000000000000000e+00
5.409200000000000728e+03 5.656854249492380582e+00 0.000000000000000000e+00
5.409400000000000546e+03 5.656854249492380582e+00 0.000000000000000000e+00
5.409600000000000364e+03 5.656854249492380582e+00 0.000000000000000000e+00
5.409800000000000182e+03 5.656854249492380582e+00 0.000000000000000000e+00
5.410000000000000000e+03 5.656854249492380582e+00 0.000000000000000000e+00
5.410200000000000728e+03 5.656854249492380582e+00 0.000000000000000000e+00
5.410400000000000546e+03 5.656854249492380582e+00 0.000000000000000000e+00
5.410600000000000364e+03 5.656854249492380582e+00 0.000000000000000000e+00
5.410800000000000182e+03 5.656854249492380582e+00 0.000000000000000000e+00
5.411000000000000000e+03 5.656854249492380582e+00 0.000000000000000000e+00
5.411200000000000728e+03 5.656854249492380582e+00 0.000000000000000000e+00
5.411400000000000546e+03 5.656854249492380582e+00 0.000000000000000000e+00
5.411600000000000364e+03 5.656854249492380582e+00 0.000000000000000000e+00
5.411800000000000182e+03 5.656854249492380582e+00 0.000000000000000000e+00
5.412000000000000000e+03 5.656854249492380582e+00 1.900000000000000000e+11
5.412200000000000728e+03 5.656854249492380582e+00 1.900000000000000000e+11
5.412400000000000546e+03 5.656854249492380582e+00 1.899999900000000000e+11
5.412600000000000364e+03 5.656854249492380582e+00 1.900000000000000000e+11
5.412800000000000182e+03 4.000000000000000000e+00 1.899999900000000000e+11
5.413000000000000000e+03 4.000000000000000000e+00 1.900000000000000000e+11
5.413200000000000728e+03 4.000000000000000000e+00 1.900000000000000000e+11
5.413400000000000546e+03 4.000000000000000000e+00 1.899999900000000000e+11
5.413600000000000364e+03 0.000000000000000000e+00 1.900000000000000000e+11
5.413800000000000182e+03 0.000000000000000000e+00 1.900000000000000000e+11
5.414000000000000000e+03 0.000000000000000000e+00 1.899999900000000000e+11
5.414200000000000728e+03 4.000000000000000000e+00 1.900000000000000000e+11
5.414400000000000546e+03 4.000000000000000000e+00 1.900000200000000000e+11
5.414600000000000364e+03 5.656854249492380582e+00 1.899999900000000000e+11
5.414800000000000182e+03 5.656854249492380582e+00 1.899999900000000000e+11
5.415000000000000000e+03 5.656854249492380582e+00 1.899999900000000000e+11
5.415200000000000728e+03 5.656854249492380582e+00 1.899999900000000000e+11
5.415400000000000546e+03 5.656854249492380582e+00 1.900000000000000000e+11
5.415600000000000364e+03 4.000000000000000000e+00 1.900000000000000000e+11
5.415800000000000182e+03 4.000000000000000000e+00 1.900000000000000000e+11
5.416000000000000000e+03 4.000000000000000000e+00 0.000000000000000000e+00
5.416200000000000728e+03 0.000000000000000000e+00 0.000000000000000000e+00
5.416400000000000546e+03 0.000000000000000000e+00 0.000000000000000000e+00
5.416600000000000364e+03 0.000000000000000000e+00 0.000000000000000000e+00
5.416800000000000182e+03 0.000000000000000000e+00 0.000000000000000000e+00
5.417000000000000000e+03 4.000000000000000000e+00 0.000000000000000000e+00
5.417200000000000728e+03 4.000000000000000000e+00 0.000000000000000000e+00
5.417400000000000546e+03 5.656854249492380582e+00 0.000000000000000000e+00
5.417600000000000364e+03 5.656854249492380582e+00 0.000000000000000000e+00
5.417800000000000182e+03 5.656854249492380582e+00 0.000000000000000000e+00
5.418000000000000000e+03 5.656854249492380582e+00 0.000000000000000000e+00
5.418200000000000728e+03 4.000000000000000000e+00 0.000000000000000000e+00
5.418400000000000546e+03 4.000000000000000000e+00 0.000000000000000000e+00
5.418600000000000364e+03 4.000000000000000000e+00 0.000000000000000000e+00
5.418800000000000182e+03 4.000000000000000000e+00 0.000000000000000000e+00
5.419000000000000000e+03 0.000000000000000000e+00 0.000000000000000000e+00
5.419200000000000728e+03 0.000000000000000000e+00 0.000000000000000000e+00
5.419400000000000546e+03 0.000000000000000000e+00 0.000000000000000000e+00
5.419600000000000364e+03 4.000000000000000000e+00 0.000000000000000000e+00
5.419800000000000182e+03 4.000000000000000000e+00 0.000000000000000000e+00
5.420000000000000000e+03 4.000000000000000000e+00 1.900000000000000000e+11
5.420200000000000728e+03 5.656854249492380582e+00 1.900000200000000000e+11
5.420400000000000546e+03 5.656854249492380582e+00 1.899999900000000000e+11
5.420600000000000364e+03 5.656854249492380582e+00 1.900000000000000000e+11
5.420800000000000182e+03 5.656854249492380582e+00 1.899999900000000000e+11
5.421000000000000000e+03 4.000000000000000000e+00 1.899999900000000000e+11
5.421200000000000728e+03 4.000000000000000000e+00 1.900000000000000000e+11
5.421400000000000546e+03 4.000000000000000000e+00 1.899999900000000000e+11
5.421600000000000364e+03 0.000000000000000000e+00 1.899999900000000000e+11
5.421800000000000182e+03 0.000000000000000000e+00 1.900000000000000000e+11
5.422000000000000000e+03 0.000000000000000000e+00 1.900000000000000000e+11
5.422200000000000728e+03 0.000000000000000000e+00 1.900000200000000000e+11
5.422400000000000546e+03 4.000000000000000000e+00 1.900000000000000000e+11
5.422600000000000364e+03 4.000000000000000000e+00 1.900000000000000000e+11
5.422800000000000182e+03 4.000000000000000000e+00 1.900000000000000000e+11
5.423000000000000000e+03 5.656854249492380582e+00 1.900000000000000000e+11
5.423200000000000728e+03 5.656854249492380582e+00 1.900000000000000000e+11
5.423400000000000546e+03 5.656854249492380582e+00 1.900000000000000000e+11
5.423600000000000364e+03 5.656854249492380582e+00 1.900000000000000000e+11
5.423800000000000182e+03 4.000000000000000000e+00 1.900000000000000000e+11
5.424000000000000000e+03 4.000000000000000000e+00 0.000000000000000000e+00
5.424200000000000728e+03 4.000000000000000000e+00 0.000000000000000000e+00
5.424400000000000546e+03 0.000000000000000000e+00 0.000000000000000000e+00
5.424600000000000364e+03 0.000000000000000000e+00 0.000000000000000000e+00
5.424800000000000182e+03 0.000000000000000000e+00 0.000000000000000000e+00
5.425000000000000000e+03 4.000000000000000000e+00 0.000000000000000000e+00
5.425200000000000728e+03 4.000000000000000000e+00 0.000000000000000000e+00
5.425400000000000546e+03 4.000000000000000000e+00 0.000000000000000000e+00
5.425600000000000364e+03 4.000000000000000000e+00 0.000000000000000000e+00
5.425800000000000182e+03 5.656854249492380582e+00 0.000000000000000000e+00
5.426000000000000000e+03 5.656854249492380582e+00 0.000000000000000000e+00
5.426200000000000728e+03 5.656854249492380582e+00 0.000000000000000000e+00
5.426400000000000546e+03 4.000000000000000000e+00 0.000000000000000000e+00
5.426600000000000364e+03 4.000000000000000000e+00 0.000000000000000000e+00
5.426800000000000182e+03 4.000000000000000000e+00 0.000000000000000000e+00
5.427000000000000000e+03 4.000000000000000000e+00 0.000000000000000000e+00
5.427200000000000728e+03 0.000000000000000000e+00 0.000000000000000000e+00
5.427400000000000546e+03 0.000000000000000000e+00 0.000000000000000000e+00
5.427600000000000364e+03 0.000000000000000000e+00 0.000000000000000000e+00
5.427800000000000182e+03 4.000000000000000000e+00 0.000000000000000000e+00
5.428000000000000000e+03 4.000000000000000000e+00 1.900000000000000000e+11
5.428200000000000728e+03 4.000000000000000000e+00 1.900000000000000000e+11
5.428400000000000546e+03 5.656854249492380582e+00 1.899999900000000000e+11
5.428600000000000364e+03 5.656854249492380582e+00 1.900000000000000000e+11
5.428800000000000182e+03 5.656854249492380582e+00 1.900000000000000000e+11
5.429000000000000000e+03 5.656854249492380582e+00 1.899999900000000000e+11
5.429200000000000728e+03 4.000000000000000000e+00 1.900000000000000000e+11
5.429400000000000546e+03 4.000000000000000000e+00 1.900000000000000000e+11
5.429600000000000364e+03 4.000000000000000000e+00 1.899999900000000000e+11
5.429800000000000182e+03 0.000000000000000000e+00 1.900000000000000000e+11
5.430000000000000000e+03 0.000000000000000000e+00 1.900000200000000000e+11
5.430200000000000728e+03 0.000000000000000000e+00 1.899999900000000000e+11
5.430400000000000546e+03 0.000000000000000000e+00 1.899999900000000000e+11
5.430600000000000364e+03 4.000000000000000000e+00 1.900000000000000000e+11
5.430800000000000182e+03 4.000000000000000000e+00 1.899999900000000000e+11
5.431000000000000000e+03 4.000000000000000000e+00 1.900000000000000000e+11
5.431200000000000728e+03 5.656854249492380582e+00 1.900000000000000000e+11
5.431400000000000546e+03 5.656854249492380582e+00 1.899999900000000000e+11
5.431600000000000364e+03 5.656854249492380582e+00 1.899999900000000000e+11
5.431800000000000182e+03 4.000000000000000000e+00 1.900000000000000000e+11
5.432000000000000000e+03 4.000000000000000000e+00 0.000000000000000000e+00
5.432200000000000728e+03 4.000000000000000000e+00 0.000000000000000000e+00
5.432400000000000546e+03 4.000000000000000000e+00 0.000000000000000000e+00
5.432600000000000364e+03 0.000000000000000000e+00 0.000000000000000000e+00
5.432800000000000182e+03 0.000000000000000000e+00 0.000000000000000000e+00
5.433000000000000000e+03 0.000000000000000000e+00 0.000000000000000000e+00
5.433200000000000728e+03 4.000000000000000000e+00 0.000000000000000000e+00
5.433400000000000546e+03 4.000000000000000000e+00 0.000000000000000000e+00
5.433600000000000364e+03 4.000000000000000000e+00 0.000000000000000000e+00
5.433800000000000182e+03 4.000000000000000000e+00 0.000000000000000000e+00
5.434000000000000000e+03 5.656854249492380582e+00 0.000000000000000000e+00
5.434200000000000728e+03 5.656854249492380582e+00 0.000000000000000000e+00
5.434400000000000546e+03 5.656854249492380582e+00 0.000000000000000000e+00
5.434600000000000364e+03 4.000000000000000000e+00 0.000000000000000000e+00
5.434800000000000182e+03 4.000000000000000000e+00 0.000000000000000000e+00
5.435000000000000000e+03 4.000000000000000000e+00 0.000000000000000000e+00
5.435200000000000728e+03 0.000000000000000000e+00 0.000000000000000000e+00
5.435400000000000546e+03 0.000000000000000000e+00 0.000000000000000000e+00
5.435600000000000364e+03 0.000000000000000000e+00 0.000000000000000000e+00
5.435800000000000182e+03 0.000000000000000000e+00 0.000000000000000000e+00
5.436000000000000000e+03 4.000000000000000000e+00 1.900000000000000000e+11
5.436200000000000728e+03 4.000000000000000000e+00 1.900000000000000000e+11
5.436400000000000546e+03 4.000000000000000000e+00 1.900000200000000000e+11
5.436600000000000364e+03 5.656854249492380582e+00 1.900000000000000000e+11
5.436800000000000182e+03 5.656854249492380582e+00 1.900000000000000000e+11
5.437000000000000000e+03 5.656854249492380582e+00 1.900000000000000000e+11
5.437200000000000728e+03 5.656854249492380582e+00 1.900000000000000000e+11
5.437400000000000546e+03 4.000000000000000000e+00 1.900000000000000000e+11
5.437600000000000364e+03 4.000000000000000000e+00 1.899999900000000000e+11
5.437800000000000182e+03 4.000000000000000000e+00 1.899999900000000000e+11
5.438000000000000000e+03 0.000000000000000000e+00 1.899999900000000000e+11
5.438200000000000728e+03 0.000000000000000000e+00 1.900000000000000000e+11
5.438400000000000546e+03 0.000000000000000000e+00 1.900000000000000000e+11
5.438600000000000364e+03 4.000000000000000000e+00 1.899999900000000000e+11
5.438800000000000182e+03 4.000000000000000000e+00 1.900000000000000000e+11
5.439000000000000000e+03 4.000000000000000000e+00 1.900000000000000000e+11
5.439200000000000728e+03 4.000000000000000000e+00 1.900000000000000000e+11
5.439400000000000546e+03 5.656854249492380582e+00 1.899999900000000000e+11
5.439600000000000364e+03 5.656854249492380582e+00 1.900000000000000000e+11
5.439800000000000182e+03 5.656854249492380582e+00 1.900000000000000000e+11
5.440000000000000000e+03 4.000000000000000000e+00 0.000000000000000000e+00
5.440200000000000728e+03 4.000000000000000000e+00 0.000000000000000000e+00
5.440400000000000546e+03 4.000000000000000000e+00 0.000000000000000000e+00
5.440600000000000364e+03 4.000000000000000000e+00 0.000000000000000000e+00
5.440800000000000182e+03 0.000000000000000000e+00 0.000000000000000000e+00
5.441000000000000000e+03 0.000000000000000000e+00 0.000000000000000000e+00
5.441200000000000728e+03 0.000000000000000000e+00 0.000000000000000000e+00
5.441400000000000546e+03 4.000000000000000000e+00 0.000000000000000000e+00
5.441600000000000364e+03 4.000000000000000000e+00 0.000000000000000000e+00
5.441800000000000182e+03 4.000000000000000000e+00 0.000000000000000000e+00
5.442000000000000000e+03 5.656854249492380582e+00 0.000000000000000000e+00
5.442200000000000728e+03 5.656854249492380582e+00 0.000000000000000000e+00
5.442400000000000546e+03 5.656854249492380582e+00 0.000000000000000000e+00
5.442600000000000364e+03 5.656854249492380582e+00 0.000000000000000000e+00
5.442800000000000182e+03 4.000000000000000000e+00 0.000000000000000000e+00
5.443000000000000000e+03 4.000000000000000000e+00 0.000000000000000000e+00
5.443200000000000728e+03 4.000000000000000000e+00 0.000000000000000000e+00
5.443400000000000546e+03 0.000000000000000000e+00 0.000000000000000000e+00
5.443600000000000364e+03 0.000000000000000000e+00 0.000000000000000000e+00
5.443800000000000182e+03 0.000000000000000000e+00 0.000000000000000000e+00
5.444000000000000000e+03 0.000000000000000000e+00 1.900000200000000000e+11
5.444200000000000728e+03 4.000000000000000000e+00 1.900000000000000000e+11
5.444400000000000546e+03 4.000000000000000000e+00 1.900000000000000000e+11
5.444600000000000364e+03 4.000000000000000000e+00 1.900000000000000000e+11
5.444800000000000182e+03 5.656854249492380582e+00 1.900000000000000000e+11
5.445000000000000000e+03 5.656854249492380582e+00 1.899999900000000000e+11
5.445200000000000728e+03 5.656854249492380582e+00 1.900000000000000000e+11
5.445400000000000546e+03 4.000000000000000000e+00 1.899999900000000000e+11
5.445600000000000364e+03 4.000000000000000000e+00 1.900000000000000000e+11
5.445800000000000182e+03 4.000000000000000000e+00 1.900000000000000000e+11
5.446000000000000000e+03 4.000000000000000000e+00 1.899999900000000000e+11
5.446200000000000728e+03 0.000000000000000000e+00 1.899999900000000000e+11
5.446400000000000546e+03 0.000000000000000000e+00 1.899999900000000000e+11
5.446600000000000364e+03 0.000000000000000000e+00 1.899999900000000000e+11
5.446800000000000182e+03 4.000000000000000000e+00 1.900000000000000000e+11
5.447000000000000000e+03 4.000000000000000000e+00 1.900000000000000000e+11
5.447200000000000728e+03 4.000000000000000000e+00 1.900000200000000000e+11
5.447400000000000546e+03 4.000000000000000000e+00 1.899999900000000000e+11
5.447600000000000364e+03 5.656854249492380582e+00 1.899999900000000000e+11
5.447800000000000182e+03 5.656854249492380582e+00 1.900000000000000000e+11
5.448000000000000000e+03 5.656854249492380582e+00 0.000000000000000000e+00
5.448200000000000728e+03 4.000000000000000000e+00 0.000000000000000000e+00
5.448400000000000546e+03 4.000000000000000000e+00 0.000000000000000000e+00
5.448600000000000364e+03 4.000000000000000000e+00 0.000000000000000000e+00
5.448800000000000182e+03 0.000000000000000000e+00 0.000000000000000000e+00
5.449000000000000000e+03 0.000000000000000000e+00 0.000000000000000000e+00
5.449200000000000728e+03 0.000000000000000000e+00 0.000000000000000000e+00
5.449400000000000546e+03 0.000000000000000000e+00 0.000000000000000000e+00
5.449600000000000364e+03 4.000000000000000000e+00 0.000000000000000000e+00
5.449800000000000182e+03 4.000000000000000000e+00 0.000000000000000000e+00
5.450000000000000000e+03 4.000000000000000000e+00 0.000000000000000000e+00
5.450200000000000728e+03 5.656854249492380582e+00 0.000000000000000000e+00
5.450400000000000546e+03 5.656854249492380582e+00 0.000000000000000000e+00
5.450600000000000364e+03 5.656854249492380582e+00 0.000000000000000000e+00
5.450800000000000182e+03 5.656854249492380582e+00 0.000000000000000000e+00
5.451000000000000000e+03 4.000000000000000000e+00 0.000000000000000000e+00
5.451200000000000728e+03 4.000000000000000000e+00 0.000000000000000000e+00
5.451400000000000546e+03 4.000000000000000000e+00 0.000000000000000000e+00
5.451600000000000364e+03 0.000000000000000000e+00 0.000000000000000000e+00
5.451800000000000182e+03 0.000000000000000000e+00 0.000000000000000000e+00
5.452000000000000000e+03 0.000000000000000000e+00 1.900000000000000000e+11
5.452200000000000728e+03 4.000000000000000000e+00 1.900000200000000000e+11
5.452400000000000546e+03 4.000000000000000000e+00 1.900000000000000000e+11
5.452600000000000364e+03 4.000000000000000000e+00 1.900000000000000000e+11
5.452800000000000182e+03 4.000000000000000000e+00 1.900000000000000000e+11
5.453000000000000000e+03 5.656854249492380582e+00 1.899999900000000000e+11
5.453200000000000728e+03 5.656854249492380582e+00 1.899999900000000000e+11
5.453400000000000546e+03 5.656854249492380582e+00 1.899999900000000000e+11
5.453600000000000364e+03 4.000000000000000000e+00 1.899999900000000000e+11
5.453800000000000182e+03 4.000000000000000000e+00 1.899999900000000000e+11
5.454000000000000000e+03 4.000000000000000000e+00 1.900000000000000000e+11
5.454200000000000728e+03 4.000000000000000000e+00 1.899999900000000000e+11
5.454400000000000546e+03 0.000000000000000000e+00 1.900000200000000000e+11
5.454600000000000364e+03 0.000000000000000000e+00 1.899999900000000000e+11
5.454800000000000182e+03 0.000000000000000000e+00 1.900000000000000000e+11
5.455000000000000000e+03 4.000000000000000000e+00 1.899999900000000000e+11
5.455200000000000728e+03 4.000000000000000000e+00 1.900000000000000000e+11
5.455400000000000546e+03 4.000000000000000000e+00 1.900000000000000000e+11
5.455600000000000364e+03 5.656854249492380582e+00 1.900000000000000000e+11
5.455800000000000182e+03 5.656854249492380582e+00 1.899999900000000000e+11
5.456000000000000000e+03 5.656854249492380582e+00 0.000000000000000000e+00
5.456200000000000728e+03 5.656854249492380582e+00 0.000000000000000000e+00
5.456400000000000546e+03 4.000000000000000000e+00 0.000000000000000000e+00
5.456600000000000364e+03 4.000000000000000000e+00 0.000000000000000000e+00
5.456800000000000182e+03 4.000000000000000000e+00 0.000000000000000000e+00
5.457000000000000000e+03 0.000000000000000000e+00 0.000000000000000000e+00
5.457200000000000728e+03 0.000000000000000000e+00 0.000000000000000000e+00
5.457400000000000546e+03 0.000000000000000000e+00 0.000000000000000000e+00
5.457600000000000364e+03 0.000000000000000000e+00 0.000000000000000000e+00
5.457800000000000182e+03 4.000000000000000000e+00 0.000000000000000000e+00
5.458000000000000000e+03 4.000000000000000000e+00 0.000000000000000000e+00
5.458200000000000728e+03 4.000000000000000000e+00 0.000000000000000000e+00
5.458400000000000546e+03 5.656854249492380582e+00 0.000000000000000000e+00
5.458600000000000364e+03 5.656854249492380582e+00 0.000000000000000000e+00
5.458800000000000182e+03 5.656854249492380582e+00 0.000000000000000000e+00
5.459000000000000000e+03 4.000000000000000000e+00 0.000000000000000000e+00
5.459200000000000728e+03 4.000000000000000000e+00 0.000000000000000000e+00
5.459400000000000546e+03 4.000000000000000000e+00 0.000000000000000000e+00
5.459600000000000364e+03 4.000000000000000000e+00 0.000000000000000000e+00
5.459800000000000182e+03 0.000000000000000000e+00 0.000000000000000000e+00
5.460000000000000000e+03 0.000000000000000000e+00 1.900000000000000000e+11
5.460200000000000728e+03 0.000000000000000000e+00 1.900000000000000000e+11
5.460400000000000546e+03 4.000000000000000000e+00 1.900000200000000000e+11
5.460600000000000364e+03 4.000000000000000000e+00 1.900000000000000000e+11
5.460800000000000182e+03 4.000000000000000000e+00 1.900000000000000000e+11
5.461000000000000000e+03 4.000000000000000000e+00 1.900000200000000000e+11
5.461200000000000728e+03 5.656854249492380582e+00 1.899999900000000000e+11
5.461400000000000546e+03 5.656854249492380582e+00 1.900000000000000000e+11
5.461600000000000364e+03 5.656854249492380582e+00 1.900000000000000000e+11
5.461800000000000182e+03 4.000000000000000000e+00 1.900000000000000000e+11
5.462000000000000000e+03 4.000000000000000000e+00 1.900000200000000000e+11
5.462200000000000728e+03 4.000000000000000000e+00 1.900000000000000000e+11
5.462400000000000546e+03 0.000000000000000000e+00 1.900000200000000000e+11
5.462600000000000364e+03 0.000000000000000000e+00 1.900000200000000000e+11
5.462800000000000182e+03 0.000000000000000000e+00 1.899999900000000000e+11
5.463000000000000000e+03 0.000000000000000000e+00 1.900000000000000000e+11
5.463200000000000728e+03 4.000000000000000000e+00 1.900000200000000000e+11
5.463400000000000546e+03 4.000000000000000000e+00 1.900000000000000000e+11
5.463600000000000364e+03 4.000000000000000000e+00 1.900000000000000000e+11
5.463800000000000182e+03 5.656854249492380582e+00 1.900000000000000000e+11
5.464000000000000000e+03 5.656854249492380582e+00 0.000000000000000000e+00
5.464200000000000728e+03 5.656854249492380582e+00 0.000000000000000000e+00
5.464400000000000546e+03 5.656854249492380582e+00 0.000000000000000000e+00
5.464600000000000364e+03 4.000000000000000000e+00 0.000000000000000000e+00
5.464800000000000182e+03 4.000000000000000000e+00 0.000000000000000000e+00
5.465000000000000000e+03 4.000000000000000000e+00 0.000000000000000000e+00
5.465200000000000728e+03 0.000000000000000000e+00 0.000000000000000000e+00
5.465400000000000546e+03 0.000000000000000000e+00 0.000000000000000000e+00
5.465600000000000364e+03 0.000000000000000000e+00 0.000000000000000000e+00
5.465800000000000182e+03 4.000000000000000000e+00 0.000000000000000000e+00
5.466000000000000000e+03 4.000000000000000000e+00 0.000000000000000000e+00
5.466200000000000728e+03 4.000000000000000000e+00 0.000000000000000000e+00
5.466400000000000546e+03 4.000000000000000000e+00 0.000000000000000000e+00
5.466600000000000364e+03 5.656854249492380582e+00 0.000000000000000000e+00
5.466800000000000182e+03 5.656854249492380582e+00 0.000000000000000000e+00
5.467000000000000000e+03 5.656854249492380582e+00 0.000000000000000000e+00
5.467200000000000728e+03 4.000000000000000000e+00 0.000000000000000000e+00
5.467400000000000546e+03 4.000000000000000000e+00 0.000000000000000000e+00
5.467600000000000364e+03 4.000000000000000000e+00 0.000000000000000000e+00
5.467800000000000182e+03 4.000000000000000000e+00 0.000000000000000000e+00
5.468000000000000000e+03 0.000000000000000000e+00 1.899999900000000000e+11
5.468200000000000728e+03 0.000000000000000000e+00 1.900000000000000000e+11
5.468400000000000546e+03 0.000000000000000000e+00 1.900000200000000000e+11
5.468600000000000364e+03 4.000000000000000000e+00 1.900000000000000000e+11
5.468800000000000182e+03 4.000000000000000000e+00 1.900000000000000000e+11
5.469000000000000000e+03 4.000000000000000000e+00 1.899999900000000000e+11
5.469200000000000728e+03 5.656854249492380582e+00 1.900000200000000000e+11
5.469400000000000546e+03 5.656854249492380582e+00 1.900000000000000000e+11
5.469600000000000364e+03 5.656854249492380582e+00 1.900000000000000000e+11
5.469800000000000182e+03 5.656854249492380582e+00 1.900000000000000000e+11
5.470000000000000000e+03 4.000000000000000000e+00 1.899999900000000000e+11
5.470200000000000728e+03 4.000000000000000000e+00 1.900000000000000000e+11
5.470400000000000546e+03 4.000000000000000000e+00 1.900000000000000000e+11
5.470600000000000364e+03 0.000000000000000000e+00 1.900000000000000000e+11
5.470800000000000182e+03 0.000000000000000000e+00 1.899999900000000000e+11
5.471000000000000000e+03 0.000000000000000000e+00 1.900000000000000000e+11
5.471200000000000728e+03 0.000000000000000000e+00 1.900000000000000000e+11
5.471400000000000546e+03 4.000000000000000000e+00 1.899999900000000000e+11
5.471600000000000364e+03 4.000000000000000000e+00 1.900000000000000000e+11
5.471800000000000182e+03 4.000000000000000000e+00 1.900000000000000000e+11
5.472000000000000000e+03 5.656854249492380582e+00 0.000000000000000000e+00
5.472200000000000728e+03 5.656854249492380582e+00 0.000000000000000000e+00
5.472400000000000546e+03 5.656854249492380582e+00 0.000000000000000000e+00
5.472600000000000364e+03 5.656854249492380582e+00 0.000000000000000000e+00
5.472800000000000182e+03 4.000000000000000000e+00 0.000000000000000000e+00
5.473000000000000000e+03 4.000000000000000000e+00 0.000000000000000000e+00
5.473200000000000728e+03 4.000000000000000000e+00 0.000000000000000000e+00
5.473400000000000546e+03 4.000000000000000000e+00 0.000000000000000000e+00
5.473600000000000364e+03 0.000000000000000000e+00 0.000000000000000000e+00
5.473800000000000182e+03 0.000000000000000000e+00 0.000000000000000000e+00
5.474000000000000000e+03 0.000000000000000000e+00 0.000000000000000000e+00
5.474200000000000728e+03 4.000000000000000000e+00 0.000000000000000000e+00
5.474400000000000546e+03 4.000000000000000000e+00 0.000000000000000000e+00
5.474600000000000364e+03 4.000000000000000000e+00 0.000000000000000000e+00
5.474800000000000182e+03 4.000000000000000000e+00 0.000000000000000000e+00
5.475000000000000000e+03 5.656854249492380582e+00 0.000000000000000000e+00
5.475200000000000728e+03 5.656854249492380582e+00 0.000000000000000000e+00
5.475400000000000546e+03 5.656854249492380582e+00 0.000000000000000000e+00
5.475600000000000364e+03 4.000000000000000000e+00 0.000000000000000000e+00
5.475800000000000182e+03 4.000000000000000000e+00 0.000000000000000000e+00
5.476000000000000000e+03 4.000000000000000000e+00 1.900000200000000000e+11
5.476200000000000728e+03 4.000000000000000000e+00 1.899999900000000000e+11
5.476400000000000546e+03 0.000000000000000000e+00 1.900000000000000000e+11
5.476600000000000364e+03 0.000000000000000000e+00 1.900000000000000000e+11
5.476800000000000182e+03 0.000000000000000000e+00 1.900000000000000000e+11
5.477000000000000000e+03 4.000000000000000000e+00 1.899999900000000000e+11
5.477200000000000728e+03 4.000000000000000000e+00 1.900000000000000000e+11
5.477400000000000546e+03 4.000000000000000000e+00 1.899999900000000000e+11
5.477600000000000364e+03 4.000000000000000000e+00 1.899999900000000000e+11
5.477800000000000182e+03 5.656854249492380582e+00 1.900000000000000000e+11
5.478000000000000000e+03 5.656854249492380582e+00 1.899999900000000000e+11
5.478200000000000728e+03 5.656854249492380582e+00 1.899999900000000000e+11
5.478400000000000546e+03 5.656854249492380582e+00 1.900000000000000000e+11
5.478600000000000364e+03 4.000000000000000000e+00 1.900000000000000000e+11
5.478800000000000182e+03 4.000000000000000000e+00 1.900000000000000000e+11
5.479000000000000000e+03 4.000000000000000000e+00 1.900000000000000000e+11
5.479200000000000728e+03 5.656854249492380582e+00 1.900000000000000000e+11
5.479400000000000546e+03 4.000000000000000000e+00 1.900000000000000000e+11
5.479600000000000364e+03 0.000000000000000000e+00 1.900000000000000000e+11
5.479800000000000182e+03 4.000000000000000000e+00 1.900000000000000000e+11
5.480000000000000000e+03 4.000000000000000000e+00 0.000000000000000000e+00
5.480200000000000728e+03 5.656854249492380582e+00 0.000000000000000000e+00
5.480400000000000546e+03 5.656854249492380582e+00 0.000000000000000000e+00
5.480600000000000364e+03 8.000000000000000000e+00 0.000000000000000000e+00
5.480800000000000182e+03 8.000000000000000000e+00 0.000000000000000000e+00
5.481000000000000000e+03 8.944271909999159220e+00 0.000000000000000000e+00
5.481200000000000728e+03 8.944271909999159220e+00 0.000000000000000000e+00
5.481400000000000546e+03 8.944271909999159220e+00 0.000000000000000000e+00
5.481600000000000364e+03 8.000000000000000000e+00 0.000000000000000000e+00
5.481800000000000182e+03 8.000000000000000000e+00 0.000000000000000000e+00
5.482000000000000000e+03 5.656854249492380582e+00 0.000000000000000000e+00
5.482200000000000728e+03 5.656854249492380582e+00 0.000000000000000000e+00
5.482400000000000546e+03 4.000000000000000000e+00 0.000000000000000000e+00
5.482600000000000364e+03 4.000000000000000000e+00 0.000000000000000000e+00
5.482800000000000182e+03 4.000000000000000000e+00 0.000000000000000000e+00
5.483000000000000000e+03 4.000000000000000000e+00 0.000000000000000000e+00
5.483200000000000728e+03 5.656854249492380582e+00 0.000000000000000000e+00
5.483400000000000546e+03 5.656854249492380582e+00 0.000000000000000000e+00
5.483600000000000364e+03 8.000000000000000000e+00 0.000000000000000000e+00
5.483800000000000182e+03 8.000000000000000000e+00 0.000000000000000000e+00
5.484000000000000000e+03 8.944271909999159220e+00 1.900000000000000000e+11
5.484200000000000728e+03 8.944271909999159220e+00 1.899999900000000000e+11
5.484400000000000546e+03 8.944271909999159220e+00 1.900000200000000000e+11
5.484600000000000364e+03 8.000000000000000000e+00 1.900000000000000000e+11
5.484800000000000182e+03 8.000000000000000000e+00 1.900000000000000000e+11
5.485000000000000000e+03 8.944271909999159220e+00 1.900000000000000000e+11
5.485200000000000728e+03 5.656854249492380582e+00 1.900000000000000000e+11
5.485400000000000546e+03 8.000000000000000000e+00 1.900000000000000000e+11
5.485600000000000364e+03 8.944271909999159220e+00 1.899999900000000000e+11
5.485800000000000182e+03 8.944271909999159220e+00 1.900000000000000000e+11
5.486000000000000000e+03 8.000000000000000000e+00 1.900000000000000000e+11
5.486200000000000728e+03 1.264911064067351809e+01 1.899999900000000000e+11
5.486400000000000546e+03 1.131370849898476116e+01 1.900000000000000000e+11
5.486600000000000364e+03 1.788854381999831844e+01 1.900000000000000000e+11
5.486800000000000182e+03 1.600000000000000000e+01 1.900000000000000000e+11
5.487000000000000000e+03 2.039607805437113797e+01 1.899999900000000000e+11
5.487200000000000728e+03 2.000000000000000000e+01 1.899999900000000000e+11
5.487400000000000546e+03 2.332380757938120297e+01 1.900000000000000000e+11
5.487600000000000364e+03 2.433105012119287736e+01 1.900000000000000000e+11
5.487800000000000182e+03 2.433105012119287736e+01 1.899999900000000000e+11
5.488000000000000000e+03 2.884441020371191300e+01 0.000000000000000000e+00
5.488200000000000728e+03 2.561249694973139412e+01 0.000000000000000000e+00
5.488400000000000546e+03 2.433105012119287736e+01 0.000000000000000000e+00
5.488600000000000364e+03 2.529822128134703618e+01 0.000000000000000000e+00
5.488800000000000182e+03 2.262741699796952233e+01 0.000000000000000000e+00
5.489000000000000000e+03 2.154065922853801496e+01 0.000000000000000000e+00
5.489200000000000728e+03 2.433105012119287736e+01 0.000000000000000000e+00
5.489400000000000546e+03 2.332380757938120297e+01 0.000000000000000000e+00
5.489600000000000364e+03 2.561249694973139412e+01 0.000000000000000000e+00
5.489800000000000182e+03 2.433105012119287736e+01 0.000000000000000000e+00
5.490000000000000000e+03 2.828427124746190202e+01 0.000000000000000000e+00
5.490200000000000728e+03 2.683281572999747766e+01 0.000000000000000000e+00
5.490400000000000546e+03 2.561249694973139412e+01 0.000000000000000000e+00
5.490600000000000364e+03 2.529822128134703618e+01 0.000000000000000000e+00
5.490800000000000182e+03 2.400000000000000000e+01 0.000000000000000000e+00
5.491000000000000000e+03 2.332380757938120297e+01 0.000000000000000000e+00
5.491200000000000728e+03 2.262741699796952233e+01 0.000000000000000000e+00
5.491400000000000546e+03 2.039607805437113797e+01 0.000000000000000000e+00
5.491600000000000364e+03 2.039607805437113797e+01 0.000000000000000000e+00
5.491800000000000182e+03 2.000000000000000000e+01 0.000000000000000000e+00
5.492000000000000000e+03 1.788854381999831844e+01 1.900000000000000000e+11
5.492200000000000728e+03 2.400000000000000000e+01 1.900000000000000000e+11
5.492400000000000546e+03 2.683281572999747766e+01 1.900000000000000000e+11
5.492600000000000364e+03 2.828427124746190202e+01 1.899999900000000000e+11
5.492800000000000182e+03 3.417601498127012150e+01 1.899999900000000000e+11
5.493000000000000000e+03 3.600000000000000000e+01 1.899999900000000000e+11
5.493200000000000728e+03 3.939543120718441571e+01 1.900000000000000000e+11
5.493400000000000546e+03 4.525483399593904466e+01 1.899999900000000000e+11
5.493600000000000364e+03 4.681879964287850271e+01 1.899999900000000000e+11
5.493800000000000182e+03 4.800000000000000000e+01 1.900000000000000000e+11
5.494000000000000000e+03 5.200000000000000000e+01 1.900000000000000000e+11
5.494200000000000728e+03 5.656854249492380404e+01 1.900000000000000000e+11
5.494400000000000546e+03 5.946427498927402411e+01 1.899999900000000000e+11
5.494600000000000364e+03 6.449806198638839305e+01 1.900000000000000000e+11
5.494800000000000182e+03 6.997142273814360180e+01 1.899999900000000000e+11
5.495000000000000000e+03 7.766595135579039777e+01 1.900000000000000000e+11
5.495200000000000728e+03 8.089499366462673891e+01 1.900000000000000000e+11
5.495400000000000546e+03 9.121403400793103344e+01 1.899999900000000000e+11
5.495600000000000364e+03 9.935793878699377046e+01 1.900000000000000000e+11
5.495800000000000182e+03 1.073312629199899106e+02 1.900000000000000000e+11
5.496000000000000000e+03 1.200666481584290750e+02 0.000000000000000000e+00
5.496200000000000728e+03 1.166190378969060077e+02 0.000000000000000000e+00
5.496400000000000546e+03 1.189285499785480482e+02 0.000000000000000000e+00
5.496600000000000364e+03 1.176435293588219366e+02 0.000000000000000000e+00
5.496800000000000182e+03 1.126410227226297849e+02 0.000000000000000000e+00
5.497000000000000000e+03 1.111395519155984317e+02 0.000000000000000000e+00
5.497200000000000728e+03 1.098362417419678536e+02 0.000000000000000000e+00
5.497400000000000546e+03 1.052235715037272428e+02 0.000000000000000000e+00
5.497600000000000364e+03 1.049952379872535033e+02 0.000000000000000000e+00
5.497800000000000182e+03 1.046900186264192030e+02 0.000000000000000000e+00
5.498000000000000000e+03 1.040000000000000000e+02 0.000000000000000000e+00
5.498200000000000728e+03 1.043072384832423865e+02 0.000000000000000000e+00
5.498400000000000546e+03 1.037689741685827727e+02 0.000000000000000000e+00
5.498600000000000364e+03 1.032279032045115201e+02 0.000000000000000000e+00
5.498800000000000182e+03 1.019803902718556969e+02 0.000000000000000000e+00
5.499000000000000000e+03 1.028396810574595293e+02 0.000000000000000000e+00
5.499200000000000728e+03 1.056030302595526820e+02 0.000000000000000000e+00
5.499400000000000546e+03 1.002397126891333414e+02 0.000000000000000000e+00
5.499600000000000364e+03 1.003194896318756264e+02 0.000000000000000000e+00
5.499800000000000182e+03 9.740636529508736885e+01 0.000000000000000000e+00
5.500000000000000000e+03 9.616652224137045835e+01 1.900000200000000000e+11
5.500200000000000728e+03 1.025280449438103716e+02 1.900000200000000000e+11
5.500400000000000546e+03 1.122853507809455920e+02 1.900000000000000000e+11
5.500600000000000364e+03 1.200666481584290750e+02 1.899999900000000000e+11
5.500800000000000182e+03 1.320605921537534186e+02 1.900000000000000000e+11
5.501000000000000000e+03 1.414213562373095101e+02 1.900000000000000000e+11
5.501200000000000728e+03 1.505722417977496832e+02 1.899999900000000000e+11
5.501400000000000546e+03 1.641462762294655420e+02 1.900000000000000000e+11
5.501600000000000364e+03 1.103449137930697788e+02 1.899999900000000000e+11
5.501800000000000182e+03 1.227028932014237341e+02 1.899999900000000000e+11
5.502000000000000000e+03 1.329661611087572908e+02 1.900000000000000000e+11
5.502200000000000728e+03 1.454372717015827448e+02 1.899999900000000000e+11
5.502400000000000546e+03 1.531012736720371095e+02 1.900000200000000000e+11
5.502600000000000364e+03 1.453822547630899749e+02 1.899999900000000000e+11
5.502800000000000182e+03 1.365283853270080954e+02 1.900000000000000000e+11
5.503000000000000000e+03 1.209297316626477965e+02 1.900000000000000000e+11
5.503200000000000728e+03 1.098362417419678536e+02 1.900000200000000000e+11
5.503400000000000546e+03 9.806120537705010065e+01 1.899999900000000000e+11
5.503600000000000364e+03 8.881441324469807341e+01 1.899999900000000000e+11
5.503800000000000182e+03 7.889233169326408301e+01 1.899999900000000000e+11
5.504000000000000000e+03 7.244308110509933840e+01 0.000000000000000000e+00
5.504200000000000728e+03 7.211102550927978427e+01 0.000000000000000000e+00
5.504400000000000546e+03 6.788225099390855632e+01 0.000000000000000000e+00
5.504600000000000364e+03 6.835202996254024299e+01 0.000000000000000000e+00
5.504800000000000182e+03 6.811754546370561059e+01 0.000000000000000000e+00
5.505000000000000000e+03 6.800000000000000000e+01 0.000000000000000000e+00
5.505200000000000728e+03 6.881860213634101342e+01 0.000000000000000000e+00
5.505400000000000546e+03 6.985699678629191567e+01 0.000000000000000000e+00
5.505600000000000364e+03 6.905070600652827295e+01 0.000000000000000000e+00
5.505800000000000182e+03 7.211102550927978427e+01 0.000000000000000000e+00
5.506000000000000000e+03 7.211102550927978427e+01 0.000000000000000000e+00
5.506200000000000728e+03 6.905070600652827295e+01 0.000000000000000000e+00
5.506400000000000546e+03 6.596969000988256937e+01 0.000000000000000000e+00
5.506600000000000364e+03 6.560487786742690730e+01 0.000000000000000000e+00
5.506800000000000182e+03 6.449806198638839305e+01 0.000000000000000000e+00
5.507000000000000000e+03 6.412487816752559411e+01 0.000000000000000000e+00
5.507200000000000728e+03 6.092618484691126923e+01 0.000000000000000000e+00
5.507400000000000546e+03 6.222539674441618018e+01 0.000000000000000000e+00
5.507600000000000364e+03 5.946427498927402411e+01 0.000000000000000000e+00
5.507800000000000182e+03 6.053098380168622583e+01 0.000000000000000000e+00
5.508000000000000000e+03 6.105735008989498880e+01 1.900000000000000000e+11
5.508200000000000728e+03 5.440588203494177577e+01 1.900000000000000000e+11
5.508400000000000546e+03 5.336665625650533684e+01 1.899999900000000000e+11
5.508600000000000364e+03 4.866210024238575471e+01 1.900000200000000000e+11
5.508800000000000182e+03 4.664761515876240594e+01 1.900000000000000000e+11
5.509000000000000000e+03 4.000000000000000000e+01 1.900000000000000000e+11
5.509200000000000728e+03 3.687817782917154830e+01 1.900000000000000000e+11
5.509400000000000546e+03 3.224903099319419653e+01 1.900000000000000000e+11
5.509600000000000364e+03 2.884441020371191300e+01 1.900000000000000000e+11
5.509800000000000182e+03 2.561249694973139412e+01 1.900000000000000000e+11
5.510000000000000000e+03 2.039607805437113797e+01 1.899999900000000000e+11
5.510200000000000728e+03 2.039607805437113797e+01 1.900000000000000000e+11
5.510400000000000546e+03 1.442220510185595650e+01 1.900000000000000000e+11
5.510600000000000364e+03 1.442220510185595650e+01 1.900000000000000000e+11
5.510800000000000182e+03 1.200000000000000000e+01 1.900000000000000000e+11
5.511000000000000000e+03 1.442220510185595650e+01 1.899999900000000000e+11
5.511200000000000728e+03 1.442220510185595650e+01 1.899999900000000000e+11
5.511400000000000546e+03 1.264911064067351809e+01 1.900000200000000000e+11
5.511600000000000364e+03 1.200000000000000000e+01 1.900000000000000000e+11
5.511800000000000182e+03 1.264911064067351809e+01 1.899999900000000000e+11
5.512000000000000000e+03 1.131370849898476116e+01 0.000000000000000000e+00
5.512200000000000728e+03 1.264911064067351809e+01 0.000000000000000000e+00
5.512400000000000546e+03 1.264911064067351809e+01 0.000000000000000000e+00
5.512600000000000364e+03 8.000000000000000000e+00 0.000000000000000000e+00
5.512800000000000182e+03 8.944271909999159220e+00 0.000000000000000000e+00
5.513000000000000000e+03 8.944271909999159220e+00 0.000000000000000000e+00
5.513200000000000728e+03 8.000000000000000000e+00 0.000000000000000000e+00
5.513400000000000546e+03 4.000000000000000000e+00 0.000000000000000000e+00
5.513600000000000364e+03 5.656854249492380582e+00 0.000000000000000000e+00
5.513800000000000182e+03 8.000000000000000000e+00 0.000000000000000000e+00
5.514000000000000000e+03 8.944271909999159220e+00 0.000000000000000000e+00
5.514200000000000728e+03 8.944271909999159220e+00 0.000000000000000000e+00
5.514400000000000546e+03 8.944271909999159220e+00 0.000000000000000000e+00
5.514600000000000364e+03 8.000000000000000000e+00 0.000000000000000000e+00
5.514800000000000182e+03 8.944271909999159220e+00 0.000000000000000000e+00
5.515000000000000000e+03 1.131370849898476116e+01 0.000000000000000000e+00
5.515200000000000728e+03 8.944271909999159220e+00 0.000000000000000000e+00
5.515400000000000546e+03 8.944271909999159220e+00 0.000000000000000000e+00
5.515600000000000364e+03 8.000000000000000000e+00 0.000000000000000000e+00
5.515800000000000182e+03 8.944271909999159220e+00 0.000000000000000000e+00
5.516000000000000000e+03 5.656854249492380582e+00 1.900000000000000000e+11
5.516200000000000728e+03 5.656854249492380582e+00 1.900000000000000000e+11
5.516400000000000546e+03 4.000000000000000000e+00 1.900000000000000000e+11
5.516600000000000364e+03 4.000000000000000000e+00 1.900000000000000000e+11
5.516800000000000182e+03 4.000000000000000000e+00 1.900000000000000000e+11
5.517000000000000000e+03 5.656854249492380582e+00 1.900000200000000000e+11
5.517200000000000728e+03 4.000000000000000000e+00 1.900000200000000000e+11
5.517400000000000546e+03 4.000000000000000000e+00 1.899999900000000000e+11
5.517600000000000364e+03 4.000000000000000000e+00 1.900000000000000000e+11
5.517800000000000182e+03 5.656854249492380582e+00 1.899999900000000000e+11
5.518000000000000000e+03 5.656854249492380582e+00 1.900000000000000000e+11
5.518200000000000728e+03 5.656854249492380582e+00 1.899999900000000000e+11
5.518400000000000546e+03 5.656854249492380582e+00 1.900000000000000000e+11
5.518600000000000364e+03 4.000000000000000000e+00 1.900000000000000000e+11
5.518800000000000182e+03 4.000000000000000000e+00 1.900000000000000000e+11
5.519000000000000000e+03 4.000000000000000000e+00 1.899999900000000000e+11
5.519200000000000728e+03 4.000000000000000000e+00 1.900000000000000000e+11
5.519400000000000546e+03 0.000000000000000000e+00 1.900000200000000000e+11
5.519600000000000364e+03 0.000000000000000000e+00 1.900000000000000000e+11
5.519800000000000182e+03 0.000000000000000000e+00 1.900000000000000000e+11
5.520000000000000000e+03 0.000000000000000000e+00 0.000000000000000000e+00
5.520200000000000728e+03 4.000000000000000000e+00 0.000000000000000000e+00
5.520400000000000546e+03 4.000000000000000000e+00 0.000000000000000000e+00
5.520600000000000364e+03 4.000000000000000000e+00 0.000000000000000000e+00
5.520800000000000182e+03 5.656854249492380582e+00 0.000000000000000000e+00
5.521000000000000000e+03 5.656854249492380582e+00 0.000000000000000000e+00
5.521200000000000728e+03 5.656854249492380582e+00 0.000000000000000000e+00
5.521400000000000546e+03 5.656854249492380582e+00 0.000000000000000000e+00
5.521600000000000364e+03 4.000000000000000000e+00 0.000000000000000000e+00
5.521800000000000182e+03 4.000000000000000000e+00 0.000000000000000000e+00
5.522000000000000000e+03 4.000000000000000000e+00 0.000000000000000000e+00
5.522200000000000728e+03 0.000000000000000000e+00 0.000000000000000000e+00
5.522400000000000546e+03 0.000000000000000000e+00 0.000000000000000000e+00
5.522600000000000364e+03 0.000000000000000000e+00 0.000000000000000000e+00
5.522800000000000182e+03 0.000000000000000000e+00 0.000000000000000000e+00
5.523000000000000000e+03 4.000000000000000000e+00 0.000000000000000000e+00
5.523200000000000728e+03 4.000000000000000000e+00 0.000000000000000000e+00
5.523400000000000546e+03 4.000000000000000000e+00 0.000000000000000000e+00
5.523600000000000364e+03 5.656854249492380582e+00 0.000000000000000000e+00
5.523800000000000182e+03 5.656854249492380582e+00 0.000000000000000000e+00
5.524000000000000000e+03 5.656854249492380582e+00 1.900000000000000000e+11
5.524200000000000728e+03 5.656854249492380582e+00 1.899999900000000000e+11
5.524400000000000546e+03 4.000000000000000000e+00 1.900000000000000000e+11
5.524600000000000364e+03 4.000000000000000000e+00 1.900000000000000000e+11
5.524800000000000182e+03 4.000000000000000000e+00 1.900000000000000000e+11
5.525000000000000000e+03 0.000000000000000000e+00 1.899999900000000000e+11
5.525200000000000728e+03 0.000000000000000000e+00 1.900000000000000000e+11
5.525400000000000546e+03 0.000000000000000000e+00 1.900000000000000000e+11
5.525600000000000364e+03 0.000000000000000000e+00 1.899999900000000000e+11
5.525800000000000182e+03 4.000000000000000000e+00 1.900000000000000000e+11
5.526000000000000000e+03 4.000000000000000000e+00 1.899999900000000000e+11
5.526200000000000728e+03 4.000000000000000000e+00 1.900000000000000000e+11
5.526400000000000546e+03 5.656854249492380582e+00 1.900000000000000000e+11
5.526600000000000364e+03 5.656854249492380582e+00 1.900000000000000000e+11
5.526800000000000182e+03 5.656854249492380582e+00 1.900000000000000000e+11
5.527000000000000000e+03 5.656854249492380582e+00 1.900000000000000000e+11
5.527200000000000728e+03 4.000000000000000000e+00 1.900000000000000000e+11
5.527400000000000546e+03 4.000000000000000000e+00 1.900000000000000000e+11
5.527600000000000364e+03 4.000000000000000000e+00 1.900000000000000000e+11
5.527800000000000182e+03 0.000000000000000000e+00 1.899999900000000000e+11
5.528000000000000000e+03 0.000000000000000000e+00 0.000000000000000000e+00
5.528200000000000728e+03 0.000000000000000000e+00 0.000000000000000000e+00
5.528400000000000546e+03 4.000000000000000000e+00 0.000000000000000000e+00
5.528600000000000364e+03 4.000000000000000000e+00 0.000000000000000000e+00
5.528800000000000182e+03 4.000000000000000000e+00 0.000000000000000000e+00
5.529000000000000000e+03 4.000000000000000000e+00 0.000000000000000000e+00
5.529200000000000728e+03 5.656854249492380582e+00 0.000000000000000000e+00
5.529400000000000546e+03 5.656854249492380582e+00 0.000000000000000000e+00
5.529600000000000364e+03 5.656854249492380582e+00 0.000000000000000000e+00
5.529800000000000182e+03 4.000000000000000000e+00 0.000000000000000000e+00
5.530000000000000000e+03 4.000000000000000000e+00 0.000000000000000000e+00
5.530200000000000728e+03 4.000000000000000000e+00 0.000000000000000000e+00
5.530400000000000546e+03 4.000000000000000000e+00 0.000000000000000000e+00
5.530600000000000364e+03 0.000000000000000000e+00 0.000000000000000000e+00
5.530800000000000182e+03 0.000000000000000000e+00 0.000000000000000000e+00
5.531000000000000000e+03 0.000000000000000000e+00 0.000000000000000000e+00
5.531200000000000728e+03 4.000000000000000000e+00 0.000000000000000000e+00
5.531400000000000546e+03 4.000000000000000000e+00 0.000000000000000000e+00
5.531600000000000364e+03 4.000000000000000000e+00 0.000000000000000000e+00
5.531800000000000182e+03 5.656854249492380582e+00 0.000000000000000000e+00
5.532000000000000000e+03 5.656854249492380582e+00 1.900000000000000000e+11
5.532200000000000728e+03 5.656854249492380582e+00 1.899999900000000000e+11
5.532400000000000546e+03 5.656854249492380582e+00 1.900000000000000000e+11
5.532600000000000364e+03 4.000000000000000000e+00 1.900000000000000000e+11
5.532800000000000182e+03 4.000000000000000000e+00 1.900000000000000000e+11
5.533000000000000000e+03 4.000000000000000000e+00 1.900000000000000000e+11
5.533200000000000728e+03 0.000000000000000000e+00 1.899999900000000000e+11
5.533400000000000546e+03 0.000000000000000000e+00 1.900000000000000000e+11
5.533600000000000364e+03 0.000000000000000000e+00 1.899999900000000000e+11
5.533800000000000182e+03 0.000000000000000000e+00 1.900000000000000000e+11
5.534000000000000000e+03 4.000000000000000000e+00 1.900000000000000000e+11
5.534200000000000728e+03 4.000000000000000000e+00 1.900000200000000000e+11
5.534400000000000546e+03 4.000000000000000000e+00 1.900000000000000000e+11
5.534600000000000364e+03 5.656854249492380582e+00 1.900000000000000000e+11
5.534800000000000182e+03 5.656854249492380582e+00 1.900000000000000000e+11
5.535000000000000000e+03 5.656854249492380582e+00 1.899999900000000000e+11
5.535200000000000728e+03 5.656854249492380582e+00 1.900000000000000000e+11
5.535400000000000546e+03 4.000000000000000000e+00 1.900000000000000000e+11
5.535600000000000364e+03 4.000000000000000000e+00 1.900000200000000000e+11
5.535800000000000182e+03 4.000000000000000000e+00 1.900000200000000000e+11
5.536000000000000000e+03 0.000000000000000000e+00 0.000000000000000000e+00
5.536200000000000728e+03 0.000000000000000000e+00 0.000000000000000000e+00
5.536400000000000546e+03 0.000000000000000000e+00 0.000000000000000000e+00
5.536600000000000364e+03 4.000000000000000000e+00 0.000000000000000000e+00
5.536800000000000182e+03 4.000000000000000000e+00 0.000000000000000000e+00
5.537000000000000000e+03 4.000000000000000000e+00 0.000000000000000000e+00
5.537200000000000728e+03 4.000000000000000000e+00 0.000000000000000000e+00
5.537400000000000546e+03 5.656854249492380582e+00 0.000000000000000000e+00
5.537600000000000364e+03 5.656854249492380582e+00 0.000000000000000000e+00
5.537800000000000182e+03 5.656854249492380582e+00 0.000000000000000000e+00
5.538000000000000000e+03 4.000000000000000000e+00 0.000000000000000000e+00
5.538200000000000728e+03 4.000000000000000000e+00 0.000000000000000000e+00
5.538400000000000546e+03 4.000000000000000000e+00 0.000000000000000000e+00
5.538600000000000364e+03 4.000000000000000000e+00 0.000000000000000000e+00
5.538800000000000182e+03 0.000000000000000000e+00 0.000000000000000000e+00
5.539000000000000000e+03 0.000000000000000000e+00 0.000000000000000000e+00
5.539200000000000728e+03 0.000000000000000000e+00 0.000000000000000000e+00
5.539400000000000546e+03 4.000000000000000000e+00 0.000000000000000000e+00
5.539600000000000364e+03 4.000000000000000000e+00 0.000000000000000000e+00
5.539800000000000182e+03 4.000000000000000000e+00 0.000000000000000000e+00
5.540000000000000000e+03 5.656854249492380582e+00 1.900000000000000000e+11
5.540200000000000728e+03 5.656854249492380582e+00 1.900000200000000000e+11
5.540400000000000546e+03 5.656854249492380582e+00 1.899999900000000000e+11
5.540600000000000364e+03 5.656854249492380582e+00 1.899999900000000000e+11
5.540800000000000182e+03 4.000000000000000000e+00 1.900000000000000000e+11
5.541000000000000000e+03 4.000000000000000000e+00 1.899999900000000000e+11
5.541200000000000728e+03 4.000000000000000000e+00 1.899999900000000000e+11
5.541400000000000546e+03 0.000000000000000000e+00 1.900000000000000000e+11
5.541600000000000364e+03 0.000000000000000000e+00 1.900000000000000000e+11
5.541800000000000182e+03 0.000000000000000000e+00 1.900000000000000000e+11
5.542000000000000000e+03 0.000000000000000000e+00 1.900000000000000000e+11
5.542200000000000728e+03 4.000000000000000000e+00 1.899999900000000000e+11
5.542400000000000546e+03 4.000000000000000000e+00 1.900000000000000000e+11
5.542600000000000364e+03 4.000000000000000000e+00 1.900000000000000000e+11
5.542800000000000182e+03 5.656854249492380582e+00 1.899999900000000000e+11
5.543000000000000000e+03 5.656854249492380582e+00 1.900000000000000000e+11
5.543200000000000728e+03 5.656854249492380582e+00 1.899999900000000000e+11
5.543400000000000546e+03 4.000000000000000000e+00 1.900000000000000000e+11
5.543600000000000364e+03 4.000000000000000000e+00 1.899999900000000000e+11
5.543800000000000182e+03 4.000000000000000000e+00 1.900000000000000000e+11
5.544000000000000000e+03 4.000000000000000000e+00 0.000000000000000000e+00
5.544200000000000728e+03 0.000000000000000000e+00 0.000000000000000000e+00
5.544400000000000546e+03 0.000000000000000000e+00 0.000000000000000000e+00
5.544600000000000364e+03 0.000000000000000000e+00 0.000000000000000000e+00
5.544800000000000182e+03 4.000000000000000000e+00 0.000000000000000000e+00
5.545000000000000000e+03 4.000000000000000000e+00 0.000000000000000000e+00
5.545200000000000728e+03 4.000000000000000000e+00 0.000000000000000000e+00
5.545400000000000546e+03 4.000000000000000000e+00 0.000000000000000000e+00
5.545600000000000364e+03 5.656854249492380582e+00 0.000000000000000000e+00
5.545800000000000182e+03 5.656854249492380582e+00 0.000000000000000000e+00
5.546000000000000000e+03 5.656854249492380582e+00 0.000000000000000000e+00
5.546200000000000728e+03 4.000000000000000000e+00 0.000000000000000000e+00
5.546400000000000546e+03 4.000000000000000000e+00 0.000000000000000000e+00
5.546600000000000364e+03 4.000000000000000000e+00 0.000000000000000000e+00
5.546800000000000182e+03 0.000000000000000000e+00 0.000000000000000000e+00
5.547000000000000000e+03 0.000000000000000000e+00 0.000000000000000000e+00
5.547200000000000728e+03 0.000000000000000000e+00 0.000000000000000000e+00
5.547400000000000546e+03 0.000000000000000000e+00 0.000000000000000000e+00
5.547600000000000364e+03 4.000000000000000000e+00 0.000000000000000000e+00
5.547800000000000182e+03 4.000000000000000000e+00 0.000000000000000000e+00
5.548000000000000000e+03 4.000000000000000000e+00 1.900000000000000000e+11
5.548200000000000728e+03 5.656854249492380582e+00 1.900000000000000000e+11
5.548400000000000546e+03 5.656854249492380582e+00 1.899999900000000000e+11
5.548600000000000364e+03 5.656854249492380582e+00 1.900000000000000000e+11
5.548800000000000182e+03 5.656854249492380582e+00 1.900000000000000000e+11
5.549000000000000000e+03 4.000000000000000000e+00 1.899999900000000000e+11
5.549200000000000728e+03 4.000000000000000000e+00 1.899999900000000000e+11
5.549400000000000546e+03 4.000000000000000000e+00 1.900000000000000000e+11
5.549600000000000364e+03 0.000000000000000000e+00 1.899999900000000000e+11
5.549800000000000182e+03 0.000000000000000000e+00 1.900000000000000000e+11
5.550000000000000000e+03 0.000000000000000000e+00 1.900000200000000000e+11
5.550200000000000728e+03 0.000000000000000000e+00 1.900000000000000000e+11
5.550400000000000546e+03 4.000000000000000000e+00 1.899999900000000000e+11
5.550600000000000364e+03 4.000000000000000000e+00 1.900000200000000000e+11
5.550800000000000182e+03 4.000000000000000000e+00 1.899999900000000000e+11
5.551000000000000000e+03 5.656854249492380582e+00 1.900000000000000000e+11
5.551200000000000728e+03 5.656854249492380582e+00 1.900000200000000000e+11
5.551400000000000546e+03 5.656854249492380582e+00 1.900000000000000000e+11
5.551600000000000364e+03 5.656854249492380582e+00 1.900000000000000000e+11
5.551800000000000182e+03 4.000000000000000000e+00 1.899999900000000000e+11
5.552000000000000000e+03 4.000000000000000000e+00 0.000000000000000000e+00
5.552200000000000728e+03 4.000000000000000000e+00 0.000000000000000000e+00
5.552400000000000546e+03 0.000000000000000000e+00 0.000000000000000000e+00
5.552600000000000364e+03 0.000000000000000000e+00 0.000000000000000000e+00
5.552800000000000182e+03 0.000000000000000000e+00 0.000000000000000000e+00
5.553000000000000000e+03 4.000000000000000000e+00 0.000000000000000000e+00
5.553200000000000728e+03 4.000000000000000000e+00 0.000000000000000000e+00
5.553400000000000546e+03 4.000000000000000000e+00 0.000000000000000000e+00
5.553600000000000364e+03 4.000000000000000000e+00 0.000000000000000000e+00
5.553800000000000182e+03 5.656854249492380582e+00 0.000000000000000000e+00
5.554000000000000000e+03 5.656854249492380582e+00 0.000000000000000000e+00
5.554200000000000728e+03 5.656854249492380582e+00 0.000000000000000000e+00
5.554400000000000546e+03 4.000000000000000000e+00 0.000000000000000000e+00
5.554600000000000364e+03 4.000000000000000000e+00 0.000000000000000000e+00
5.554800000000000182e+03 4.000000000000000000e+00 0.000000000000000000e+00
5.555000000000000000e+03 0.000000000000000000e+00 0.000000000000000000e+00
5.555200000000000728e+03 0.000000000000000000e+00 0.000000000000000000e+00
5.555400000000000546e+03 0.000000000000000000e+00 0.000000000000000000e+00
5.555600000000000364e+03 0.000000000000000000e+00 0.000000000000000000e+00
5.555800000000000182e+03 4.000000000000000000e+00 0.000000000000000000e+00
5.556000000000000000e+03 4.000000000000000000e+00 1.899999900000000000e+11
5.556200000000000728e+03 4.000000000000000000e+00 1.900000000000000000e+11
5.556400000000000546e+03 5.656854249492380582e+00 1.900000000000000000e+11
5.556600000000000364e+03 5.656854249492380582e+00 1.900000000000000000e+11
5.556800000000000182e+03 5.656854249492380582e+00 1.900000000000000000e+11
5.557000000000000000e+03 4.000000000000000000e+00 1.899999900000000000e+11
5.557200000000000728e+03 4.000000000000000000e+00 1.899999900000000000e+11
5.557400000000000546e+03 4.000000000000000000e+00 1.900000200000000000e+11
5.557600000000000364e+03 4.000000000000000000e+00 1.900000000000000000e+11
5.557800000000000182e+03 0.000000000000000000e+00 1.899999900000000000e+11
5.558000000000000000e+03 0.000000000000000000e+00 1.900000000000000000e+11
5.558200000000000728e+03 0.000000000000000000e+00 1.900000000000000000e+11
5.558400000000000546e+03 4.000000000000000000e+00 1.900000000000000000e+11
5.558600000000000364e+03 4.000000000000000000e+00 1.900000000000000000e+11
5.558800000000000182e+03 4.000000000000000000e+00 1.899999900000000000e+11
5.559000000000000000e+03 4.000000000000000000e+00 1.900000000000000000e+11
5.559200000000000728e+03 5.656854249492380582e+00 1.900000200000000000e+11
5.559400000000000546e+03 5.656854249492380582e+00 1.900000000000000000e+11
5.559600000000000364e+03 5.656854249492380582e+00 1.899999900000000000e+11
5.559800000000000182e+03 5.656854249492380582e+00 1.900000000000000000e+11
5.560000000000000000e+03 4.000000000000000000e+00 0.000000000000000000e+00
5.560200000000000728e+03 4.000000000000000000e+00 0.000000000000000000e+00
5.560400000000000546e+03 4.000000000000000000e+00 0.000000000000000000e+00
5.560600000000000364e+03 4.000000000000000000e+00 0.000000000000000000e+00
5.560800000000000182e+03 0.000000000000000000e+00 0.000000000000000000e+00
5.561000000000000000e+03 4.000000000000000000e+00 0.000000000000000000e+00
5.561200000000000728e+03 4.000000000000000000e+00 0.000000000000000000e+00
5.561400000000000546e+03 4.000000000000000000e+00 0.000000000000000000e+00
5.561600000000000364e+03 4.000000000000000000e+00 0.000000000000000000e+00
5.561800000000000182e+03 4.000000000000000000e+00 0.000000000000000000e+00
5.562000000000000000e+03 5.656854249492380582e+00 0.000000000000000000e+00
5.562200000000000728e+03 5.656854249492380582e+00 0.000000000000000000e+00
5.562400000000000546e+03 5.656854249492380582e+00 0.000000000000000000e+00
5.562600000000000364e+03 5.656854249492380582e+00 0.000000000000000000e+00
5.562800000000000182e+03 4.000000000000000000e+00 0.000000000000000000e+00
5.563000000000000000e+03 4.000000000000000000e+00 0.000000000000000000e+00
5.563200000000000728e+03 4.000000000000000000e+00 0.000000000000000000e+00
5.563400000000000546e+03 4.000000000000000000e+00 0.000000000000000000e+00
5.563600000000000364e+03 0.000000000000000000e+00 0.000000000000000000e+00
5.563800000000000182e+03 0.000000000000000000e+00 0.000000000000000000e+00
5.564000000000000000e+03 4.000000000000000000e+00 1.900000000000000000e+11
5.564200000000000728e+03 4.000000000000000000e+00 1.899999900000000000e+11
5.564400000000000546e+03 4.000000000000000000e+00 1.899999900000000000e+11
5.564600000000000364e+03 4.000000000000000000e+00 1.900000000000000000e+11
5.564800000000000182e+03 5.656854249492380582e+00 1.899999900000000000e+11
5.565000000000000000e+03 5.656854249492380582e+00 1.900000000000000000e+11
5.565200000000000728e+03 5.656854249492380582e+00 1.900000000000000000e+11
5.565400000000000546e+03 5.656854249492380582e+00 1.899999900000000000e+11
5.565600000000000364e+03 4.000000000000000000e+00 1.900000000000000000e+11
5.565800000000000182e+03 4.000000000000000000e+00 1.899999900000000000e+11
5.566000000000000000e+03 4.000000000000000000e+00 1.900000000000000000e+11
5.566200000000000728e+03 0.000000000000000000e+00 1.900000000000000000e+11
5.566400000000000546e+03 4.000000000000000000e+00 1.900000000000000000e+11
5.566600000000000364e+03 4.000000000000000000e+00 1.899999900000000000e+11
5.566800000000000182e+03 4.000000000000000000e+00 1.900000200000000000e+11
5.567000000000000000e+03 4.000000000000000000e+00 1.900000200000000000e+11
5.567200000000000728e+03 4.000000000000000000e+00 1.900000000000000000e+11
5.567400000000000546e+03 5.656854249492380582e+00 1.899999900000000000e+11
5.567600000000000364e+03 5.656854249492380582e+00 1.900000000000000000e+11
5.567800000000000182e+03 4.000000000000000000e+00 1.900000200000000000e+11
5.568000000000000000e+03 4.000000000000000000e+00 0.000000000000000000e+00
5.568200000000000728e+03 4.000000000000000000e+00 0.000000000000000000e+00
5.568400000000000546e+03 4.000000000000000000e+00 0.000000000000000000e+00
5.568600000000000364e+03 5.656854249492380582e+00 0.000000000000000000e+00
5.568800000000000182e+03 5.656854249492380582e+00 0.000000000000000000e+00
5.569000000000000000e+03 4.000000000000000000e+00 0.000000000000000000e+00
5.569200000000000728e+03 4.000000000000000000e+00 0.000000000000000000e+00
5.569400000000000546e+03 4.000000000000000000e+00 0.000000000000000000e+00
5.569600000000000364e+03 5.656854249492380582e+00 0.000000000000000000e+00
5.569800000000000182e+03 5.656854249492380582e+00 0.000000000000000000e+00
5.570000000000000000e+03 5.656854249492380582e+00 0.000000000000000000e+00
5.570200000000000728e+03 5.656854249492380582e+00 0.000000000000000000e+00
5.570400000000000546e+03 4.000000000000000000e+00 0.000000000000000000e+00
5.570600000000000364e+03 4.000000000000000000e+00 0.000000000000000000e+00
5.570800000000000182e+03 4.000000000000000000e+00 0.000000000000000000e+00
5.571000000000000000e+03 5.656854249492380582e+00 0.000000000000000000e+00
5.571200000000000728e+03 5.656854249492380582e+00 0.000000000000000000e+00
5.571400000000000546e+03 4.000000000000000000e+00 0.000000000000000000e+00
5.571600000000000364e+03 4.000000000000000000e+00 0.000000000000000000e+00
5.571800000000000182e+03 4.000000000000000000e+00 0.000000000000000000e+00
5.572000000000000000e+03 4.000000000000000000e+00 1.900000000000000000e+11
5.572200000000000728e+03 5.656854249492380582e+00 1.899999900000000000e+11
5.572400000000000546e+03 5.656854249492380582e+00 1.900000000000000000e+11
5.572600000000000364e+03 4.000000000000000000e+00 1.900000000000000000e+11
5.572800000000000182e+03 4.000000000000000000e+00 1.899999900000000000e+11
5.573000000000000000e+03 4.000000000000000000e+00 1.900000200000000000e+11
5.573200000000000728e+03 4.000000000000000000e+00 1.900000000000000000e+11
5.573400000000000546e+03 5.656854249492380582e+00 1.900000000000000000e+11
5.573600000000000364e+03 5.656854249492380582e+00 1.899999900000000000e+11
5.573800000000000182e+03 4.000000000000000000e+00 1.900000000000000000e+11
5.574000000000000000e+03 5.656854249492380582e+00 1.900000000000000000e+11
5.574200000000000728e+03 4.000000000000000000e+00 1.900000000000000000e+11
5.574400000000000546e+03 4.000000000000000000e+00 1.899999900000000000e+11
5.574600000000000364e+03 5.656854249492380582e+00 1.900000000000000000e+11
5.574800000000000182e+03 5.656854249492380582e+00 1.900000000000000000e+11
5.575000000000000000e+03 4.000000000000000000e+00 1.900000200000000000e+11
5.575200000000000728e+03 4.000000000000000000e+00 1.900000000000000000e+11
5.575400000000000546e+03 4.000000000000000000e+00 1.900000000000000000e+11
5.575600000000000364e+03 4.000000000000000000e+00 1.900000200000000000e+11
5.575800000000000182e+03 5.656854249492380582e+00 1.899999900000000000e+11
5.576000000000000000e+03 4.000000000000000000e+00 0.000000000000000000e+00
5.576200000000000728e+03 4.000000000000000000e+00 0.000000000000000000e+00
5.576400000000000546e+03 5.656854249492380582e+00 0.000000000000000000e+00
5.576600000000000364e+03 4.000000000000000000e+00 0.000000000000000000e+00
5.576800000000000182e+03 4.000000000000000000e+00 0.000000000000000000e+00
5.577000000000000000e+03 5.656854249492380582e+00 0.000000000000000000e+00
5.577200000000000728e+03 5.656854249492380582e+00 0.000000000000000000e+00
5.577400000000000546e+03 4.000000000000000000e+00 0.000000000000000000e+00
5.577600000000000364e+03 4.000000000000000000e+00 0.000000000000000000e+00
5.577800000000000182e+03 4.000000000000000000e+00 0.000000000000000000e+00
5.578000000000000000e+03 4.000000000000000000e+00 0.000000000000000000e+00
5.578200000000000728e+03 5.656854249492380582e+00 0.000000000000000000e+00
5.578400000000000546e+03 5.656854249492380582e+00 0.000000000000000000e+00
5.578600000000000364e+03 4.000000000000000000e+00 0.000000000000000000e+00
5.578800000000000182e+03 4.000000000000000000e+00 0.000000000000000000e+00
5.579000000000000000e+03 4.000000000000000000e+00 0.000000000000000000e+00
5.579200000000000728e+03 4.000000000000000000e+00 0.000000000000000000e+00
5.579400000000000546e+03 5.656854249492380582e+00 0.000000000000000000e+00
5.579600000000000364e+03 5.656854249492380582e+00 0.000000000000000000e+00
5.579800000000000182e+03 4.000000000000000000e+00 0.000000000000000000e+00
5.580000000000000000e+03 4.000000000000000000e+00 1.900000000000000000e+11
5.580200000000000728e+03 4.000000000000000000e+00 1.899999900000000000e+11
5.580400000000000546e+03 4.000000000000000000e+00 1.900000000000000000e+11
5.580600000000000364e+03 5.656854249492380582e+00 1.900000000000000000e+11
5.580800000000000182e+03 5.656854249492380582e+00 1.900000000000000000e+11
5.581000000000000000e+03 4.000000000000000000e+00 1.900000000000000000e+11
5.581200000000000728e+03 4.000000000000000000e+00 1.900000000000000000e+11
5.581400000000000546e+03 4.000000000000000000e+00 1.900000000000000000e+11
5.581600000000000364e+03 4.000000000000000000e+00 1.900000000000000000e+11
5.581800000000000182e+03 4.000000000000000000e+00 1.900000000000000000e+11
5.582000000000000000e+03 5.656854249492380582e+00 1.900000000000000000e+11
5.582200000000000728e+03 5.656854249492380582e+00 1.899999900000000000e+11
5.582400000000000546e+03 4.000000000000000000e+00 1.900000000000000000e+11
5.582600000000000364e+03 4.000000000000000000e+00 1.900000000000000000e+11
5.582800000000000182e+03 4.000000000000000000e+00 1.900000200000000000e+11
5.583000000000000000e+03 4.000000000000000000e+00 1.899999900000000000e+11
5.583200000000000728e+03 5.656854249492380582e+00 1.899999900000000000e+11
5.583400000000000546e+03 5.656854249492380582e+00 1.900000200000000000e+11
5.583600000000000364e+03 4.000000000000000000e+00 1.900000000000000000e+11
5.583800000000000182e+03 4.000000000000000000e+00 1.899999900000000000e+11
5.584000000000000000e+03 4.000000000000000000e+00 0.000000000000000000e+00
5.584200000000000728e+03 4.000000000000000000e+00 0.000000000000000000e+00
5.584400000000000546e+03 5.656854249492380582e+00 0.000000000000000000e+00
5.584600000000000364e+03 5.656854249492380582e+00 0.000000000000000000e+00
5.584800000000000182e+03 4.000000000000000000e+00 0.000000000000000000e+00
5.585000000000000000e+03 4.000000000000000000e+00 0.000000000000000000e+00
5.585200000000000728e+03 4.000000000000000000e+00 0.000000000000000000e+00
5.585400000000000546e+03 4.000000000000000000e+00 0.000000000000000000e+00
5.585600000000000364e+03 5.656854249492380582e+00 0.000000000000000000e+00
5.585800000000000182e+03 5.656854249492380582e+00 0.000000000000000000e+00
5.586000000000000000e+03 4.000000000000000000e+00 0.000000000000000000e+00
5.586200000000000728e+03 4.000000000000000000e+00 0.000000000000000000e+00
5.586400000000000546e+03 4.000000000000000000e+00 0.000000000000000000e+00
5.586600000000000364e+03 4.000000000000000000e+00 0.000000000000000000e+00
5.586800000000000182e+03 5.656854249492380582e+00 0.000000000000000000e+00
5.587000000000000000e+03 5.656854249492380582e+00 0.000000000000000000e+00
5.587200000000000728e+03 4.000000000000000000e+00 0.000000000000000000e+00
5.587400000000000546e+03 4.000000000000000000e+00 0.000000000000000000e+00
5.587600000000000364e+03 4.000000000000000000e+00 0.000000000000000000e+00
5.587800000000000182e+03 4.000000000000000000e+00 0.000000000000000000e+00
5.588000000000000000e+03 5.656854249492380582e+00 1.899999900000000000e+11
5.588200000000000728e+03 5.656854249492380582e+00 1.900000200000000000e+11
5.588400000000000546e+03 4.000000000000000000e+00 1.900000000000000000e+11
5.588600000000000364e+03 4.000000000000000000e+00 1.900000200000000000e+11
5.588800000000000182e+03 4.000000000000000000e+00 1.899999900000000000e+11
5.589000000000000000e+03 4.000000000000000000e+00 1.900000000000000000e+11
5.589200000000000728e+03 4.000000000000000000e+00 1.899999900000000000e+11
5.589400000000000546e+03 5.656854249492380582e+00 1.900000000000000000e+11
5.589600000000000364e+03 5.656854249492380582e+00 1.900000000000000000e+11
5.589800000000000182e+03 4.000000000000000000e+00 1.900000000000000000e+11
5.590000000000000000e+03 4.000000000000000000e+00 1.900000000000000000e+11
5.590200000000000728e+03 4.000000000000000000e+00 1.900000000000000000e+11
5.590400000000000546e+03 4.000000000000000000e+00 1.899999900000000000e+11
5.590600000000000364e+03 5.656854249492380582e+00 1.900000000000000000e+11
5.590800000000000182e+03 5.656854249492380582e+00 1.900000000000000000e+11
5.591000000000000000e+03 4.000000000000000000e+00 1.899999900000000000e+11
5.591200000000000728e+03 4.000000000000000000e+00 1.899999900000000000e+11
5.591400000000000546e+03 4.000000000000000000e+00 1.900000000000000000e+11
5.591600000000000364e+03 4.000000000000000000e+00 1.899999900000000000e+11
5.591800000000000182e+03 5.656854249492380582e+00 1.900000000000000000e+11
5.592000000000000000e+03 5.656854249492380582e+00 0.000000000000000000e+00
5.592200000000000728e+03 4.000000000000000000e+00 0.000000000000000000e+00
5.592400000000000546e+03 4.000000000000000000e+00 0.000000000000000000e+00
5.592600000000000364e+03 4.000000000000000000e+00 0.000000000000000000e+00
5.592800000000000182e+03 4.000000000000000000e+00 0.000000000000000000e+00
5.593000000000000000e+03 5.656854249492380582e+00 0.000000000000000000e+00
5.593200000000000728e+03 5.656854249492380582e+00 0.000000000000000000e+00
5.593400000000000546e+03 4.000000000000000000e+00 0.000000000000000000e+00
5.593600000000000364e+03 4.000000000000000000e+00 0.000000000000000000e+00
5.593800000000000182e+03 5.656854249492380582e+00 0.000000000000000000e+00
5.594000000000000000e+03 4.000000000000000000e+00 0.000000000000000000e+00
5.594200000000000728e+03 5.656854249492380582e+00 0.000000000000000000e+00
5.594400000000000546e+03 5.656854249492380582e+00 0.000000000000000000e+00
5.594600000000000364e+03 4.000000000000000000e+00 0.000000000000000000e+00
5.594800000000000182e+03 4.000000000000000000e+00 0.000000000000000000e+00
5.595000000000000000e+03 4.000000000000000000e+00 0.000000000000000000e+00
5.595200000000000728e+03 4.000000000000000000e+00 0.000000000000000000e+00
5.595400000000000546e+03 5.656854249492380582e+00 0.000000000000000000e+00
5.595600000000000364e+03 5.656854249492380582e+00 0.000000000000000000e+00
5.595800000000000182e+03 5.656854249492380582e+00 0.000000000000000000e+00
5.596000000000000000e+03 4.000000000000000000e+00 1.900000000000000000e+11
5.596200000000000728e+03 5.656854249492380582e+00 1.900000000000000000e+11
5.596400000000000546e+03 4.000000000000000000e+00 1.900000000000000000e+11
5.596600000000000364e+03 5.656854249492380582e+00 1.899999900000000000e+11
5.596800000000000182e+03 5.656854249492380582e+00 1.900000200000000000e+11
5.597000000000000000e+03 4.000000000000000000e+00 1.899999900000000000e+11
5.597200000000000728e+03 4.000000000000000000e+00 1.900000000000000000e+11
5.597400000000000546e+03 4.000000000000000000e+00 1.900000000000000000e+11
5.597600000000000364e+03 4.000000000000000000e+00 1.900000000000000000e+11
5.597800000000000182e+03 4.000000000000000000e+00 1.900000000000000000e+11
5.598000000000000000e+03 5.656854249492380582e+00 1.900000000000000000e+11
5.598200000000000728e+03 4.000000000000000000e+00 1.900000000000000000e+11
5.598400000000000546e+03 4.000000000000000000e+00 1.899999900000000000e+11
5.598600000000000364e+03 4.000000000000000000e+00 1.899999900000000000e+11
5.598800000000000182e+03 4.000000000000000000e+00 1.899999900000000000e+11
5.599000000000000000e+03 4.000000000000000000e+00 1.899999900000000000e+11
5.599200000000000728e+03 5.656854249492380582e+00 1.899999900000000000e+11
5.599400000000000546e+03 5.656854249492380582e+00 1.900000000000000000e+11
5.599600000000000364e+03 4.000000000000000000e+00 1.900000000000000000e+11
5.599800000000000182e+03 4.000000000000000000e+00 1.900000000000000000e+11
