5.800000000000000000e+03 5.656854249492380582e+00 0.000000000000000000e+00
5.800200000000000728e+03 4.000000000000000000e+00 0.000000000000000000e+00
5.800400000000000546e+03 4.000000000000000000e+00 0.000000000000000000e+00
5.800600000000000364e+03 5.656854249492380582e+00 0.000000000000000000e+00
5.800800000000000182e+03 5.656854249492380582e+00 0.000000000000000000e+00
5.801000000000000000e+03 5.656854249492380582e+00 0.000000000000000000e+00
5.801200000000000728e+03 5.656854249492380582e+00 0.000000000000000000e+00
5.801400000000000546e+03 5.656854249492380582e+00 0.000000000000000000e+00
5.801600000000000364e+03 5.656854249492380582e+00 0.000000000000000000e+00
5.801800000000000182e+03 5.656854249492380582e+00 0.000000000000000000e+00
5.802000000000000000e+03 5.656854249492380582e+00 0.000000000000000000e+00
5.802200000000000728e+03 5.656854249492380582e+00 0.000000000000000000e+00
5.802400000000000546e+03 4.000000000000000000e+00 0.000000000000000000e+00
5.802600000000000364e+03 5.656854249492380582e+00 0.000000000000000000e+00
5.802800000000000182e+03 5.656854249492380582e+00 0.000000000000000000e+00
5.803000000000000000e+03 5.656854249492380582e+00 0.000000000000000000e+00
5.803200000000000728e+03 5.656854249492380582e+00 0.000000000000000000e+00
5.803400000000000546e+03 5.656854249492380582e+00 0.000000000000000000e+00
5.803600000000000364e+03 5.656854249492380582e+00 0.000000000000000000e+00
5.803800000000000182e+03 5.656854249492380582e+00 0.000000000000000000e+00
5.804000000000000000e+03 5.656854249492380582e+00 1.950000000000000000e+11
5.804200000000000728e+03 5.656854249492380582e+00 1.950000000000000000e+11
5.804400000000000546e+03 5.656854249492380582e+00 1.950000000000000000e+11
5.804600000000000364e+03 4.000000000000000000e+00 1.950000000000000000e+11
5.804800000000000182e+03 4.000000000000000000e+00 1.950000000000000000e+11
5.805000000000000000e+03 4.000000000000000000e+00 1.950000000000000000e+11
5.805200000000000728e+03 4.000000000000000000e+00 1.950000000000000000e+11
5.805400000000000546e+03 5.656854249492380582e+00 1.950000000000000000e+11
5.805600000000000364e+03 0.000000000000000000e+00 1.950000000000000000e+11
5.805800000000000182e+03 4.000000000000000000e+00 1.950000000000000000e+11
5.806000000000000000e+03 4.000000000000000000e+00 1.950000000000000000e+11
5.806200000000000728e+03 5.656854249492380582e+00 1.950000000000000000e+11
5.806400000000000546e+03 5.656854249492380582e+00 1.950000000000000000e+11
5.806600000000000364e+03 5.656854249492380582e+00 1.950000000000000000e+11
5.806800000000000182e+03 5.656854249492380582e+00 1.950000000000000000e+11
5.807000000000000000e+03 5.656854249492380582e+00 1.950000000000000000e+11
5.807200000000000728e+03 4.000000000000000000e+00 1.950000000000000000e+11
5.807400000000000546e+03 4.000000000000000000e+00 1.950000000000000000e+11
5.807600000000000364e+03 4.000000000000000000e+00 1.950000000000000000e+11
5.807800000000000182e+03 4.000000000000000000e+00 1.950000000000000000e+11
5.808000000000000000e+03 0.000000000000000000e+00 0.000000000000000000e+00
5.808200000000000728e+03 0.000000000000000000e+00 0.000000000000000000e+00
5.808400000000000546e+03 0.000000000000000000e+00 0.000000000000000000e+00
5.808600000000000364e+03 4.000000000000000000e+00 0.000000000000000000e+00
5.808800000000000182e+03 4.000000000000000000e+00 0.000000000000000000e+00
5.809000000000000000e+03 5.656854249492380582e+00 0.000000000000000000e+00
5.809200000000000728e+03 5.656854249492380582e+00 0.000000000000000000e+00
5.809400000000000546e+03 5.656854249492380582e+00 0.000000000000000000e+00
5.809600000000000364e+03 5.656854249492380582e+00 0.000000000000000000e+00
5.809800000000000182e+03 5.656854249492380582e+00 0.000000000000000000e+00
5.810000000000000000e+03 4.000000000000000000e+00 0.000000000000000000e+00
5.810200000000000728e+03 4.000000000000000000e+00 0.000000000000000000e+00
5.810400000000000546e+03 4.000000000000000000e+00 0.000000000000000000e+00
5.810600000000000364e+03 0.000000000000000000e+00 0.000000000000000000e+00
5.810800000000000182e+03 0.000000000000000000e+00 0.000000000000000000e+00
5.811000000000000000e+03 0.000000000000000000e+00 0.000000000000000000e+00
5.811200000000000728e+03 0.000000000000000000e+00 0.000000000000000000e+00
5.811400000000000546e+03 4.000000000000000000e+00 0.000000000000000000e+00
5.811600000000000364e+03 4.000000000000000000e+00 0.000000000000000000e+00
5.811800000000000182e+03 5.656854249492380582e+00 0.000000000000000000e+00
5.812000000000000000e+03 5.656854249492380582e+00 1.950000000000000000e+11
5.812200000000000728e+03 5.656854249492380582e+00 1.950000000000000000e+11
5.812400000000000546e+03 5.656854249492380582e+00 1.950000000000000000e+11
5.812600000000000364e+03 4.000000000000000000e+00 1.950000000000000000e+11
5.812800000000000182e+03 4.000000000000000000e+00 1.950000000000000000e+11
5.813000000000000000e+03 4.000000000000000000e+00 1.950000000000000000e+11
5.813200000000000728e+03 4.000000000000000000e+00 1.950000000000000000e+11
5.813400000000000546e+03 0.000000000000000000e+00 1.950000000000000000e+11
5.813600000000000364e+03 0.000000000000000000e+00 1.950000000000000000e+11
5.813800000000000182e+03 0.000000000000000000e+00 1.950000000000000000e+11
5.814000000000000000e+03 4.000000000000000000e+00 1.950000000000000000e+11
5.814200000000000728e+03 4.000000000000000000e+00 1.950000000000000000e+11
5.814400000000000546e+03 4.000000000000000000e+00 1.950000000000000000e+11
5.814600000000000364e+03 5.656854249492380582e+00 1.950000000000000000e+11
5.814800000000000182e+03 5.656854249492380582e+00 1.950000000000000000e+11
5.815000000000000000e+03 5.656854249492380582e+00 1.950000000000000000e+11
5.815200000000000728e+03 5.656854249492380582e+00 1.950000000000000000e+11
5.815400000000000546e+03 4.000000000000000000e+00 1.950000000000000000e+11
5.815600000000000364e+03 4.000000000000000000e+00 1.950000000000000000e+11
5.815800000000000182e+03 4.000000000000000000e+00 1.950000000000000000e+11
5.816000000000000000e+03 0.000000000000000000e+00 0.000000000000000000e+00
5.816200000000000728e+03 0.000000000000000000e+00 0.000000000000000000e+00
5.816400000000000546e+03 0.000000000000000000e+00 0.000000000000000000e+00
5.816600000000000364e+03 4.000000000000000000e+00 0.000000000000000000e+00
5.816800000000000182e+03 4.000000000000000000e+00 0.000000000000000000e+00
5.817000000000000000e+03 4.000000000000000000e+00 0.000000000000000000e+00
5.817200000000000728e+03 4.000000000000000000e+00 0.000000000000000000e+00
5.817400000000000546e+03 5.656854249492380582e+00 0.000000000000000000e+00
5.817600000000000364e+03 5.656854249492380582e+00 0.000000000000000000e+00
5.817800000000000182e+03 5.656854249492380582e+00 0.000000000000000000e+00
5.818000000000000000e+03 4.000000000000000000e+00 0.000000000000000000e+00
5.818200000000000728e+03 4.000000000000000000e+00 0.000000000000000000e+00
5.818400000000000546e+03 4.000000000000000000e+00 0.000000000000000000e+00
5.818600000000000364e+03 4.000000000000000000e+00 0.000000000000000000e+00
5.818800000000000182e+03 0.000000000000000000e+00 0.000000000000000000e+00
5.819000000000000000e+03 0.000000000000000000e+00 0.000000000000000000e+00
5.819200000000000728e+03 0.000000000000000000e+00 0.000000000000000000e+00
5.819400000000000546e+03 4.000000000000000000e+00 0.000000000000000000e+00
5.819600000000000364e+03 4.000000000000000000e+00 0.000000000000000000e+00
5.819800000000000182e+03 4.000000000000000000e+00 0.000000000000000000e+00
5.820000000000000000e+03 5.656854249492380582e+00 1.950000000000000000e+11
5.820200000000000728e+03 5.656854249492380582e+00 1.950000000000000000e+11
5.820400000000000546e+03 5.656854249492380582e+00 1.950000000000000000e+11
5.820600000000000364e+03 5.656854249492380582e+00 1.950000000000000000e+11
5.820800000000000182e+03 4.000000000000000000e+00 1.950000000000000000e+11
5.821000000000000000e+03 4.000000000000000000e+00 1.950000000000000000e+11
5.821200000000000728e+03 4.000000000000000000e+00 1.950000000000000000e+11
5.821400000000000546e+03 0.000000000000000000e+00 1.950000000000000000e+11
5.821600000000000364e+03 0.000000000000000000e+00 1.950000000000000000e+11
5.821800000000000182e+03 0.000000000000000000e+00 1.950000000000000000e+11
5.822000000000000000e+03 0.000000000000000000e+00 1.950000000000000000e+11
5.822200000000000728e+03 4.000000000000000000e+00 1.950000000000000000e+11
5.822400000000000546e+03 4.000000000000000000e+00 1.950000000000000000e+11
5.822600000000000364e+03 4.000000000000000000e+00 1.950000000000000000e+11
5.822800000000000182e+03 5.656854249492380582e+00 1.950000000000000000e+11
5.823000000000000000e+03 5.656854249492380582e+00 1.950000000000000000e+11
5.823200000000000728e+03 5.656854249492380582e+00 1.950000000000000000e+11
5.823400000000000546e+03 5.656854249492380582e+00 1.950000000000000000e+11
5.823600000000000364e+03 4.000000000000000000e+00 1.950000000000000000e+11
5.823800000000000182e+03 4.000000000000000000e+00 1.950000000000000000e+11
5.824000000000000000e+03 4.000000000000000000e+00 0.000000000000000000e+00
5.824200000000000728e+03 0.000000000000000000e+00 0.000000000000000000e+00
5.824400000000000546e+03 0.000000000000000000e+00 0.000000000000000000e+00
5.824600000000000364e+03 0.000000000000000000e+00 0.000000000000000000e+00
5.824800000000000182e+03 4.000000000000000000e+00 0.000000000000000000e+00
5.825000000000000000e+03 4.000000000000000000e+00 0.000000000000000000e+00
5.825200000000000728e+03 4.000000000000000000e+00 0.000000000000000000e+00
5.825400000000000546e+03 4.000000000000000000e+00 0.000000000000000000e+00
5.825600000000000364e+03 5.656854249492380582e+00 0.000000000000000000e+00
5.825800000000000182e+03 5.656854249492380582e+00 0.000000000000000000e+00
5.826000000000000000e+03 5.656854249492380582e+00 0.000000000000000000e+00
5.826200000000000728e+03 4.000000000000000000e+00 0.000000000000000000e+00
5.826400000000000546e+03 4.000000000000000000e+00 0.000000000000000000e+00
5.826600000000000364e+03 4.000000000000000000e+00 0.000000000000000000e+00
5.826800000000000182e+03 0.000000000000000000e+00 0.000000000000000000e+00
5.827000000000000000e+03 0.000000000000000000e+00 0.000000000000000000e+00
5.827200000000000728e+03 0.000000000000000000e+00 0.000000000000000000e+00
5.827400000000000546e+03 0.000000000000000000e+00 0.000000000000000000e+00
5.827600000000000364e+03 4.000000000000000000e+00 0.000000000000000000e+00
5.827800000000000182e+03 4.000000000000000000e+00 0.000000000000000000e+00
5.828000000000000000e+03 4.000000000000000000e+00 1.950000000000000000e+11
5.828200000000000728e+03 5.656854249492380582e+00 1.950000000000000000e+11
5.828400000000000546e+03 5.656854249492380582e+00 1.950000000000000000e+11
5.828600000000000364e+03 5.656854249492380582e+00 1.950000000000000000e+11
5.828800000000000182e+03 5.656854249492380582e+00 1.950000000000000000e+11
5.829000000000000000e+03 4.000000000000000000e+00 1.950000000000000000e+11
5.829200000000000728e+03 4.000000000000000000e+00 1.950000000000000000e+11
5.829400000000000546e+03 4.000000000000000000e+00 1.950000000000000000e+11
5.829600000000000364e+03 0.000000000000000000e+00 1.950000000000000000e+11
5.829800000000000182e+03 0.000000000000000000e+00 1.950000000000000000e+11
5.830000000000000000e+03 0.000000000000000000e+00 1.950000000000000000e+11
5.830200000000000728e+03 0.000000000000000000e+00 1.950000000000000000e+11
5.830400000000000546e+03 4.000000000000000000e+00 1.950000000000000000e+11
5.830600000000000364e+03 4.000000000000000000e+00 1.950000000000000000e+11
5.830800000000000182e+03 4.000000000000000000e+00 1.950000000000000000e+11
5.831000000000000000e+03 5.656854249492380582e+00 1.950000000000000000e+11
5.831200000000000728e+03 5.656854249492380582e+00 1.950000000000000000e+11
5.831400000000000546e+03 5.656854249492380582e+00 1.950000000000000000e+11
5.831600000000000364e+03 4.000000000000000000e+00 1.950000000000000000e+11
5.831800000000000182e+03 4.000000000000000000e+00 1.950000000000000000e+11
5.832000000000000000e+03 4.000000000000000000e+00 0.000000000000000000e+00
5.832200000000000728e+03 4.000000000000000000e+00 0.000000000000000000e+00
5.832400000000000546e+03 0.000000000000000000e+00 0.000000000000000000e+00
5.832600000000000364e+03 0.000000000000000000e+00 0.000000000000000000e+00
5.832800000000000182e+03 0.000000000000000000e+00 0.000000000000000000e+00
5.833000000000000000e+03 4.000000000000000000e+00 0.000000000000000000e+00
5.833200000000000728e+03 4.000000000000000000e+00 0.000000000000000000e+00
5.833400000000000546e+03 4.000000000000000000e+00 0.000000000000000000e+00
5.833600000000000364e+03 4.000000000000000000e+00 0.000000000000000000e+00
5.833800000000000182e+03 5.656854249492380582e+00 0.000000000000000000e+00
5.834000000000000000e+03 5.656854249492380582e+00 0.000000000000000000e+00
5.834200000000000728e+03 5.656854249492380582e+00 0.000000000000000000e+00
5.834400000000000546e+03 4.000000000000000000e+00 0.000000000000000000e+00
5.834600000000000364e+03 4.000000000000000000e+00 0.000000000000000000e+00
5.834800000000000182e+03 4.000000000000000000e+00 0.000000000000000000e+00
5.835000000000000000e+03 0.000000000000000000e+00 0.000000000000000000e+00
5.835200000000000728e+03 0.000000000000000000e+00 0.000000000000000000e+00
5.835400000000000546e+03 0.000000000000000000e+00 0.000000000000000000e+00
5.835600000000000364e+03 0.000000000000000000e+00 0.000000000000000000e+00
5.835800000000000182e+03 4.000000000000000000e+00 0.000000000000000000e+00
5.836000000000000000e+03 4.000000000000000000e+00 1.950000000000000000e+11
5.836200000000000728e+03 4.000000000000000000e+00 1.950000000000000000e+11
5.836400000000000546e+03 5.656854249492380582e+00 1.950000000000000000e+11
5.836600000000000364e+03 5.656854249492380582e+00 1.950000000000000000e+11
5.836800000000000182e+03 5.656854249492380582e+00 1.950000000000000000e+11
5.837000000000000000e+03 5.656854249492380582e+00 1.950000000000000000e+11
5.837200000000000728e+03 4.000000000000000000e+00 1.950000000000000000e+11
5.837400000000000546e+03 4.000000000000000000e+00 1.950000000000000000e+11
5.837600000000000364e+03 4.000000000000000000e+00 1.950000000000000000e+11
5.837800000000000182e+03 0.000000000000000000e+00 1.950000000000000000e+11
5.838000000000000000e+03 0.000000000000000000e+00 1.950000000000000000e+11
5.838200000000000728e+03 0.000000000000000000e+00 1.950000000000000000e+11
5.838400000000000546e+03 4.000000000000000000e+00 1.950000000000000000e+11
5.838600000000000364e+03 4.000000000000000000e+00 1.950000000000000000e+11
5.838800000000000182e+03 4.000000000000000000e+00 1.950000000000000000e+11
5.839000000000000000e+03 4.000000000000000000e+00 1.950000000000000000e+11
5.839200000000000728e+03 5.656854249492380582e+00 1.950000000000000000e+11
5.839400000000000546e+03 5.656854249492380582e+00 1.950000000000000000e+11
5.839600000000000364e+03 5.656854249492380582e+00 1.950000000000000000e+11
5.839800000000000182e+03 4.000000000000000000e+00 1.950000000000000000e+11
5.840000000000000000e+03 4.000000000000000000e+00 0.000000000000000000e+00
5.840200000000000728e+03 4.000000000000000000e+00 0.000000000000000000e+00
5.840400000000000546e+03 4.000000000000000000e+00 0.000000000000000000e+00
5.840600000000000364e+03 0.000000000000000000e+00 0.000000000000000000e+00
5.840800000000000182e+03 0.000000000000000000e+00 0.000000000000000000e+00
5.841000000000000000e+03 0.000000000000000000e+00 0.000000000000000000e+00
5.841200000000000728e+03 4.000000000000000000e+00 0.000000000000000000e+00
5.841400000000000546e+03 4.000000000000000000e+00 0.000000000000000000e+00
5.841600000000000364e+03 4.000000000000000000e+00 0.000000000000000000e+00
5.841800000000000182e+03 5.656854249492380582e+00 0.000000000000000000e+00
5.842000000000000000e+03 5.656854249492380582e+00 0.000000000000000000e+00
5.842200000000000728e+03 5.656854249492380582e+00 0.000000000000000000e+00
5.842400000000000546e+03 5.656854249492380582e+00 0.000000000000000000e+00
5.842600000000000364e+03 4.000000000000000000e+00 0.000000000000000000e+00
5.842800000000000182e+03 4.000000000000000000e+00 0.000000000000000000e+00
5.843000000000000000e+03 4.000000000000000000e+00 0.000000000000000000e+00
5.843200000000000728e+03 0.000000000000000000e+00 0.000000000000000000e+00
5.843400000000000546e+03 0.000000000000000000e+00 0.000000000000000000e+00
5.843600000000000364e+03 0.000000000000000000e+00 0.000000000000000000e+00
5.843800000000000182e+03 0.000000000000000000e+00 0.000000000000000000e+00
5.844000000000000000e+03 4.000000000000000000e+00 1.950000000000000000e+11
5.844200000000000728e+03 4.000000000000000000e+00 1.950000000000000000e+11
5.844400000000000546e+03 4.000000000000000000e+00 1.950000000000000000e+11
5.844600000000000364e+03 5.656854249492380582e+00 1.950000000000000000e+11
5.844800000000000182e+03 5.656854249492380582e+00 1.950000000000000000e+11
5.845000000000000000e+03 5.656854249492380582e+00 1.950000000000000000e+11
5.845200000000000728e+03 4.000000000000000000e+00 1.950000000000000000e+11
5.845400000000000546e+03 4.000000000000000000e+00 1.950000000000000000e+11
5.845600000000000364e+03 4.000000000000000000e+00 1.950000000000000000e+11
5.845800000000000182e+03 4.000000000000000000e+00 1.950000000000000000e+11
5.846000000000000000e+03 0.000000000000000000e+00 1.950000000000000000e+11
5.846200000000000728e+03 0.000000000000000000e+00 1.950000000000000000e+11
5.846400000000000546e+03 0.000000000000000000e+00 1.950000000000000000e+11
5.846600000000000364e+03 4.000000000000000000e+00 1.950000000000000000e+11
5.846800000000000182e+03 4.000000000000000000e+00 1.950000000000000000e+11
5.847000000000000000e+03 4.000000000000000000e+00 1.950000000000000000e+11
5.847200000000000728e+03 4.000000000000000000e+00 1.950000000000000000e+11
5.847400000000000546e+03 5.656854249492380582e+00 1.950000000000000000e+11
5.847600000000000364e+03 5.656854249492380582e+00 1.950000000000000000e+11
5.847800000000000182e+03 5.656854249492380582e+00 1.950000000000000000e+11
5.848000000000000000e+03 4.000000000000000000e+00 0.000000000000000000e+00
5.848200000000000728e+03 4.000000000000000000e+00 0.000000000000000000e+00
5.848400000000000546e+03 4.000000000000000000e+00 0.000000000000000000e+00
5.848600000000000364e+03 0.000000000000000000e+00 0.000000000000000000e+00
5.848800000000000182e+03 0.000000000000000000e+00 0.000000000000000000e+00
5.849000000000000000e+03 0.000000000000000000e+00 0.000000000000000000e+00
5.849200000000000728e+03 0.000000000000000000e+00 0.000000000000000000e+00
5.849400000000000546e+03 4.000000000000000000e+00 0.000000000000000000e+00
5.849600000000000364e+03 4.000000000000000000e+00 0.000000000000000000e+00
5.849800000000000182e+03 4.000000000000000000e+00 0.000000000000000000e+00
5.850000000000000000e+03 5.656854249492380582e+00 0.000000000000000000e+00
5.850200000000000728e+03 5.656854249492380582e+00 0.000000000000000000e+00
5.850400000000000546e+03 5.656854249492380582e+00 0.000000000000000000e+00
5.850600000000000364e+03 5.656854249492380582e+00 0.000000000000000000e+00
5.850800000000000182e+03 4.000000000000000000e+00 0.000000000000000000e+00
5.851000000000000000e+03 4.000000000000000000e+00 0.000000000000000000e+00
5.851200000000000728e+03 4.000000000000000000e+00 0.000000000000000000e+00
5.851400000000000546e+03 0.000000000000000000e+00 0.000000000000000000e+00
5.851600000000000364e+03 0.000000000000000000e+00 0.000000000000000000e+00
5.851800000000000182e+03 0.000000000000000000e+00 0.000000000000000000e+00
5.852000000000000000e+03 4.000000000000000000e+00 1.950000000000000000e+11
5.852200000000000728e+03 4.000000000000000000e+00 1.950000000000000000e+11
5.852400000000000546e+03 4.000000000000000000e+00 1.950000000000000000e+11
5.852600000000000364e+03 4.000000000000000000e+00 1.950000000000000000e+11
5.852800000000000182e+03 5.656854249492380582e+00 1.950000000000000000e+11
5.853000000000000000e+03 5.656854249492380582e+00 1.950000000000000000e+11
5.853200000000000728e+03 5.656854249492380582e+00 1.950000000000000000e+11
5.853400000000000546e+03 4.000000000000000000e+00 1.950000000000000000e+11
5.853600000000000364e+03 4.000000000000000000e+00 1.950000000000000000e+11
5.853800000000000182e+03 4.000000000000000000e+00 1.950000000000000000e+11
5.854000000000000000e+03 4.000000000000000000e+00 1.950000000000000000e+11
5.854200000000000728e+03 0.000000000000000000e+00 1.950000000000000000e+11
5.854400000000000546e+03 0.000000000000000000e+00 1.950000000000000000e+11
5.854600000000000364e+03 0.000000000000000000e+00 1.950000000000000000e+11
5.854800000000000182e+03 4.000000000000000000e+00 1.950000000000000000e+11
5.855000000000000000e+03 4.000000000000000000e+00 1.950000000000000000e+11
5.855200000000000728e+03 4.000000000000000000e+00 1.950000000000000000e+11
5.855400000000000546e+03 5.656854249492380582e+00 1.950000000000000000e+11
5.855600000000000364e+03 5.656854249492380582e+00 1.950000000000000000e+11
5.855800000000000182e+03 5.656854249492380582e+00 1.950000000000000000e+11
5.856000000000000000e+03 5.656854249492380582e+00 0.000000000000000000e+00
5.856200000000000728e+03 4.000000000000000000e+00 0.000000000000000000e+00
5.856400000000000546e+03 4.000000000000000000e+00 0.000000000000000000e+00
5.856600000000000364e+03 4.000000000000000000e+00 0.000000000000000000e+00
5.856800000000000182e+03 0.000000000000000000e+00 0.000000000000000000e+00
5.857000000000000000e+03 0.000000000000000000e+00 0.000000000000000000e+00
5.857200000000000728e+03 0.000000000000000000e+00 0.000000000000000000e+00
5.857400000000000546e+03 0.000000000000000000e+00 0.000000000000000000e+00
5.857600000000000364e+03 4.000000000000000000e+00 0.000000000000000000e+00
5.857800000000000182e+03 4.000000000000000000e+00 0.000000000000000000e+00
5.858000000000000000e+03 4.000000000000000000e+00 0.000000000000000000e+00
5.858200000000000728e+03 5.656854249492380582e+00 0.000000000000000000e+00
5.858400000000000546e+03 5.656854249492380582e+00 0.000000000000000000e+00
5.858600000000000364e+03 5.656854249492380582e+00 0.000000000000000000e+00
5.858800000000000182e+03 4.000000000000000000e+00 0.000000000000000000e+00
5.859000000000000000e+03 4.000000000000000000e+00 0.000000000000000000e+00
5.859200000000000728e+03 4.000000000000000000e+00 0.000000000000000000e+00
5.859400000000000546e+03 4.000000000000000000e+00 0.000000000000000000e+00
5.859600000000000364e+03 0.000000000000000000e+00 0.000000000000000000e+00
5.859800000000000182e+03 0.000000000000000000e+00 0.000000000000000000e+00
5.860000000000000000e+03 0.000000000000000000e+00 1.950000000000000000e+11
5.860200000000000728e+03 4.000000000000000000e+00 1.950000000000000000e+11
5.860400000000000546e+03 4.000000000000000000e+00 1.950000000000000000e+11
5.860600000000000364e+03 4.000000000000000000e+00 1.950000000000000000e+11
5.860800000000000182e+03 4.000000000000000000e+00 1.950000000000000000e+11
5.861000000000000000e+03 5.656854249492380582e+00 1.950000000000000000e+11
5.861200000000000728e+03 5.656854249492380582e+00 1.950000000000000000e+11
5.861400000000000546e+03 5.656854249492380582e+00 1.950000000000000000e+11
5.861600000000000364e+03 4.000000000000000000e+00 1.950000000000000000e+11
5.861800000000000182e+03 4.000000000000000000e+00 1.950000000000000000e+11
5.862000000000000000e+03 4.000000000000000000e+00 1.950000000000000000e+11
5.862200000000000728e+03 4.000000000000000000e+00 1.950000000000000000e+11
5.862400000000000546e+03 0.000000000000000000e+00 1.950000000000000000e+11
5.862600000000000364e+03 0.000000000000000000e+00 1.950000000000000000e+11
5.862800000000000182e+03 0.000000000000000000e+00 1.950000000000000000e+11
5.863000000000000000e+03 4.000000000000000000e+00 1.950000000000000000e+11
5.863200000000000728e+03 4.000000000000000000e+00 1.950000000000000000e+11
5.863400000000000546e+03 4.000000000000000000e+00 1.950000000000000000e+11
5.863600000000000364e+03 5.656854249492380582e+00 1.950000000000000000e+11
5.863800000000000182e+03 5.656854249492380582e+00 1.950000000000000000e+11
5.864000000000000000e+03 5.656854249492380582e+00 0.000000000000000000e+00
5.864200000000000728e+03 5.656854249492380582e+00 0.000000000000000000e+00
5.864400000000000546e+03 4.000000000000000000e+00 0.000000000000000000e+00
5.864600000000000364e+03 4.000000000000000000e+00 0.000000000000000000e+00
5.864800000000000182e+03 4.000000000000000000e+00 0.000000000000000000e+00
5.865000000000000000e+03 0.000000000000000000e+00 0.000000000000000000e+00
5.865200000000000728e+03 0.000000000000000000e+00 0.000000000000000000e+00
5.865400000000000546e+03 0.000000000000000000e+00 0.000000000000000000e+00
5.865600000000000364e+03 0.000000000000000000e+00 0.000000000000000000e+00
5.865800000000000182e+03 4.000000000000000000e+00 0.000000000000000000e+00
5.866000000000000000e+03 4.000000000000000000e+00 0.000000000000000000e+00
5.866200000000000728e+03 4.000000000000000000e+00 0.000000000000000000e+00
5.866400000000000546e+03 5.656854249492380582e+00 0.000000000000000000e+00
5.866600000000000364e+03 5.656854249492380582e+00 0.000000000000000000e+00
5.866800000000000182e+03 5.656854249492380582e+00 0.000000000000000000e+00
5.867000000000000000e+03 5.656854249492380582e+00 0.000000000000000000e+00
5.867200000000000728e+03 4.000000000000000000e+00 0.000000000000000000e+00
5.867400000000000546e+03 4.000000000000000000e+00 0.000000000000000000e+00
5.867600000000000364e+03 4.000000000000000000e+00 0.000000000000000000e+00
5.867800000000000182e+03 0.000000000000000000e+00 0.000000000000000000e+00
5.868000000000000000e+03 0.000000000000000000e+00 1.950000000000000000e+11
5.868200000000000728e+03 0.000000000000000000e+00 1.950000000000000000e+11
5.868400000000000546e+03 0.000000000000000000e+00 1.950000000000000000e+11
5.868600000000000364e+03 4.000000000000000000e+00 1.950000000000000000e+11
5.868800000000000182e+03 4.000000000000000000e+00 1.950000000000000000e+11
5.869000000000000000e+03 4.000000000000000000e+00 1.950000000000000000e+11
5.869200000000000728e+03 5.656854249492380582e+00 1.950000000000000000e+11
5.869400000000000546e+03 5.656854249492380582e+00 1.950000000000000000e+11
5.869600000000000364e+03 5.656854249492380582e+00 1.950000000000000000e+11
5.869800000000000182e+03 5.656854249492380582e+00 1.950000000000000000e+11
5.870000000000000000e+03 4.000000000000000000e+00 1.950000000000000000e+11
5.870200000000000728e+03 4.000000000000000000e+00 1.950000000000000000e+11
5.870400000000000546e+03 4.000000000000000000e+00 1.950000000000000000e+11
5.870600000000000364e+03 4.000000000000000000e+00 1.950000000000000000e+11
5.870800000000000182e+03 0.000000000000000000e+00 1.950000000000000000e+11
5.871000000000000000e+03 0.000000000000000000e+00 1.950000000000000000e+11
5.871200000000000728e+03 0.000000000000000000e+00 1.950000000000000000e+11
5.871400000000000546e+03 0.000000000000000000e+00 1.950000000000000000e+11
5.871600000000000364e+03 4.000000000000000000e+00 1.950000000000000000e+11
5.871800000000000182e+03 4.000000000000000000e+00 1.950000000000000000e+11
5.872000000000000000e+03 8.000000000000000000e+00 0.000000000000000000e+00
5.872200000000000728e+03 8.000000000000000000e+00 0.000000000000000000e+00
5.872400000000000546e+03 8.944271909999159220e+00 0.000000000000000000e+00
5.872600000000000364e+03 5.656854249492380582e+00 0.000000000000000000e+00
5.872800000000000182e+03 8.944271909999159220e+00 0.000000000000000000e+00
5.873000000000000000e+03 8.000000000000000000e+00 0.000000000000000000e+00
5.873200000000000728e+03 4.000000000000000000e+00 0.000000000000000000e+00
5.873400000000000546e+03 4.000000000000000000e+00 0.000000000000000000e+00
5.873600000000000364e+03 5.656854249492380582e+00 0.000000000000000000e+00
5.873800000000000182e+03 4.000000000000000000e+00 0.000000000000000000e+00
5.874000000000000000e+03 0.000000000000000000e+00 0.000000000000000000e+00
5.874200000000000728e+03 0.000000000000000000e+00 0.000000000000000000e+00
5.874400000000000546e+03 4.000000000000000000e+00 0.000000000000000000e+00
5.874600000000000364e+03 5.656854249492380582e+00 0.000000000000000000e+00
5.874800000000000182e+03 4.000000000000000000e+00 0.000000000000000000e+00
5.875000000000000000e+03 4.000000000000000000e+00 0.000000000000000000e+00
5.875200000000000728e+03 4.000000000000000000e+00 0.000000000000000000e+00
5.875400000000000546e+03 5.656854249492380582e+00 0.000000000000000000e+00
5.875600000000000364e+03 5.656854249492380582e+00 0.000000000000000000e+00
5.875800000000000182e+03 5.656854249492380582e+00 0.000000000000000000e+00
5.876000000000000000e+03 5.656854249492380582e+00 1.950000000000000000e+11
5.876200000000000728e+03 8.000000000000000000e+00 1.950000000000000000e+11
5.876400000000000546e+03 4.000000000000000000e+00 1.950000000000000000e+11
5.876600000000000364e+03 5.656854249492380582e+00 1.950000000000000000e+11
5.876800000000000182e+03 5.656854249492380582e+00 1.950000000000000000e+11
5.877000000000000000e+03 4.000000000000000000e+00 1.950000000000000000e+11
5.877200000000000728e+03 5.656854249492380582e+00 1.950000000000000000e+11
5.877400000000000546e+03 4.000000000000000000e+00 1.950000000000000000e+11
5.877600000000000364e+03 5.656854249492380582e+00 1.950000000000000000e+11
5.877800000000000182e+03 5.656854249492380582e+00 1.950000000000000000e+11
5.878000000000000000e+03 8.944271909999159220e+00 1.950000000000000000e+11
5.878200000000000728e+03 1.200000000000000000e+01 1.950000000000000000e+11
5.878400000000000546e+03 1.264911064067351809e+01 1.950000000000000000e+11
5.878600000000000364e+03 1.442220510185595650e+01 1.950000000000000000e+11
5.878800000000000182e+03 1.697056274847713908e+01 1.950000000000000000e+11
5.879000000000000000e+03 1.788854381999831844e+01 1.950000000000000000e+11
5.879200000000000728e+03 1.600000000000000000e+01 1.950000000000000000e+11
5.879400000000000546e+03 1.788854381999831844e+01 1.950000000000000000e+11
5.879600000000000364e+03 1.697056274847713908e+01 1.950000000000000000e+11
5.879800000000000182e+03 1.788854381999831844e+01 1.950000000000000000e+11
5.880000000000000000e+03 2.000000000000000000e+01 0.000000000000000000e+00
5.880200000000000728e+03 1.788854381999831844e+01 0.000000000000000000e+00
5.880400000000000546e+03 1.788854381999831844e+01 0.000000000000000000e+00
5.880600000000000364e+03 2.000000000000000000e+01 0.000000000000000000e+00
5.880800000000000182e+03 2.154065922853801496e+01 0.000000000000000000e+00
5.881000000000000000e+03 2.262741699796952233e+01 0.000000000000000000e+00
5.881200000000000728e+03 2.154065922853801496e+01 0.000000000000000000e+00
5.881400000000000546e+03 2.400000000000000000e+01 0.000000000000000000e+00
5.881600000000000364e+03 2.154065922853801496e+01 0.000000000000000000e+00
5.881800000000000182e+03 2.262741699796952233e+01 0.000000000000000000e+00
5.882000000000000000e+03 2.154065922853801496e+01 0.000000000000000000e+00
5.882200000000000728e+03 2.039607805437113797e+01 0.000000000000000000e+00
5.882400000000000546e+03 2.039607805437113797e+01 0.000000000000000000e+00
5.882600000000000364e+03 2.000000000000000000e+01 0.000000000000000000e+00
5.882800000000000182e+03 1.788854381999831844e+01 0.000000000000000000e+00
5.883000000000000000e+03 1.600000000000000000e+01 0.000000000000000000e+00
5.883200000000000728e+03 1.788854381999831844e+01 0.000000000000000000e+00
5.883400000000000546e+03 1.442220510185595650e+01 0.000000000000000000e+00
5.883600000000000364e+03 1.649242250247064234e+01 0.000000000000000000e+00
5.883800000000000182e+03 1.649242250247064234e+01 0.000000000000000000e+00
5.884000000000000000e+03 1.697056274847713908e+01 1.950000000000000000e+11
5.884200000000000728e+03 2.154065922853801496e+01 1.950000000000000000e+11
5.884400000000000546e+03 2.433105012119287736e+01 1.950000000000000000e+11
5.884600000000000364e+03 2.529822128134703618e+01 1.950000000000000000e+11
5.884800000000000182e+03 2.884441020371191300e+01 1.950000000000000000e+11
5.885000000000000000e+03 3.224903099319419653e+01 1.950000000000000000e+11
5.885200000000000728e+03 3.224903099319419653e+01 1.950000000000000000e+11
5.885400000000000546e+03 3.298484500494128469e+01 1.950000000000000000e+11
5.885600000000000364e+03 3.440930106817050671e+01 1.950000000000000000e+11
5.885800000000000182e+03 3.773592452822641263e+01 1.950000000000000000e+11
5.886000000000000000e+03 4.019950248448355978e+01 1.950000000000000000e+11
5.886200000000000728e+03 4.308131845707602992e+01 1.950000000000000000e+11
5.886400000000000546e+03 4.816637831516918311e+01 1.950000000000000000e+11
5.886600000000000364e+03 5.200000000000000000e+01 1.950000000000000000e+11
5.886800000000000182e+03 6.013318551349163243e+01 1.950000000000000000e+11
5.887000000000000000e+03 6.260990336999411454e+01 1.950000000000000000e+11
5.887200000000000728e+03 7.121797525905942905e+01 1.950000000000000000e+11
5.887400000000000546e+03 7.858753081755399705e+01 1.950000000000000000e+11
5.887600000000000364e+03 8.485281374238570606e+01 1.950000000000000000e+11
5.887800000000000182e+03 9.329523031752481188e+01 1.950000000000000000e+11
5.888000000000000000e+03 1.032279032045115201e+02 0.000000000000000000e+00
5.888200000000000728e+03 1.019803902718556969e+02 0.000000000000000000e+00
5.888400000000000546e+03 9.895453501482384695e+01 0.000000000000000000e+00
5.888600000000000364e+03 9.682974749528163727e+01 0.000000000000000000e+00
5.888800000000000182e+03 9.482615672903757797e+01 0.000000000000000000e+00
5.889000000000000000e+03 9.208691546577070142e+01 0.000000000000000000e+00
5.889200000000000728e+03 9.138927727036690385e+01 0.000000000000000000e+00
5.889400000000000546e+03 9.068627239003707530e+01 0.000000000000000000e+00
5.889600000000000364e+03 8.854377448471461776e+01 0.000000000000000000e+00
5.889800000000000182e+03 8.881441324469807341e+01 0.000000000000000000e+00
5.890000000000000000e+03 8.988882021697692437e+01 0.000000000000000000e+00
5.890200000000000728e+03 8.988882021697692437e+01 0.000000000000000000e+00
5.890400000000000546e+03 9.277930803794561143e+01 0.000000000000000000e+00
5.890600000000000364e+03 9.121403400793103344e+01 0.000000000000000000e+00
5.890800000000000182e+03 8.809086218218095610e+01 0.000000000000000000e+00
5.891000000000000000e+03 8.944271909999159220e+01 0.000000000000000000e+00
5.891200000000000728e+03 8.809086218218095610e+01 0.000000000000000000e+00
5.891400000000000546e+03 8.616263691415205983e+01 0.000000000000000000e+00
5.891600000000000364e+03 8.485281374238570606e+01 0.000000000000000000e+00
5.891800000000000182e+03 8.099382692526634742e+01 0.000000000000000000e+00
5.892000000000000000e+03 8.039900496896711957e+01 1.950000000000000000e+11
5.892200000000000728e+03 8.781799360040059810e+01 1.950000000000000000e+11
5.892400000000000546e+03 9.765244492586961655e+01 1.950000000000000000e+11
5.892600000000000364e+03 1.059056183589898126e+02 1.950000000000000000e+11
5.892800000000000182e+03 1.154469575172944928e+02 1.950000000000000000e+11
5.893000000000000000e+03 1.249639948145064636e+02 1.950000000000000000e+11
5.893200000000000728e+03 1.360588108135596030e+02 1.950000000000000000e+11
5.893400000000000546e+03 1.480000000000000000e+02 1.950000000000000000e+11
5.893600000000000364e+03 1.592482338991550535e+02 1.950000000000000000e+11
5.893800000000000182e+03 1.444991349455075351e+02 1.950000000000000000e+11
5.894000000000000000e+03 1.132784180680503709e+02 1.950000000000000000e+11
5.894200000000000728e+03 1.227028932014237341e+02 1.950000000000000000e+11
5.894400000000000546e+03 1.329661611087572908e+02 1.950000000000000000e+11
5.894600000000000364e+03 1.420422472365176247e+02 1.950000000000000000e+11
5.894800000000000182e+03 1.509436981129056505e+02 1.950000000000000000e+11
5.895000000000000000e+03 1.612451549659709826e+02 1.950000000000000000e+11
5.895200000000000728e+03 1.086646216576489934e+02 1.950000000000000000e+11
5.895400000000000546e+03 1.176435293588219366e+02 1.950000000000000000e+11
5.895600000000000364e+03 1.273106437027163906e+02 1.950000000000000000e+11
5.895800000000000182e+03 1.367040599250804860e+02 1.950000000000000000e+11
5.896000000000000000e+03 1.488623525274271628e+02 0.000000000000000000e+00
5.896200000000000728e+03 1.454372717015827448e+02 0.000000000000000000e+00
5.896400000000000546e+03 1.454372717015827448e+02 0.000000000000000000e+00
5.896600000000000364e+03 1.448861622101986768e+02 0.000000000000000000e+00
5.896800000000000182e+03 1.442220510185595685e+02 0.000000000000000000e+00
5.897000000000000000e+03 1.442775103749714560e+02 0.000000000000000000e+00
5.897200000000000728e+03 1.404563989286355081e+02 0.000000000000000000e+00
5.897400000000000546e+03 1.405133445620023736e+02 0.000000000000000000e+00
5.897600000000000364e+03 1.365283853270080954e+02 0.000000000000000000e+00
5.897800000000000182e+03 1.331465358167459101e+02 0.000000000000000000e+00
5.898000000000000000e+03 1.329661611087572908e+02 0.000000000000000000e+00
5.898200000000000728e+03 1.315750736271882033e+02 0.000000000000000000e+00
5.898400000000000546e+03 1.301076477383247436e+02 0.000000000000000000e+00
5.898600000000000364e+03 1.264911064067351703e+02 0.000000000000000000e+00
5.898800000000000182e+03 1.289961239727767861e+02 0.000000000000000000e+00
5.899000000000000000e+03 1.264911064067351703e+02 0.000000000000000000e+00
5.899200000000000728e+03 1.255388386118017223e+02 0.000000000000000000e+00
5.899400000000000546e+03 1.285612694399055727e+02 0.000000000000000000e+00
5.899600000000000364e+03 1.278123624693636629e+02 0.000000000000000000e+00
5.899800000000000182e+03 1.244507934888323604e+02 0.000000000000000000e+00
5.900000000000000000e+03 1.240644993541665855e+02 1.950000000000000000e+11
5.900200000000000728e+03 1.322422020385323265e+02 1.950000000000000000e+11
5.900400000000000546e+03 1.433875866314793655e+02 1.950000000000000000e+11
5.900600000000000364e+03 1.520526224699856925e+02 1.950000000000000000e+11
5.900800000000000182e+03 1.417603611733547950e+02 1.950000000000000000e+11
5.901000000000000000e+03 1.302305647687976489e+02 1.950000000000000000e+11
5.901200000000000728e+03 1.181862936215532613e+02 1.950000000000000000e+11
5.901400000000000546e+03 1.080000000000000000e+02 1.950000000000000000e+11
5.901600000000000364e+03 9.666436778875657865e+01 1.950000000000000000e+11
5.901800000000000182e+03 8.772684879784523559e+01 1.950000000000000000e+11
5.902000000000000000e+03 8.099382692526634742e+01 1.950000000000000000e+11
5.902200000000000728e+03 7.211102550927978427e+01 1.950000000000000000e+11
5.902400000000000546e+03 6.621178142898739338e+01 1.950000000000000000e+11
5.902600000000000364e+03 5.685068161420758059e+01 1.950000000000000000e+11
5.902800000000000182e+03 5.059644256269407236e+01 1.950000000000000000e+11
5.903000000000000000e+03 4.418144406874904462e+01 1.950000000000000000e+11
5.903200000000000728e+03 4.118252056394800320e+01 1.950000000000000000e+11
5.903400000000000546e+03 3.440930106817050671e+01 1.950000000000000000e+11
5.903600000000000364e+03 3.224903099319419653e+01 1.950000000000000000e+11
5.903800000000000182e+03 2.912043955712207222e+01 1.950000000000000000e+11
5.904000000000000000e+03 2.828427124746190202e+01 0.000000000000000000e+00
5.904200000000000728e+03 3.046309242345563462e+01 0.000000000000000000e+00
5.904400000000000546e+03 3.200000000000000000e+01 0.000000000000000000e+00
5.904600000000000364e+03 2.912043955712207222e+01 0.000000000000000000e+00
5.904800000000000182e+03 3.124099870362661591e+01 0.000000000000000000e+00
5.905000000000000000e+03 3.224903099319419653e+01 0.000000000000000000e+00
5.905200000000000728e+03 2.828427124746190202e+01 0.000000000000000000e+00
5.905400000000000546e+03 2.912043955712207222e+01 0.000000000000000000e+00
5.905600000000000364e+03 2.561249694973139412e+01 0.000000000000000000e+00
5.905800000000000182e+03 2.683281572999747766e+01 0.000000000000000000e+00
5.906000000000000000e+03 2.400000000000000000e+01 0.000000000000000000e+00
5.906200000000000728e+03 2.154065922853801496e+01 0.000000000000000000e+00
5.906400000000000546e+03 2.262741699796952233e+01 0.000000000000000000e+00
5.906600000000000364e+03 2.433105012119287736e+01 0.000000000000000000e+00
5.906800000000000182e+03 2.433105012119287736e+01 0.000000000000000000e+00
5.907000000000000000e+03 2.561249694973139412e+01 0.000000000000000000e+00
5.907200000000000728e+03 2.683281572999747766e+01 0.000000000000000000e+00
5.907400000000000546e+03 2.828427124746190202e+01 0.000000000000000000e+00
5.907600000000000364e+03 2.912043955712207222e+01 0.000000000000000000e+00
5.907800000000000182e+03 2.884441020371191300e+01 0.000000000000000000e+00
5.908000000000000000e+03 2.884441020371191300e+01 1.950000000000000000e+11
5.908200000000000728e+03 2.433105012119287736e+01 1.950000000000000000e+11
5.908400000000000546e+03 2.039607805437113797e+01 1.950000000000000000e+11
5.908600000000000364e+03 1.788854381999831844e+01 1.950000000000000000e+11
5.908800000000000182e+03 1.442220510185595650e+01 1.950000000000000000e+11
5.909000000000000000e+03 1.264911064067351809e+01 1.950000000000000000e+11
5.909200000000000728e+03 1.264911064067351809e+01 1.950000000000000000e+11
5.909400000000000546e+03 1.131370849898476116e+01 1.950000000000000000e+11
5.909600000000000364e+03 8.944271909999159220e+00 1.950000000000000000e+11
5.909800000000000182e+03 8.000000000000000000e+00 1.950000000000000000e+11
5.910000000000000000e+03 8.944271909999159220e+00 1.950000000000000000e+11
5.910200000000000728e+03 8.944271909999159220e+00 1.950000000000000000e+11
5.910400000000000546e+03 8.000000000000000000e+00 1.950000000000000000e+11
5.910600000000000364e+03 8.000000000000000000e+00 1.950000000000000000e+11
5.910800000000000182e+03 8.944271909999159220e+00 1.950000000000000000e+11
5.911000000000000000e+03 5.656854249492380582e+00 1.950000000000000000e+11
5.911200000000000728e+03 8.944271909999159220e+00 1.950000000000000000e+11
5.911400000000000546e+03 8.000000000000000000e+00 1.950000000000000000e+11
5.911600000000000364e+03 4.000000000000000000e+00 1.950000000000000000e+11
5.911800000000000182e+03 4.000000000000000000e+00 1.950000000000000000e+11
5.912000000000000000e+03 4.000000000000000000e+00 0.000000000000000000e+00
5.912200000000000728e+03 0.000000000000000000e+00 0.000000000000000000e+00
5.912400000000000546e+03 0.000000000000000000e+00 0.000000000000000000e+00
5.912600000000000364e+03 0.000000000000000000e+00 0.000000000000000000e+00
5.912800000000000182e+03 0.000000000000000000e+00 0.000000000000000000e+00
5.913000000000000000e+03 4.000000000000000000e+00 0.000000000000000000e+00
5.913200000000000728e+03 4.000000000000000000e+00 0.000000000000000000e+00
5.913400000000000546e+03 4.000000000000000000e+00 0.000000000000000000e+00
5.913600000000000364e+03 4.000000000000000000e+00 0.000000000000000000e+00
5.913800000000000182e+03 5.656854249492380582e+00 0.000000000000000000e+00
5.914000000000000000e+03 5.656854249492380582e+00 0.000000000000000000e+00
5.914200000000000728e+03 5.656854249492380582e+00 0.000000000000000000e+00
5.914400000000000546e+03 5.656854249492380582e+00 0.000000000000000000e+00
5.914600000000000364e+03 4.000000000000000000e+00 0.000000000000000000e+00
5.914800000000000182e+03 4.000000000000000000e+00 0.000000000000000000e+00
5.915000000000000000e+03 4.000000000000000000e+00 0.000000000000000000e+00
5.915200000000000728e+03 4.000000000000000000e+00 0.000000000000000000e+00
5.915400000000000546e+03 0.000000000000000000e+00 0.000000000000000000e+00
5.915600000000000364e+03 0.000000000000000000e+00 0.000000000000000000e+00
5.915800000000000182e+03 0.000000000000000000e+00 0.000000000000000000e+00
5.916000000000000000e+03 0.000000000000000000e+00 1.950000000000000000e+11
5.916200000000000728e+03 4.000000000000000000e+00 1.950000000000000000e+11
5.916400000000000546e+03 4.000000000000000000e+00 1.950000000000000000e+11
5.916600000000000364e+03 4.000000000000000000e+00 1.950000000000000000e+11
5.916800000000000182e+03 4.000000000000000000e+00 1.950000000000000000e+11
5.917000000000000000e+03 5.656854249492380582e+00 1.950000000000000000e+11
5.917200000000000728e+03 5.656854249492380582e+00 1.950000000000000000e+11
5.917400000000000546e+03 5.656854249492380582e+00 1.950000000000000000e+11
5.917600000000000364e+03 4.000000000000000000e+00 1.950000000000000000e+11
5.917800000000000182e+03 4.000000000000000000e+00 1.950000000000000000e+11
5.918000000000000000e+03 4.000000000000000000e+00 1.950000000000000000e+11
5.918200000000000728e+03 4.000000000000000000e+00 1.950000000000000000e+11
5.918400000000000546e+03 0.000000000000000000e+00 1.950000000000000000e+11
5.918600000000000364e+03 0.000000000000000000e+00 1.950000000000000000e+11
5.918800000000000182e+03 0.000000000000000000e+00 1.950000000000000000e+11
5.919000000000000000e+03 4.000000000000000000e+00 1.950000000000000000e+11
5.919200000000000728e+03 4.000000000000000000e+00 1.950000000000000000e+11
5.919400000000000546e+03 4.000000000000000000e+00 1.950000000000000000e+11
5.919600000000000364e+03 4.000000000000000000e+00 1.950000000000000000e+11
5.919800000000000182e+03 5.656854249492380582e+00 1.950000000000000000e+11
5.920000000000000000e+03 5.656854249492380582e+00 0.000000000000000000e+00
5.920200000000000728e+03 5.656854249492380582e+00 0.000000000000000000e+00
5.920400000000000546e+03 4.000000000000000000e+00 0.000000000000000000e+00
5.920600000000000364e+03 4.000000000000000000e+00 0.000000000000000000e+00
5.920800000000000182e+03 4.000000000000000000e+00 0.000000000000000000e+00
5.921000000000000000e+03 4.000000000000000000e+00 0.000000000000000000e+00
5.921200000000000728e+03 0.000000000000000000e+00 0.000000000000000000e+00
5.921400000000000546e+03 0.000000000000000000e+00 0.000000000000000000e+00
5.921600000000000364e+03 0.000000000000000000e+00 0.000000000000000000e+00
5.921800000000000182e+03 4.000000000000000000e+00 0.000000000000000000e+00
5.922000000000000000e+03 4.000000000000000000e+00 0.000000000000000000e+00
5.922200000000000728e+03 4.000000000000000000e+00 0.000000000000000000e+00
5.922400000000000546e+03 5.656854249492380582e+00 0.000000000000000000e+00
5.922600000000000364e+03 5.656854249492380582e+00 0.000000000000000000e+00
5.922800000000000182e+03 5.656854249492380582e+00 0.000000000000000000e+00
5.923000000000000000e+03 5.656854249492380582e+00 0.000000000000000000e+00
5.923200000000000728e+03 4.000000000000000000e+00 0.000000000000000000e+00
5.923400000000000546e+03 4.000000000000000000e+00 0.000000000000000000e+00
5.923600000000000364e+03 4.000000000000000000e+00 0.000000000000000000e+00
5.923800000000000182e+03 0.000000000000000000e+00 0.000000000000000000e+00
5.924000000000000000e+03 0.000000000000000000e+00 1.950000000000000000e+11
5.924200000000000728e+03 0.000000000000000000e+00 1.950000000000000000e+11
5.924400000000000546e+03 0.000000000000000000e+00 1.950000000000000000e+11
5.924600000000000364e+03 4.000000000000000000e+00 1.950000000000000000e+11
5.924800000000000182e+03 4.000000000000000000e+00 1.950000000000000000e+11
5.925000000000000000e+03 4.000000000000000000e+00 1.950000000000000000e+11
5.925200000000000728e+03 5.656854249492380582e+00 1.950000000000000000e+11
5.925400000000000546e+03 5.656854249492380582e+00 1.950000000000000000e+11
5.925600000000000364e+03 5.656854249492380582e+00 1.950000000000000000e+11
5.925800000000000182e+03 5.656854249492380582e+00 1.950000000000000000e+11
5.926000000000000000e+03 4.000000000000000000e+00 1.950000000000000000e+11
5.926200000000000728e+03 4.000000000000000000e+00 1.950000000000000000e+11
5.926400000000000546e+03 4.000000000000000000e+00 1.950000000000000000e+11
5.926600000000000364e+03 0.000000000000000000e+00 1.950000000000000000e+11
5.926800000000000182e+03 0.000000000000000000e+00 1.950000000000000000e+11
5.927000000000000000e+03 0.000000000000000000e+00 1.950000000000000000e+11
5.927200000000000728e+03 4.000000000000000000e+00 1.950000000000000000e+11
5.927400000000000546e+03 4.000000000000000000e+00 1.950000000000000000e+11
5.927600000000000364e+03 4.000000000000000000e+00 1.950000000000000000e+11
5.927800000000000182e+03 4.000000000000000000e+00 1.950000000000000000e+11
5.928000000000000000e+03 5.656854249492380582e+00 0.000000000000000000e+00
5.928200000000000728e+03 5.656854249492380582e+00 0.000000000000000000e+00
5.928400000000000546e+03 5.656854249492380582e+00 0.000000000000000000e+00
5.928600000000000364e+03 4.000000000000000000e+00 0.000000000000000000e+00
5.928800000000000182e+03 4.000000000000000000e+00 0.000000000000000000e+00
5.929000000000000000e+03 4.000000000000000000e+00 0.000000000000000000e+00
5.929200000000000728e+03 4.000000000000000000e+00 0.000000000000000000e+00
5.929400000000000546e+03 0.000000000000000000e+00 0.000000000000000000e+00
5.929600000000000364e+03 0.000000000000000000e+00 0.000000000000000000e+00
5.929800000000000182e+03 0.000000000000000000e+00 0.000000000000000000e+00
5.930000000000000000e+03 4.000000000000000000e+00 0.000000000000000000e+00
5.930200000000000728e+03 4.000000000000000000e+00 0.000000000000000000e+00
5.930400000000000546e+03 4.000000000000000000e+00 0.000000000000000000e+00
5.930600000000000364e+03 5.656854249492380582e+00 0.000000000000000000e+00
5.930800000000000182e+03 5.656854249492380582e+00 0.000000000000000000e+00
5.931000000000000000e+03 5.656854249492380582e+00 0.000000000000000000e+00
5.931200000000000728e+03 5.656854249492380582e+00 0.000000000000000000e+00
5.931400000000000546e+03 4.000000000000000000e+00 0.000000000000000000e+00
5.931600000000000364e+03 4.000000000000000000e+00 0.000000000000000000e+00
5.931800000000000182e+03 4.000000000000000000e+00 0.000000000000000000e+00
5.932000000000000000e+03 0.000000000000000000e+00 1.950000000000000000e+11
5.932200000000000728e+03 0.000000000000000000e+00 1.950000000000000000e+11
5.932400000000000546e+03 0.000000000000000000e+00 1.950000000000000000e+11
5.932600000000000364e+03 0.000000000000000000e+00 1.950000000000000000e+11
5.932800000000000182e+03 4.000000000000000000e+00 1.950000000000000000e+11
5.933000000000000000e+03 4.000000000000000000e+00 1.950000000000000000e+11
5.933200000000000728e+03 4.000000000000000000e+00 1.950000000000000000e+11
5.933400000000000546e+03 5.656854249492380582e+00 1.950000000000000000e+11
5.933600000000000364e+03 5.656854249492380582e+00 1.950000000000000000e+11
5.933800000000000182e+03 5.656854249492380582e+00 1.950000000000000000e+11
5.934000000000000000e+03 5.656854249492380582e+00 1.950000000000000000e+11
5.934200000000000728e+03 4.000000000000000000e+00 1.950000000000000000e+11
5.934400000000000546e+03 4.000000000000000000e+00 1.950000000000000000e+11
5.934600000000000364e+03 4.000000000000000000e+00 1.950000000000000000e+11
5.934800000000000182e+03 0.000000000000000000e+00 1.950000000000000000e+11
5.935000000000000000e+03 0.000000000000000000e+00 1.950000000000000000e+11
5.935200000000000728e+03 0.000000000000000000e+00 1.950000000000000000e+11
5.935400000000000546e+03 4.000000000000000000e+00 1.950000000000000000e+11
5.935600000000000364e+03 4.000000000000000000e+00 1.950000000000000000e+11
5.935800000000000182e+03 4.000000000000000000e+00 1.950000000000000000e+11
5.936000000000000000e+03 4.000000000000000000e+00 0.000000000000000000e+00
5.936200000000000728e+03 5.656854249492380582e+00 0.000000000000000000e+00
5.936400000000000546e+03 5.656854249492380582e+00 0.000000000000000000e+00
5.936600000000000364e+03 5.656854249492380582e+00 0.000000000000000000e+00
5.936800000000000182e+03 4.000000000000000000e+00 0.000000000000000000e+00
5.937000000000000000e+03 4.000000000000000000e+00 0.000000000000000000e+00
5.937200000000000728e+03 4.000000000000000000e+00 0.000000000000000000e+00
5.937400000000000546e+03 4.000000000000000000e+00 0.000000000000000000e+00
5.937600000000000364e+03 0.000000000000000000e+00 0.000000000000000000e+00
5.937800000000000182e+03 0.000000000000000000e+00 0.000000000000000000e+00
5.938000000000000000e+03 0.000000000000000000e+00 0.000000000000000000e+00
5.938200000000000728e+03 4.000000000000000000e+00 0.000000000000000000e+00
5.938400000000000546e+03 4.000000000000000000e+00 0.000000000000000000e+00
5.938600000000000364e+03 4.000000000000000000e+00 0.000000000000000000e+00
5.938800000000000182e+03 5.656854249492380582e+00 0.000000000000000000e+00
5.939000000000000000e+03 5.656854249492380582e+00 0.000000000000000000e+00
5.939200000000000728e+03 5.656854249492380582e+00 0.000000000000000000e+00
5.939400000000000546e+03 5.656854249492380582e+00 0.000000000000000000e+00
5.939600000000000364e+03 4.000000000000000000e+00 0.000000000000000000e+00
5.939800000000000182e+03 4.000000000000000000e+00 0.000000000000000000e+00
5.940000000000000000e+03 4.000000000000000000e+00 1.950000000000000000e+11
5.940200000000000728e+03 0.000000000000000000e+00 1.950000000000000000e+11
5.940400000000000546e+03 0.000000000000000000e+00 1.950000000000000000e+11
5.940600000000000364e+03 0.000000000000000000e+00 1.950000000000000000e+11
5.940800000000000182e+03 0.000000000000000000e+00 1.950000000000000000e+11
5.941000000000000000e+03 4.000000000000000000e+00 1.950000000000000000e+11
5.941200000000000728e+03 4.000000000000000000e+00 1.950000000000000000e+11
5.941400000000000546e+03 4.000000000000000000e+00 1.950000000000000000e+11
5.941600000000000364e+03 5.656854249492380582e+00 1.950000000000000000e+11
5.941800000000000182e+03 5.656854249492380582e+00 1.950000000000000000e+11
5.942000000000000000e+03 5.656854249492380582e+00 1.950000000000000000e+11
5.942200000000000728e+03 5.656854249492380582e+00 1.950000000000000000e+11
5.942400000000000546e+03 4.000000000000000000e+00 1.950000000000000000e+11
5.942600000000000364e+03 4.000000000000000000e+00 1.950000000000000000e+11
5.942800000000000182e+03 4.000000000000000000e+00 1.950000000000000000e+11
5.943000000000000000e+03 0.000000000000000000e+00 1.950000000000000000e+11
5.943200000000000728e+03 0.000000000000000000e+00 1.950000000000000000e+11
5.943400000000000546e+03 0.000000000000000000e+00 1.950000000000000000e+11
5.943600000000000364e+03 4.000000000000000000e+00 1.950000000000000000e+11
5.943800000000000182e+03 4.000000000000000000e+00 1.950000000000000000e+11
5.944000000000000000e+03 4.000000000000000000e+00 0.000000000000000000e+00
5.944200000000000728e+03 4.000000000000000000e+00 0.000000000000000000e+00
5.944400000000000546e+03 5.656854249492380582e+00 0.000000000000000000e+00
5.944600000000000364e+03 5.656854249492380582e+00 0.000000000000000000e+00
5.944800000000000182e+03 5.656854249492380582e+00 0.000000000000000000e+00
5.945000000000000000e+03 4.000000000000000000e+00 0.000000000000000000e+00
5.945200000000000728e+03 4.000000000000000000e+00 0.000000000000000000e+00
5.945400000000000546e+03 4.000000000000000000e+00 0.000000000000000000e+00
5.945600000000000364e+03 4.000000000000000000e+00 0.000000000000000000e+00
5.945800000000000182e+03 0.000000000000000000e+00 0.000000000000000000e+00
5.946000000000000000e+03 0.000000000000000000e+00 0.000000000000000000e+00
5.946200000000000728e+03 0.000000000000000000e+00 0.000000000000000000e+00
5.946400000000000546e+03 4.000000000000000000e+00 0.000000000000000000e+00
5.946600000000000364e+03 4.000000000000000000e+00 0.000000000000000000e+00
5.946800000000000182e+03 4.000000000000000000e+00 0.000000000000000000e+00
5.947000000000000000e+03 5.656854249492380582e+00 0.000000000000000000e+00
5.947200000000000728e+03 5.656854249492380582e+00 0.000000000000000000e+00
5.947400000000000546e+03 5.656854249492380582e+00 0.000000000000000000e+00
5.947600000000000364e+03 5.656854249492380582e+00 0.000000000000000000e+00
5.947800000000000182e+03 4.000000000000000000e+00 0.000000000000000000e+00
5.948000000000000000e+03 4.000000000000000000e+00 1.950000000000000000e+11
5.948200000000000728e+03 4.000000000000000000e+00 1.950000000000000000e+11
5.948400000000000546e+03 0.000000000000000000e+00 1.950000000000000000e+11
5.948600000000000364e+03 0.000000000000000000e+00 1.950000000000000000e+11
5.948800000000000182e+03 0.000000000000000000e+00 1.950000000000000000e+11
5.949000000000000000e+03 0.000000000000000000e+00 1.950000000000000000e+11
5.949200000000000728e+03 4.000000000000000000e+00 1.950000000000000000e+11
5.949400000000000546e+03 4.000000000000000000e+00 1.950000000000000000e+11
5.949600000000000364e+03 4.000000000000000000e+00 1.950000000000000000e+11
5.949800000000000182e+03 5.656854249492380582e+00 1.950000000000000000e+11
5.950000000000000000e+03 5.656854249492380582e+00 1.950000000000000000e+11
5.950200000000000728e+03 5.656854249492380582e+00 1.950000000000000000e+11
5.950400000000000546e+03 5.656854249492380582e+00 1.950000000000000000e+11
5.950600000000000364e+03 4.000000000000000000e+00 1.950000000000000000e+11
5.950800000000000182e+03 4.000000000000000000e+00 1.950000000000000000e+11
5.951000000000000000e+03 4.000000000000000000e+00 1.950000000000000000e+11
5.951200000000000728e+03 0.000000000000000000e+00 1.950000000000000000e+11
5.951400000000000546e+03 0.000000000000000000e+00 1.950000000000000000e+11
5.951600000000000364e+03 0.000000000000000000e+00 1.950000000000000000e+11
5.951800000000000182e+03 4.000000000000000000e+00 1.950000000000000000e+11
5.952000000000000000e+03 4.000000000000000000e+00 0.000000000000000000e+00
5.952200000000000728e+03 4.000000000000000000e+00 0.000000000000000000e+00
5.952400000000000546e+03 4.000000000000000000e+00 0.000000000000000000e+00
5.952600000000000364e+03 5.656854249492380582e+00 0.000000000000000000e+00
5.952800000000000182e+03 5.656854249492380582e+00 0.000000000000000000e+00
5.953000000000000000e+03 5.656854249492380582e+00 0.000000000000000000e+00
5.953200000000000728e+03 5.656854249492380582e+00 0.000000000000000000e+00
5.953400000000000546e+03 4.000000000000000000e+00 0.000000000000000000e+00
5.953600000000000364e+03 4.000000000000000000e+00 0.000000000000000000e+00
5.953800000000000182e+03 4.000000000000000000e+00 0.000000000000000000e+00
5.954000000000000000e+03 0.000000000000000000e+00 0.000000000000000000e+00
5.954200000000000728e+03 0.000000000000000000e+00 0.000000000000000000e+00
5.954400000000000546e+03 0.000000000000000000e+00 0.000000000000000000e+00
5.954600000000000364e+03 4.000000000000000000e+00 0.000000000000000000e+00
5.954800000000000182e+03 4.000000000000000000e+00 0.000000000000000000e+00
5.955000000000000000e+03 4.000000000000000000e+00 0.000000000000000000e+00
5.955200000000000728e+03 5.656854249492380582e+00 0.000000000000000000e+00
5.955400000000000546e+03 5.656854249492380582e+00 0.000000000000000000e+00
5.955600000000000364e+03 5.656854249492380582e+00 0.000000000000000000e+00
5.955800000000000182e+03 5.656854249492380582e+00 0.000000000000000000e+00
5.956000000000000000e+03 4.000000000000000000e+00 1.950000000000000000e+11
5.956200000000000728e+03 4.000000000000000000e+00 1.950000000000000000e+11
5.956400000000000546e+03 4.000000000000000000e+00 1.950000000000000000e+11
5.956600000000000364e+03 0.000000000000000000e+00 1.950000000000000000e+11
5.956800000000000182e+03 0.000000000000000000e+00 1.950000000000000000e+11
5.957000000000000000e+03 0.000000000000000000e+00 1.950000000000000000e+11
5.957200000000000728e+03 4.000000000000000000e+00 1.950000000000000000e+11
5.957400000000000546e+03 4.000000000000000000e+00 1.950000000000000000e+11
5.957600000000000364e+03 4.000000000000000000e+00 1.950000000000000000e+11
5.957800000000000182e+03 4.000000000000000000e+00 1.950000000000000000e+11
5.958000000000000000e+03 5.656854249492380582e+00 1.950000000000000000e+11
5.958200000000000728e+03 5.656854249492380582e+00 1.950000000000000000e+11
5.958400000000000546e+03 5.656854249492380582e+00 1.950000000000000000e+11
5.958600000000000364e+03 5.656854249492380582e+00 1.950000000000000000e+11
5.958800000000000182e+03 4.000000000000000000e+00 1.950000000000000000e+11
5.959000000000000000e+03 4.000000000000000000e+00 1.950000000000000000e+11
5.959200000000000728e+03 4.000000000000000000e+00 1.950000000000000000e+11
5.959400000000000546e+03 4.000000000000000000e+00 1.950000000000000000e+11
5.959600000000000364e+03 4.000000000000000000e+00 1.950000000000000000e+11
5.959800000000000182e+03 4.000000000000000000e+00 1.950000000000000000e+11
5.960000000000000000e+03 4.000000000000000000e+00 0.000000000000000000e+00
5.960200000000000728e+03 4.000000000000000000e+00 0.000000000000000000e+00
5.960400000000000546e+03 4.000000000000000000e+00 0.000000000000000000e+00
5.960600000000000364e+03 5.656854249492380582e+00 0.000000000000000000e+00
5.960800000000000182e+03 4.000000000000000000e+00 0.000000000000000000e+00
5.961000000000000000e+03 5.656854249492380582e+00 0.000000000000000000e+00
5.961200000000000728e+03 5.656854249492380582e+00 0.000000000000000000e+00
5.961400000000000546e+03 5.656854249492380582e+00 0.000000000000000000e+00
5.961600000000000364e+03 5.656854249492380582e+00 0.000000000000000000e+00
5.961800000000000182e+03 5.656854249492380582e+00 0.000000000000000000e+00
5.962000000000000000e+03 4.000000000000000000e+00 0.000000000000000000e+00
5.962200000000000728e+03 4.000000000000000000e+00 0.000000000000000000e+00
5.962400000000000546e+03 4.000000000000000000e+00 0.000000000000000000e+00
5.962600000000000364e+03 4.000000000000000000e+00 0.000000000000000000e+00
5.962800000000000182e+03 4.000000000000000000e+00 0.000000000000000000e+00
5.963000000000000000e+03 4.000000000000000000e+00 0.000000000000000000e+00
5.963200000000000728e+03 4.000000000000000000e+00 0.000000000000000000e+00
5.963400000000000546e+03 4.000000000000000000e+00 0.000000000000000000e+00
5.963600000000000364e+03 5.656854249492380582e+00 0.000000000000000000e+00
5.963800000000000182e+03 5.656854249492380582e+00 0.000000000000000000e+00
5.964000000000000000e+03 5.656854249492380582e+00 1.950000000000000000e+11
5.964200000000000728e+03 5.656854249492380582e+00 1.950000000000000000e+11
5.964400000000000546e+03 4.000000000000000000e+00 1.950000000000000000e+11
5.964600000000000364e+03 4.000000000000000000e+00 1.950000000000000000e+11
5.964800000000000182e+03 4.000000000000000000e+00 1.950000000000000000e+11
5.965000000000000000e+03 4.000000000000000000e+00 1.950000000000000000e+11
5.965200000000000728e+03 4.000000000000000000e+00 1.950000000000000000e+11
5.965400000000000546e+03 4.000000000000000000e+00 1.950000000000000000e+11
5.965600000000000364e+03 4.000000000000000000e+00 1.950000000000000000e+11
5.965800000000000182e+03 4.000000000000000000e+00 1.950000000000000000e+11
5.966000000000000000e+03 4.000000000000000000e+00 1.950000000000000000e+11
5.966200000000000728e+03 5.656854249492380582e+00 1.950000000000000000e+11
5.966400000000000546e+03 4.000000000000000000e+00 1.950000000000000000e+11
5.966600000000000364e+03 5.656854249492380582e+00 1.950000000000000000e+11
5.966800000000000182e+03 5.656854249492380582e+00 1.950000000000000000e+11
5.967000000000000000e+03 4.000000000000000000e+00 1.950000000000000000e+11
5.967200000000000728e+03 4.000000000000000000e+00 1.950000000000000000e+11
5.967400000000000546e+03 4.000000000000000000e+00 1.950000000000000000e+11
5.967600000000000364e+03 4.000000000000000000e+00 1.950000000000000000e+11
5.967800000000000182e+03 5.656854249492380582e+00 1.950000000000000000e+11
5.968000000000000000e+03 4.000000000000000000e+00 0.000000000000000000e+00
5.968200000000000728e+03 4.000000000000000000e+00 0.000000000000000000e+00
5.968400000000000546e+03 4.000000000000000000e+00 0.000000000000000000e+00
5.968600000000000364e+03 4.000000000000000000e+00 0.000000000000000000e+00
5.968800000000000182e+03 5.656854249492380582e+00 0.000000000000000000e+00
5.969000000000000000e+03 5.656854249492380582e+00 0.000000000000000000e+00
5.969200000000000728e+03 5.656854249492380582e+00 0.000000000000000000e+00
5.969400000000000546e+03 4.000000000000000000e+00 0.000000000000000000e+00
5.969600000000000364e+03 4.000000000000000000e+00 0.000000000000000000e+00
5.969800000000000182e+03 4.000000000000000000e+00 0.000000000000000000e+00
5.970000000000000000e+03 5.656854249492380582e+00 0.000000000000000000e+00
5.970200000000000728e+03 5.656854249492380582e+00 0.000000000000000000e+00
5.970400000000000546e+03 5.656854249492380582e+00 0.000000000000000000e+00
5.970600000000000364e+03 4.000000000000000000e+00 0.000000000000000000e+00
5.970800000000000182e+03 4.000000000000000000e+00 0.000000000000000000e+00
5.971000000000000000e+03 4.000000000000000000e+00 0.000000000000000000e+00
5.971200000000000728e+03 4.000000000000000000e+00 0.000000000000000000e+00
5.971400000000000546e+03 4.000000000000000000e+00 0.000000000000000000e+00
5.971600000000000364e+03 4.000000000000000000e+00 0.000000000000000000e+00
5.971800000000000182e+03 4.000000000000000000e+00 0.000000000000000000e+00
5.972000000000000000e+03 4.000000000000000000e+00 1.950000000000000000e+11
5.972200000000000728e+03 4.000000000000000000e+00 1.950000000000000000e+11
5.972400000000000546e+03 4.000000000000000000e+00 1.950000000000000000e+11
5.972600000000000364e+03 5.656854249492380582e+00 1.950000000000000000e+11
5.972800000000000182e+03 4.000000000000000000e+00 1.950000000000000000e+11
5.973000000000000000e+03 0.000000000000000000e+00 1.950000000000000000e+11
5.973200000000000728e+03 4.000000000000000000e+00 1.950000000000000000e+11
5.973400000000000546e+03 4.000000000000000000e+00 1.950000000000000000e+11
5.973600000000000364e+03 4.000000000000000000e+00 1.950000000000000000e+11
5.973800000000000182e+03 4.000000000000000000e+00 1.950000000000000000e+11
5.974000000000000000e+03 5.656854249492380582e+00 1.950000000000000000e+11
5.974200000000000728e+03 4.000000000000000000e+00 1.950000000000000000e+11
5.974400000000000546e+03 4.000000000000000000e+00 1.950000000000000000e+11
5.974600000000000364e+03 4.000000000000000000e+00 1.950000000000000000e+11
5.974800000000000182e+03 5.656854249492380582e+00 1.950000000000000000e+11
5.975000000000000000e+03 5.656854249492380582e+00 1.950000000000000000e+11
5.975200000000000728e+03 4.000000000000000000e+00 1.950000000000000000e+11
5.975400000000000546e+03 4.000000000000000000e+00 1.950000000000000000e+11
5.975600000000000364e+03 4.000000000000000000e+00 1.950000000000000000e+11
5.975800000000000182e+03 4.000000000000000000e+00 1.950000000000000000e+11
5.976000000000000000e+03 4.000000000000000000e+00 0.000000000000000000e+00
5.976200000000000728e+03 5.656854249492380582e+00 0.000000000000000000e+00
5.976400000000000546e+03 5.656854249492380582e+00 0.000000000000000000e+00
5.976600000000000364e+03 4.000000000000000000e+00 0.000000000000000000e+00
5.976800000000000182e+03 4.000000000000000000e+00 0.000000000000000000e+00
5.977000000000000000e+03 4.000000000000000000e+00 0.000000000000000000e+00
5.977200000000000728e+03 5.656854249492380582e+00 0.000000000000000000e+00
5.977400000000000546e+03 5.656854249492380582e+00 0.000000000000000000e+00
5.977600000000000364e+03 5.656854249492380582e+00 0.000000000000000000e+00
5.977800000000000182e+03 5.656854249492380582e+00 0.000000000000000000e+00
5.978000000000000000e+03 4.000000000000000000e+00 0.000000000000000000e+00
5.978200000000000728e+03 4.000000000000000000e+00 0.000000000000000000e+00
5.978400000000000546e+03 5.656854249492380582e+00 0.000000000000000000e+00
5.978600000000000364e+03 5.656854249492380582e+00 0.000000000000000000e+00
5.978800000000000182e+03 5.656854249492380582e+00 0.000000000000000000e+00
5.979000000000000000e+03 5.656854249492380582e+00 0.000000000000000000e+00
5.979200000000000728e+03 4.000000000000000000e+00 0.000000000000000000e+00
5.979400000000000546e+03 4.000000000000000000e+00 0.000000000000000000e+00
5.979600000000000364e+03 5.656854249492380582e+00 0.000000000000000000e+00
5.979800000000000182e+03 4.000000000000000000e+00 0.000000000000000000e+00
5.980000000000000000e+03 5.656854249492380582e+00 1.950000000000000000e+11
5.980200000000000728e+03 5.656854249492380582e+00 1.950000000000000000e+11
5.980400000000000546e+03 4.000000000000000000e+00 1.950000000000000000e+11
5.980600000000000364e+03 4.000000000000000000e+00 1.950000000000000000e+11
5.980800000000000182e+03 4.000000000000000000e+00 1.950000000000000000e+11
5.981000000000000000e+03 5.656854249492380582e+00 1.950000000000000000e+11
5.981200000000000728e+03 5.656854249492380582e+00 1.950000000000000000e+11
5.981400000000000546e+03 4.000000000000000000e+00 1.950000000000000000e+11
5.981600000000000364e+03 4.000000000000000000e+00 1.950000000000000000e+11
5.981800000000000182e+03 4.000000000000000000e+00 1.950000000000000000e+11
5.982000000000000000e+03 4.000000000000000000e+00 1.950000000000000000e+11
5.982200000000000728e+03 5.656854249492380582e+00 1.950000000000000000e+11
5.982400000000000546e+03 5.656854249492380582e+00 1.950000000000000000e+11
5.982600000000000364e+03 5.656854249492380582e+00 1.950000000000000000e+11
5.982800000000000182e+03 4.000000000000000000e+00 1.950000000000000000e+11
5.983000000000000000e+03 4.000000000000000000e+00 1.950000000000000000e+11
5.983200000000000728e+03 4.000000000000000000e+00 1.950000000000000000e+11
5.983400000000000546e+03 5.656854249492380582e+00 1.950000000000000000e+11
5.983600000000000364e+03 5.656854249492380582e+00 1.950000000000000000e+11
5.983800000000000182e+03 5.656854249492380582e+00 1.950000000000000000e+11
5.984000000000000000e+03 4.000000000000000000e+00 0.000000000000000000e+00
5.984200000000000728e+03 4.000000000000000000e+00 0.000000000000000000e+00
5.984400000000000546e+03 4.000000000000000000e+00 0.000000000000000000e+00
5.984600000000000364e+03 4.000000000000000000e+00 0.000000000000000000e+00
5.984800000000000182e+03 5.656854249492380582e+00 0.000000000000000000e+00
5.985000000000000000e+03 5.656854249492380582e+00 0.000000000000000000e+00
5.985200000000000728e+03 4.000000000000000000e+00 0.000000000000000000e+00
5.985400000000000546e+03 4.000000000000000000e+00 0.000000000000000000e+00
5.985600000000000364e+03 4.000000000000000000e+00 0.000000000000000000e+00
5.985800000000000182e+03 5.656854249492380582e+00 0.000000000000000000e+00
5.986000000000000000e+03 5.656854249492380582e+00 0.000000000000000000e+00
5.986200000000000728e+03 5.656854249492380582e+00 0.000000000000000000e+00
5.986400000000000546e+03 4.000000000000000000e+00 0.000000000000000000e+00
5.986600000000000364e+03 4.000000000000000000e+00 0.000000000000000000e+00
5.986800000000000182e+03 4.000000000000000000e+00 0.000000000000000000e+00
5.987000000000000000e+03 5.656854249492380582e+00 0.000000000000000000e+00
5.987200000000000728e+03 5.656854249492380582e+00 0.000000000000000000e+00
5.987400000000000546e+03 5.656854249492380582e+00 0.000000000000000000e+00
5.987600000000000364e+03 5.656854249492380582e+00 0.000000000000000000e+00
5.987800000000000182e+03 4.000000000000000000e+00 0.000000000000000000e+00
5.988000000000000000e+03 4.000000000000000000e+00 1.950000000000000000e+11
5.988200000000000728e+03 5.656854249492380582e+00 1.950000000000000000e+11
5.988400000000000546e+03 4.000000000000000000e+00 1.950000000000000000e+11
5.988600000000000364e+03 5.656854249492380582e+00 1.950000000000000000e+11
5.988800000000000182e+03 4.000000000000000000e+00 1.950000000000000000e+11
5.989000000000000000e+03 4.000000000000000000e+00 1.950000000000000000e+11
5.989200000000000728e+03 4.000000000000000000e+00 1.950000000000000000e+11
5.989400000000000546e+03 5.656854249492380582e+00 1.950000000000000000e+11
5.989600000000000364e+03 5.656854249492380582e+00 1.950000000000000000e+11
5.989800000000000182e+03 5.656854249492380582e+00 1.950000000000000000e+11
5.990000000000000000e+03 4.000000000000000000e+00 1.950000000000000000e+11
5.990200000000000728e+03 4.000000000000000000e+00 1.950000000000000000e+11
5.990400000000000546e+03 4.000000000000000000e+00 1.950000000000000000e+11
5.990600000000000364e+03 4.000000000000000000e+00 1.950000000000000000e+11
5.990800000000000182e+03 5.656854249492380582e+00 1.950000000000000000e+11
5.991000000000000000e+03 5.656854249492380582e+00 1.950000000000000000e+11
5.991200000000000728e+03 4.000000000000000000e+00 1.950000000000000000e+11
5.991400000000000546e+03 4.000000000000000000e+00 1.950000000000000000e+11
5.991600000000000364e+03 4.000000000000000000e+00 1.950000000000000000e+11
5.991800000000000182e+03 5.656854249492380582e+00 1.950000000000000000e+11
5.992000000000000000e+03 5.656854249492380582e+00 0.000000000000000000e+00
5.992200000000000728e+03 5.656854249492380582e+00 0.000000000000000000e+00
5.992400000000000546e+03 5.656854249492380582e+00 0.000000000000000000e+00
5.992600000000000364e+03 4.000000000000000000e+00 0.000000000000000000e+00
5.992800000000000182e+03 4.000000000000000000e+00 0.000000000000000000e+00
5.993000000000000000e+03 4.000000000000000000e+00 0.000000000000000000e+00
5.993200000000000728e+03 5.656854249492380582e+00 0.000000000000000000e+00
5.993400000000000546e+03 5.656854249492380582e+00 0.000000000000000000e+00
5.993600000000000364e+03 5.656854249492380582e+00 0.000000000000000000e+00
5.993800000000000182e+03 4.000000000000000000e+00 0.000000000000000000e+00
5.994000000000000000e+03 4.000000000000000000e+00 0.000000000000000000e+00
5.994200000000000728e+03 4.000000000000000000e+00 0.000000000000000000e+00
5.994400000000000546e+03 4.000000000000000000e+00 0.000000000000000000e+00
5.994600000000000364e+03 5.656854249492380582e+00 0.000000000000000000e+00
5.994800000000000182e+03 5.656854249492380582e+00 0.000000000000000000e+00
5.995000000000000000e+03 4.000000000000000000e+00 0.000000000000000000e+00
5.995200000000000728e+03 4.000000000000000000e+00 0.000000000000000000e+00
5.995400000000000546e+03 5.656854249492380582e+00 0.000000000000000000e+00
5.995600000000000364e+03 4.000000000000000000e+00 0.000000000000000000e+00
5.995800000000000182e+03 5.656854249492380582e+00 0.000000000000000000e+00
5.996000000000000000e+03 5.656854249492380582e+00 1.950000000000000000e+11
5.996200000000000728e+03 4.000000000000000000e+00 1.950000000000000000e+11
5.996400000000000546e+03 4.000000000000000000e+00 1.950000000000000000e+11
5.996600000000000364e+03 5.656854249492380582e+00 1.950000000000000000e+11
5.996800000000000182e+03 4.000000000000000000e+00 1.950000000000000000e+11
5.997000000000000000e+03 5.656854249492380582e+00 1.950000000000000000e+11
5.997200000000000728e+03 5.656854249492380582e+00 1.950000000000000000e+11
5.997400000000000546e+03 4.000000000000000000e+00 1.950000000000000000e+11
5.997600000000000364e+03 4.000000000000000000e+00 1.950000000000000000e+11
5.997800000000000182e+03 4.000000000000000000e+00 1.950000000000000000e+11
5.998000000000000000e+03 5.656854249492380582e+00 1.950000000000000000e+11
5.998200000000000728e+03 5.656854249492380582e+00 1.950000000000000000e+11
5.998400000000000546e+03 5.656854249492380582e+00 1.950000000000000000e+11
5.998600000000000364e+03 4.000000000000000000e+00 1.950000000000000000e+11
5.998800000000000182e+03 4.000000000000000000e+00 1.950000000000000000e+11
5.999000000000000000e+03 4.000000000000000000e+00 1.950000000000000000e+11
5.999200000000000728e+03 4.000000000000000000e+00 1.950000000000000000e+11
5.999400000000000546e+03 5.656854249492380582e+00 1.950000000000000000e+11
5.999600000000000364e+03 5.656854249492380582e+00 1.950000000000000000e+11
5.999800000000000182e+03 4.000000000000000000e+00 1.950000000000000000e+11
