6.000000000000000000e+03 5.656854249492380582e+00 0.000000000000000000e+00
6.000200000000000728e+03 4.000000000000000000e+00 0.000000000000000000e+00
6.000400000000000546e+03 4.000000000000000000e+00 0.000000000000000000e+00
6.000600000000000364e+03 5.656854249492380582e+00 0.000000000000000000e+00
6.000800000000000182e+03 5.656854249492380582e+00 0.000000000000000000e+00
6.001000000000000000e+03 5.656854249492380582e+00 0.000000000000000000e+00
6.001200000000000728e+03 5.656854249492380582e+00 0.000000000000000000e+00
6.001400000000000546e+03 5.656854249492380582e+00 0.000000000000000000e+00
6.001600000000000364e+03 5.656854249492380582e+00 0.000000000000000000e+00
6.001800000000000182e+03 5.656854249492380582e+00 0.000000000000000000e+00
6.002000000000000000e+03 5.656854249492380582e+00 0.000000000000000000e+00
6.002200000000000728e+03 5.656854249492380582e+00 0.000000000000000000e+00
6.002400000000000546e+03 4.000000000000000000e+00 0.000000000000000000e+00
6.002600000000000364e+03 5.656854249492380582e+00 0.000000000000000000e+00
6.002800000000000182e+03 5.656854249492380582e+00 0.000000000000000000e+00
6.003000000000000000e+03 5.656854249492380582e+00 0.000000000000000000e+00
6.003200000000000728e+03 5.656854249492380582e+00 0.000000000000000000e+00
6.003400000000000546e+03 5.656854249492380582e+00 0.000000000000000000e+00
6.003600000000000364e+03 5.656854249492380582e+00 0.000000000000000000e+00
6.003800000000000182e+03 5.656854249492380582e+00 0.000000000000000000e+00
6.004000000000000000e+03 5.656854249492380582e+00 1.975000100000000000e+11
6.004200000000000728e+03 5.656854249492380582e+00 1.975000000000000000e+11
6.004400000000000546e+03 5.656854249492380582e+00 1.975000000000000000e+11
6.004600000000000364e+03 5.656854249492380582e+00 1.975000000000000000e+11
6.004800000000000182e+03 4.000000000000000000e+00 1.975000000000000000e+11
6.005000000000000000e+03 4.000000000000000000e+00 1.975000100000000000e+11
6.005200000000000728e+03 4.000000000000000000e+00 1.975000000000000000e+11
6.005400000000000546e+03 0.000000000000000000e+00 1.975000100000000000e+11
6.005600000000000364e+03 0.000000000000000000e+00 1.975000000000000000e+11
6.005800000000000182e+03 0.000000000000000000e+00 1.975000000000000000e+11
6.006000000000000000e+03 4.000000000000000000e+00 1.975000100000000000e+11
6.006200000000000728e+03 4.000000000000000000e+00 1.975000000000000000e+11
6.006400000000000546e+03 5.656854249492380582e+00 1.975000000000000000e+11
6.006600000000000364e+03 5.656854249492380582e+00 1.975000000000000000e+11
6.006800000000000182e+03 5.656854249492380582e+00 1.975000000000000000e+11
6.007000000000000000e+03 5.656854249492380582e+00 1.975000000000000000e+11
6.007200000000000728e+03 5.656854249492380582e+00 1.975000000000000000e+11
6.007400000000000546e+03 4.000000000000000000e+00 1.975000000000000000e+11
6.007600000000000364e+03 4.000000000000000000e+00 1.975000100000000000e+11
6.007800000000000182e+03 4.000000000000000000e+00 1.975000000000000000e+11
6.008000000000000000e+03 0.000000000000000000e+00 0.000000000000000000e+00
6.008200000000000728e+03 0.000000000000000000e+00 0.000000000000000000e+00
6.008400000000000546e+03 0.000000000000000000e+00 0.000000000000000000e+00
6.008600000000000364e+03 4.000000000000000000e+00 0.000000000000000000e+00
6.008800000000000182e+03 4.000000000000000000e+00 0.000000000000000000e+00
6.009000000000000000e+03 4.000000000000000000e+00 0.000000000000000000e+00
6.009200000000000728e+03 5.656854249492380582e+00 0.000000000000000000e+00
6.009400000000000546e+03 5.656854249492380582e+00 0.000000000000000000e+00
6.009600000000000364e+03 5.656854249492380582e+00 0.000000000000000000e+00
6.009800000000000182e+03 5.656854249492380582e+00 0.000000000000000000e+00
6.010000000000000000e+03 4.000000000000000000e+00 0.000000000000000000e+00
6.010200000000000728e+03 4.000000000000000000e+00 0.000000000000000000e+00
6.010400000000000546e+03 4.000000000000000000e+00 0.000000000000000000e+00
6.010600000000000364e+03 4.000000000000000000e+00 0.000000000000000000e+00
6.010800000000000182e+03 0.000000000000000000e+00 0.000000000000000000e+00
6.011000000000000000e+03 0.000000000000000000e+00 0.000000000000000000e+00
6.011200000000000728e+03 0.000000000000000000e+00 0.000000000000000000e+00
6.011400000000000546e+03 4.000000000000000000e+00 0.000000000000000000e+00
6.011600000000000364e+03 4.000000000000000000e+00 0.000000000000000000e+00
6.011800000000000182e+03 5.656854249492380582e+00 0.000000000000000000e+00
6.012000000000000000e+03 5.656854249492380582e+00 1.975000100000000000e+11
6.012200000000000728e+03 5.656854249492380582e+00 1.975000000000000000e+11
6.012400000000000546e+03 5.656854249492380582e+00 1.975000000000000000e+11
6.012600000000000364e+03 5.656854249492380582e+00 1.975000100000000000e+11
6.012800000000000182e+03 4.000000000000000000e+00 1.975000000000000000e+11
6.013000000000000000e+03 4.000000000000000000e+00 1.975000100000000000e+11
6.013200000000000728e+03 4.000000000000000000e+00 1.975000000000000000e+11
6.013400000000000546e+03 0.000000000000000000e+00 1.975000100000000000e+11
6.013600000000000364e+03 0.000000000000000000e+00 1.975000100000000000e+11
6.013800000000000182e+03 0.000000000000000000e+00 1.975000000000000000e+11
6.014000000000000000e+03 4.000000000000000000e+00 1.975000100000000000e+11
6.014200000000000728e+03 4.000000000000000000e+00 1.975000000000000000e+11
6.014400000000000546e+03 4.000000000000000000e+00 1.975000000000000000e+11
6.014600000000000364e+03 4.000000000000000000e+00 1.975000100000000000e+11
6.014800000000000182e+03 5.656854249492380582e+00 1.975000000000000000e+11
6.015000000000000000e+03 5.656854249492380582e+00 1.975000100000000000e+11
6.015200000000000728e+03 5.656854249492380582e+00 1.975000000000000000e+11
6.015400000000000546e+03 4.000000000000000000e+00 1.975000000000000000e+11
6.015600000000000364e+03 4.000000000000000000e+00 1.975000100000000000e+11
6.015800000000000182e+03 4.000000000000000000e+00 1.975000000000000000e+11
6.016000000000000000e+03 4.000000000000000000e+00 0.000000000000000000e+00
6.016200000000000728e+03 0.000000000000000000e+00 0.000000000000000000e+00
6.016400000000000546e+03 0.000000000000000000e+00 0.000000000000000000e+00
6.016600000000000364e+03 0.000000000000000000e+00 0.000000000000000000e+00
6.016800000000000182e+03 4.000000000000000000e+00 0.000000000000000000e+00
6.017000000000000000e+03 4.000000000000000000e+00 0.000000000000000000e+00
6.017200000000000728e+03 4.000000000000000000e+00 0.000000000000000000e+00
6.017400000000000546e+03 5.656854249492380582e+00 0.000000000000000000e+00
6.017600000000000364e+03 5.656854249492380582e+00 0.000000000000000000e+00
6.017800000000000182e+03 5.656854249492380582e+00 0.000000000000000000e+00
6.018000000000000000e+03 5.656854249492380582e+00 0.000000000000000000e+00
6.018200000000000728e+03 4.000000000000000000e+00 0.000000000000000000e+00
6.018400000000000546e+03 4.000000000000000000e+00 0.000000000000000000e+00
6.018600000000000364e+03 4.000000000000000000e+00 0.000000000000000000e+00
6.018800000000000182e+03 0.000000000000000000e+00 0.000000000000000000e+00
6.019000000000000000e+03 0.000000000000000000e+00 0.000000000000000000e+00
6.019200000000000728e+03 0.000000000000000000e+00 0.000000000000000000e+00
6.019400000000000546e+03 0.000000000000000000e+00 0.000000000000000000e+00
6.019600000000000364e+03 4.000000000000000000e+00 0.000000000000000000e+00
6.019800000000000182e+03 4.000000000000000000e+00 0.000000000000000000e+00
6.020000000000000000e+03 4.000000000000000000e+00 1.975000100000000000e+11
6.020200000000000728e+03 5.656854249492380582e+00 1.975000100000000000e+11
6.020400000000000546e+03 5.656854249492380582e+00 1.975000000000000000e+11
6.020600000000000364e+03 5.656854249492380582e+00 1.975000100000000000e+11
6.020800000000000182e+03 4.000000000000000000e+00 1.975000000000000000e+11
6.021000000000000000e+03 4.000000000000000000e+00 1.975000000000000000e+11
6.021200000000000728e+03 4.000000000000000000e+00 1.975000000000000000e+11
6.021400000000000546e+03 4.000000000000000000e+00 1.975000100000000000e+11
6.021600000000000364e+03 0.000000000000000000e+00 1.975000000000000000e+11
6.021800000000000182e+03 0.000000000000000000e+00 1.975000000000000000e+11
6.022000000000000000e+03 0.000000000000000000e+00 1.975000100000000000e+11
6.022200000000000728e+03 4.000000000000000000e+00 1.975000100000000000e+11
6.022400000000000546e+03 4.000000000000000000e+00 1.975000000000000000e+11
6.022600000000000364e+03 4.000000000000000000e+00 1.975000100000000000e+11
6.022800000000000182e+03 4.000000000000000000e+00 1.975000100000000000e+11
6.023000000000000000e+03 5.656854249492380582e+00 1.975000100000000000e+11
6.023200000000000728e+03 5.656854249492380582e+00 1.975000100000000000e+11
6.023400000000000546e+03 5.656854249492380582e+00 1.975000000000000000e+11
6.023600000000000364e+03 4.000000000000000000e+00 1.975000100000000000e+11
6.023800000000000182e+03 4.000000000000000000e+00 1.975000000000000000e+11
6.024000000000000000e+03 4.000000000000000000e+00 0.000000000000000000e+00
6.024200000000000728e+03 0.000000000000000000e+00 0.000000000000000000e+00
6.024400000000000546e+03 0.000000000000000000e+00 0.000000000000000000e+00
6.024600000000000364e+03 0.000000000000000000e+00 0.000000000000000000e+00
6.024800000000000182e+03 0.000000000000000000e+00 0.000000000000000000e+00
6.025000000000000000e+03 4.000000000000000000e+00 0.000000000000000000e+00
6.025200000000000728e+03 4.000000000000000000e+00 0.000000000000000000e+00
6.025400000000000546e+03 4.000000000000000000e+00 0.000000000000000000e+00
6.025600000000000364e+03 5.656854249492380582e+00 0.000000000000000000e+00
6.025800000000000182e+03 5.656854249492380582e+00 0.000000000000000000e+00
6.026000000000000000e+03 5.656854249492380582e+00 0.000000000000000000e+00
6.026200000000000728e+03 5.656854249492380582e+00 0.000000000000000000e+00
6.026400000000000546e+03 4.000000000000000000e+00 0.000000000000000000e+00
6.026600000000000364e+03 4.000000000000000000e+00 0.000000000000000000e+00
6.026800000000000182e+03 4.000000000000000000e+00 0.000000000000000000e+00
6.027000000000000000e+03 0.000000000000000000e+00 0.000000000000000000e+00
6.027200000000000728e+03 0.000000000000000000e+00 0.000000000000000000e+00
6.027400000000000546e+03 0.000000000000000000e+00 0.000000000000000000e+00
6.027600000000000364e+03 4.000000000000000000e+00 0.000000000000000000e+00
6.027800000000000182e+03 4.000000000000000000e+00 0.000000000000000000e+00
6.028000000000000000e+03 4.000000000000000000e+00 1.975000100000000000e+11
6.028200000000000728e+03 4.000000000000000000e+00 1.975000000000000000e+11
6.028400000000000546e+03 5.656854249492380582e+00 1.975000000000000000e+11
6.028600000000000364e+03 5.656854249492380582e+00 1.975000100000000000e+11
6.028800000000000182e+03 5.656854249492380582e+00 1.975000000000000000e+11
6.029000000000000000e+03 4.000000000000000000e+00 1.975000000000000000e+11
6.029200000000000728e+03 4.000000000000000000e+00 1.975000100000000000e+11
6.029400000000000546e+03 4.000000000000000000e+00 1.975000000000000000e+11
6.029600000000000364e+03 4.000000000000000000e+00 1.975000000000000000e+11
6.029800000000000182e+03 0.000000000000000000e+00 1.975000000000000000e+11
6.030000000000000000e+03 0.000000000000000000e+00 1.975000100000000000e+11
6.030200000000000728e+03 0.000000000000000000e+00 1.975000100000000000e+11
6.030400000000000546e+03 4.000000000000000000e+00 1.975000100000000000e+11
6.030600000000000364e+03 4.000000000000000000e+00 1.975000000000000000e+11
6.030800000000000182e+03 4.000000000000000000e+00 1.975000000000000000e+11
6.031000000000000000e+03 5.656854249492380582e+00 1.975000100000000000e+11
6.031200000000000728e+03 5.656854249492380582e+00 1.975000000000000000e+11
6.031400000000000546e+03 5.656854249492380582e+00 1.975000000000000000e+11
6.031600000000000364e+03 5.656854249492380582e+00 1.975000000000000000e+11
6.031800000000000182e+03 4.000000000000000000e+00 1.975000000000000000e+11
6.032000000000000000e+03 4.000000000000000000e+00 0.000000000000000000e+00
6.032200000000000728e+03 4.000000000000000000e+00 0.000000000000000000e+00
6.032400000000000546e+03 0.000000000000000000e+00 0.000000000000000000e+00
6.032600000000000364e+03 0.000000000000000000e+00 0.000000000000000000e+00
6.032800000000000182e+03 0.000000000000000000e+00 0.000000000000000000e+00
6.033000000000000000e+03 0.000000000000000000e+00 0.000000000000000000e+00
6.033200000000000728e+03 4.000000000000000000e+00 0.000000000000000000e+00
6.033400000000000546e+03 4.000000000000000000e+00 0.000000000000000000e+00
6.033600000000000364e+03 4.000000000000000000e+00 0.000000000000000000e+00
6.033800000000000182e+03 5.656854249492380582e+00 0.000000000000000000e+00
6.034000000000000000e+03 5.656854249492380582e+00 0.000000000000000000e+00
6.034200000000000728e+03 5.656854249492380582e+00 0.000000000000000000e+00
6.034400000000000546e+03 4.000000000000000000e+00 0.000000000000000000e+00
6.034600000000000364e+03 4.000000000000000000e+00 0.000000000000000000e+00
6.034800000000000182e+03 4.000000000000000000e+00 0.000000000000000000e+00
6.035000000000000000e+03 4.000000000000000000e+00 0.000000000000000000e+00
6.035200000000000728e+03 0.000000000000000000e+00 0.000000000000000000e+00
6.035400000000000546e+03 0.000000000000000000e+00 0.000000000000000000e+00
6.035600000000000364e+03 0.000000000000000000e+00 0.000000000000000000e+00
6.035800000000000182e+03 4.000000000000000000e+00 0.000000000000000000e+00
6.036000000000000000e+03 4.000000000000000000e+00 1.975000000000000000e+11
6.036200000000000728e+03 4.000000000000000000e+00 1.975000100000000000e+11
6.036400000000000546e+03 4.000000000000000000e+00 1.975000100000000000e+11
6.036600000000000364e+03 5.656854249492380582e+00 1.975000000000000000e+11
6.036800000000000182e+03 5.656854249492380582e+00 1.975000000000000000e+11
6.037000000000000000e+03 5.656854249492380582e+00 1.975000100000000000e+11
6.037200000000000728e+03 4.000000000000000000e+00 1.975000000000000000e+11
6.037400000000000546e+03 4.000000000000000000e+00 1.975000100000000000e+11
6.037600000000000364e+03 4.000000000000000000e+00 1.975000000000000000e+11
6.037800000000000182e+03 0.000000000000000000e+00 1.975000000000000000e+11
6.038000000000000000e+03 0.000000000000000000e+00 1.975000100000000000e+11
6.038200000000000728e+03 0.000000000000000000e+00 1.975000100000000000e+11
6.038400000000000546e+03 0.000000000000000000e+00 1.975000000000000000e+11
6.038600000000000364e+03 4.000000000000000000e+00 1.975000100000000000e+11
6.038800000000000182e+03 4.000000000000000000e+00 1.975000000000000000e+11
6.039000000000000000e+03 4.000000000000000000e+00 1.975000100000000000e+11
6.039200000000000728e+03 5.656854249492380582e+00 1.975000100000000000e+11
6.039400000000000546e+03 5.656854249492380582e+00 1.975000000000000000e+11
6.039600000000000364e+03 5.656854249492380582e+00 1.975000100000000000e+11
6.039800000000000182e+03 5.656854249492380582e+00 1.975000000000000000e+11
6.040000000000000000e+03 4.000000000000000000e+00 0.000000000000000000e+00
6.040200000000000728e+03 4.000000000000000000e+00 0.000000000000000000e+00
6.040400000000000546e+03 4.000000000000000000e+00 0.000000000000000000e+00
6.040600000000000364e+03 0.000000000000000000e+00 0.000000000000000000e+00
6.040800000000000182e+03 0.000000000000000000e+00 0.000000000000000000e+00
6.041000000000000000e+03 0.000000000000000000e+00 0.000000000000000000e+00
6.041200000000000728e+03 4.000000000000000000e+00 0.000000000000000000e+00
6.041400000000000546e+03 4.000000000000000000e+00 0.000000000000000000e+00
6.041600000000000364e+03 4.000000000000000000e+00 0.000000000000000000e+00
6.041800000000000182e+03 4.000000000000000000e+00 0.000000000000000000e+00
6.042000000000000000e+03 5.656854249492380582e+00 0.000000000000000000e+00
6.042200000000000728e+03 5.656854249492380582e+00 0.000000000000000000e+00
6.042400000000000546e+03 5.656854249492380582e+00 0.000000000000000000e+00
6.042600000000000364e+03 4.000000000000000000e+00 0.000000000000000000e+00
6.042800000000000182e+03 4.000000000000000000e+00 0.000000000000000000e+00
6.043000000000000000e+03 4.000000000000000000e+00 0.000000000000000000e+00
6.043200000000000728e+03 4.000000000000000000e+00 0.000000000000000000e+00
6.043400000000000546e+03 0.000000000000000000e+00 0.000000000000000000e+00
6.043600000000000364e+03 0.000000000000000000e+00 0.000000000000000000e+00
6.043800000000000182e+03 0.000000000000000000e+00 0.000000000000000000e+00
6.044000000000000000e+03 4.000000000000000000e+00 1.975000100000000000e+11
6.044200000000000728e+03 4.000000000000000000e+00 1.975000000000000000e+11
6.044400000000000546e+03 4.000000000000000000e+00 1.975000000000000000e+11
6.044600000000000364e+03 5.656854249492380582e+00 1.975000100000000000e+11
6.044800000000000182e+03 5.656854249492380582e+00 1.975000100000000000e+11
6.045000000000000000e+03 5.656854249492380582e+00 1.975000100000000000e+11
6.045200000000000728e+03 5.656854249492380582e+00 1.975000000000000000e+11
6.045400000000000546e+03 4.000000000000000000e+00 1.975000000000000000e+11
6.045600000000000364e+03 4.000000000000000000e+00 1.975000000000000000e+11
6.045800000000000182e+03 4.000000000000000000e+00 1.975000100000000000e+11
6.046000000000000000e+03 0.000000000000000000e+00 1.975000000000000000e+11
6.046200000000000728e+03 0.000000000000000000e+00 1.975000000000000000e+11
6.046400000000000546e+03 0.000000000000000000e+00 1.975000000000000000e+11
6.046600000000000364e+03 0.000000000000000000e+00 1.975000000000000000e+11
6.046800000000000182e+03 4.000000000000000000e+00 1.975000000000000000e+11
6.047000000000000000e+03 4.000000000000000000e+00 1.975000000000000000e+11
6.047200000000000728e+03 4.000000000000000000e+00 1.975000000000000000e+11
6.047400000000000546e+03 5.656854249492380582e+00 1.975000100000000000e+11
6.047600000000000364e+03 5.656854249492380582e+00 1.975000000000000000e+11
6.047800000000000182e+03 5.656854249492380582e+00 1.975000100000000000e+11
6.048000000000000000e+03 5.656854249492380582e+00 0.000000000000000000e+00
6.048200000000000728e+03 4.000000000000000000e+00 0.000000000000000000e+00
6.048400000000000546e+03 4.000000000000000000e+00 0.000000000000000000e+00
6.048600000000000364e+03 4.000000000000000000e+00 0.000000000000000000e+00
6.048800000000000182e+03 0.000000000000000000e+00 0.000000000000000000e+00
6.049000000000000000e+03 0.000000000000000000e+00 0.000000000000000000e+00
6.049200000000000728e+03 0.000000000000000000e+00 0.000000000000000000e+00
6.049400000000000546e+03 4.000000000000000000e+00 0.000000000000000000e+00
6.049600000000000364e+03 4.000000000000000000e+00 0.000000000000000000e+00
6.049800000000000182e+03 4.000000000000000000e+00 0.000000000000000000e+00
6.050000000000000000e+03 4.000000000000000000e+00 0.000000000000000000e+00
6.050200000000000728e+03 5.656854249492380582e+00 0.000000000000000000e+00
6.050400000000000546e+03 5.656854249492380582e+00 0.000000000000000000e+00
6.050600000000000364e+03 5.656854249492380582e+00 0.000000000000000000e+00
6.050800000000000182e+03 4.000000000000000000e+00 0.000000000000000000e+00
6.051000000000000000e+03 4.000000000000000000e+00 0.000000000000000000e+00
6.051200000000000728e+03 4.000000000000000000e+00 0.000000000000000000e+00
6.051400000000000546e+03 0.000000000000000000e+00 0.000000000000000000e+00
6.051600000000000364e+03 0.000000000000000000e+00 0.000000000000000000e+00
6.051800000000000182e+03 0.000000000000000000e+00 0.000000000000000000e+00
6.052000000000000000e+03 0.000000000000000000e+00 1.975000000000000000e+11
6.052200000000000728e+03 4.000000000000000000e+00 1.975000000000000000e+11
6.052400000000000546e+03 4.000000000000000000e+00 1.975000100000000000e+11
6.052600000000000364e+03 4.000000000000000000e+00 1.975000100000000000e+11
6.052800000000000182e+03 5.656854249492380582e+00 1.975000000000000000e+11
6.053000000000000000e+03 5.656854249492380582e+00 1.975000000000000000e+11
6.053200000000000728e+03 5.656854249492380582e+00 1.975000100000000000e+11
6.053400000000000546e+03 5.656854249492380582e+00 1.975000000000000000e+11
6.053600000000000364e+03 4.000000000000000000e+00 1.975000100000000000e+11
6.053800000000000182e+03 4.000000000000000000e+00 1.975000000000000000e+11
6.054000000000000000e+03 4.000000000000000000e+00 1.975000000000000000e+11
6.054200000000000728e+03 0.000000000000000000e+00 1.975000000000000000e+11
6.054400000000000546e+03 0.000000000000000000e+00 1.975000100000000000e+11
6.054600000000000364e+03 0.000000000000000000e+00 1.975000000000000000e+11
6.054800000000000182e+03 0.000000000000000000e+00 1.975000100000000000e+11
6.055000000000000000e+03 4.000000000000000000e+00 1.975000100000000000e+11
6.055200000000000728e+03 4.000000000000000000e+00 1.975000000000000000e+11
6.055400000000000546e+03 4.000000000000000000e+00 1.975000000000000000e+11
6.055600000000000364e+03 5.656854249492380582e+00 1.975000000000000000e+11
6.055800000000000182e+03 5.656854249492380582e+00 1.975000100000000000e+11
6.056000000000000000e+03 5.656854249492380582e+00 0.000000000000000000e+00
6.056200000000000728e+03 4.000000000000000000e+00 0.000000000000000000e+00
6.056400000000000546e+03 4.000000000000000000e+00 0.000000000000000000e+00
6.056600000000000364e+03 4.000000000000000000e+00 0.000000000000000000e+00
6.056800000000000182e+03 4.000000000000000000e+00 0.000000000000000000e+00
6.057000000000000000e+03 0.000000000000000000e+00 0.000000000000000000e+00
6.057200000000000728e+03 0.000000000000000000e+00 0.000000000000000000e+00
6.057400000000000546e+03 0.000000000000000000e+00 0.000000000000000000e+00
6.057600000000000364e+03 4.000000000000000000e+00 0.000000000000000000e+00
6.057800000000000182e+03 4.000000000000000000e+00 0.000000000000000000e+00
6.058000000000000000e+03 4.000000000000000000e+00 0.000000000000000000e+00
6.058200000000000728e+03 4.000000000000000000e+00 0.000000000000000000e+00
6.058400000000000546e+03 5.656854249492380582e+00 0.000000000000000000e+00
6.058600000000000364e+03 5.656854249492380582e+00 0.000000000000000000e+00
6.058800000000000182e+03 5.656854249492380582e+00 0.000000000000000000e+00
6.059000000000000000e+03 4.000000000000000000e+00 0.000000000000000000e+00
6.059200000000000728e+03 4.000000000000000000e+00 0.000000000000000000e+00
6.059400000000000546e+03 4.000000000000000000e+00 0.000000000000000000e+00
6.059600000000000364e+03 0.000000000000000000e+00 0.000000000000000000e+00
6.059800000000000182e+03 0.000000000000000000e+00 0.000000000000000000e+00
6.060000000000000000e+03 0.000000000000000000e+00 1.975000100000000000e+11
6.060200000000000728e+03 0.000000000000000000e+00 1.975000000000000000e+11
6.060400000000000546e+03 4.000000000000000000e+00 1.975000000000000000e+11
6.060600000000000364e+03 4.000000000000000000e+00 1.975000000000000000e+11
6.060800000000000182e+03 4.000000000000000000e+00 1.975000100000000000e+11
6.061000000000000000e+03 5.656854249492380582e+00 1.975000100000000000e+11
6.061200000000000728e+03 5.656854249492380582e+00 1.975000000000000000e+11
6.061400000000000546e+03 5.656854249492380582e+00 1.975000000000000000e+11
6.061600000000000364e+03 5.656854249492380582e+00 1.975000000000000000e+11
6.061800000000000182e+03 4.000000000000000000e+00 1.975000000000000000e+11
6.062000000000000000e+03 4.000000000000000000e+00 1.975000000000000000e+11
6.062200000000000728e+03 4.000000000000000000e+00 1.975000000000000000e+11
6.062400000000000546e+03 0.000000000000000000e+00 1.975000000000000000e+11
6.062600000000000364e+03 0.000000000000000000e+00 1.975000100000000000e+11
6.062800000000000182e+03 0.000000000000000000e+00 1.975000100000000000e+11
6.063000000000000000e+03 0.000000000000000000e+00 1.975000000000000000e+11
6.063200000000000728e+03 4.000000000000000000e+00 1.975000000000000000e+11
6.063400000000000546e+03 4.000000000000000000e+00 1.975000000000000000e+11
6.063600000000000364e+03 4.000000000000000000e+00 1.975000000000000000e+11
6.063800000000000182e+03 5.656854249492380582e+00 1.975000100000000000e+11
6.064000000000000000e+03 5.656854249492380582e+00 0.000000000000000000e+00
6.064200000000000728e+03 5.656854249492380582e+00 0.000000000000000000e+00
6.064400000000000546e+03 5.656854249492380582e+00 0.000000000000000000e+00
6.064600000000000364e+03 4.000000000000000000e+00 0.000000000000000000e+00
6.064800000000000182e+03 4.000000000000000000e+00 0.000000000000000000e+00
6.065000000000000000e+03 4.000000000000000000e+00 0.000000000000000000e+00
6.065200000000000728e+03 0.000000000000000000e+00 0.000000000000000000e+00
6.065400000000000546e+03 0.000000000000000000e+00 0.000000000000000000e+00
6.065600000000000364e+03 0.000000000000000000e+00 0.000000000000000000e+00
6.065800000000000182e+03 0.000000000000000000e+00 0.000000000000000000e+00
6.066000000000000000e+03 4.000000000000000000e+00 0.000000000000000000e+00
6.066200000000000728e+03 4.000000000000000000e+00 0.000000000000000000e+00
6.066400000000000546e+03 4.000000000000000000e+00 0.000000000000000000e+00
6.066600000000000364e+03 5.656854249492380582e+00 0.000000000000000000e+00
6.066800000000000182e+03 5.656854249492380582e+00 0.000000000000000000e+00
6.067000000000000000e+03 5.656854249492380582e+00 0.000000000000000000e+00
6.067200000000000728e+03 5.656854249492380582e+00 0.000000000000000000e+00
6.067400000000000546e+03 4.000000000000000000e+00 0.000000000000000000e+00
6.067600000000000364e+03 4.000000000000000000e+00 0.000000000000000000e+00
6.067800000000000182e+03 4.000000000000000000e+00 0.000000000000000000e+00
6.068000000000000000e+03 4.000000000000000000e+00 1.975000100000000000e+11
6.068200000000000728e+03 0.000000000000000000e+00 1.975000000000000000e+11
6.068400000000000546e+03 0.000000000000000000e+00 1.975000000000000000e+11
6.068600000000000364e+03 0.000000000000000000e+00 1.975000100000000000e+11
6.068800000000000182e+03 4.000000000000000000e+00 1.975000100000000000e+11
6.069000000000000000e+03 4.000000000000000000e+00 1.975000000000000000e+11
6.069200000000000728e+03 4.000000000000000000e+00 1.975000000000000000e+11
6.069400000000000546e+03 4.000000000000000000e+00 1.975000000000000000e+11
6.069600000000000364e+03 5.656854249492380582e+00 1.975000100000000000e+11
6.069800000000000182e+03 5.656854249492380582e+00 1.975000000000000000e+11
6.070000000000000000e+03 5.656854249492380582e+00 1.975000000000000000e+11
6.070200000000000728e+03 5.656854249492380582e+00 1.975000000000000000e+11
6.070400000000000546e+03 4.000000000000000000e+00 1.975000100000000000e+11
6.070600000000000364e+03 4.000000000000000000e+00 1.975000000000000000e+11
6.070800000000000182e+03 4.000000000000000000e+00 1.975000100000000000e+11
6.071000000000000000e+03 5.656854249492380582e+00 1.975000100000000000e+11
6.071200000000000728e+03 4.000000000000000000e+00 1.975000000000000000e+11
6.071400000000000546e+03 4.000000000000000000e+00 1.975000000000000000e+11
6.071600000000000364e+03 4.000000000000000000e+00 1.975000100000000000e+11
6.071800000000000182e+03 4.000000000000000000e+00 1.975000100000000000e+11
6.072000000000000000e+03 5.656854249492380582e+00 0.000000000000000000e+00
6.072200000000000728e+03 8.944271909999159220e+00 0.000000000000000000e+00
6.072400000000000546e+03 8.000000000000000000e+00 0.000000000000000000e+00
6.072600000000000364e+03 8.944271909999159220e+00 0.000000000000000000e+00
6.072800000000000182e+03 8.944271909999159220e+00 0.000000000000000000e+00
6.073000000000000000e+03 1.131370849898476116e+01 0.000000000000000000e+00
6.073200000000000728e+03 8.944271909999159220e+00 0.000000000000000000e+00
6.073400000000000546e+03 8.000000000000000000e+00 0.000000000000000000e+00
6.073600000000000364e+03 8.000000000000000000e+00 0.000000000000000000e+00
6.073800000000000182e+03 5.656854249492380582e+00 0.000000000000000000e+00
6.074000000000000000e+03 5.656854249492380582e+00 0.000000000000000000e+00
6.074200000000000728e+03 4.000000000000000000e+00 0.000000000000000000e+00
6.074400000000000546e+03 4.000000000000000000e+00 0.000000000000000000e+00
6.074600000000000364e+03 4.000000000000000000e+00 0.000000000000000000e+00
6.074800000000000182e+03 4.000000000000000000e+00 0.000000000000000000e+00
6.075000000000000000e+03 5.656854249492380582e+00 0.000000000000000000e+00
6.075200000000000728e+03 5.656854249492380582e+00 0.000000000000000000e+00
6.075400000000000546e+03 8.000000000000000000e+00 0.000000000000000000e+00
6.075600000000000364e+03 8.000000000000000000e+00 0.000000000000000000e+00
6.075800000000000182e+03 8.944271909999159220e+00 0.000000000000000000e+00
6.076000000000000000e+03 1.131370849898476116e+01 1.975000100000000000e+11
6.076200000000000728e+03 8.944271909999159220e+00 1.975000000000000000e+11
6.076400000000000546e+03 8.000000000000000000e+00 1.975000000000000000e+11
6.076600000000000364e+03 8.000000000000000000e+00 1.975000000000000000e+11
6.076800000000000182e+03 8.944271909999159220e+00 1.975000000000000000e+11
6.077000000000000000e+03 8.944271909999159220e+00 1.975000100000000000e+11
6.077200000000000728e+03 8.000000000000000000e+00 1.975000000000000000e+11
6.077400000000000546e+03 8.944271909999159220e+00 1.975000100000000000e+11
6.077600000000000364e+03 8.944271909999159220e+00 1.975000000000000000e+11
6.077800000000000182e+03 1.200000000000000000e+01 1.975000100000000000e+11
6.078000000000000000e+03 1.264911064067351809e+01 1.975000000000000000e+11
6.078200000000000728e+03 1.442220510185595650e+01 1.975000100000000000e+11
6.078400000000000546e+03 1.788854381999831844e+01 1.975000000000000000e+11
6.078600000000000364e+03 2.039607805437113797e+01 1.975000100000000000e+11
6.078800000000000182e+03 2.039607805437113797e+01 1.975000100000000000e+11
6.079000000000000000e+03 2.332380757938120297e+01 1.975000000000000000e+11
6.079200000000000728e+03 2.561249694973139412e+01 1.975000100000000000e+11
6.079400000000000546e+03 2.912043955712207222e+01 1.975000000000000000e+11
6.079600000000000364e+03 2.828427124746190202e+01 1.975000100000000000e+11
6.079800000000000182e+03 3.224903099319419653e+01 1.975000000000000000e+11
6.080000000000000000e+03 3.440930106817050671e+01 0.000000000000000000e+00
6.080200000000000728e+03 3.224903099319419653e+01 0.000000000000000000e+00
6.080400000000000546e+03 2.912043955712207222e+01 0.000000000000000000e+00
6.080600000000000364e+03 3.124099870362661591e+01 0.000000000000000000e+00
6.080800000000000182e+03 3.046309242345563462e+01 0.000000000000000000e+00
6.081000000000000000e+03 2.800000000000000000e+01 0.000000000000000000e+00
6.081200000000000728e+03 3.224903099319419653e+01 0.000000000000000000e+00
6.081400000000000546e+03 3.124099870362661591e+01 0.000000000000000000e+00
6.081600000000000364e+03 3.298484500494128469e+01 0.000000000000000000e+00
6.081800000000000182e+03 3.224903099319419653e+01 0.000000000000000000e+00
6.082000000000000000e+03 3.224903099319419653e+01 0.000000000000000000e+00
6.082200000000000728e+03 3.124099870362661591e+01 0.000000000000000000e+00
6.082400000000000546e+03 3.298484500494128469e+01 0.000000000000000000e+00
6.082600000000000364e+03 3.224903099319419653e+01 0.000000000000000000e+00
6.082800000000000182e+03 3.224903099319419653e+01 0.000000000000000000e+00
6.083000000000000000e+03 3.124099870362661591e+01 0.000000000000000000e+00
6.083200000000000728e+03 2.912043955712207222e+01 0.000000000000000000e+00
6.083400000000000546e+03 2.828427124746190202e+01 0.000000000000000000e+00
6.083600000000000364e+03 2.561249694973139412e+01 0.000000000000000000e+00
6.083800000000000182e+03 2.683281572999747766e+01 0.000000000000000000e+00
6.084000000000000000e+03 2.800000000000000000e+01 1.975000100000000000e+11
6.084200000000000728e+03 3.046309242345563462e+01 1.975000100000000000e+11
6.084400000000000546e+03 3.394112549695427816e+01 1.975000000000000000e+11
6.084600000000000364e+03 3.794733192202055250e+01 1.975000100000000000e+11
6.084800000000000182e+03 4.400000000000000000e+01 1.975000000000000000e+11
6.085000000000000000e+03 4.833218389437828932e+01 1.975000000000000000e+11
6.085200000000000728e+03 5.091168824543142080e+01 1.975000000000000000e+11
6.085400000000000546e+03 5.571355310873647682e+01 1.975000100000000000e+11
6.085600000000000364e+03 6.000000000000000000e+01 1.975000000000000000e+11
6.085800000000000182e+03 6.092618484691126923e+01 1.975000000000000000e+11
6.086000000000000000e+03 6.511528238439882443e+01 1.975000000000000000e+11
6.086200000000000728e+03 7.088018058667739751e+01 1.975000000000000000e+11
6.086400000000000546e+03 7.641989269817119634e+01 1.975000000000000000e+11
6.086600000000000364e+03 8.438009243891595190e+01 1.975000100000000000e+11
6.086800000000000182e+03 8.988882021697692437e+01 1.975000100000000000e+11
6.087000000000000000e+03 1.012719112093773077e+02 1.975000100000000000e+11
6.087200000000000728e+03 1.088117640698835515e+02 1.975000100000000000e+11
6.087400000000000546e+03 1.219180052330253687e+02 1.975000000000000000e+11
6.087600000000000364e+03 1.307822617941745307e+02 1.975000100000000000e+11
6.087800000000000182e+03 1.440555448429528553e+02 1.975000000000000000e+11
6.088000000000000000e+03 1.538830724933707472e+02 0.000000000000000000e+00
6.088200000000000728e+03 1.512084653714863975e+02 0.000000000000000000e+00
6.088400000000000546e+03 1.514199458459816015e+02 0.000000000000000000e+00
6.088600000000000364e+03 1.484318025222357846e+02 0.000000000000000000e+00
6.088800000000000182e+03 1.475127113166861932e+02 0.000000000000000000e+00
6.089000000000000000e+03 1.449965516831348680e+02 0.000000000000000000e+00
6.089200000000000728e+03 1.402283851436648376e+02 0.000000000000000000e+00
6.089400000000000546e+03 1.379275171965333300e+02 0.000000000000000000e+00
6.089600000000000364e+03 1.353513945255090505e+02 0.000000000000000000e+00
6.089800000000000182e+03 1.374627222195166496e+02 0.000000000000000000e+00
6.090000000000000000e+03 1.353513945255090505e+02 0.000000000000000000e+00
6.090200000000000728e+03 1.357645019878171126e+02 0.000000000000000000e+00
6.090400000000000546e+03 1.367040599250804860e+02 0.000000000000000000e+00
6.090600000000000364e+03 1.365283853270080954e+02 0.000000000000000000e+00
6.090800000000000182e+03 1.344618905117728787e+02 0.000000000000000000e+00
6.091000000000000000e+03 1.353513945255090505e+02 0.000000000000000000e+00
6.091200000000000728e+03 1.295530779256131666e+02 0.000000000000000000e+00
6.091400000000000546e+03 1.291200991325517862e+02 0.000000000000000000e+00
6.091600000000000364e+03 1.275617497528157998e+02 0.000000000000000000e+00
6.091800000000000182e+03 1.255388386118017223e+02 0.000000000000000000e+00
6.092000000000000000e+03 1.202663710269832649e+02 1.975000000000000000e+11
6.092200000000000728e+03 1.324839612934335662e+02 1.975000000000000000e+11
6.092400000000000546e+03 1.432201103197452596e+02 1.975000000000000000e+11
6.092600000000000364e+03 1.538830724933707472e+02 1.975000000000000000e+11
6.092800000000000182e+03 1.322422020385323265e+02 1.975000000000000000e+11
6.093000000000000000e+03 1.200666481584290750e+02 1.975000100000000000e+11
6.093200000000000728e+03 1.088117640698835515e+02 1.975000000000000000e+11
6.093400000000000546e+03 9.732420048477150942e+01 1.975000100000000000e+11
6.093600000000000364e+03 9.024411338142782313e+01 1.975000000000000000e+11
6.093800000000000182e+03 8.246211251235321527e+01 1.975000000000000000e+11
6.094000000000000000e+03 7.694153624668537361e+01 1.975000000000000000e+11
6.094200000000000728e+03 6.811754546370561059e+01 1.975000100000000000e+11
6.094400000000000546e+03 6.324555320336758513e+01 1.975000000000000000e+11
6.094600000000000364e+03 5.685068161420758059e+01 1.975000100000000000e+11
6.094800000000000182e+03 5.366563145999495532e+01 1.975000000000000000e+11
6.095000000000000000e+03 4.816637831516918311e+01 1.975000000000000000e+11
6.095200000000000728e+03 4.176122603564220270e+01 1.975000000000000000e+11
6.095400000000000546e+03 3.687817782917154830e+01 1.975000000000000000e+11
6.095600000000000364e+03 3.224903099319419653e+01 1.975000000000000000e+11
6.095800000000000182e+03 2.800000000000000000e+01 1.975000100000000000e+11
6.096000000000000000e+03 2.529822128134703618e+01 0.000000000000000000e+00
6.096200000000000728e+03 2.561249694973139412e+01 0.000000000000000000e+00
6.096400000000000546e+03 2.529822128134703618e+01 0.000000000000000000e+00
6.096600000000000364e+03 2.433105012119287736e+01 0.000000000000000000e+00
6.096800000000000182e+03 2.561249694973139412e+01 0.000000000000000000e+00
6.097000000000000000e+03 2.683281572999747766e+01 0.000000000000000000e+00
6.097200000000000728e+03 2.828427124746190202e+01 0.000000000000000000e+00
6.097400000000000546e+03 2.912043955712207222e+01 0.000000000000000000e+00
6.097600000000000364e+03 2.884441020371191300e+01 0.000000000000000000e+00
6.097800000000000182e+03 2.884441020371191300e+01 0.000000000000000000e+00
6.098000000000000000e+03 2.828427124746190202e+01 0.000000000000000000e+00
6.098200000000000728e+03 2.828427124746190202e+01 0.000000000000000000e+00
6.098400000000000546e+03 2.332380757938120297e+01 0.000000000000000000e+00
6.098600000000000364e+03 2.332380757938120297e+01 0.000000000000000000e+00
6.098800000000000182e+03 2.433105012119287736e+01 0.000000000000000000e+00
6.099000000000000000e+03 2.039607805437113797e+01 0.000000000000000000e+00
6.099200000000000728e+03 2.262741699796952233e+01 0.000000000000000000e+00
6.099400000000000546e+03 2.154065922853801496e+01 0.000000000000000000e+00
6.099600000000000364e+03 2.039607805437113797e+01 0.000000000000000000e+00
6.099800000000000182e+03 2.332380757938120297e+01 0.000000000000000000e+00
6.100000000000000000e+03 2.332380757938120297e+01 1.975000000000000000e+11
6.100200000000000728e+03 2.039607805437113797e+01 1.975000000000000000e+11
6.100400000000000546e+03 2.039607805437113797e+01 1.975000000000000000e+11
6.100600000000000364e+03 1.788854381999831844e+01 1.975000000000000000e+11
6.100800000000000182e+03 1.697056274847713908e+01 1.975000000000000000e+11
6.101000000000000000e+03 1.649242250247064234e+01 1.975000100000000000e+11
6.101200000000000728e+03 1.600000000000000000e+01 1.975000000000000000e+11
6.101400000000000546e+03 1.264911064067351809e+01 1.975000100000000000e+11
6.101600000000000364e+03 1.131370849898476116e+01 1.975000000000000000e+11
6.101800000000000182e+03 8.944271909999159220e+00 1.975000000000000000e+11
6.102000000000000000e+03 8.000000000000000000e+00 1.975000100000000000e+11
6.102200000000000728e+03 5.656854249492380582e+00 1.975000100000000000e+11
6.102400000000000546e+03 4.000000000000000000e+00 1.975000000000000000e+11
6.102600000000000364e+03 4.000000000000000000e+00 1.975000100000000000e+11
6.102800000000000182e+03 5.656854249492380582e+00 1.975000100000000000e+11
6.103000000000000000e+03 5.656854249492380582e+00 1.975000000000000000e+11
6.103200000000000728e+03 4.000000000000000000e+00 1.975000000000000000e+11
6.103400000000000546e+03 8.000000000000000000e+00 1.975000100000000000e+11
6.103600000000000364e+03 5.656854249492380582e+00 1.975000000000000000e+11
6.103800000000000182e+03 5.656854249492380582e+00 1.975000100000000000e+11
6.104000000000000000e+03 5.656854249492380582e+00 0.000000000000000000e+00
6.104200000000000728e+03 5.656854249492380582e+00 0.000000000000000000e+00
6.104400000000000546e+03 4.000000000000000000e+00 0.000000000000000000e+00
6.104600000000000364e+03 4.000000000000000000e+00 0.000000000000000000e+00
6.104800000000000182e+03 4.000000000000000000e+00 0.000000000000000000e+00
6.105000000000000000e+03 4.000000000000000000e+00 0.000000000000000000e+00
6.105200000000000728e+03 0.000000000000000000e+00 0.000000000000000000e+00
6.105400000000000546e+03 0.000000000000000000e+00 0.000000000000000000e+00
6.105600000000000364e+03 0.000000000000000000e+00 0.000000000000000000e+00
6.105800000000000182e+03 0.000000000000000000e+00 0.000000000000000000e+00
6.106000000000000000e+03 4.000000000000000000e+00 0.000000000000000000e+00
6.106200000000000728e+03 4.000000000000000000e+00 0.000000000000000000e+00
6.106400000000000546e+03 4.000000000000000000e+00 0.000000000000000000e+00
6.106600000000000364e+03 5.656854249492380582e+00 0.000000000000000000e+00
6.106800000000000182e+03 5.656854249492380582e+00 0.000000000000000000e+00
6.107000000000000000e+03 5.656854249492380582e+00 0.000000000000000000e+00
6.107200000000000728e+03 5.656854249492380582e+00 0.000000000000000000e+00
6.107400000000000546e+03 4.000000000000000000e+00 0.000000000000000000e+00
6.107600000000000364e+03 4.000000000000000000e+00 0.000000000000000000e+00
6.107800000000000182e+03 4.000000000000000000e+00 0.000000000000000000e+00
6.108000000000000000e+03 4.000000000000000000e+00 1.975000100000000000e+11
6.108200000000000728e+03 0.000000000000000000e+00 1.975000000000000000e+11
6.108400000000000546e+03 0.000000000000000000e+00 1.975000100000000000e+11
6.108600000000000364e+03 0.000000000000000000e+00 1.975000000000000000e+11
6.108800000000000182e+03 0.000000000000000000e+00 1.975000000000000000e+11
6.109000000000000000e+03 4.000000000000000000e+00 1.975000000000000000e+11
6.109200000000000728e+03 4.000000000000000000e+00 1.975000100000000000e+11
6.109400000000000546e+03 4.000000000000000000e+00 1.975000100000000000e+11
6.109600000000000364e+03 4.000000000000000000e+00 1.975000000000000000e+11
6.109800000000000182e+03 5.656854249492380582e+00 1.975000000000000000e+11
6.110000000000000000e+03 5.656854249492380582e+00 1.975000000000000000e+11
6.110200000000000728e+03 5.656854249492380582e+00 1.975000000000000000e+11
6.110400000000000546e+03 4.000000000000000000e+00 1.975000000000000000e+11
6.110600000000000364e+03 4.000000000000000000e+00 1.975000100000000000e+11
6.110800000000000182e+03 4.000000000000000000e+00 1.975000000000000000e+11
6.111000000000000000e+03 4.000000000000000000e+00 1.975000000000000000e+11
6.111200000000000728e+03 0.000000000000000000e+00 1.975000000000000000e+11
6.111400000000000546e+03 0.000000000000000000e+00 1.975000100000000000e+11
6.111600000000000364e+03 0.000000000000000000e+00 1.975000100000000000e+11
6.111800000000000182e+03 4.000000000000000000e+00 1.975000000000000000e+11
6.112000000000000000e+03 4.000000000000000000e+00 0.000000000000000000e+00
6.112200000000000728e+03 4.000000000000000000e+00 0.000000000000000000e+00
6.112400000000000546e+03 4.000000000000000000e+00 0.000000000000000000e+00
6.112600000000000364e+03 5.656854249492380582e+00 0.000000000000000000e+00
6.112800000000000182e+03 5.656854249492380582e+00 0.000000000000000000e+00
6.113000000000000000e+03 5.656854249492380582e+00 0.000000000000000000e+00
6.113200000000000728e+03 4.000000000000000000e+00 0.000000000000000000e+00
6.113400000000000546e+03 4.000000000000000000e+00 0.000000000000000000e+00
6.113600000000000364e+03 4.000000000000000000e+00 0.000000000000000000e+00
6.113800000000000182e+03 0.000000000000000000e+00 0.000000000000000000e+00
6.114000000000000000e+03 0.000000000000000000e+00 0.000000000000000000e+00
6.114200000000000728e+03 0.000000000000000000e+00 0.000000000000000000e+00
6.114400000000000546e+03 0.000000000000000000e+00 0.000000000000000000e+00
6.114600000000000364e+03 4.000000000000000000e+00 0.000000000000000000e+00
6.114800000000000182e+03 4.000000000000000000e+00 0.000000000000000000e+00
6.115000000000000000e+03 4.000000000000000000e+00 0.000000000000000000e+00
6.115200000000000728e+03 5.656854249492380582e+00 0.000000000000000000e+00
6.115400000000000546e+03 5.656854249492380582e+00 0.000000000000000000e+00
6.115600000000000364e+03 5.656854249492380582e+00 0.000000000000000000e+00
6.115800000000000182e+03 4.000000000000000000e+00 0.000000000000000000e+00
6.116000000000000000e+03 4.000000000000000000e+00 1.975000000000000000e+11
6.116200000000000728e+03 4.000000000000000000e+00 1.975000000000000000e+11
6.116400000000000546e+03 4.000000000000000000e+00 1.975000100000000000e+11
6.116600000000000364e+03 0.000000000000000000e+00 1.975000000000000000e+11
6.116800000000000182e+03 0.000000000000000000e+00 1.975000000000000000e+11
6.117000000000000000e+03 0.000000000000000000e+00 1.975000000000000000e+11
6.117200000000000728e+03 4.000000000000000000e+00 1.975000000000000000e+11
6.117400000000000546e+03 4.000000000000000000e+00 1.975000100000000000e+11
6.117600000000000364e+03 4.000000000000000000e+00 1.975000100000000000e+11
6.117800000000000182e+03 4.000000000000000000e+00 1.975000000000000000e+11
6.118000000000000000e+03 5.656854249492380582e+00 1.975000100000000000e+11
6.118200000000000728e+03 5.656854249492380582e+00 1.975000000000000000e+11
6.118400000000000546e+03 5.656854249492380582e+00 1.975000100000000000e+11
6.118600000000000364e+03 4.000000000000000000e+00 1.975000100000000000e+11
6.118800000000000182e+03 4.000000000000000000e+00 1.975000100000000000e+11
6.119000000000000000e+03 4.000000000000000000e+00 1.975000000000000000e+11
6.119200000000000728e+03 4.000000000000000000e+00 1.975000000000000000e+11
6.119400000000000546e+03 0.000000000000000000e+00 1.975000100000000000e+11
6.119600000000000364e+03 0.000000000000000000e+00 1.975000000000000000e+11
6.119800000000000182e+03 0.000000000000000000e+00 1.975000000000000000e+11
6.120000000000000000e+03 4.000000000000000000e+00 0.000000000000000000e+00
6.120200000000000728e+03 4.000000000000000000e+00 0.000000000000000000e+00
6.120400000000000546e+03 4.000000000000000000e+00 0.000000000000000000e+00
6.120600000000000364e+03 4.000000000000000000e+00 0.000000000000000000e+00
6.120800000000000182e+03 5.656854249492380582e+00 0.000000000000000000e+00
6.121000000000000000e+03 5.656854249492380582e+00 0.000000000000000000e+00
6.121200000000000728e+03 5.656854249492380582e+00 0.000000000000000000e+00
6.121400000000000546e+03 4.000000000000000000e+00 0.000000000000000000e+00
6.121600000000000364e+03 4.000000000000000000e+00 0.000000000000000000e+00
6.121800000000000182e+03 4.000000000000000000e+00 0.000000000000000000e+00
6.122000000000000000e+03 0.000000000000000000e+00 0.000000000000000000e+00
6.122200000000000728e+03 0.000000000000000000e+00 0.000000000000000000e+00
6.122400000000000546e+03 0.000000000000000000e+00 0.000000000000000000e+00
6.122600000000000364e+03 0.000000000000000000e+00 0.000000000000000000e+00
6.122800000000000182e+03 4.000000000000000000e+00 0.000000000000000000e+00
6.123000000000000000e+03 4.000000000000000000e+00 0.000000000000000000e+00
6.123200000000000728e+03 4.000000000000000000e+00 0.000000000000000000e+00
6.123400000000000546e+03 5.656854249492380582e+00 0.000000000000000000e+00
6.123600000000000364e+03 5.656854249492380582e+00 0.000000000000000000e+00
6.123800000000000182e+03 5.656854249492380582e+00 0.000000000000000000e+00
6.124000000000000000e+03 4.000000000000000000e+00 1.975000000000000000e+11
6.124200000000000728e+03 4.000000000000000000e+00 1.975000100000000000e+11
6.124400000000000546e+03 4.000000000000000000e+00 1.975000000000000000e+11
6.124600000000000364e+03 4.000000000000000000e+00 1.975000000000000000e+11
6.124800000000000182e+03 0.000000000000000000e+00 1.975000000000000000e+11
6.125000000000000000e+03 0.000000000000000000e+00 1.975000100000000000e+11
6.125200000000000728e+03 0.000000000000000000e+00 1.975000100000000000e+11
6.125400000000000546e+03 4.000000000000000000e+00 1.975000100000000000e+11
6.125600000000000364e+03 4.000000000000000000e+00 1.975000100000000000e+11
6.125800000000000182e+03 4.000000000000000000e+00 1.975000100000000000e+11
6.126000000000000000e+03 4.000000000000000000e+00 1.975000000000000000e+11
6.126200000000000728e+03 5.656854249492380582e+00 1.975000100000000000e+11
6.126400000000000546e+03 5.656854249492380582e+00 1.975000100000000000e+11
6.126600000000000364e+03 5.656854249492380582e+00 1.975000000000000000e+11
6.126800000000000182e+03 4.000000000000000000e+00 1.975000100000000000e+11
6.127000000000000000e+03 4.000000000000000000e+00 1.975000000000000000e+11
6.127200000000000728e+03 4.000000000000000000e+00 1.975000100000000000e+11
6.127400000000000546e+03 4.000000000000000000e+00 1.975000000000000000e+11
6.127600000000000364e+03 0.000000000000000000e+00 1.975000100000000000e+11
6.127800000000000182e+03 0.000000000000000000e+00 1.975000000000000000e+11
6.128000000000000000e+03 0.000000000000000000e+00 0.000000000000000000e+00
6.128200000000000728e+03 4.000000000000000000e+00 0.000000000000000000e+00
6.128400000000000546e+03 4.000000000000000000e+00 0.000000000000000000e+00
6.128600000000000364e+03 4.000000000000000000e+00 0.000000000000000000e+00
6.128800000000000182e+03 4.000000000000000000e+00 0.000000000000000000e+00
6.129000000000000000e+03 5.656854249492380582e+00 0.000000000000000000e+00
6.129200000000000728e+03 5.656854249492380582e+00 0.000000000000000000e+00
6.129400000000000546e+03 5.656854249492380582e+00 0.000000000000000000e+00
6.129600000000000364e+03 4.000000000000000000e+00 0.000000000000000000e+00
6.129800000000000182e+03 4.000000000000000000e+00 0.000000000000000000e+00
6.130000000000000000e+03 4.000000000000000000e+00 0.000000000000000000e+00
6.130200000000000728e+03 0.000000000000000000e+00 0.000000000000000000e+00
6.130400000000000546e+03 0.000000000000000000e+00 0.000000000000000000e+00
6.130600000000000364e+03 0.000000000000000000e+00 0.000000000000000000e+00
6.130800000000000182e+03 0.000000000000000000e+00 0.000000000000000000e+00
6.131000000000000000e+03 4.000000000000000000e+00 0.000000000000000000e+00
6.131200000000000728e+03 4.000000000000000000e+00 0.000000000000000000e+00
6.131400000000000546e+03 4.000000000000000000e+00 0.000000000000000000e+00
6.131600000000000364e+03 5.656854249492380582e+00 0.000000000000000000e+00
6.131800000000000182e+03 5.656854249492380582e+00 0.000000000000000000e+00
6.132000000000000000e+03 5.656854249492380582e+00 1.975000100000000000e+11
6.132200000000000728e+03 4.000000000000000000e+00 1.975000000000000000e+11
6.132400000000000546e+03 4.000000000000000000e+00 1.975000100000000000e+11
6.132600000000000364e+03 4.000000000000000000e+00 1.975000000000000000e+11
6.132800000000000182e+03 4.000000000000000000e+00 1.975000100000000000e+11
6.133000000000000000e+03 0.000000000000000000e+00 1.975000000000000000e+11
6.133200000000000728e+03 0.000000000000000000e+00 1.975000000000000000e+11
6.133400000000000546e+03 0.000000000000000000e+00 1.975000000000000000e+11
6.133600000000000364e+03 4.000000000000000000e+00 1.975000000000000000e+11
6.133800000000000182e+03 4.000000000000000000e+00 1.975000000000000000e+11
6.134000000000000000e+03 4.000000000000000000e+00 1.975000000000000000e+11
6.134200000000000728e+03 4.000000000000000000e+00 1.975000100000000000e+11
6.134400000000000546e+03 5.656854249492380582e+00 1.975000100000000000e+11
6.134600000000000364e+03 5.656854249492380582e+00 1.975000000000000000e+11
6.134800000000000182e+03 5.656854249492380582e+00 1.975000100000000000e+11
6.135000000000000000e+03 4.000000000000000000e+00 1.975000000000000000e+11
6.135200000000000728e+03 4.000000000000000000e+00 1.975000000000000000e+11
6.135400000000000546e+03 4.000000000000000000e+00 1.975000100000000000e+11
6.135600000000000364e+03 4.000000000000000000e+00 1.975000000000000000e+11
6.135800000000000182e+03 0.000000000000000000e+00 1.975000100000000000e+11
6.136000000000000000e+03 0.000000000000000000e+00 0.000000000000000000e+00
6.136200000000000728e+03 0.000000000000000000e+00 0.000000000000000000e+00
6.136400000000000546e+03 4.000000000000000000e+00 0.000000000000000000e+00
6.136600000000000364e+03 4.000000000000000000e+00 0.000000000000000000e+00
6.136800000000000182e+03 4.000000000000000000e+00 0.000000000000000000e+00
6.137000000000000000e+03 4.000000000000000000e+00 0.000000000000000000e+00
6.137200000000000728e+03 5.656854249492380582e+00 0.000000000000000000e+00
6.137400000000000546e+03 5.656854249492380582e+00 0.000000000000000000e+00
6.137600000000000364e+03 5.656854249492380582e+00 0.000000000000000000e+00
6.137800000000000182e+03 4.000000000000000000e+00 0.000000000000000000e+00
6.138000000000000000e+03 4.000000000000000000e+00 0.000000000000000000e+00
6.138200000000000728e+03 4.000000000000000000e+00 0.000000000000000000e+00
6.138400000000000546e+03 0.000000000000000000e+00 0.000000000000000000e+00
6.138600000000000364e+03 0.000000000000000000e+00 0.000000000000000000e+00
6.138800000000000182e+03 0.000000000000000000e+00 0.000000000000000000e+00
6.139000000000000000e+03 0.000000000000000000e+00 0.000000000000000000e+00
6.139200000000000728e+03 4.000000000000000000e+00 0.000000000000000000e+00
6.139400000000000546e+03 4.000000000000000000e+00 0.000000000000000000e+00
6.139600000000000364e+03 4.000000000000000000e+00 0.000000000000000000e+00
6.139800000000000182e+03 5.656854249492380582e+00 0.000000000000000000e+00
6.140000000000000000e+03 5.656854249492380582e+00 1.975000000000000000e+11
6.140200000000000728e+03 5.656854249492380582e+00 1.975000100000000000e+11
6.140400000000000546e+03 4.000000000000000000e+00 1.975000100000000000e+11
6.140600000000000364e+03 4.000000000000000000e+00 1.975000000000000000e+11
6.140800000000000182e+03 4.000000000000000000e+00 1.975000000000000000e+11
6.141000000000000000e+03 4.000000000000000000e+00 1.975000000000000000e+11
6.141200000000000728e+03 0.000000000000000000e+00 1.975000100000000000e+11
6.141400000000000546e+03 0.000000000000000000e+00 1.975000000000000000e+11
6.141600000000000364e+03 0.000000000000000000e+00 1.975000000000000000e+11
6.141800000000000182e+03 4.000000000000000000e+00 1.975000100000000000e+11
6.142000000000000000e+03 4.000000000000000000e+00 1.975000100000000000e+11
6.142200000000000728e+03 4.000000000000000000e+00 1.975000100000000000e+11
6.142400000000000546e+03 4.000000000000000000e+00 1.975000100000000000e+11
6.142600000000000364e+03 5.656854249492380582e+00 1.975000000000000000e+11
6.142800000000000182e+03 5.656854249492380582e+00 1.975000100000000000e+11
6.143000000000000000e+03 5.656854249492380582e+00 1.975000000000000000e+11
6.143200000000000728e+03 4.000000000000000000e+00 1.975000000000000000e+11
6.143400000000000546e+03 4.000000000000000000e+00 1.975000100000000000e+11
6.143600000000000364e+03 4.000000000000000000e+00 1.975000100000000000e+11
6.143800000000000182e+03 4.000000000000000000e+00 1.975000100000000000e+11
6.144000000000000000e+03 0.000000000000000000e+00 0.000000000000000000e+00
6.144200000000000728e+03 0.000000000000000000e+00 0.000000000000000000e+00
6.144400000000000546e+03 4.000000000000000000e+00 0.000000000000000000e+00
6.144600000000000364e+03 4.000000000000000000e+00 0.000000000000000000e+00
6.144800000000000182e+03 4.000000000000000000e+00 0.000000000000000000e+00
6.145000000000000000e+03 4.000000000000000000e+00 0.000000000000000000e+00
6.145200000000000728e+03 4.000000000000000000e+00 0.000000000000000000e+00
6.145400000000000546e+03 5.656854249492380582e+00 0.000000000000000000e+00
6.145600000000000364e+03 5.656854249492380582e+00 0.000000000000000000e+00
6.145800000000000182e+03 5.656854249492380582e+00 0.000000000000000000e+00
6.146000000000000000e+03 4.000000000000000000e+00 0.000000000000000000e+00
6.146200000000000728e+03 4.000000000000000000e+00 0.000000000000000000e+00
6.146400000000000546e+03 4.000000000000000000e+00 0.000000000000000000e+00
6.146600000000000364e+03 4.000000000000000000e+00 0.000000000000000000e+00
6.146800000000000182e+03 0.000000000000000000e+00 0.000000000000000000e+00
6.147000000000000000e+03 0.000000000000000000e+00 0.000000000000000000e+00
6.147200000000000728e+03 4.000000000000000000e+00 0.000000000000000000e+00
6.147400000000000546e+03 4.000000000000000000e+00 0.000000000000000000e+00
6.147600000000000364e+03 4.000000000000000000e+00 0.000000000000000000e+00
6.147800000000000182e+03 4.000000000000000000e+00 0.000000000000000000e+00
6.148000000000000000e+03 5.656854249492380582e+00 1.975000100000000000e+11
6.148200000000000728e+03 5.656854249492380582e+00 1.975000000000000000e+11
6.148400000000000546e+03 5.656854249492380582e+00 1.975000000000000000e+11
6.148600000000000364e+03 5.656854249492380582e+00 1.975000100000000000e+11
6.148800000000000182e+03 4.000000000000000000e+00 1.975000000000000000e+11
6.149000000000000000e+03 4.000000000000000000e+00 1.975000000000000000e+11
6.149200000000000728e+03 4.000000000000000000e+00 1.975000000000000000e+11
6.149400000000000546e+03 0.000000000000000000e+00 1.975000000000000000e+11
6.149600000000000364e+03 0.000000000000000000e+00 1.975000000000000000e+11
6.149800000000000182e+03 0.000000000000000000e+00 1.975000100000000000e+11
6.150000000000000000e+03 4.000000000000000000e+00 1.975000100000000000e+11
6.150200000000000728e+03 4.000000000000000000e+00 1.975000100000000000e+11
6.150400000000000546e+03 4.000000000000000000e+00 1.975000000000000000e+11
6.150600000000000364e+03 4.000000000000000000e+00 1.975000000000000000e+11
6.150800000000000182e+03 5.656854249492380582e+00 1.975000000000000000e+11
6.151000000000000000e+03 5.656854249492380582e+00 1.975000000000000000e+11
6.151200000000000728e+03 5.656854249492380582e+00 1.975000000000000000e+11
6.151400000000000546e+03 4.000000000000000000e+00 1.975000000000000000e+11
6.151600000000000364e+03 4.000000000000000000e+00 1.975000100000000000e+11
6.151800000000000182e+03 4.000000000000000000e+00 1.975000000000000000e+11
6.152000000000000000e+03 4.000000000000000000e+00 0.000000000000000000e+00
6.152200000000000728e+03 0.000000000000000000e+00 0.000000000000000000e+00
6.152400000000000546e+03 4.000000000000000000e+00 0.000000000000000000e+00
6.152600000000000364e+03 4.000000000000000000e+00 0.000000000000000000e+00
6.152800000000000182e+03 4.000000000000000000e+00 0.000000000000000000e+00
6.153000000000000000e+03 4.000000000000000000e+00 0.000000000000000000e+00
6.153200000000000728e+03 5.656854249492380582e+00 0.000000000000000000e+00
6.153400000000000546e+03 5.656854249492380582e+00 0.000000000000000000e+00
6.153600000000000364e+03 5.656854249492380582e+00 0.000000000000000000e+00
6.153800000000000182e+03 4.000000000000000000e+00 0.000000000000000000e+00
6.154000000000000000e+03 4.000000000000000000e+00 0.000000000000000000e+00
6.154200000000000728e+03 4.000000000000000000e+00 0.000000000000000000e+00
6.154400000000000546e+03 4.000000000000000000e+00 0.000000000000000000e+00
6.154600000000000364e+03 0.000000000000000000e+00 0.000000000000000000e+00
6.154800000000000182e+03 4.000000000000000000e+00 0.000000000000000000e+00
6.155000000000000000e+03 4.000000000000000000e+00 0.000000000000000000e+00
6.155200000000000728e+03 4.000000000000000000e+00 0.000000000000000000e+00
6.155400000000000546e+03 4.000000000000000000e+00 0.000000000000000000e+00
6.155600000000000364e+03 4.000000000000000000e+00 0.000000000000000000e+00
6.155800000000000182e+03 5.656854249492380582e+00 0.000000000000000000e+00
6.156000000000000000e+03 5.656854249492380582e+00 1.975000000000000000e+11
6.156200000000000728e+03 4.000000000000000000e+00 1.975000000000000000e+11
6.156400000000000546e+03 4.000000000000000000e+00 1.975000100000000000e+11
6.156600000000000364e+03 4.000000000000000000e+00 1.975000100000000000e+11
6.156800000000000182e+03 4.000000000000000000e+00 1.975000100000000000e+11
6.157000000000000000e+03 5.656854249492380582e+00 1.975000000000000000e+11
6.157200000000000728e+03 5.656854249492380582e+00 1.975000000000000000e+11
6.157400000000000546e+03 4.000000000000000000e+00 1.975000100000000000e+11
6.157600000000000364e+03 4.000000000000000000e+00 1.975000100000000000e+11
6.157800000000000182e+03 4.000000000000000000e+00 1.975000100000000000e+11
6.158000000000000000e+03 4.000000000000000000e+00 1.975000000000000000e+11
6.158200000000000728e+03 4.000000000000000000e+00 1.975000100000000000e+11
6.158400000000000546e+03 5.656854249492380582e+00 1.975000100000000000e+11
6.158600000000000364e+03 4.000000000000000000e+00 1.975000100000000000e+11
6.158800000000000182e+03 4.000000000000000000e+00 1.975000000000000000e+11
6.159000000000000000e+03 4.000000000000000000e+00 1.975000000000000000e+11
6.159200000000000728e+03 5.656854249492380582e+00 1.975000100000000000e+11
6.159400000000000546e+03 5.656854249492380582e+00 1.975000100000000000e+11
6.159600000000000364e+03 4.000000000000000000e+00 1.975000100000000000e+11
6.159800000000000182e+03 4.000000000000000000e+00 1.975000000000000000e+11
6.160000000000000000e+03 4.000000000000000000e+00 0.000000000000000000e+00
6.160200000000000728e+03 4.000000000000000000e+00 0.000000000000000000e+00
6.160400000000000546e+03 5.656854249492380582e+00 0.000000000000000000e+00
6.160600000000000364e+03 4.000000000000000000e+00 0.000000000000000000e+00
6.160800000000000182e+03 5.656854249492380582e+00 0.000000000000000000e+00
6.161000000000000000e+03 4.000000000000000000e+00 0.000000000000000000e+00
6.161200000000000728e+03 4.000000000000000000e+00 0.000000000000000000e+00
6.161400000000000546e+03 4.000000000000000000e+00 0.000000000000000000e+00
6.161600000000000364e+03 4.000000000000000000e+00 0.000000000000000000e+00
6.161800000000000182e+03 5.656854249492380582e+00 0.000000000000000000e+00
6.162000000000000000e+03 5.656854249492380582e+00 0.000000000000000000e+00
6.162200000000000728e+03 4.000000000000000000e+00 0.000000000000000000e+00
6.162400000000000546e+03 4.000000000000000000e+00 0.000000000000000000e+00
6.162600000000000364e+03 4.000000000000000000e+00 0.000000000000000000e+00
6.162800000000000182e+03 4.000000000000000000e+00 0.000000000000000000e+00
6.163000000000000000e+03 5.656854249492380582e+00 0.000000000000000000e+00
6.163200000000000728e+03 4.000000000000000000e+00 0.000000000000000000e+00
6.163400000000000546e+03 4.000000000000000000e+00 0.000000000000000000e+00
6.163600000000000364e+03 4.000000000000000000e+00 0.000000000000000000e+00
6.163800000000000182e+03 4.000000000000000000e+00 0.000000000000000000e+00
6.164000000000000000e+03 5.656854249492380582e+00 1.975000000000000000e+11
6.164200000000000728e+03 5.656854249492380582e+00 1.975000000000000000e+11
6.164400000000000546e+03 5.656854249492380582e+00 1.975000000000000000e+11
6.164600000000000364e+03 5.656854249492380582e+00 1.975000000000000000e+11
6.164800000000000182e+03 4.000000000000000000e+00 1.975000000000000000e+11
6.165000000000000000e+03 4.000000000000000000e+00 1.975000000000000000e+11
6.165200000000000728e+03 4.000000000000000000e+00 1.975000000000000000e+11
6.165400000000000546e+03 5.656854249492380582e+00 1.975000000000000000e+11
6.165600000000000364e+03 4.000000000000000000e+00 1.975000000000000000e+11
6.165800000000000182e+03 5.656854249492380582e+00 1.975000000000000000e+11
6.166000000000000000e+03 4.000000000000000000e+00 1.975000000000000000e+11
6.166200000000000728e+03 4.000000000000000000e+00 1.975000100000000000e+11
6.166400000000000546e+03 4.000000000000000000e+00 1.975000100000000000e+11
6.166600000000000364e+03 4.000000000000000000e+00 1.975000000000000000e+11
6.166800000000000182e+03 4.000000000000000000e+00 1.975000000000000000e+11
6.167000000000000000e+03 5.656854249492380582e+00 1.975000000000000000e+11
6.167200000000000728e+03 4.000000000000000000e+00 1.975000000000000000e+11
6.167400000000000546e+03 4.000000000000000000e+00 1.975000000000000000e+11
6.167600000000000364e+03 4.000000000000000000e+00 1.975000000000000000e+11
6.167800000000000182e+03 5.656854249492380582e+00 1.975000000000000000e+11
6.168000000000000000e+03 5.656854249492380582e+00 0.000000000000000000e+00
6.168200000000000728e+03 5.656854249492380582e+00 0.000000000000000000e+00
6.168400000000000546e+03 4.000000000000000000e+00 0.000000000000000000e+00
6.168600000000000364e+03 4.000000000000000000e+00 0.000000000000000000e+00
6.168800000000000182e+03 4.000000000000000000e+00 0.000000000000000000e+00
6.169000000000000000e+03 4.000000000000000000e+00 0.000000000000000000e+00
6.169200000000000728e+03 5.656854249492380582e+00 0.000000000000000000e+00
6.169400000000000546e+03 5.656854249492380582e+00 0.000000000000000000e+00
6.169600000000000364e+03 4.000000000000000000e+00 0.000000000000000000e+00
6.169800000000000182e+03 4.000000000000000000e+00 0.000000000000000000e+00
6.170000000000000000e+03 4.000000000000000000e+00 0.000000000000000000e+00
6.170200000000000728e+03 4.000000000000000000e+00 0.000000000000000000e+00
6.170400000000000546e+03 5.656854249492380582e+00 0.000000000000000000e+00
6.170600000000000364e+03 5.656854249492380582e+00 0.000000000000000000e+00
6.170800000000000182e+03 4.000000000000000000e+00 0.000000000000000000e+00
6.171000000000000000e+03 4.000000000000000000e+00 0.000000000000000000e+00
6.171200000000000728e+03 4.000000000000000000e+00 0.000000000000000000e+00
6.171400000000000546e+03 4.000000000000000000e+00 0.000000000000000000e+00
6.171600000000000364e+03 5.656854249492380582e+00 0.000000000000000000e+00
6.171800000000000182e+03 5.656854249492380582e+00 0.000000000000000000e+00
6.172000000000000000e+03 4.000000000000000000e+00 1.975000100000000000e+11
6.172200000000000728e+03 4.000000000000000000e+00 1.975000000000000000e+11
6.172400000000000546e+03 4.000000000000000000e+00 1.975000000000000000e+11
6.172600000000000364e+03 5.656854249492380582e+00 1.975000000000000000e+11
6.172800000000000182e+03 4.000000000000000000e+00 1.975000100000000000e+11
6.173000000000000000e+03 5.656854249492380582e+00 1.975000000000000000e+11
6.173200000000000728e+03 4.000000000000000000e+00 1.975000000000000000e+11
6.173400000000000546e+03 4.000000000000000000e+00 1.975000100000000000e+11
6.173600000000000364e+03 4.000000000000000000e+00 1.975000000000000000e+11
6.173800000000000182e+03 5.656854249492380582e+00 1.975000100000000000e+11
6.174000000000000000e+03 5.656854249492380582e+00 1.975000000000000000e+11
6.174200000000000728e+03 5.656854249492380582e+00 1.975000100000000000e+11
6.174400000000000546e+03 5.656854249492380582e+00 1.975000100000000000e+11
6.174600000000000364e+03 4.000000000000000000e+00 1.975000000000000000e+11
6.174800000000000182e+03 4.000000000000000000e+00 1.975000100000000000e+11
6.175000000000000000e+03 4.000000000000000000e+00 1.975000000000000000e+11
6.175200000000000728e+03 5.656854249492380582e+00 1.975000100000000000e+11
6.175400000000000546e+03 5.656854249492380582e+00 1.975000100000000000e+11
6.175600000000000364e+03 4.000000000000000000e+00 1.975000100000000000e+11
6.175800000000000182e+03 4.000000000000000000e+00 1.975000100000000000e+11
6.176000000000000000e+03 4.000000000000000000e+00 0.000000000000000000e+00
6.176200000000000728e+03 4.000000000000000000e+00 0.000000000000000000e+00
6.176400000000000546e+03 5.656854249492380582e+00 0.000000000000000000e+00
6.176600000000000364e+03 5.656854249492380582e+00 0.000000000000000000e+00
6.176800000000000182e+03 5.656854249492380582e+00 0.000000000000000000e+00
6.177000000000000000e+03 4.000000000000000000e+00 0.000000000000000000e+00
6.177200000000000728e+03 4.000000000000000000e+00 0.000000000000000000e+00
6.177400000000000546e+03 4.000000000000000000e+00 0.000000000000000000e+00
6.177600000000000364e+03 5.656854249492380582e+00 0.000000000000000000e+00
6.177800000000000182e+03 5.656854249492380582e+00 0.000000000000000000e+00
6.178000000000000000e+03 5.656854249492380582e+00 0.000000000000000000e+00
6.178200000000000728e+03 4.000000000000000000e+00 0.000000000000000000e+00
6.178400000000000546e+03 4.000000000000000000e+00 0.000000000000000000e+00
6.178600000000000364e+03 4.000000000000000000e+00 0.000000000000000000e+00
6.178800000000000182e+03 4.000000000000000000e+00 0.000000000000000000e+00
6.179000000000000000e+03 5.656854249492380582e+00 0.000000000000000000e+00
6.179200000000000728e+03 5.656854249492380582e+00 0.000000000000000000e+00
6.179400000000000546e+03 4.000000000000000000e+00 0.000000000000000000e+00
6.179600000000000364e+03 4.000000000000000000e+00 0.000000000000000000e+00
6.179800000000000182e+03 4.000000000000000000e+00 0.000000000000000000e+00
6.180000000000000000e+03 5.656854249492380582e+00 1.975000000000000000e+11
6.180200000000000728e+03 5.656854249492380582e+00 1.975000000000000000e+11
6.180400000000000546e+03 4.000000000000000000e+00 1.975000000000000000e+11
6.180600000000000364e+03 4.000000000000000000e+00 1.975000000000000000e+11
6.180800000000000182e+03 4.000000000000000000e+00 1.975000100000000000e+11
6.181000000000000000e+03 4.000000000000000000e+00 1.975000000000000000e+11
6.181200000000000728e+03 4.000000000000000000e+00 1.975000000000000000e+11
6.181400000000000546e+03 5.656854249492380582e+00 1.975000000000000000e+11
6.181600000000000364e+03 5.656854249492380582e+00 1.975000000000000000e+11
6.181800000000000182e+03 4.000000000000000000e+00 1.975000100000000000e+11
6.182000000000000000e+03 4.000000000000000000e+00 1.975000000000000000e+11
6.182200000000000728e+03 4.000000000000000000e+00 1.975000000000000000e+11
6.182400000000000546e+03 4.000000000000000000e+00 1.975000100000000000e+11
6.182600000000000364e+03 5.656854249492380582e+00 1.975000000000000000e+11
6.182800000000000182e+03 5.656854249492380582e+00 1.975000100000000000e+11
6.183000000000000000e+03 5.656854249492380582e+00 1.975000100000000000e+11
6.183200000000000728e+03 4.000000000000000000e+00 1.975000000000000000e+11
6.183400000000000546e+03 4.000000000000000000e+00 1.975000100000000000e+11
6.183600000000000364e+03 5.656854249492380582e+00 1.975000000000000000e+11
6.183800000000000182e+03 4.000000000000000000e+00 1.975000000000000000e+11
6.184000000000000000e+03 5.656854249492380582e+00 0.000000000000000000e+00
6.184200000000000728e+03 4.000000000000000000e+00 0.000000000000000000e+00
6.184400000000000546e+03 4.000000000000000000e+00 0.000000000000000000e+00
6.184600000000000364e+03 4.000000000000000000e+00 0.000000000000000000e+00
6.184800000000000182e+03 5.656854249492380582e+00 0.000000000000000000e+00
6.185000000000000000e+03 5.656854249492380582e+00 0.000000000000000000e+00
6.185200000000000728e+03 5.656854249492380582e+00 0.000000000000000000e+00
6.185400000000000546e+03 5.656854249492380582e+00 0.000000000000000000e+00
6.185600000000000364e+03 4.000000000000000000e+00 0.000000000000000000e+00
6.185800000000000182e+03 4.000000000000000000e+00 0.000000000000000000e+00
6.186000000000000000e+03 4.000000000000000000e+00 0.000000000000000000e+00
6.186200000000000728e+03 5.656854249492380582e+00 0.000000000000000000e+00
6.186400000000000546e+03 5.656854249492380582e+00 0.000000000000000000e+00
6.186600000000000364e+03 4.000000000000000000e+00 0.000000000000000000e+00
6.186800000000000182e+03 5.656854249492380582e+00 0.000000000000000000e+00
6.187000000000000000e+03 4.000000000000000000e+00 0.000000000000000000e+00
6.187200000000000728e+03 4.000000000000000000e+00 0.000000000000000000e+00
6.187400000000000546e+03 5.656854249492380582e+00 0.000000000000000000e+00
6.187600000000000364e+03 5.656854249492380582e+00 0.000000000000000000e+00
6.187800000000000182e+03 4.000000000000000000e+00 0.000000000000000000e+00
6.188000000000000000e+03 4.000000000000000000e+00 1.975000100000000000e+11
6.188200000000000728e+03 4.000000000000000000e+00 1.975000100000000000e+11
6.188400000000000546e+03 4.000000000000000000e+00 1.975000000000000000e+11
6.188600000000000364e+03 5.656854249492380582e+00 1.975000100000000000e+11
6.188800000000000182e+03 4.000000000000000000e+00 1.975000100000000000e+11
6.189000000000000000e+03 5.656854249492380582e+00 1.975000000000000000e+11
6.189200000000000728e+03 4.000000000000000000e+00 1.975000000000000000e+11
6.189400000000000546e+03 4.000000000000000000e+00 1.975000100000000000e+11
6.189600000000000364e+03 5.656854249492380582e+00 1.975000000000000000e+11
6.189800000000000182e+03 5.656854249492380582e+00 1.975000000000000000e+11
6.190000000000000000e+03 5.656854249492380582e+00 1.975000000000000000e+11
6.190200000000000728e+03 5.656854249492380582e+00 1.975000000000000000e+11
6.190400000000000546e+03 4.000000000000000000e+00 1.975000100000000000e+11
6.190600000000000364e+03 4.000000000000000000e+00 1.975000000000000000e+11
6.190800000000000182e+03 4.000000000000000000e+00 1.975000000000000000e+11
6.191000000000000000e+03 5.656854249492380582e+00 1.975000000000000000e+11
6.191200000000000728e+03 5.656854249492380582e+00 1.975000000000000000e+11
6.191400000000000546e+03 4.000000000000000000e+00 1.975000100000000000e+11
6.191600000000000364e+03 5.656854249492380582e+00 1.975000100000000000e+11
6.191800000000000182e+03 4.000000000000000000e+00 1.975000000000000000e+11
6.192000000000000000e+03 4.000000000000000000e+00 0.000000000000000000e+00
6.192200000000000728e+03 4.000000000000000000e+00 0.000000000000000000e+00
6.192400000000000546e+03 5.656854249492380582e+00 0.000000000000000000e+00
6.192600000000000364e+03 4.000000000000000000e+00 0.000000000000000000e+00
6.192800000000000182e+03 4.000000000000000000e+00 0.000000000000000000e+00
6.193000000000000000e+03 4.000000000000000000e+00 0.000000000000000000e+00
6.193200000000000728e+03 4.000000000000000000e+00 0.000000000000000000e+00
6.193400000000000546e+03 5.656854249492380582e+00 0.000000000000000000e+00
6.193600000000000364e+03 5.656854249492380582e+00 0.000000000000000000e+00
6.193800000000000182e+03 5.656854249492380582e+00 0.000000000000000000e+00
6.194000000000000000e+03 5.656854249492380582e+00 0.000000000000000000e+00
6.194200000000000728e+03 4.000000000000000000e+00 0.000000000000000000e+00
6.194400000000000546e+03 4.000000000000000000e+00 0.000000000000000000e+00
6.194600000000000364e+03 5.656854249492380582e+00 0.000000000000000000e+00
6.194800000000000182e+03 5.656854249492380582e+00 0.000000000000000000e+00
6.195000000000000000e+03 5.656854249492380582e+00 0.000000000000000000e+00
6.195200000000000728e+03 5.656854249492380582e+00 0.000000000000000000e+00
6.195400000000000546e+03 4.000000000000000000e+00 0.000000000000000000e+00
6.195600000000000364e+03 4.000000000000000000e+00 0.000000000000000000e+00
6.195800000000000182e+03 5.656854249492380582e+00 0.000000000000000000e+00
6.196000000000000000e+03 5.656854249492380582e+00 1.975000100000000000e+11
6.196200000000000728e+03 5.656854249492380582e+00 1.975000100000000000e+11
6.196400000000000546e+03 5.656854249492380582e+00 1.975000100000000000e+11
6.196600000000000364e+03 4.000000000000000000e+00 1.975000000000000000e+11
6.196800000000000182e+03 4.000000000000000000e+00 1.975000100000000000e+11
6.197000000000000000e+03 4.000000000000000000e+00 1.975000100000000000e+11
6.197200000000000728e+03 5.656854249492380582e+00 1.975000000000000000e+11
6.197400000000000546e+03 4.000000000000000000e+00 1.975000000000000000e+11
6.197600000000000364e+03 4.000000000000000000e+00 1.975000000000000000e+11
6.197800000000000182e+03 4.000000000000000000e+00 1.975000100000000000e+11
6.198000000000000000e+03 4.000000000000000000e+00 1.975000000000000000e+11
6.198200000000000728e+03 4.000000000000000000e+00 1.975000000000000000e+11
6.198400000000000546e+03 5.656854249492380582e+00 1.975000000000000000e+11
6.198600000000000364e+03 5.656854249492380582e+00 1.975000100000000000e+11
6.198800000000000182e+03 4.000000000000000000e+00 1.975000000000000000e+11
6.199000000000000000e+03 4.000000000000000000e+00 1.975000000000000000e+11
6.199200000000000728e+03 4.000000000000000000e+00 1.975000000000000000e+11
6.199400000000000546e+03 4.000000000000000000e+00 1.975000000000000000e+11
6.199600000000000364e+03 5.656854249492380582e+00 1.975000100000000000e+11
6.199800000000000182e+03 4.000000000000000000e+00 1.975000100000000000e+11
