0.000000000000000000e+00 5.656854249492380582e+00 0.000000000000000000e+00
2.000000000000000111e-01 4.000000000000000000e+00 0.000000000000000000e+00
4.000000000000000222e-01 4.000000000000000000e+00 0.000000000000000000e+00
6.000000000000000888e-01 5.656854249492380582e+00 0.000000000000000000e+00
8.000000000000000444e-01 5.656854249492380582e+00 0.000000000000000000e+00
1.000000000000000000e+00 5.656854249492380582e+00 0.000000000000000000e+00
1.200000000000000178e+00 5.656854249492380582e+00 0.000000000000000000e+00
1.400000000000000133e+00 5.656854249492380582e+00 0.000000000000000000e+00
1.600000000000000089e+00 5.656854249492380582e+00 0.000000000000000000e+00
1.800000000000000044e+00 4.000000000000000000e+00 0.000000000000000000e+00
2.000000000000000000e+00 4.000000000000000000e+00 0.000000000000000000e+00
2.200000000000000178e+00 5.656854249492380582e+00 0.000000000000000000e+00
2.400000000000000355e+00 4.000000000000000000e+00 0.000000000000000000e+00
2.600000000000000089e+00 4.000000000000000000e+00 0.000000000000000000e+00
2.800000000000000266e+00 4.000000000000000000e+00 0.000000000000000000e+00
3.000000000000000000e+00 5.656854249492380582e+00 0.000000000000000000e+00
3.200000000000000178e+00 5.656854249492380582e+00 0.000000000000000000e+00
3.400000000000000355e+00 5.656854249492380582e+00 0.000000000000000000e+00
3.600000000000000089e+00 5.656854249492380582e+00 0.000000000000000000e+00
3.800000000000000266e+00 5.656854249492380582e+00 0.000000000000000000e+00
4.000000000000000000e+00 5.656854249492380582e+00 2.025000000000000000e+11
4.200000000000000178e+00 5.656854249492380582e+00 2.025000000000000000e+11
4.400000000000000355e+00 5.656854249492380582e+00 2.025000000000000000e+11
4.600000000000000533e+00 4.000000000000000000e+00 2.025000000000000000e+11
4.800000000000000711e+00 4.000000000000000000e+00 2.025000000000000000e+11
5.000000000000000000e+00 4.000000000000000000e+00 2.025000000000000000e+11
5.200000000000000178e+00 4.000000000000000000e+00 2.025000000000000000e+11
5.400000000000000355e+00 0.000000000000000000e+00 2.025000000000000000e+11
5.600000000000000533e+00 0.000000000000000000e+00 2.025000000000000000e+11
5.800000000000000711e+00 0.000000000000000000e+00 2.025000000000000000e+11
6.000000000000000000e+00 4.000000000000000000e+00 2.025000000000000000e+11
6.200000000000000178e+00 4.000000000000000000e+00 2.025000000000000000e+11
6.400000000000000355e+00 5.656854249492380582e+00 2.025000000000000000e+11
6.600000000000000533e+00 5.656854249492380582e+00 2.025000000000000000e+11
6.800000000000000711e+00 5.656854249492380582e+00 2.025000000000000000e+11
7.000000000000000000e+00 5.656854249492380582e+00 2.025000000000000000e+11
7.200000000000000178e+00 4.000000000000000000e+00 2.025000000000000000e+11
7.400000000000000355e+00 4.000000000000000000e+00 2.025000000000000000e+11
7.600000000000000533e+00 4.000000000000000000e+00 2.025000000000000000e+11
7.800000000000000711e+00 4.000000000000000000e+00 2.025000000000000000e+11
8.000000000000000000e+00 0.000000000000000000e+00 0.000000000000000000e+00
8.200000000000001066e+00 0.000000000000000000e+00 0.000000000000000000e+00
8.400000000000000355e+00 0.000000000000000000e+00 0.000000000000000000e+00
8.599999999999999645e+00 4.000000000000000000e+00 0.000000000000000000e+00
8.800000000000000711e+00 4.000000000000000000e+00 0.000000000000000000e+00
9.000000000000000000e+00 4.000000000000000000e+00 0.000000000000000000e+00
9.200000000000001066e+00 5.656854249492380582e+00 0.000000000000000000e+00
9.400000000000000355e+00 5.656854249492380582e+00 0.000000000000000000e+00
9.600000000000001421e+00 5.656854249492380582e+00 0.000000000000000000e+00
9.800000000000000711e+00 5.656854249492380582e+00 0.000000000000000000e+00
1.000000000000000000e+01 4.000000000000000000e+00 0.000000000000000000e+00
1.020000000000000107e+01 4.000000000000000000e+00 0.000000000000000000e+00
1.040000000000000036e+01 4.000000000000000000e+00 0.000000000000000000e+00
1.060000000000000142e+01 4.000000000000000000e+00 0.000000000000000000e+00
1.080000000000000071e+01 0.000000000000000000e+00 0.000000000000000000e+00
1.100000000000000000e+01 0.000000000000000000e+00 0.000000000000000000e+00
1.120000000000000107e+01 0.000000000000000000e+00 0.000000000000000000e+00
1.140000000000000036e+01 4.000000000000000000e+00 0.000000000000000000e+00
1.160000000000000142e+01 4.000000000000000000e+00 0.000000000000000000e+00
1.180000000000000071e+01 5.656854249492380582e+00 0.000000000000000000e+00
1.200000000000000000e+01 5.656854249492380582e+00 2.025000000000000000e+11
1.220000000000000107e+01 5.656854249492380582e+00 2.025000000000000000e+11
1.240000000000000036e+01 5.656854249492380582e+00 2.025000000000000000e+11
1.260000000000000142e+01 5.656854249492380582e+00 2.025000000000000000e+11
1.280000000000000071e+01 4.000000000000000000e+00 2.025000000000000000e+11
1.300000000000000000e+01 4.000000000000000000e+00 2.025000000000000000e+11
1.320000000000000107e+01 4.000000000000000000e+00 2.025000000000000000e+11
1.340000000000000036e+01 0.000000000000000000e+00 2.025000000000000000e+11
1.360000000000000142e+01 0.000000000000000000e+00 2.025000000000000000e+11
1.380000000000000071e+01 0.000000000000000000e+00 2.025000000000000000e+11
1.400000000000000000e+01 4.000000000000000000e+00 2.025000000000000000e+11
1.420000000000000107e+01 4.000000000000000000e+00 2.025000000000000000e+11
1.440000000000000036e+01 4.000000000000000000e+00 2.025000000000000000e+11
1.460000000000000142e+01 4.000000000000000000e+00 2.025000000000000000e+11
1.480000000000000071e+01 5.656854249492380582e+00 2.025000000000000000e+11
1.500000000000000000e+01 5.656854249492380582e+00 2.025000000000000000e+11
1.520000000000000107e+01 5.656854249492380582e+00 2.025000000000000000e+11
1.540000000000000036e+01 4.000000000000000000e+00 2.025000000000000000e+11
1.560000000000000142e+01 4.000000000000000000e+00 2.025000000000000000e+11
1.580000000000000071e+01 4.000000000000000000e+00 2.025000000000000000e+11
1.600000000000000000e+01 4.000000000000000000e+00 0.000000000000000000e+00
1.619999999999999929e+01 0.000000000000000000e+00 0.000000000000000000e+00
1.640000000000000213e+01 0.000000000000000000e+00 0.000000000000000000e+00
1.660000000000000142e+01 0.000000000000000000e+00 0.000000000000000000e+00
1.680000000000000071e+01 4.000000000000000000e+00 0.000000000000000000e+00
1.700000000000000000e+01 4.000000000000000000e+00 0.000000000000000000e+00
1.719999999999999929e+01 4.000000000000000000e+00 0.000000000000000000e+00
1.740000000000000213e+01 5.656854249492380582e+00 0.000000000000000000e+00
1.760000000000000142e+01 5.656854249492380582e+00 0.000000000000000000e+00
1.780000000000000071e+01 5.656854249492380582e+00 0.000000000000000000e+00
1.800000000000000000e+01 5.656854249492380582e+00 0.000000000000000000e+00
1.819999999999999929e+01 4.000000000000000000e+00 0.000000000000000000e+00
1.840000000000000213e+01 4.000000000000000000e+00 0.000000000000000000e+00
1.860000000000000142e+01 4.000000000000000000e+00 0.000000000000000000e+00
1.880000000000000071e+01 0.000000000000000000e+00 0.000000000000000000e+00
1.900000000000000000e+01 0.000000000000000000e+00 0.000000000000000000e+00
1.920000000000000284e+01 0.000000000000000000e+00 0.000000000000000000e+00
1.940000000000000213e+01 0.000000000000000000e+00 0.000000000000000000e+00
1.960000000000000142e+01 4.000000000000000000e+00 0.000000000000000000e+00
1.980000000000000071e+01 4.000000000000000000e+00 0.000000000000000000e+00
2.000000000000000000e+01 4.000000000000000000e+00 2.025000000000000000e+11
2.020000000000000284e+01 5.656854249492380582e+00 2.025000000000000000e+11
2.040000000000000213e+01 5.656854249492380582e+00 2.025000000000000000e+11
2.060000000000000142e+01 5.656854249492380582e+00 2.025000000000000000e+11
2.080000000000000071e+01 4.000000000000000000e+00 2.025000000000000000e+11
2.100000000000000000e+01 4.000000000000000000e+00 2.025000000000000000e+11
2.120000000000000284e+01 4.000000000000000000e+00 2.025000000000000000e+11
2.140000000000000213e+01 4.000000000000000000e+00 2.025000000000000000e+11
2.160000000000000142e+01 0.000000000000000000e+00 2.025000000000000000e+11
2.180000000000000071e+01 0.000000000000000000e+00 2.025000000000000000e+11
2.200000000000000000e+01 0.000000000000000000e+00 2.025000000000000000e+11
2.220000000000000284e+01 4.000000000000000000e+00 2.025000000000000000e+11
2.240000000000000213e+01 4.000000000000000000e+00 2.025000000000000000e+11
2.260000000000000142e+01 4.000000000000000000e+00 2.025000000000000000e+11
2.280000000000000071e+01 4.000000000000000000e+00 2.025000000000000000e+11
2.300000000000000000e+01 5.656854249492380582e+00 2.025000000000000000e+11
2.320000000000000284e+01 5.656854249492380582e+00 2.025000000000000000e+11
2.340000000000000213e+01 5.656854249492380582e+00 2.025000000000000000e+11
2.360000000000000142e+01 4.000000000000000000e+00 2.025000000000000000e+11
2.380000000000000071e+01 4.000000000000000000e+00 2.025000000000000000e+11
2.400000000000000000e+01 4.000000000000000000e+00 0.000000000000000000e+00
2.420000000000000284e+01 4.000000000000000000e+00 0.000000000000000000e+00
2.440000000000000213e+01 0.000000000000000000e+00 0.000000000000000000e+00
2.460000000000000142e+01 0.000000000000000000e+00 0.000000000000000000e+00
2.480000000000000071e+01 0.000000000000000000e+00 0.000000000000000000e+00
2.500000000000000000e+01 4.000000000000000000e+00 0.000000000000000000e+00
2.520000000000000284e+01 4.000000000000000000e+00 0.000000000000000000e+00
2.540000000000000213e+01 4.000000000000000000e+00 0.000000000000000000e+00
2.560000000000000142e+01 5.656854249492380582e+00 0.000000000000000000e+00
2.580000000000000071e+01 5.656854249492380582e+00 0.000000000000000000e+00
2.600000000000000000e+01 5.656854249492380582e+00 0.000000000000000000e+00
2.620000000000000284e+01 5.656854249492380582e+00 0.000000000000000000e+00
2.640000000000000213e+01 4.000000000000000000e+00 0.000000000000000000e+00
2.660000000000000142e+01 4.000000000000000000e+00 0.000000000000000000e+00
2.680000000000000071e+01 4.000000000000000000e+00 0.000000000000000000e+00
2.700000000000000000e+01 0.000000000000000000e+00 0.000000000000000000e+00
2.720000000000000284e+01 0.000000000000000000e+00 0.000000000000000000e+00
2.740000000000000213e+01 0.000000000000000000e+00 0.000000000000000000e+00
2.760000000000000142e+01 4.000000000000000000e+00 0.000000000000000000e+00
2.780000000000000071e+01 4.000000000000000000e+00 0.000000000000000000e+00
2.800000000000000000e+01 4.000000000000000000e+00 2.025000000000000000e+11
2.820000000000000284e+01 4.000000000000000000e+00 2.025000000000000000e+11
2.840000000000000213e+01 5.656854249492380582e+00 2.025000000000000000e+11
2.860000000000000142e+01 5.656854249492380582e+00 2.025000000000000000e+11
2.880000000000000071e+01 5.656854249492380582e+00 2.025000000000000000e+11
2.900000000000000000e+01 4.000000000000000000e+00 2.025000000000000000e+11
2.920000000000000284e+01 4.000000000000000000e+00 2.025000000000000000e+11
2.940000000000000213e+01 4.000000000000000000e+00 2.025000000000000000e+11
2.960000000000000142e+01 4.000000000000000000e+00 2.025000000000000000e+11
2.980000000000000071e+01 0.000000000000000000e+00 2.025000000000000000e+11
3.000000000000000000e+01 0.000000000000000000e+00 2.025000000000000000e+11
3.020000000000000284e+01 0.000000000000000000e+00 2.025000000000000000e+11
3.040000000000000213e+01 4.000000000000000000e+00 2.025000000000000000e+11
3.060000000000000142e+01 4.000000000000000000e+00 2.025000000000000000e+11
3.080000000000000071e+01 4.000000000000000000e+00 2.025000000000000000e+11
3.100000000000000000e+01 4.000000000000000000e+00 2.025000000000000000e+11
3.120000000000000284e+01 5.656854249492380582e+00 2.025000000000000000e+11
3.140000000000000213e+01 5.656854249492380582e+00 2.025000000000000000e+11
3.160000000000000142e+01 5.656854249492380582e+00 2.025000000000000000e+11
3.180000000000000071e+01 4.000000000000000000e+00 2.025000000000000000e+11
3.200000000000000000e+01 4.000000000000000000e+00 0.000000000000000000e+00
3.220000000000000284e+01 4.000000000000000000e+00 0.000000000000000000e+00
3.239999999999999858e+01 0.000000000000000000e+00 0.000000000000000000e+00
3.260000000000000142e+01 0.000000000000000000e+00 0.000000000000000000e+00
3.280000000000000426e+01 0.000000000000000000e+00 0.000000000000000000e+00
3.300000000000000000e+01 0.000000000000000000e+00 0.000000000000000000e+00
3.320000000000000284e+01 4.000000000000000000e+00 0.000000000000000000e+00
3.339999999999999858e+01 4.000000000000000000e+00 0.000000000000000000e+00
3.360000000000000142e+01 4.000000000000000000e+00 0.000000000000000000e+00
3.380000000000000426e+01 5.656854249492380582e+00 0.000000000000000000e+00
3.400000000000000000e+01 5.656854249492380582e+00 0.000000000000000000e+00
3.420000000000000284e+01 5.656854249492380582e+00 0.000000000000000000e+00
3.439999999999999858e+01 4.000000000000000000e+00 0.000000000000000000e+00
3.460000000000000142e+01 4.000000000000000000e+00 0.000000000000000000e+00
3.480000000000000426e+01 4.000000000000000000e+00 0.000000000000000000e+00
3.500000000000000000e+01 4.000000000000000000e+00 0.000000000000000000e+00
3.520000000000000284e+01 0.000000000000000000e+00 0.000000000000000000e+00
3.539999999999999858e+01 0.000000000000000000e+00 0.000000000000000000e+00
3.560000000000000142e+01 0.000000000000000000e+00 0.000000000000000000e+00
3.580000000000000426e+01 4.000000000000000000e+00 0.000000000000000000e+00
3.600000000000000000e+01 4.000000000000000000e+00 2.025000000000000000e+11
3.620000000000000284e+01 4.000000000000000000e+00 2.025000000000000000e+11
3.639999999999999858e+01 4.000000000000000000e+00 2.025000000000000000e+11
3.660000000000000142e+01 5.656854249492380582e+00 2.025000000000000000e+11
3.680000000000000426e+01 5.656854249492380582e+00 2.025000000000000000e+11
3.700000000000000000e+01 5.656854249492380582e+00 2.025000000000000000e+11
3.720000000000000284e+01 4.000000000000000000e+00 2.025000000000000000e+11
3.739999999999999858e+01 4.000000000000000000e+00 2.025000000000000000e+11
3.760000000000000142e+01 4.000000000000000000e+00 2.025000000000000000e+11
3.780000000000000426e+01 4.000000000000000000e+00 2.025000000000000000e+11
3.800000000000000000e+01 0.000000000000000000e+00 2.025000000000000000e+11
3.820000000000000284e+01 0.000000000000000000e+00 2.025000000000000000e+11
3.840000000000000568e+01 0.000000000000000000e+00 2.025000000000000000e+11
3.860000000000000142e+01 4.000000000000000000e+00 2.025000000000000000e+11
3.880000000000000426e+01 4.000000000000000000e+00 2.025000000000000000e+11
3.900000000000000000e+01 4.000000000000000000e+00 2.025000000000000000e+11
3.920000000000000284e+01 5.656854249492380582e+00 2.025000000000000000e+11
3.940000000000000568e+01 5.656854249492380582e+00 2.025000000000000000e+11
3.960000000000000142e+01 5.656854249492380582e+00 2.025000000000000000e+11
3.980000000000000426e+01 5.656854249492380582e+00 2.025000000000000000e+11
4.000000000000000000e+01 4.000000000000000000e+00 0.000000000000000000e+00
4.020000000000000284e+01 4.000000000000000000e+00 0.000000000000000000e+00
4.040000000000000568e+01 4.000000000000000000e+00 0.000000000000000000e+00
4.060000000000000142e+01 0.000000000000000000e+00 0.000000000000000000e+00
4.080000000000000426e+01 0.000000000000000000e+00 0.000000000000000000e+00
4.100000000000000000e+01 0.000000000000000000e+00 0.000000000000000000e+00
4.120000000000000284e+01 0.000000000000000000e+00 0.000000000000000000e+00
4.140000000000000568e+01 4.000000000000000000e+00 0.000000000000000000e+00
4.160000000000000142e+01 4.000000000000000000e+00 0.000000000000000000e+00
4.180000000000000426e+01 4.000000000000000000e+00 0.000000000000000000e+00
4.200000000000000000e+01 5.656854249492380582e+00 0.000000000000000000e+00
4.220000000000000284e+01 5.656854249492380582e+00 0.000000000000000000e+00
4.240000000000000568e+01 5.656854249492380582e+00 0.000000000000000000e+00
4.260000000000000142e+01 4.000000000000000000e+00 0.000000000000000000e+00
4.280000000000000426e+01 4.000000000000000000e+00 0.000000000000000000e+00
4.300000000000000000e+01 4.000000000000000000e+00 0.000000000000000000e+00
4.320000000000000284e+01 4.000000000000000000e+00 0.000000000000000000e+00
4.340000000000000568e+01 0.000000000000000000e+00 0.000000000000000000e+00
4.360000000000000142e+01 0.000000000000000000e+00 0.000000000000000000e+00
4.380000000000000426e+01 0.000000000000000000e+00 0.000000000000000000e+00
4.400000000000000000e+01 4.000000000000000000e+00 2.025000000000000000e+11
4.420000000000000284e+01 4.000000000000000000e+00 2.025000000000000000e+11
4.440000000000000568e+01 4.000000000000000000e+00 2.025000000000000000e+11
4.460000000000000142e+01 4.000000000000000000e+00 2.025000000000000000e+11
4.480000000000000426e+01 5.656854249492380582e+00 2.025000000000000000e+11
4.500000000000000000e+01 5.656854249492380582e+00 2.025000000000000000e+11
4.520000000000000284e+01 5.656854249492380582e+00 2.025000000000000000e+11
4.540000000000000568e+01 4.000000000000000000e+00 2.025000000000000000e+11
4.560000000000000142e+01 4.000000000000000000e+00 2.025000000000000000e+11
4.580000000000000426e+01 4.000000000000000000e+00 2.025000000000000000e+11
4.600000000000000000e+01 0.000000000000000000e+00 2.025000000000000000e+11
4.620000000000000284e+01 0.000000000000000000e+00 2.025000000000000000e+11
4.640000000000000568e+01 0.000000000000000000e+00 2.025000000000000000e+11
4.660000000000000142e+01 0.000000000000000000e+00 2.025000000000000000e+11
4.680000000000000426e+01 4.000000000000000000e+00 2.025000000000000000e+11
4.700000000000000000e+01 4.000000000000000000e+00 2.025000000000000000e+11
4.720000000000000284e+01 4.000000000000000000e+00 2.025000000000000000e+11
4.740000000000000568e+01 5.656854249492380582e+00 2.025000000000000000e+11
4.760000000000000142e+01 5.656854249492380582e+00 2.025000000000000000e+11
4.780000000000000426e+01 5.656854249492380582e+00 2.025000000000000000e+11
4.800000000000000000e+01 5.656854249492380582e+00 0.000000000000000000e+00
4.820000000000000284e+01 4.000000000000000000e+00 0.000000000000000000e+00
4.840000000000000568e+01 4.000000000000000000e+00 0.000000000000000000e+00
4.860000000000000142e+01 4.000000000000000000e+00 0.000000000000000000e+00
4.880000000000000426e+01 0.000000000000000000e+00 0.000000000000000000e+00
4.900000000000000000e+01 0.000000000000000000e+00 0.000000000000000000e+00
4.920000000000000284e+01 0.000000000000000000e+00 0.000000000000000000e+00
4.940000000000000568e+01 4.000000000000000000e+00 0.000000000000000000e+00
4.960000000000000142e+01 4.000000000000000000e+00 0.000000000000000000e+00
4.980000000000000426e+01 4.000000000000000000e+00 0.000000000000000000e+00
5.000000000000000000e+01 4.000000000000000000e+00 0.000000000000000000e+00
5.020000000000000284e+01 5.656854249492380582e+00 0.000000000000000000e+00
5.040000000000000568e+01 5.656854249492380582e+00 0.000000000000000000e+00
5.060000000000000142e+01 5.656854249492380582e+00 0.000000000000000000e+00
5.080000000000000426e+01 4.000000000000000000e+00 0.000000000000000000e+00
5.100000000000000000e+01 4.000000000000000000e+00 0.000000000000000000e+00
5.120000000000000284e+01 4.000000000000000000e+00 0.000000000000000000e+00
5.140000000000000568e+01 4.000000000000000000e+00 0.000000000000000000e+00
5.160000000000000142e+01 0.000000000000000000e+00 0.000000000000000000e+00
5.180000000000000426e+01 0.000000000000000000e+00 0.000000000000000000e+00
5.200000000000000000e+01 0.000000000000000000e+00 2.025000000000000000e+11
5.220000000000000284e+01 4.000000000000000000e+00 2.025000000000000000e+11
5.240000000000000568e+01 4.000000000000000000e+00 2.025000000000000000e+11
5.260000000000000142e+01 4.000000000000000000e+00 2.025000000000000000e+11
5.280000000000000426e+01 5.656854249492380582e+00 2.025000000000000000e+11
5.300000000000000000e+01 5.656854249492380582e+00 2.025000000000000000e+11
5.320000000000000284e+01 5.656854249492380582e+00 2.025000000000000000e+11
5.340000000000000568e+01 5.656854249492380582e+00 2.025000000000000000e+11
5.360000000000000142e+01 4.000000000000000000e+00 2.025000000000000000e+11
5.380000000000000426e+01 4.000000000000000000e+00 2.025000000000000000e+11
5.400000000000000000e+01 4.000000000000000000e+00 2.025000000000000000e+11
5.420000000000000284e+01 0.000000000000000000e+00 2.025000000000000000e+11
5.440000000000000568e+01 0.000000000000000000e+00 2.025000000000000000e+11
5.460000000000000142e+01 0.000000000000000000e+00 2.025000000000000000e+11
5.480000000000000426e+01 0.000000000000000000e+00 2.025000000000000000e+11
5.500000000000000000e+01 4.000000000000000000e+00 2.025000000000000000e+11
5.520000000000000284e+01 4.000000000000000000e+00 2.025000000000000000e+11
5.540000000000000568e+01 4.000000000000000000e+00 2.025000000000000000e+11
5.560000000000000142e+01 5.656854249492380582e+00 2.025000000000000000e+11
5.580000000000000426e+01 5.656854249492380582e+00 2.025000000000000000e+11
5.600000000000000000e+01 5.656854249492380582e+00 0.000000000000000000e+00
5.620000000000000284e+01 5.656854249492380582e+00 0.000000000000000000e+00
5.640000000000000568e+01 4.000000000000000000e+00 0.000000000000000000e+00
5.660000000000000142e+01 4.000000000000000000e+00 0.000000000000000000e+00
5.680000000000000426e+01 4.000000000000000000e+00 0.000000000000000000e+00
5.700000000000000000e+01 0.000000000000000000e+00 0.000000000000000000e+00
5.720000000000000284e+01 0.000000000000000000e+00 0.000000000000000000e+00
5.740000000000000568e+01 0.000000000000000000e+00 0.000000000000000000e+00
5.760000000000000142e+01 4.000000000000000000e+00 0.000000000000000000e+00
5.780000000000000426e+01 4.000000000000000000e+00 0.000000000000000000e+00
5.800000000000000000e+01 4.000000000000000000e+00 0.000000000000000000e+00
5.820000000000000284e+01 4.000000000000000000e+00 0.000000000000000000e+00
5.840000000000000568e+01 5.656854249492380582e+00 0.000000000000000000e+00
5.860000000000000142e+01 5.656854249492380582e+00 0.000000000000000000e+00
5.880000000000000426e+01 5.656854249492380582e+00 0.000000000000000000e+00
5.900000000000000000e+01 4.000000000000000000e+00 0.000000000000000000e+00
5.920000000000000284e+01 4.000000000000000000e+00 0.000000000000000000e+00
5.940000000000000568e+01 4.000000000000000000e+00 0.000000000000000000e+00
5.960000000000000142e+01 4.000000000000000000e+00 0.000000000000000000e+00
5.980000000000000426e+01 0.000000000000000000e+00 0.000000000000000000e+00
6.000000000000000000e+01 0.000000000000000000e+00 2.025000000000000000e+11
6.020000000000000284e+01 0.000000000000000000e+00 2.025000000000000000e+11
6.040000000000000568e+01 4.000000000000000000e+00 2.025000000000000000e+11
6.060000000000000142e+01 4.000000000000000000e+00 2.025000000000000000e+11
6.080000000000000426e+01 4.000000000000000000e+00 2.025000000000000000e+11
6.100000000000000000e+01 4.000000000000000000e+00 2.025000000000000000e+11
6.120000000000000284e+01 5.656854249492380582e+00 2.025000000000000000e+11
6.140000000000000568e+01 5.656854249492380582e+00 2.025000000000000000e+11
6.160000000000000142e+01 5.656854249492380582e+00 2.025000000000000000e+11
6.180000000000000426e+01 4.000000000000000000e+00 2.025000000000000000e+11
6.200000000000000000e+01 4.000000000000000000e+00 2.025000000000000000e+11
6.220000000000000284e+01 4.000000000000000000e+00 2.025000000000000000e+11
6.240000000000000568e+01 4.000000000000000000e+00 2.025000000000000000e+11
6.260000000000000142e+01 0.000000000000000000e+00 2.025000000000000000e+11
6.280000000000000426e+01 0.000000000000000000e+00 2.025000000000000000e+11
6.300000000000000000e+01 0.000000000000000000e+00 2.025000000000000000e+11
6.320000000000000284e+01 4.000000000000000000e+00 2.025000000000000000e+11
6.340000000000000568e+01 4.000000000000000000e+00 2.025000000000000000e+11
6.360000000000000142e+01 4.000000000000000000e+00 2.025000000000000000e+11
6.380000000000000426e+01 4.000000000000000000e+00 2.025000000000000000e+11
6.400000000000000000e+01 5.656854249492380582e+00 0.000000000000000000e+00
6.420000000000000284e+01 5.656854249492380582e+00 0.000000000000000000e+00
6.440000000000000568e+01 5.656854249492380582e+00 0.000000000000000000e+00
6.460000000000000853e+01 5.656854249492380582e+00 0.000000000000000000e+00
6.479999999999999716e+01 4.000000000000000000e+00 0.000000000000000000e+00
6.500000000000000000e+01 4.000000000000000000e+00 0.000000000000000000e+00
6.520000000000000284e+01 4.000000000000000000e+00 0.000000000000000000e+00
6.540000000000000568e+01 4.000000000000000000e+00 0.000000000000000000e+00
6.560000000000000853e+01 0.000000000000000000e+00 0.000000000000000000e+00
6.579999999999999716e+01 0.000000000000000000e+00 0.000000000000000000e+00
6.600000000000000000e+01 0.000000000000000000e+00 0.000000000000000000e+00
6.620000000000000284e+01 0.000000000000000000e+00 0.000000000000000000e+00
6.640000000000000568e+01 4.000000000000000000e+00 0.000000000000000000e+00
6.660000000000000853e+01 4.000000000000000000e+00 0.000000000000000000e+00
6.679999999999999716e+01 4.000000000000000000e+00 0.000000000000000000e+00
6.700000000000000000e+01 4.000000000000000000e+00 0.000000000000000000e+00
6.720000000000000284e+01 5.656854249492380582e+00 0.000000000000000000e+00
6.740000000000000568e+01 5.656854249492380582e+00 0.000000000000000000e+00
6.760000000000000853e+01 5.656854249492380582e+00 0.000000000000000000e+00
6.779999999999999716e+01 4.000000000000000000e+00 0.000000000000000000e+00
6.800000000000000000e+01 4.000000000000000000e+00 2.025000000000000000e+11
6.820000000000000284e+01 4.000000000000000000e+00 2.025000000000000000e+11
6.840000000000000568e+01 4.000000000000000000e+00 2.025000000000000000e+11
6.860000000000000853e+01 0.000000000000000000e+00 2.025000000000000000e+11
6.879999999999999716e+01 0.000000000000000000e+00 2.025000000000000000e+11
6.900000000000000000e+01 0.000000000000000000e+00 2.025000000000000000e+11
6.920000000000000284e+01 4.000000000000000000e+00 2.025000000000000000e+11
6.940000000000000568e+01 5.656854249492380582e+00 2.025000000000000000e+11
6.960000000000000853e+01 5.656854249492380582e+00 2.025000000000000000e+11
6.979999999999999716e+01 8.000000000000000000e+00 2.025000000000000000e+11
7.000000000000000000e+01 8.000000000000000000e+00 2.025000000000000000e+11
7.020000000000000284e+01 8.944271909999159220e+00 2.025000000000000000e+11
7.040000000000000568e+01 1.131370849898476116e+01 2.025000000000000000e+11
7.060000000000000853e+01 1.131370849898476116e+01 2.025000000000000000e+11
7.079999999999999716e+01 1.264911064067351809e+01 2.025000000000000000e+11
7.100000000000000000e+01 1.200000000000000000e+01 2.025000000000000000e+11
7.120000000000000284e+01 8.944271909999159220e+00 2.025000000000000000e+11
7.140000000000000568e+01 1.131370849898476116e+01 2.025000000000000000e+11
7.160000000000000853e+01 1.264911064067351809e+01 2.025000000000000000e+11
7.179999999999999716e+01 1.264911064067351809e+01 2.025000000000000000e+11
7.200000000000000000e+01 1.131370849898476116e+01 0.000000000000000000e+00
7.220000000000000284e+01 1.264911064067351809e+01 0.000000000000000000e+00
7.240000000000000568e+01 1.200000000000000000e+01 0.000000000000000000e+00
7.260000000000000853e+01 1.442220510185595650e+01 0.000000000000000000e+00
7.279999999999999716e+01 1.442220510185595650e+01 0.000000000000000000e+00
7.300000000000000000e+01 1.649242250247064234e+01 0.000000000000000000e+00
7.320000000000000284e+01 1.649242250247064234e+01 0.000000000000000000e+00
7.340000000000000568e+01 1.788854381999831844e+01 0.000000000000000000e+00
7.360000000000000853e+01 1.697056274847713908e+01 0.000000000000000000e+00
7.379999999999999716e+01 1.649242250247064234e+01 0.000000000000000000e+00
7.400000000000000000e+01 1.600000000000000000e+01 0.000000000000000000e+00
7.420000000000000284e+01 1.264911064067351809e+01 0.000000000000000000e+00
7.440000000000000568e+01 1.131370849898476116e+01 0.000000000000000000e+00
7.460000000000000853e+01 1.264911064067351809e+01 0.000000000000000000e+00
7.479999999999999716e+01 1.200000000000000000e+01 0.000000000000000000e+00
7.500000000000000000e+01 8.944271909999159220e+00 0.000000000000000000e+00
7.520000000000000284e+01 8.944271909999159220e+00 0.000000000000000000e+00
7.540000000000000568e+01 1.200000000000000000e+01 0.000000000000000000e+00
7.560000000000000853e+01 1.264911064067351809e+01 0.000000000000000000e+00
7.579999999999999716e+01 1.442220510185595650e+01 0.000000000000000000e+00
7.600000000000000000e+01 1.264911064067351809e+01 2.025000000000000000e+11
7.620000000000000284e+01 1.600000000000000000e+01 2.025000000000000000e+11
7.640000000000000568e+01 1.788854381999831844e+01 2.025000000000000000e+11
7.660000000000000853e+01 1.697056274847713908e+01 2.025000000000000000e+11
7.680000000000001137e+01 2.154065922853801496e+01 2.025000000000000000e+11
7.700000000000000000e+01 2.000000000000000000e+01 2.025000000000000000e+11
7.720000000000000284e+01 2.154065922853801496e+01 2.025000000000000000e+11
7.740000000000000568e+01 2.262741699796952233e+01 2.025000000000000000e+11
7.760000000000000853e+01 2.529822128134703618e+01 2.025000000000000000e+11
7.780000000000001137e+01 2.400000000000000000e+01 2.025000000000000000e+11
7.800000000000000000e+01 2.683281572999747766e+01 2.025000000000000000e+11
7.820000000000000284e+01 3.124099870362661591e+01 2.025000000000000000e+11
7.840000000000000568e+01 3.298484500494128469e+01 2.025000000000000000e+11
7.860000000000000853e+01 3.687817782917154830e+01 2.025000000000000000e+11
7.880000000000001137e+01 4.326661530556787483e+01 2.025000000000000000e+11
7.900000000000000000e+01 4.664761515876240594e+01 2.025000000000000000e+11
7.920000000000000284e+01 5.261178575186362139e+01 2.025000000000000000e+11
7.940000000000000568e+01 5.824087911424414443e+01 2.025000000000000000e+11
7.960000000000000853e+01 6.560487786742690730e+01 2.025000000000000000e+11
7.980000000000001137e+01 6.997142273814360180e+01 2.025000000000000000e+11
8.000000000000000000e+01 7.641989269817119634e+01 0.000000000000000000e+00
8.020000000000000284e+01 7.472616676907762212e+01 0.000000000000000000e+00
8.040000000000000568e+01 7.121797525905942905e+01 0.000000000000000000e+00
8.060000000000000853e+01 7.155417527999327376e+01 0.000000000000000000e+00
8.080000000000001137e+01 6.800000000000000000e+01 0.000000000000000000e+00
8.100000000000000000e+01 6.621178142898739338e+01 0.000000000000000000e+00
8.120000000000000284e+01 6.811754546370561059e+01 0.000000000000000000e+00
8.140000000000000568e+01 6.705221845696084415e+01 0.000000000000000000e+00
8.160000000000000853e+01 6.511528238439882443e+01 0.000000000000000000e+00
8.180000000000001137e+01 6.657326790837295505e+01 0.000000000000000000e+00
8.200000000000000000e+01 6.657326790837295505e+01 0.000000000000000000e+00
8.220000000000000284e+01 6.905070600652827295e+01 0.000000000000000000e+00
8.240000000000000568e+01 6.985699678629191567e+01 0.000000000000000000e+00
8.260000000000000853e+01 6.811754546370561059e+01 0.000000000000000000e+00
8.280000000000001137e+01 6.800000000000000000e+01 0.000000000000000000e+00
8.300000000000000000e+01 6.846897107449476039e+01 0.000000000000000000e+00
8.320000000000000284e+01 6.705221845696084415e+01 0.000000000000000000e+00
8.340000000000000568e+01 6.511528238439882443e+01 0.000000000000000000e+00
8.360000000000000853e+01 6.092618484691126923e+01 0.000000000000000000e+00
8.380000000000001137e+01 6.000000000000000000e+01 0.000000000000000000e+00
8.400000000000000000e+01 5.727128425310541360e+01 2.025000000000000000e+11
8.420000000000000284e+01 6.248199740725323181e+01 2.025000000000000000e+11
8.440000000000000568e+01 7.088018058667739751e+01 2.025000000000000000e+11
8.460000000000000853e+01 8.089499366462673891e+01 2.025000000000000000e+11
8.480000000000001137e+01 8.653323061113574965e+01 2.025000000000000000e+11
8.500000000000000000e+01 9.541488353501250685e+01 2.025000000000000000e+11
8.520000000000000284e+01 1.052235715037272428e+02 2.025000000000000000e+11
8.540000000000000568e+01 1.164817582284882889e+02 2.025000000000000000e+11
8.560000000000000853e+01 1.249639948145064636e+02 2.025000000000000000e+11
8.580000000000001137e+01 1.377534028617805006e+02 2.025000000000000000e+11
8.600000000000000000e+01 1.480000000000000000e+02 2.025000000000000000e+11
8.620000000000000284e+01 1.556406116667497486e+02 2.025000000000000000e+11
8.640000000000000568e+01 1.444991349455075351e+02 2.025000000000000000e+11
8.660000000000000853e+01 1.341044369139216883e+02 2.025000000000000000e+11
8.680000000000001137e+01 1.205985074534506793e+02 2.025000000000000000e+11
8.700000000000000000e+01 1.111395519155984317e+02 2.025000000000000000e+11
8.720000000000000284e+01 1.000000000000000000e+02 2.025000000000000000e+11
8.740000000000000568e+01 8.634813257969160816e+01 2.025000000000000000e+11
8.760000000000000853e+01 8.089499366462673891e+01 2.025000000000000000e+11
8.780000000000001137e+01 7.211102550927978427e+01 2.025000000000000000e+11
8.800000000000000000e+01 6.324555320336758513e+01 0.000000000000000000e+00
8.820000000000000284e+01 6.053098380168622583e+01 0.000000000000000000e+00
8.840000000000000568e+01 6.209669878504009688e+01 0.000000000000000000e+00
8.860000000000000853e+01 5.685068161420758059e+01 0.000000000000000000e+00
8.880000000000001137e+01 5.727128425310541360e+01 0.000000000000000000e+00
8.900000000000000000e+01 6.000000000000000000e+01 0.000000000000000000e+00
8.920000000000000284e+01 5.727128425310541360e+01 0.000000000000000000e+00
8.940000000000000568e+01 5.946427498927402411e+01 0.000000000000000000e+00
8.960000000000000853e+01 6.209669878504009688e+01 0.000000000000000000e+00
8.980000000000001137e+01 6.053098380168622583e+01 0.000000000000000000e+00
9.000000000000000000e+01 5.905929224093360119e+01 0.000000000000000000e+00
9.020000000000000284e+01 6.000000000000000000e+01 0.000000000000000000e+00
9.040000000000000568e+01 6.209669878504009688e+01 0.000000000000000000e+00
9.060000000000000853e+01 6.053098380168622583e+01 0.000000000000000000e+00
9.080000000000001137e+01 5.768882040742382600e+01 0.000000000000000000e+00
9.100000000000000000e+01 5.440588203494177577e+01 0.000000000000000000e+00
9.120000000000000284e+01 5.261178575186362139e+01 0.000000000000000000e+00
9.140000000000000568e+01 5.336665625650533684e+01 0.000000000000000000e+00
9.160000000000000853e+01 5.122499389946278825e+01 0.000000000000000000e+00
9.180000000000001137e+01 5.200000000000000000e+01 0.000000000000000000e+00
9.200000000000000000e+01 5.200000000000000000e+01 2.025000000000000000e+11
9.220000000000000284e+01 4.833218389437828932e+01 2.025000000000000000e+11
9.240000000000000568e+01 4.252058325093859992e+01 2.025000000000000000e+11
9.260000000000000853e+01 4.176122603564220270e+01 2.025000000000000000e+11
9.280000000000001137e+01 3.622154055254966920e+01 2.025000000000000000e+11
9.300000000000000000e+01 3.577708763999663688e+01 2.025000000000000000e+11
9.320000000000000284e+01 3.124099870362661591e+01 2.025000000000000000e+11
9.340000000000000568e+01 3.046309242345563462e+01 2.025000000000000000e+11
9.360000000000000853e+01 2.400000000000000000e+01 2.025000000000000000e+11
9.380000000000001137e+01 2.154065922853801496e+01 2.025000000000000000e+11
9.400000000000000000e+01 2.000000000000000000e+01 2.025000000000000000e+11
9.420000000000000284e+01 1.788854381999831844e+01 2.025000000000000000e+11
9.440000000000000568e+01 1.200000000000000000e+01 2.025000000000000000e+11
9.460000000000000853e+01 1.264911064067351809e+01 2.025000000000000000e+11
9.480000000000001137e+01 8.944271909999159220e+00 2.025000000000000000e+11
9.500000000000000000e+01 8.000000000000000000e+00 2.025000000000000000e+11
9.520000000000000284e+01 8.944271909999159220e+00 2.025000000000000000e+11
9.540000000000000568e+01 8.944271909999159220e+00 2.025000000000000000e+11
9.560000000000000853e+01 8.944271909999159220e+00 2.025000000000000000e+11
9.580000000000001137e+01 8.000000000000000000e+00 2.025000000000000000e+11
9.600000000000000000e+01 8.944271909999159220e+00 0.000000000000000000e+00
9.620000000000000284e+01 8.944271909999159220e+00 0.000000000000000000e+00
9.640000000000000568e+01 8.944271909999159220e+00 0.000000000000000000e+00
9.660000000000000853e+01 8.944271909999159220e+00 0.000000000000000000e+00
9.680000000000001137e+01 8.000000000000000000e+00 0.000000000000000000e+00
9.700000000000000000e+01 8.944271909999159220e+00 0.000000000000000000e+00
9.720000000000000284e+01 5.656854249492380582e+00 0.000000000000000000e+00
9.740000000000000568e+01 5.656854249492380582e+00 0.000000000000000000e+00
9.760000000000000853e+01 4.000000000000000000e+00 0.000000000000000000e+00
9.780000000000001137e+01 5.656854249492380582e+00 0.000000000000000000e+00
9.800000000000000000e+01 4.000000000000000000e+00 0.000000000000000000e+00
9.820000000000000284e+01 5.656854249492380582e+00 0.000000000000000000e+00
9.840000000000000568e+01 5.656854249492380582e+00 0.000000000000000000e+00
9.860000000000000853e+01 8.944271909999159220e+00 0.000000000000000000e+00
9.880000000000001137e+01 8.000000000000000000e+00 0.000000000000000000e+00
9.900000000000000000e+01 8.944271909999159220e+00 0.000000000000000000e+00
9.920000000000000284e+01 8.944271909999159220e+00 0.000000000000000000e+00
9.940000000000000568e+01 8.944271909999159220e+00 0.000000000000000000e+00
9.960000000000000853e+01 8.944271909999159220e+00 0.000000000000000000e+00
9.980000000000001137e+01 8.000000000000000000e+00 0.000000000000000000e+00
1.000000000000000000e+02 8.000000000000000000e+00 2.025000000000000000e+11
1.002000000000000028e+02 5.656854249492380582e+00 2.025000000000000000e+11
1.004000000000000057e+02 5.656854249492380582e+00 2.025000000000000000e+11
1.006000000000000085e+02 4.000000000000000000e+00 2.025000000000000000e+11
1.008000000000000114e+02 0.000000000000000000e+00 2.025000000000000000e+11
1.010000000000000000e+02 0.000000000000000000e+00 2.025000000000000000e+11
1.012000000000000028e+02 0.000000000000000000e+00 2.025000000000000000e+11
1.014000000000000057e+02 4.000000000000000000e+00 2.025000000000000000e+11
1.016000000000000085e+02 4.000000000000000000e+00 2.025000000000000000e+11
1.018000000000000114e+02 4.000000000000000000e+00 2.025000000000000000e+11
1.020000000000000000e+02 4.000000000000000000e+00 2.025000000000000000e+11
1.022000000000000028e+02 5.656854249492380582e+00 2.025000000000000000e+11
1.024000000000000057e+02 5.656854249492380582e+00 2.025000000000000000e+11
1.026000000000000085e+02 5.656854249492380582e+00 2.025000000000000000e+11
1.028000000000000114e+02 4.000000000000000000e+00 2.025000000000000000e+11
1.030000000000000000e+02 4.000000000000000000e+00 2.025000000000000000e+11
1.032000000000000028e+02 4.000000000000000000e+00 2.025000000000000000e+11
1.034000000000000057e+02 4.000000000000000000e+00 2.025000000000000000e+11
1.036000000000000085e+02 0.000000000000000000e+00 2.025000000000000000e+11
1.038000000000000114e+02 0.000000000000000000e+00 2.025000000000000000e+11
1.040000000000000000e+02 0.000000000000000000e+00 0.000000000000000000e+00
1.042000000000000028e+02 0.000000000000000000e+00 0.000000000000000000e+00
1.044000000000000057e+02 4.000000000000000000e+00 0.000000000000000000e+00
1.046000000000000085e+02 4.000000000000000000e+00 0.000000000000000000e+00
1.048000000000000114e+02 4.000000000000000000e+00 0.000000000000000000e+00
1.050000000000000000e+02 5.656854249492380582e+00 0.000000000000000000e+00
1.052000000000000028e+02 5.656854249492380582e+00 0.000000000000000000e+00
1.054000000000000057e+02 5.656854249492380582e+00 0.000000000000000000e+00
1.056000000000000085e+02 4.000000000000000000e+00 0.000000000000000000e+00
1.058000000000000114e+02 4.000000000000000000e+00 0.000000000000000000e+00
1.060000000000000000e+02 4.000000000000000000e+00 0.000000000000000000e+00
1.062000000000000028e+02 4.000000000000000000e+00 0.000000000000000000e+00
1.064000000000000057e+02 0.000000000000000000e+00 0.000000000000000000e+00
1.066000000000000085e+02 0.000000000000000000e+00 0.000000000000000000e+00
1.068000000000000114e+02 0.000000000000000000e+00 0.000000000000000000e+00
1.070000000000000000e+02 4.000000000000000000e+00 0.000000000000000000e+00
1.072000000000000028e+02 4.000000000000000000e+00 0.000000000000000000e+00
1.074000000000000057e+02 4.000000000000000000e+00 0.000000000000000000e+00
1.076000000000000085e+02 4.000000000000000000e+00 0.000000000000000000e+00
1.078000000000000114e+02 5.656854249492380582e+00 0.000000000000000000e+00
1.080000000000000000e+02 5.656854249492380582e+00 2.025000000000000000e+11
1.082000000000000028e+02 5.656854249492380582e+00 2.025000000000000000e+11
1.084000000000000057e+02 4.000000000000000000e+00 2.025000000000000000e+11
1.086000000000000085e+02 4.000000000000000000e+00 2.025000000000000000e+11
1.088000000000000114e+02 4.000000000000000000e+00 2.025000000000000000e+11
1.090000000000000000e+02 4.000000000000000000e+00 2.025000000000000000e+11
1.092000000000000028e+02 0.000000000000000000e+00 2.025000000000000000e+11
1.094000000000000057e+02 0.000000000000000000e+00 2.025000000000000000e+11
1.096000000000000085e+02 0.000000000000000000e+00 2.025000000000000000e+11
1.098000000000000114e+02 4.000000000000000000e+00 2.025000000000000000e+11
1.100000000000000000e+02 4.000000000000000000e+00 2.025000000000000000e+11
1.102000000000000028e+02 4.000000000000000000e+00 2.025000000000000000e+11
1.104000000000000057e+02 4.000000000000000000e+00 2.025000000000000000e+11
1.106000000000000085e+02 5.656854249492380582e+00 2.025000000000000000e+11
1.108000000000000114e+02 5.656854249492380582e+00 2.025000000000000000e+11
1.110000000000000000e+02 5.656854249492380582e+00 2.025000000000000000e+11
1.112000000000000028e+02 4.000000000000000000e+00 2.025000000000000000e+11
1.114000000000000057e+02 4.000000000000000000e+00 2.025000000000000000e+11
1.116000000000000085e+02 4.000000000000000000e+00 2.025000000000000000e+11
1.118000000000000114e+02 4.000000000000000000e+00 2.025000000000000000e+11
1.120000000000000000e+02 0.000000000000000000e+00 0.000000000000000000e+00
1.122000000000000028e+02 0.000000000000000000e+00 0.000000000000000000e+00
1.124000000000000057e+02 0.000000000000000000e+00 0.000000000000000000e+00
1.126000000000000085e+02 4.000000000000000000e+00 0.000000000000000000e+00
1.128000000000000114e+02 4.000000000000000000e+00 0.000000000000000000e+00
1.130000000000000000e+02 4.000000000000000000e+00 0.000000000000000000e+00
1.132000000000000028e+02 5.656854249492380582e+00 0.000000000000000000e+00
1.134000000000000057e+02 5.656854249492380582e+00 0.000000000000000000e+00
1.136000000000000085e+02 5.656854249492380582e+00 0.000000000000000000e+00
1.138000000000000114e+02 5.656854249492380582e+00 0.000000000000000000e+00
1.140000000000000000e+02 4.000000000000000000e+00 0.000000000000000000e+00
1.142000000000000028e+02 4.000000000000000000e+00 0.000000000000000000e+00
1.144000000000000057e+02 4.000000000000000000e+00 0.000000000000000000e+00
1.146000000000000085e+02 0.000000000000000000e+00 0.000000000000000000e+00
1.148000000000000114e+02 0.000000000000000000e+00 0.000000000000000000e+00
1.150000000000000000e+02 0.000000000000000000e+00 0.000000000000000000e+00
1.152000000000000028e+02 4.000000000000000000e+00 0.000000000000000000e+00
1.154000000000000057e+02 4.000000000000000000e+00 0.000000000000000000e+00
1.156000000000000085e+02 4.000000000000000000e+00 0.000000000000000000e+00
1.158000000000000114e+02 4.000000000000000000e+00 0.000000000000000000e+00
1.160000000000000000e+02 5.656854249492380582e+00 2.025000000000000000e+11
1.162000000000000028e+02 5.656854249492380582e+00 2.025000000000000000e+11
1.164000000000000057e+02 5.656854249492380582e+00 2.025000000000000000e+11
1.166000000000000085e+02 4.000000000000000000e+00 2.025000000000000000e+11
1.168000000000000114e+02 4.000000000000000000e+00 2.025000000000000000e+11
1.170000000000000000e+02 4.000000000000000000e+00 2.025000000000000000e+11
1.172000000000000028e+02 4.000000000000000000e+00 2.025000000000000000e+11
1.174000000000000057e+02 0.000000000000000000e+00 2.025000000000000000e+11
1.176000000000000085e+02 0.000000000000000000e+00 2.025000000000000000e+11
1.178000000000000114e+02 0.000000000000000000e+00 2.025000000000000000e+11
1.180000000000000000e+02 4.000000000000000000e+00 2.025000000000000000e+11
1.182000000000000028e+02 4.000000000000000000e+00 2.025000000000000000e+11
1.184000000000000057e+02 4.000000000000000000e+00 2.025000000000000000e+11
1.186000000000000085e+02 4.000000000000000000e+00 2.025000000000000000e+11
1.188000000000000114e+02 5.656854249492380582e+00 2.025000000000000000e+11
1.190000000000000000e+02 5.656854249492380582e+00 2.025000000000000000e+11
1.192000000000000028e+02 5.656854249492380582e+00 2.025000000000000000e+11
1.194000000000000057e+02 4.000000000000000000e+00 2.025000000000000000e+11
1.196000000000000085e+02 4.000000000000000000e+00 2.025000000000000000e+11
1.198000000000000114e+02 4.000000000000000000e+00 2.025000000000000000e+11
