1.200000000000000000e+02 4.000000000000000000e+00 0.000000000000000000e+00
1.202000000000000028e+02 4.000000000000000000e+00 0.000000000000000000e+00
1.204000000000000057e+02 5.656854249492380582e+00 0.000000000000000000e+00
1.206000000000000085e+02 5.656854249492380582e+00 0.000000000000000000e+00
1.208000000000000114e+02 5.656854249492380582e+00 0.000000000000000000e+00
1.210000000000000000e+02 5.656854249492380582e+00 0.000000000000000000e+00
1.212000000000000028e+02 5.656854249492380582e+00 0.000000000000000000e+00
1.214000000000000057e+02 5.656854249492380582e+00 0.000000000000000000e+00
1.216000000000000085e+02 5.656854249492380582e+00 0.000000000000000000e+00
1.218000000000000114e+02 4.000000000000000000e+00 0.000000000000000000e+00
1.220000000000000000e+02 5.656854249492380582e+00 0.000000000000000000e+00
1.222000000000000028e+02 5.656854249492380582e+00 0.000000000000000000e+00
1.224000000000000057e+02 4.000000000000000000e+00 0.000000000000000000e+00
1.226000000000000085e+02 5.656854249492380582e+00 0.000000000000000000e+00
1.228000000000000114e+02 5.656854249492380582e+00 0.000000000000000000e+00
1.230000000000000000e+02 5.656854249492380582e+00 0.000000000000000000e+00
1.232000000000000028e+02 5.656854249492380582e+00 0.000000000000000000e+00
1.234000000000000057e+02 5.656854249492380582e+00 0.000000000000000000e+00
1.236000000000000085e+02 5.656854249492380582e+00 0.000000000000000000e+00
1.238000000000000114e+02 5.656854249492380582e+00 0.000000000000000000e+00
1.240000000000000000e+02 5.656854249492380582e+00 2.050000200000000000e+11
1.242000000000000028e+02 5.656854249492380582e+00 2.049999800000000000e+11
1.244000000000000057e+02 4.000000000000000000e+00 2.050000200000000000e+11
1.246000000000000085e+02 4.000000000000000000e+00 2.049999800000000000e+11
1.248000000000000114e+02 4.000000000000000000e+00 2.050000200000000000e+11
1.250000000000000000e+02 0.000000000000000000e+00 2.050000200000000000e+11
1.252000000000000028e+02 0.000000000000000000e+00 2.049999800000000000e+11
1.254000000000000057e+02 0.000000000000000000e+00 2.050000200000000000e+11
1.256000000000000085e+02 0.000000000000000000e+00 2.049999800000000000e+11
1.258000000000000114e+02 4.000000000000000000e+00 2.050000200000000000e+11
1.260000000000000000e+02 4.000000000000000000e+00 2.050000200000000000e+11
1.262000000000000028e+02 5.656854249492380582e+00 2.050000200000000000e+11
1.264000000000000057e+02 5.656854249492380582e+00 2.049999800000000000e+11
1.266000000000000085e+02 5.656854249492380582e+00 2.050000200000000000e+11
1.268000000000000114e+02 5.656854249492380582e+00 2.050000200000000000e+11
1.270000000000000000e+02 5.656854249492380582e+00 2.050000200000000000e+11
1.272000000000000028e+02 4.000000000000000000e+00 2.050000200000000000e+11
1.274000000000000057e+02 4.000000000000000000e+00 2.050000200000000000e+11
1.276000000000000085e+02 4.000000000000000000e+00 2.049999800000000000e+11
1.278000000000000114e+02 0.000000000000000000e+00 2.049999800000000000e+11
1.280000000000000000e+02 0.000000000000000000e+00 0.000000000000000000e+00
1.282000000000000171e+02 0.000000000000000000e+00 0.000000000000000000e+00
1.284000000000000057e+02 4.000000000000000000e+00 0.000000000000000000e+00
1.285999999999999943e+02 4.000000000000000000e+00 0.000000000000000000e+00
1.288000000000000114e+02 4.000000000000000000e+00 0.000000000000000000e+00
1.290000000000000000e+02 5.656854249492380582e+00 0.000000000000000000e+00
1.292000000000000171e+02 5.656854249492380582e+00 0.000000000000000000e+00
1.294000000000000057e+02 5.656854249492380582e+00 0.000000000000000000e+00
1.295999999999999943e+02 5.656854249492380582e+00 0.000000000000000000e+00
1.298000000000000114e+02 4.000000000000000000e+00 0.000000000000000000e+00
1.300000000000000000e+02 4.000000000000000000e+00 0.000000000000000000e+00
1.302000000000000171e+02 4.000000000000000000e+00 0.000000000000000000e+00
1.304000000000000057e+02 0.000000000000000000e+00 0.000000000000000000e+00
1.305999999999999943e+02 0.000000000000000000e+00 0.000000000000000000e+00
1.308000000000000114e+02 0.000000000000000000e+00 0.000000000000000000e+00
1.310000000000000000e+02 0.000000000000000000e+00 0.000000000000000000e+00
1.312000000000000171e+02 4.000000000000000000e+00 0.000000000000000000e+00
1.314000000000000057e+02 4.000000000000000000e+00 0.000000000000000000e+00
1.315999999999999943e+02 4.000000000000000000e+00 0.000000000000000000e+00
1.318000000000000114e+02 5.656854249492380582e+00 0.000000000000000000e+00
1.320000000000000000e+02 5.656854249492380582e+00 2.050000200000000000e+11
1.322000000000000171e+02 5.656854249492380582e+00 2.050000200000000000e+11
1.324000000000000057e+02 5.656854249492380582e+00 2.050000200000000000e+11
1.325999999999999943e+02 4.000000000000000000e+00 2.050000200000000000e+11
1.328000000000000114e+02 4.000000000000000000e+00 2.050000200000000000e+11
1.330000000000000000e+02 4.000000000000000000e+00 2.049999800000000000e+11
1.332000000000000171e+02 0.000000000000000000e+00 2.050000200000000000e+11
1.334000000000000057e+02 0.000000000000000000e+00 2.049999800000000000e+11
1.335999999999999943e+02 0.000000000000000000e+00 2.049999800000000000e+11
1.338000000000000114e+02 0.000000000000000000e+00 2.049999800000000000e+11
1.340000000000000000e+02 4.000000000000000000e+00 2.049999800000000000e+11
1.342000000000000171e+02 4.000000000000000000e+00 2.050000200000000000e+11
1.344000000000000057e+02 4.000000000000000000e+00 2.049999800000000000e+11
1.345999999999999943e+02 5.656854249492380582e+00 2.050000200000000000e+11
1.348000000000000114e+02 5.656854249492380582e+00 2.049999800000000000e+11
1.350000000000000000e+02 5.656854249492380582e+00 2.049999800000000000e+11
1.352000000000000171e+02 4.000000000000000000e+00 2.049999800000000000e+11
1.354000000000000057e+02 4.000000000000000000e+00 2.050000200000000000e+11
1.355999999999999943e+02 4.000000000000000000e+00 2.049999800000000000e+11
1.358000000000000114e+02 4.000000000000000000e+00 2.049999800000000000e+11
1.360000000000000000e+02 0.000000000000000000e+00 0.000000000000000000e+00
1.362000000000000171e+02 0.000000000000000000e+00 0.000000000000000000e+00
1.364000000000000057e+02 0.000000000000000000e+00 0.000000000000000000e+00
1.365999999999999943e+02 4.000000000000000000e+00 0.000000000000000000e+00
1.368000000000000114e+02 4.000000000000000000e+00 0.000000000000000000e+00
1.370000000000000000e+02 4.000000000000000000e+00 0.000000000000000000e+00
1.372000000000000171e+02 5.656854249492380582e+00 0.000000000000000000e+00
1.374000000000000057e+02 5.656854249492380582e+00 0.000000000000000000e+00
1.375999999999999943e+02 5.656854249492380582e+00 0.000000000000000000e+00
1.378000000000000114e+02 5.656854249492380582e+00 0.000000000000000000e+00
1.380000000000000000e+02 4.000000000000000000e+00 0.000000000000000000e+00
1.382000000000000171e+02 4.000000000000000000e+00 0.000000000000000000e+00
1.384000000000000057e+02 4.000000000000000000e+00 0.000000000000000000e+00
1.385999999999999943e+02 0.000000000000000000e+00 0.000000000000000000e+00
1.388000000000000114e+02 0.000000000000000000e+00 0.000000000000000000e+00
1.390000000000000000e+02 0.000000000000000000e+00 0.000000000000000000e+00
1.392000000000000171e+02 0.000000000000000000e+00 0.000000000000000000e+00
1.394000000000000057e+02 4.000000000000000000e+00 0.000000000000000000e+00
1.395999999999999943e+02 4.000000000000000000e+00 0.000000000000000000e+00
1.398000000000000114e+02 4.000000000000000000e+00 0.000000000000000000e+00
1.400000000000000000e+02 5.656854249492380582e+00 2.049999800000000000e+11
1.402000000000000171e+02 5.656854249492380582e+00 2.049999800000000000e+11
1.404000000000000057e+02 5.656854249492380582e+00 2.050000200000000000e+11
1.405999999999999943e+02 4.000000000000000000e+00 2.049999800000000000e+11
1.408000000000000114e+02 4.000000000000000000e+00 2.049999800000000000e+11
1.410000000000000000e+02 4.000000000000000000e+00 2.050000200000000000e+11
1.412000000000000171e+02 4.000000000000000000e+00 2.049999800000000000e+11
1.414000000000000057e+02 0.000000000000000000e+00 2.049999800000000000e+11
1.415999999999999943e+02 0.000000000000000000e+00 2.050000200000000000e+11
1.418000000000000114e+02 0.000000000000000000e+00 2.049999800000000000e+11
1.420000000000000000e+02 4.000000000000000000e+00 2.050000200000000000e+11
1.422000000000000171e+02 4.000000000000000000e+00 2.049999800000000000e+11
1.424000000000000057e+02 4.000000000000000000e+00 2.049999800000000000e+11
1.425999999999999943e+02 4.000000000000000000e+00 2.050000200000000000e+11
1.428000000000000114e+02 5.656854249492380582e+00 2.050000200000000000e+11
1.430000000000000000e+02 5.656854249492380582e+00 2.049999800000000000e+11
1.432000000000000171e+02 5.656854249492380582e+00 2.049999800000000000e+11
1.434000000000000057e+02 4.000000000000000000e+00 2.050000200000000000e+11
1.435999999999999943e+02 4.000000000000000000e+00 2.049999800000000000e+11
1.438000000000000114e+02 4.000000000000000000e+00 2.050000200000000000e+11
1.440000000000000000e+02 4.000000000000000000e+00 0.000000000000000000e+00
1.442000000000000171e+02 0.000000000000000000e+00 0.000000000000000000e+00
1.444000000000000057e+02 0.000000000000000000e+00 0.000000000000000000e+00
1.445999999999999943e+02 0.000000000000000000e+00 0.000000000000000000e+00
1.448000000000000114e+02 4.000000000000000000e+00 0.000000000000000000e+00
1.450000000000000000e+02 4.000000000000000000e+00 0.000000000000000000e+00
1.452000000000000171e+02 4.000000000000000000e+00 0.000000000000000000e+00
1.454000000000000057e+02 5.656854249492380582e+00 0.000000000000000000e+00
1.455999999999999943e+02 5.656854249492380582e+00 0.000000000000000000e+00
1.458000000000000114e+02 5.656854249492380582e+00 0.000000000000000000e+00
1.460000000000000000e+02 5.656854249492380582e+00 0.000000000000000000e+00
1.462000000000000171e+02 4.000000000000000000e+00 0.000000000000000000e+00
1.464000000000000057e+02 4.000000000000000000e+00 0.000000000000000000e+00
1.465999999999999943e+02 4.000000000000000000e+00 0.000000000000000000e+00
1.468000000000000114e+02 0.000000000000000000e+00 0.000000000000000000e+00
1.470000000000000000e+02 0.000000000000000000e+00 0.000000000000000000e+00
1.472000000000000171e+02 0.000000000000000000e+00 0.000000000000000000e+00
1.474000000000000057e+02 0.000000000000000000e+00 0.000000000000000000e+00
1.475999999999999943e+02 4.000000000000000000e+00 0.000000000000000000e+00
1.478000000000000114e+02 4.000000000000000000e+00 0.000000000000000000e+00
1.480000000000000000e+02 4.000000000000000000e+00 2.050000200000000000e+11
1.482000000000000171e+02 5.656854249492380582e+00 2.050000200000000000e+11
1.484000000000000057e+02 5.656854249492380582e+00 2.049999800000000000e+11
1.485999999999999943e+02 5.656854249492380582e+00 2.049999800000000000e+11
1.488000000000000114e+02 4.000000000000000000e+00 2.049999800000000000e+11
1.490000000000000000e+02 4.000000000000000000e+00 2.050000200000000000e+11
1.492000000000000171e+02 4.000000000000000000e+00 2.049999800000000000e+11
1.494000000000000057e+02 4.000000000000000000e+00 2.049999800000000000e+11
1.495999999999999943e+02 0.000000000000000000e+00 2.049999800000000000e+11
1.498000000000000114e+02 0.000000000000000000e+00 2.050000200000000000e+11
1.500000000000000000e+02 0.000000000000000000e+00 2.049999800000000000e+11
1.502000000000000171e+02 4.000000000000000000e+00 2.049999800000000000e+11
1.504000000000000057e+02 4.000000000000000000e+00 2.049999800000000000e+11
1.505999999999999943e+02 4.000000000000000000e+00 2.049999800000000000e+11
1.508000000000000114e+02 4.000000000000000000e+00 2.050000200000000000e+11
1.510000000000000000e+02 5.656854249492380582e+00 2.049999800000000000e+11
1.512000000000000171e+02 5.656854249492380582e+00 2.049999800000000000e+11
1.514000000000000057e+02 5.656854249492380582e+00 2.049999800000000000e+11
1.515999999999999943e+02 4.000000000000000000e+00 2.049999800000000000e+11
1.518000000000000114e+02 4.000000000000000000e+00 2.049999800000000000e+11
1.520000000000000000e+02 4.000000000000000000e+00 0.000000000000000000e+00
1.522000000000000171e+02 0.000000000000000000e+00 0.000000000000000000e+00
1.524000000000000057e+02 0.000000000000000000e+00 0.000000000000000000e+00
1.525999999999999943e+02 0.000000000000000000e+00 0.000000000000000000e+00
1.528000000000000114e+02 0.000000000000000000e+00 0.000000000000000000e+00
1.530000000000000000e+02 4.000000000000000000e+00 0.000000000000000000e+00
1.532000000000000171e+02 4.000000000000000000e+00 0.000000000000000000e+00
1.534000000000000057e+02 4.000000000000000000e+00 0.000000000000000000e+00
1.536000000000000227e+02 5.656854249492380582e+00 0.000000000000000000e+00
1.538000000000000114e+02 5.656854249492380582e+00 0.000000000000000000e+00
1.540000000000000000e+02 5.656854249492380582e+00 0.000000000000000000e+00
1.542000000000000171e+02 5.656854249492380582e+00 0.000000000000000000e+00
1.544000000000000057e+02 4.000000000000000000e+00 0.000000000000000000e+00
1.546000000000000227e+02 4.000000000000000000e+00 0.000000000000000000e+00
1.548000000000000114e+02 4.000000000000000000e+00 0.000000000000000000e+00
1.550000000000000000e+02 0.000000000000000000e+00 0.000000000000000000e+00
1.552000000000000171e+02 0.000000000000000000e+00 0.000000000000000000e+00
1.554000000000000057e+02 0.000000000000000000e+00 0.000000000000000000e+00
1.556000000000000227e+02 4.000000000000000000e+00 0.000000000000000000e+00
1.558000000000000114e+02 4.000000000000000000e+00 0.000000000000000000e+00
1.560000000000000000e+02 4.000000000000000000e+00 2.049999800000000000e+11
1.562000000000000171e+02 4.000000000000000000e+00 2.050000200000000000e+11
1.564000000000000057e+02 5.656854249492380582e+00 2.049999800000000000e+11
1.566000000000000227e+02 5.656854249492380582e+00 2.049999800000000000e+11
1.568000000000000114e+02 5.656854249492380582e+00 2.049999800000000000e+11
1.570000000000000000e+02 4.000000000000000000e+00 2.050000200000000000e+11
1.572000000000000171e+02 4.000000000000000000e+00 2.049999800000000000e+11
1.574000000000000057e+02 4.000000000000000000e+00 2.049999800000000000e+11
1.576000000000000227e+02 4.000000000000000000e+00 2.050000200000000000e+11
1.578000000000000114e+02 0.000000000000000000e+00 2.050000200000000000e+11
1.580000000000000000e+02 0.000000000000000000e+00 2.050000200000000000e+11
1.582000000000000171e+02 0.000000000000000000e+00 2.049999800000000000e+11
1.584000000000000057e+02 4.000000000000000000e+00 2.050000200000000000e+11
1.586000000000000227e+02 4.000000000000000000e+00 2.050000200000000000e+11
1.588000000000000114e+02 4.000000000000000000e+00 2.049999800000000000e+11
1.590000000000000000e+02 5.656854249492380582e+00 2.049999800000000000e+11
1.592000000000000171e+02 5.656854249492380582e+00 2.049999800000000000e+11
1.594000000000000057e+02 5.656854249492380582e+00 2.049999800000000000e+11
1.596000000000000227e+02 5.656854249492380582e+00 2.049999800000000000e+11
1.598000000000000114e+02 4.000000000000000000e+00 2.049999800000000000e+11
1.600000000000000000e+02 4.000000000000000000e+00 0.000000000000000000e+00
1.602000000000000171e+02 4.000000000000000000e+00 0.000000000000000000e+00
1.604000000000000057e+02 0.000000000000000000e+00 0.000000000000000000e+00
1.606000000000000227e+02 0.000000000000000000e+00 0.000000000000000000e+00
1.608000000000000114e+02 0.000000000000000000e+00 0.000000000000000000e+00
1.610000000000000000e+02 0.000000000000000000e+00 0.000000000000000000e+00
1.612000000000000171e+02 4.000000000000000000e+00 0.000000000000000000e+00
1.614000000000000057e+02 4.000000000000000000e+00 0.000000000000000000e+00
1.616000000000000227e+02 4.000000000000000000e+00 0.000000000000000000e+00
1.618000000000000114e+02 5.656854249492380582e+00 0.000000000000000000e+00
1.620000000000000000e+02 5.656854249492380582e+00 0.000000000000000000e+00
1.622000000000000171e+02 5.656854249492380582e+00 0.000000000000000000e+00
1.624000000000000057e+02 4.000000000000000000e+00 0.000000000000000000e+00
1.626000000000000227e+02 4.000000000000000000e+00 0.000000000000000000e+00
1.628000000000000114e+02 4.000000000000000000e+00 0.000000000000000000e+00
1.630000000000000000e+02 4.000000000000000000e+00 0.000000000000000000e+00
1.632000000000000171e+02 0.000000000000000000e+00 0.000000000000000000e+00
1.634000000000000057e+02 0.000000000000000000e+00 0.000000000000000000e+00
1.636000000000000227e+02 0.000000000000000000e+00 0.000000000000000000e+00
1.638000000000000114e+02 4.000000000000000000e+00 0.000000000000000000e+00
1.640000000000000000e+02 4.000000000000000000e+00 2.049999800000000000e+11
1.642000000000000171e+02 4.000000000000000000e+00 2.049999800000000000e+11
1.644000000000000057e+02 4.000000000000000000e+00 2.050000200000000000e+11
1.646000000000000227e+02 5.656854249492380582e+00 2.050000200000000000e+11
1.648000000000000114e+02 5.656854249492380582e+00 2.050000200000000000e+11
1.650000000000000000e+02 5.656854249492380582e+00 2.050000200000000000e+11
1.652000000000000171e+02 4.000000000000000000e+00 2.050000200000000000e+11
1.654000000000000057e+02 4.000000000000000000e+00 2.049999800000000000e+11
1.656000000000000227e+02 4.000000000000000000e+00 2.050000200000000000e+11
1.658000000000000114e+02 0.000000000000000000e+00 2.049999800000000000e+11
1.660000000000000000e+02 0.000000000000000000e+00 2.050000200000000000e+11
1.662000000000000171e+02 0.000000000000000000e+00 2.049999800000000000e+11
1.664000000000000057e+02 0.000000000000000000e+00 2.049999800000000000e+11
1.666000000000000227e+02 4.000000000000000000e+00 2.050000200000000000e+11
1.668000000000000114e+02 4.000000000000000000e+00 2.050000200000000000e+11
1.670000000000000000e+02 4.000000000000000000e+00 2.049999800000000000e+11
1.672000000000000171e+02 5.656854249492380582e+00 2.050000200000000000e+11
1.674000000000000057e+02 5.656854249492380582e+00 2.049999800000000000e+11
1.676000000000000227e+02 5.656854249492380582e+00 2.049999800000000000e+11
1.678000000000000114e+02 5.656854249492380582e+00 2.050000200000000000e+11
1.680000000000000000e+02 4.000000000000000000e+00 0.000000000000000000e+00
1.682000000000000171e+02 4.000000000000000000e+00 0.000000000000000000e+00
1.684000000000000057e+02 4.000000000000000000e+00 0.000000000000000000e+00
1.686000000000000227e+02 0.000000000000000000e+00 0.000000000000000000e+00
1.688000000000000114e+02 0.000000000000000000e+00 0.000000000000000000e+00
1.690000000000000000e+02 0.000000000000000000e+00 0.000000000000000000e+00
1.692000000000000171e+02 0.000000000000000000e+00 0.000000000000000000e+00
1.694000000000000057e+02 4.000000000000000000e+00 0.000000000000000000e+00
1.696000000000000227e+02 4.000000000000000000e+00 0.000000000000000000e+00
1.698000000000000114e+02 4.000000000000000000e+00 0.000000000000000000e+00
1.700000000000000000e+02 5.656854249492380582e+00 0.000000000000000000e+00
1.702000000000000171e+02 5.656854249492380582e+00 0.000000000000000000e+00
1.704000000000000057e+02 5.656854249492380582e+00 0.000000000000000000e+00
1.706000000000000227e+02 4.000000000000000000e+00 0.000000000000000000e+00
1.708000000000000114e+02 4.000000000000000000e+00 0.000000000000000000e+00
1.710000000000000000e+02 4.000000000000000000e+00 0.000000000000000000e+00
1.712000000000000171e+02 4.000000000000000000e+00 0.000000000000000000e+00
1.714000000000000057e+02 0.000000000000000000e+00 0.000000000000000000e+00
1.716000000000000227e+02 0.000000000000000000e+00 0.000000000000000000e+00
1.718000000000000114e+02 0.000000000000000000e+00 0.000000000000000000e+00
1.720000000000000000e+02 4.000000000000000000e+00 2.050000200000000000e+11
1.722000000000000171e+02 4.000000000000000000e+00 2.050000200000000000e+11
1.724000000000000057e+02 4.000000000000000000e+00 2.049999800000000000e+11
1.726000000000000227e+02 4.000000000000000000e+00 2.049999800000000000e+11
1.728000000000000114e+02 5.656854249492380582e+00 2.050000200000000000e+11
1.730000000000000000e+02 5.656854249492380582e+00 2.049999800000000000e+11
1.732000000000000171e+02 5.656854249492380582e+00 2.050000200000000000e+11
1.734000000000000057e+02 4.000000000000000000e+00 2.049999800000000000e+11
1.736000000000000227e+02 4.000000000000000000e+00 2.049999800000000000e+11
1.738000000000000114e+02 4.000000000000000000e+00 2.050000200000000000e+11
1.740000000000000000e+02 0.000000000000000000e+00 2.050000200000000000e+11
1.742000000000000171e+02 0.000000000000000000e+00 2.049999800000000000e+11
1.744000000000000057e+02 0.000000000000000000e+00 2.050000200000000000e+11
1.746000000000000227e+02 0.000000000000000000e+00 2.050000200000000000e+11
1.748000000000000114e+02 4.000000000000000000e+00 2.050000200000000000e+11
1.750000000000000000e+02 4.000000000000000000e+00 2.049999800000000000e+11
1.752000000000000171e+02 4.000000000000000000e+00 2.050000200000000000e+11
1.754000000000000057e+02 5.656854249492380582e+00 2.049999800000000000e+11
1.756000000000000227e+02 5.656854249492380582e+00 2.049999800000000000e+11
1.758000000000000114e+02 5.656854249492380582e+00 2.050000200000000000e+11
1.760000000000000000e+02 5.656854249492380582e+00 0.000000000000000000e+00
1.762000000000000171e+02 4.000000000000000000e+00 0.000000000000000000e+00
1.764000000000000057e+02 4.000000000000000000e+00 0.000000000000000000e+00
1.766000000000000227e+02 4.000000000000000000e+00 0.000000000000000000e+00
1.768000000000000114e+02 0.000000000000000000e+00 0.000000000000000000e+00
1.770000000000000000e+02 0.000000000000000000e+00 0.000000000000000000e+00
1.772000000000000171e+02 0.000000000000000000e+00 0.000000000000000000e+00
1.774000000000000057e+02 0.000000000000000000e+00 0.000000000000000000e+00
1.776000000000000227e+02 4.000000000000000000e+00 0.000000000000000000e+00
1.778000000000000114e+02 4.000000000000000000e+00 0.000000000000000000e+00
1.780000000000000000e+02 4.000000000000000000e+00 0.000000000000000000e+00
1.782000000000000171e+02 5.656854249492380582e+00 0.000000000000000000e+00
1.784000000000000057e+02 5.656854249492380582e+00 0.000000000000000000e+00
1.786000000000000227e+02 5.656854249492380582e+00 0.000000000000000000e+00
1.788000000000000114e+02 4.000000000000000000e+00 0.000000000000000000e+00
1.790000000000000000e+02 4.000000000000000000e+00 0.000000000000000000e+00
1.792000000000000171e+02 4.000000000000000000e+00 0.000000000000000000e+00
1.794000000000000057e+02 4.000000000000000000e+00 0.000000000000000000e+00
1.796000000000000227e+02 0.000000000000000000e+00 0.000000000000000000e+00
1.798000000000000114e+02 0.000000000000000000e+00 0.000000000000000000e+00
1.800000000000000000e+02 0.000000000000000000e+00 2.049999800000000000e+11
1.802000000000000171e+02 4.000000000000000000e+00 2.049999800000000000e+11
1.804000000000000057e+02 4.000000000000000000e+00 2.049999800000000000e+11
1.806000000000000227e+02 4.000000000000000000e+00 2.050000200000000000e+11
1.808000000000000114e+02 4.000000000000000000e+00 2.050000200000000000e+11
1.810000000000000000e+02 5.656854249492380582e+00 2.049999800000000000e+11
1.812000000000000171e+02 5.656854249492380582e+00 2.050000200000000000e+11
1.814000000000000057e+02 5.656854249492380582e+00 2.050000200000000000e+11
1.816000000000000227e+02 4.000000000000000000e+00 2.050000200000000000e+11
1.818000000000000114e+02 4.000000000000000000e+00 2.049999800000000000e+11
1.820000000000000000e+02 4.000000000000000000e+00 2.050000200000000000e+11
1.822000000000000171e+02 4.000000000000000000e+00 2.049999800000000000e+11
1.824000000000000057e+02 0.000000000000000000e+00 2.049999800000000000e+11
1.826000000000000227e+02 0.000000000000000000e+00 2.049999800000000000e+11
1.828000000000000114e+02 0.000000000000000000e+00 2.050000200000000000e+11
1.830000000000000000e+02 4.000000000000000000e+00 2.050000200000000000e+11
1.832000000000000171e+02 4.000000000000000000e+00 2.049999800000000000e+11
1.834000000000000057e+02 4.000000000000000000e+00 2.049999800000000000e+11
1.836000000000000227e+02 4.000000000000000000e+00 2.049999800000000000e+11
1.838000000000000114e+02 5.656854249492380582e+00 2.049999800000000000e+11
1.840000000000000000e+02 5.656854249492380582e+00 0.000000000000000000e+00
1.842000000000000171e+02 5.656854249492380582e+00 0.000000000000000000e+00
1.844000000000000057e+02 5.656854249492380582e+00 0.000000000000000000e+00
1.846000000000000227e+02 4.000000000000000000e+00 0.000000000000000000e+00
1.848000000000000114e+02 4.000000000000000000e+00 0.000000000000000000e+00
1.850000000000000000e+02 4.000000000000000000e+00 0.000000000000000000e+00
1.852000000000000171e+02 4.000000000000000000e+00 0.000000000000000000e+00
1.854000000000000057e+02 0.000000000000000000e+00 0.000000000000000000e+00
1.856000000000000227e+02 0.000000000000000000e+00 0.000000000000000000e+00
1.858000000000000114e+02 0.000000000000000000e+00 0.000000000000000000e+00
1.860000000000000000e+02 4.000000000000000000e+00 0.000000000000000000e+00
1.862000000000000171e+02 4.000000000000000000e+00 0.000000000000000000e+00
1.864000000000000057e+02 4.000000000000000000e+00 0.000000000000000000e+00
1.866000000000000227e+02 4.000000000000000000e+00 0.000000000000000000e+00
1.868000000000000114e+02 5.656854249492380582e+00 0.000000000000000000e+00
1.870000000000000000e+02 5.656854249492380582e+00 0.000000000000000000e+00
1.872000000000000171e+02 5.656854249492380582e+00 0.000000000000000000e+00
1.874000000000000057e+02 5.656854249492380582e+00 0.000000000000000000e+00
1.876000000000000227e+02 4.000000000000000000e+00 0.000000000000000000e+00
1.878000000000000114e+02 4.000000000000000000e+00 0.000000000000000000e+00
1.880000000000000000e+02 4.000000000000000000e+00 2.049999800000000000e+11
1.882000000000000171e+02 4.000000000000000000e+00 2.049999800000000000e+11
1.884000000000000057e+02 0.000000000000000000e+00 2.050000200000000000e+11
1.886000000000000227e+02 0.000000000000000000e+00 2.050000200000000000e+11
1.888000000000000114e+02 0.000000000000000000e+00 2.049999800000000000e+11
1.890000000000000000e+02 0.000000000000000000e+00 2.049999800000000000e+11
1.892000000000000171e+02 4.000000000000000000e+00 2.049999800000000000e+11
1.894000000000000057e+02 4.000000000000000000e+00 2.049999800000000000e+11
1.896000000000000227e+02 8.000000000000000000e+00 2.049999800000000000e+11
1.898000000000000114e+02 8.000000000000000000e+00 2.050000200000000000e+11
1.900000000000000000e+02 8.944271909999159220e+00 2.049999800000000000e+11
1.902000000000000171e+02 1.131370849898476116e+01 2.050000200000000000e+11
1.904000000000000057e+02 8.944271909999159220e+00 2.050000200000000000e+11
1.906000000000000227e+02 8.000000000000000000e+00 2.049999800000000000e+11
1.908000000000000114e+02 8.000000000000000000e+00 2.049999800000000000e+11
1.910000000000000000e+02 8.944271909999159220e+00 2.049999800000000000e+11
1.912000000000000171e+02 8.944271909999159220e+00 2.050000200000000000e+11
1.914000000000000057e+02 8.000000000000000000e+00 2.050000200000000000e+11
1.916000000000000227e+02 8.944271909999159220e+00 2.050000200000000000e+11
1.918000000000000114e+02 8.944271909999159220e+00 2.050000200000000000e+11
1.920000000000000000e+02 1.200000000000000000e+01 0.000000000000000000e+00
1.922000000000000171e+02 1.264911064067351809e+01 0.000000000000000000e+00
1.924000000000000057e+02 1.131370849898476116e+01 0.000000000000000000e+00
1.926000000000000227e+02 1.264911064067351809e+01 0.000000000000000000e+00
1.928000000000000114e+02 1.600000000000000000e+01 0.000000000000000000e+00
1.930000000000000000e+02 1.649242250247064234e+01 0.000000000000000000e+00
1.932000000000000171e+02 1.442220510185595650e+01 0.000000000000000000e+00
1.934000000000000057e+02 1.442220510185595650e+01 0.000000000000000000e+00
1.936000000000000227e+02 1.649242250247064234e+01 0.000000000000000000e+00
1.938000000000000114e+02 1.200000000000000000e+01 0.000000000000000000e+00
1.940000000000000000e+02 1.442220510185595650e+01 0.000000000000000000e+00
1.942000000000000171e+02 1.131370849898476116e+01 0.000000000000000000e+00
1.944000000000000057e+02 1.264911064067351809e+01 0.000000000000000000e+00
1.946000000000000227e+02 8.944271909999159220e+00 0.000000000000000000e+00
1.948000000000000114e+02 1.131370849898476116e+01 0.000000000000000000e+00
1.950000000000000000e+02 8.944271909999159220e+00 0.000000000000000000e+00
1.952000000000000171e+02 8.944271909999159220e+00 0.000000000000000000e+00
1.954000000000000057e+02 1.131370849898476116e+01 0.000000000000000000e+00
1.956000000000000227e+02 1.264911064067351809e+01 0.000000000000000000e+00
1.958000000000000114e+02 1.200000000000000000e+01 0.000000000000000000e+00
1.960000000000000000e+02 1.264911064067351809e+01 2.049999800000000000e+11
1.962000000000000171e+02 1.442220510185595650e+01 2.049999800000000000e+11
1.964000000000000057e+02 1.697056274847713908e+01 2.049999800000000000e+11
1.966000000000000227e+02 1.649242250247064234e+01 2.049999800000000000e+11
1.968000000000000114e+02 2.000000000000000000e+01 2.050000200000000000e+11
1.970000000000000000e+02 1.788854381999831844e+01 2.049999800000000000e+11
1.972000000000000171e+02 2.000000000000000000e+01 2.049999800000000000e+11
1.974000000000000057e+02 2.039607805437113797e+01 2.049999800000000000e+11
1.976000000000000227e+02 2.039607805437113797e+01 2.050000200000000000e+11
1.978000000000000114e+02 2.332380757938120297e+01 2.049999800000000000e+11
1.980000000000000000e+02 2.683281572999747766e+01 2.049999800000000000e+11
1.982000000000000171e+02 2.800000000000000000e+01 2.049999800000000000e+11
1.984000000000000057e+02 3.046309242345563462e+01 2.049999800000000000e+11
1.986000000000000227e+02 3.394112549695427816e+01 2.049999800000000000e+11
1.988000000000000114e+02 3.939543120718441571e+01 2.050000200000000000e+11
1.990000000000000000e+02 4.400000000000000000e+01 2.050000200000000000e+11
1.992000000000000171e+02 5.200000000000000000e+01 2.050000200000000000e+11
1.994000000000000057e+02 5.656854249492380404e+01 2.050000200000000000e+11
1.996000000000000227e+02 6.092618484691126923e+01 2.050000200000000000e+11
1.998000000000000114e+02 6.400000000000000000e+01 2.049999800000000000e+11
2.000000000000000000e+02 6.985699678629191567e+01 0.000000000000000000e+00
2.002000000000000171e+02 6.788225099390855632e+01 0.000000000000000000e+00
2.004000000000000057e+02 6.324555320336758513e+01 0.000000000000000000e+00
2.006000000000000227e+02 6.449806198638839305e+01 0.000000000000000000e+00
2.008000000000000114e+02 6.449806198638839305e+01 0.000000000000000000e+00
2.010000000000000000e+02 6.324555320336758513e+01 0.000000000000000000e+00
2.012000000000000171e+02 6.053098380168622583e+01 0.000000000000000000e+00
2.014000000000000057e+02 6.209669878504009688e+01 0.000000000000000000e+00
2.016000000000000227e+02 6.248199740725323181e+01 0.000000000000000000e+00
2.018000000000000114e+02 6.260990336999411454e+01 0.000000000000000000e+00
2.020000000000000000e+02 6.412487816752559411e+01 0.000000000000000000e+00
2.022000000000000171e+02 6.462197768561404132e+01 0.000000000000000000e+00
2.024000000000000057e+02 6.511528238439882443e+01 0.000000000000000000e+00
2.026000000000000227e+02 6.462197768561404132e+01 0.000000000000000000e+00
2.028000000000000114e+02 6.400000000000000000e+01 0.000000000000000000e+00
2.030000000000000000e+02 6.092618484691126923e+01 0.000000000000000000e+00
2.032000000000000171e+02 5.946427498927402411e+01 0.000000000000000000e+00
2.034000000000000057e+02 5.946427498927402411e+01 0.000000000000000000e+00
2.036000000000000227e+02 5.656854249492380404e+01 0.000000000000000000e+00
2.038000000000000114e+02 5.556977595779921586e+01 0.000000000000000000e+00
2.040000000000000000e+02 5.768882040742382600e+01 2.050000200000000000e+11
2.042000000000000171e+02 6.053098380168622583e+01 2.049999800000000000e+11
2.044000000000000057e+02 6.596969000988256937e+01 2.049999800000000000e+11
2.046000000000000227e+02 7.683749084919418237e+01 2.050000200000000000e+11
2.048000000000000114e+02 8.409518416651455652e+01 2.050000200000000000e+11
2.050000000000000000e+02 9.208691546577070142e+01 2.049999800000000000e+11
2.052000000000000171e+02 1.025280449438103716e+02 2.049999800000000000e+11
2.054000000000000057e+02 1.103449137930697788e+02 2.049999800000000000e+11
2.056000000000000227e+02 1.203328716519305885e+02 2.050000200000000000e+11
2.058000000000000114e+02 1.282497563350511882e+02 2.050000200000000000e+11
2.060000000000000000e+02 1.395421083400992757e+02 2.049999800000000000e+11
2.062000000000000171e+02 1.488086019019062007e+02 2.050000200000000000e+11
2.064000000000000057e+02 1.584929020492716063e+02 2.049999800000000000e+11
2.066000000000000227e+02 1.302919797992186375e+02 2.049999800000000000e+11
2.068000000000000114e+02 1.189285499785480482e+02 2.050000200000000000e+11
2.070000000000000000e+02 1.129247537079448307e+02 2.050000200000000000e+11
2.072000000000000171e+02 1.000799680255744306e+02 2.049999800000000000e+11
2.074000000000000057e+02 9.303762679690406401e+01 2.049999800000000000e+11
2.076000000000000227e+02 8.207313811473277099e+01 2.049999800000000000e+11
2.078000000000000114e+02 7.589466384404110499e+01 2.049999800000000000e+11
2.080000000000000000e+02 6.811754546370561059e+01 0.000000000000000000e+00
2.082000000000000171e+02 6.621178142898739338e+01 0.000000000000000000e+00
2.084000000000000057e+02 6.248199740725323181e+01 0.000000000000000000e+00
2.086000000000000227e+02 6.209669878504009688e+01 0.000000000000000000e+00
2.088000000000000114e+02 6.053098380168622583e+01 0.000000000000000000e+00
2.090000000000000000e+02 5.768882040742382600e+01 0.000000000000000000e+00
2.092000000000000171e+02 5.905929224093360119e+01 0.000000000000000000e+00
2.094000000000000057e+02 6.013318551349163243e+01 0.000000000000000000e+00
2.096000000000000227e+02 5.946427498927402411e+01 0.000000000000000000e+00
2.098000000000000114e+02 6.222539674441618018e+01 0.000000000000000000e+00
2.100000000000000000e+02 6.092618484691126923e+01 0.000000000000000000e+00
2.102000000000000171e+02 6.000000000000000000e+01 0.000000000000000000e+00
2.104000000000000057e+02 6.092618484691126923e+01 0.000000000000000000e+00
2.106000000000000227e+02 6.222539674441618018e+01 0.000000000000000000e+00
2.108000000000000114e+02 5.946427498927402411e+01 0.000000000000000000e+00
2.110000000000000000e+02 6.013318551349163243e+01 0.000000000000000000e+00
2.112000000000000171e+02 5.905929224093360119e+01 0.000000000000000000e+00
2.114000000000000057e+02 5.685068161420758059e+01 0.000000000000000000e+00
2.116000000000000227e+02 5.440588203494177577e+01 0.000000000000000000e+00
2.118000000000000114e+02 5.261178575186362139e+01 0.000000000000000000e+00
2.120000000000000000e+02 5.215361924162119323e+01 2.049999800000000000e+11
2.122000000000000171e+02 4.664761515876240594e+01 2.049999800000000000e+11
2.124000000000000057e+02 4.418144406874904462e+01 2.049999800000000000e+11
2.126000000000000227e+02 3.794733192202055250e+01 2.050000200000000000e+11
2.128000000000000114e+02 3.687817782917154830e+01 2.049999800000000000e+11
2.130000000000000000e+02 3.577708763999663688e+01 2.050000200000000000e+11
2.132000000000000171e+02 3.200000000000000000e+01 2.049999800000000000e+11
2.134000000000000057e+02 3.046309242345563462e+01 2.049999800000000000e+11
2.136000000000000227e+02 2.561249694973139412e+01 2.050000200000000000e+11
2.138000000000000114e+02 2.332380757938120297e+01 2.049999800000000000e+11
2.140000000000000000e+02 2.039607805437113797e+01 2.049999800000000000e+11
2.142000000000000171e+02 2.039607805437113797e+01 2.050000200000000000e+11
2.144000000000000057e+02 1.442220510185595650e+01 2.050000200000000000e+11
2.146000000000000227e+02 1.442220510185595650e+01 2.049999800000000000e+11
2.148000000000000114e+02 1.264911064067351809e+01 2.050000200000000000e+11
2.150000000000000000e+02 8.944271909999159220e+00 2.049999800000000000e+11
2.152000000000000171e+02 5.656854249492380582e+00 2.049999800000000000e+11
2.154000000000000057e+02 8.000000000000000000e+00 2.049999800000000000e+11
2.156000000000000227e+02 8.944271909999159220e+00 2.049999800000000000e+11
2.158000000000000114e+02 5.656854249492380582e+00 2.049999800000000000e+11
2.160000000000000000e+02 8.944271909999159220e+00 0.000000000000000000e+00
2.162000000000000171e+02 8.000000000000000000e+00 0.000000000000000000e+00
2.164000000000000057e+02 8.944271909999159220e+00 0.000000000000000000e+00
2.166000000000000227e+02 8.944271909999159220e+00 0.000000000000000000e+00
2.168000000000000114e+02 1.131370849898476116e+01 0.000000000000000000e+00
2.170000000000000000e+02 8.944271909999159220e+00 0.000000000000000000e+00
2.172000000000000171e+02 8.000000000000000000e+00 0.000000000000000000e+00
2.174000000000000057e+02 8.000000000000000000e+00 0.000000000000000000e+00
2.176000000000000227e+02 5.656854249492380582e+00 0.000000000000000000e+00
2.178000000000000114e+02 5.656854249492380582e+00 0.000000000000000000e+00
2.180000000000000000e+02 4.000000000000000000e+00 0.000000000000000000e+00
2.182000000000000171e+02 4.000000000000000000e+00 0.000000000000000000e+00
2.184000000000000057e+02 4.000000000000000000e+00 0.000000000000000000e+00
2.186000000000000227e+02 4.000000000000000000e+00 0.000000000000000000e+00
2.188000000000000114e+02 5.656854249492380582e+00 0.000000000000000000e+00
2.190000000000000000e+02 8.944271909999159220e+00 0.000000000000000000e+00
2.192000000000000171e+02 8.000000000000000000e+00 0.000000000000000000e+00
2.194000000000000057e+02 8.944271909999159220e+00 0.000000000000000000e+00
2.196000000000000227e+02 8.944271909999159220e+00 0.000000000000000000e+00
2.198000000000000114e+02 1.131370849898476116e+01 0.000000000000000000e+00
2.200000000000000000e+02 8.944271909999159220e+00 2.050000200000000000e+11
2.202000000000000171e+02 8.000000000000000000e+00 2.049999800000000000e+11
2.204000000000000057e+02 8.000000000000000000e+00 2.049999800000000000e+11
2.206000000000000227e+02 4.000000000000000000e+00 2.050000200000000000e+11
2.208000000000000114e+02 4.000000000000000000e+00 2.049999800000000000e+11
2.210000000000000000e+02 0.000000000000000000e+00 2.050000200000000000e+11
2.212000000000000171e+02 0.000000000000000000e+00 2.049999800000000000e+11
2.214000000000000057e+02 0.000000000000000000e+00 2.049999800000000000e+11
2.216000000000000227e+02 0.000000000000000000e+00 2.050000200000000000e+11
2.218000000000000114e+02 4.000000000000000000e+00 2.050000200000000000e+11
2.220000000000000000e+02 4.000000000000000000e+00 2.050000200000000000e+11
2.222000000000000171e+02 4.000000000000000000e+00 2.049999800000000000e+11
2.224000000000000057e+02 4.000000000000000000e+00 2.050000200000000000e+11
2.226000000000000227e+02 5.656854249492380582e+00 2.049999800000000000e+11
2.228000000000000114e+02 5.656854249492380582e+00 2.049999800000000000e+11
2.230000000000000000e+02 5.656854249492380582e+00 2.049999800000000000e+11
2.232000000000000171e+02 5.656854249492380582e+00 2.050000200000000000e+11
2.234000000000000057e+02 4.000000000000000000e+00 2.050000200000000000e+11
2.236000000000000227e+02 4.000000000000000000e+00 2.049999800000000000e+11
2.238000000000000114e+02 4.000000000000000000e+00 2.049999800000000000e+11
2.240000000000000000e+02 0.000000000000000000e+00 0.000000000000000000e+00
2.242000000000000171e+02 0.000000000000000000e+00 0.000000000000000000e+00
2.244000000000000057e+02 0.000000000000000000e+00 0.000000000000000000e+00
2.246000000000000227e+02 0.000000000000000000e+00 0.000000000000000000e+00
2.248000000000000114e+02 4.000000000000000000e+00 0.000000000000000000e+00
2.250000000000000000e+02 4.000000000000000000e+00 0.000000000000000000e+00
2.252000000000000171e+02 4.000000000000000000e+00 0.000000000000000000e+00
2.254000000000000057e+02 5.656854249492380582e+00 0.000000000000000000e+00
2.256000000000000227e+02 5.656854249492380582e+00 0.000000000000000000e+00
2.258000000000000114e+02 5.656854249492380582e+00 0.000000000000000000e+00
2.260000000000000000e+02 4.000000000000000000e+00 0.000000000000000000e+00
2.262000000000000171e+02 4.000000000000000000e+00 0.000000000000000000e+00
2.264000000000000057e+02 4.000000000000000000e+00 0.000000000000000000e+00
2.266000000000000227e+02 4.000000000000000000e+00 0.000000000000000000e+00
2.268000000000000114e+02 0.000000000000000000e+00 0.000000000000000000e+00
2.270000000000000000e+02 0.000000000000000000e+00 0.000000000000000000e+00
2.272000000000000171e+02 0.000000000000000000e+00 0.000000000000000000e+00
2.274000000000000057e+02 4.000000000000000000e+00 0.000000000000000000e+00
2.276000000000000227e+02 4.000000000000000000e+00 0.000000000000000000e+00
2.278000000000000114e+02 4.000000000000000000e+00 0.000000000000000000e+00
2.280000000000000000e+02 4.000000000000000000e+00 2.050000200000000000e+11
2.282000000000000171e+02 5.656854249492380582e+00 2.049999800000000000e+11
2.284000000000000057e+02 5.656854249492380582e+00 2.049999800000000000e+11
2.286000000000000227e+02 5.656854249492380582e+00 2.049999800000000000e+11
2.288000000000000114e+02 4.000000000000000000e+00 2.050000200000000000e+11
2.290000000000000000e+02 4.000000000000000000e+00 2.049999800000000000e+11
2.292000000000000171e+02 4.000000000000000000e+00 2.050000200000000000e+11
2.294000000000000057e+02 4.000000000000000000e+00 2.049999800000000000e+11
2.296000000000000227e+02 0.000000000000000000e+00 2.050000200000000000e+11
2.298000000000000114e+02 0.000000000000000000e+00 2.049999800000000000e+11
2.300000000000000000e+02 0.000000000000000000e+00 2.050000200000000000e+11
2.302000000000000171e+02 4.000000000000000000e+00 2.049999800000000000e+11
2.304000000000000057e+02 4.000000000000000000e+00 2.050000200000000000e+11
2.306000000000000227e+02 4.000000000000000000e+00 2.049999800000000000e+11
2.308000000000000114e+02 4.000000000000000000e+00 2.050000200000000000e+11
2.310000000000000000e+02 5.656854249492380582e+00 2.050000200000000000e+11
2.312000000000000171e+02 5.656854249492380582e+00 2.049999800000000000e+11
2.314000000000000057e+02 5.656854249492380582e+00 2.049999800000000000e+11
2.316000000000000227e+02 4.000000000000000000e+00 2.049999800000000000e+11
2.318000000000000114e+02 4.000000000000000000e+00 2.049999800000000000e+11
2.320000000000000000e+02 4.000000000000000000e+00 0.000000000000000000e+00
2.322000000000000171e+02 0.000000000000000000e+00 0.000000000000000000e+00
2.324000000000000057e+02 0.000000000000000000e+00 0.000000000000000000e+00
2.326000000000000227e+02 0.000000000000000000e+00 0.000000000000000000e+00
2.328000000000000114e+02 0.000000000000000000e+00 0.000000000000000000e+00
2.330000000000000000e+02 4.000000000000000000e+00 0.000000000000000000e+00
2.332000000000000171e+02 4.000000000000000000e+00 0.000000000000000000e+00
2.334000000000000057e+02 4.000000000000000000e+00 0.000000000000000000e+00
2.336000000000000227e+02 5.656854249492380582e+00 0.000000000000000000e+00
2.338000000000000114e+02 5.656854249492380582e+00 0.000000000000000000e+00
2.340000000000000000e+02 5.656854249492380582e+00 0.000000000000000000e+00
2.342000000000000171e+02 5.656854249492380582e+00 0.000000000000000000e+00
2.344000000000000057e+02 4.000000000000000000e+00 0.000000000000000000e+00
2.346000000000000227e+02 4.000000000000000000e+00 0.000000000000000000e+00
2.348000000000000114e+02 4.000000000000000000e+00 0.000000000000000000e+00
2.350000000000000000e+02 0.000000000000000000e+00 0.000000000000000000e+00
2.352000000000000171e+02 0.000000000000000000e+00 0.000000000000000000e+00
2.354000000000000057e+02 0.000000000000000000e+00 0.000000000000000000e+00
2.356000000000000227e+02 4.000000000000000000e+00 0.000000000000000000e+00
2.358000000000000114e+02 4.000000000000000000e+00 0.000000000000000000e+00
2.360000000000000000e+02 4.000000000000000000e+00 2.049999800000000000e+11
2.362000000000000171e+02 4.000000000000000000e+00 2.049999800000000000e+11
2.364000000000000057e+02 5.656854249492380582e+00 2.049999800000000000e+11
2.366000000000000227e+02 5.656854249492380582e+00 2.049999800000000000e+11
2.368000000000000114e+02 5.656854249492380582e+00 2.050000200000000000e+11
2.370000000000000000e+02 4.000000000000000000e+00 2.049999800000000000e+11
2.372000000000000171e+02 4.000000000000000000e+00 2.049999800000000000e+11
2.374000000000000057e+02 4.000000000000000000e+00 2.050000200000000000e+11
2.376000000000000227e+02 4.000000000000000000e+00 2.050000200000000000e+11
2.378000000000000114e+02 0.000000000000000000e+00 2.049999800000000000e+11
2.380000000000000000e+02 0.000000000000000000e+00 2.050000200000000000e+11
2.382000000000000171e+02 0.000000000000000000e+00 2.049999800000000000e+11
2.384000000000000057e+02 4.000000000000000000e+00 2.050000200000000000e+11
2.386000000000000227e+02 4.000000000000000000e+00 2.049999800000000000e+11
2.388000000000000114e+02 4.000000000000000000e+00 2.049999800000000000e+11
2.390000000000000000e+02 4.000000000000000000e+00 2.050000200000000000e+11
2.392000000000000171e+02 5.656854249492380582e+00 2.049999800000000000e+11
2.394000000000000057e+02 5.656854249492380582e+00 2.049999800000000000e+11
2.396000000000000227e+02 5.656854249492380582e+00 2.050000200000000000e+11
2.398000000000000114e+02 4.000000000000000000e+00 2.050000200000000000e+11
