8.400000000000000000e+02 4.000000000000000000e+00 0.000000000000000000e+00
8.402000000000000455e+02 4.000000000000000000e+00 0.000000000000000000e+00
8.404000000000000909e+02 4.000000000000000000e+00 0.000000000000000000e+00
8.406000000000000227e+02 5.656854249492380582e+00 0.000000000000000000e+00
8.408000000000000682e+02 5.656854249492380582e+00 0.000000000000000000e+00
8.410000000000000000e+02 5.656854249492380582e+00 0.000000000000000000e+00
8.412000000000000455e+02 5.656854249492380582e+00 0.000000000000000000e+00
8.414000000000000909e+02 5.656854249492380582e+00 0.000000000000000000e+00
8.416000000000000227e+02 5.656854249492380582e+00 0.000000000000000000e+00
8.418000000000000682e+02 4.000000000000000000e+00 0.000000000000000000e+00
8.420000000000000000e+02 4.000000000000000000e+00 0.000000000000000000e+00
8.422000000000000455e+02 4.000000000000000000e+00 0.000000000000000000e+00
8.424000000000000909e+02 4.000000000000000000e+00 0.000000000000000000e+00
8.426000000000000227e+02 0.000000000000000000e+00 0.000000000000000000e+00
8.428000000000000682e+02 0.000000000000000000e+00 0.000000000000000000e+00
8.430000000000000000e+02 5.656854249492380582e+00 0.000000000000000000e+00
8.432000000000000455e+02 5.656854249492380582e+00 0.000000000000000000e+00
8.434000000000000909e+02 5.656854249492380582e+00 0.000000000000000000e+00
8.436000000000000227e+02 5.656854249492380582e+00 0.000000000000000000e+00
8.438000000000000682e+02 5.656854249492380582e+00 0.000000000000000000e+00
8.440000000000000000e+02 5.656854249492380582e+00 2.200000300000000000e+11
8.442000000000000455e+02 5.656854249492380582e+00 2.200000300000000000e+11
8.444000000000000909e+02 4.000000000000000000e+00 2.200000300000000000e+11
8.446000000000000227e+02 4.000000000000000000e+00 2.200000300000000000e+11
8.448000000000000682e+02 4.000000000000000000e+00 2.200000300000000000e+11
8.450000000000000000e+02 4.000000000000000000e+00 2.200000300000000000e+11
8.452000000000000455e+02 0.000000000000000000e+00 2.200000300000000000e+11
8.454000000000000909e+02 0.000000000000000000e+00 2.200000300000000000e+11
8.456000000000000227e+02 0.000000000000000000e+00 2.200000300000000000e+11
8.458000000000000682e+02 4.000000000000000000e+00 2.200000300000000000e+11
8.460000000000000000e+02 4.000000000000000000e+00 2.200000300000000000e+11
8.462000000000000455e+02 5.656854249492380582e+00 2.200000300000000000e+11
8.464000000000000909e+02 5.656854249492380582e+00 2.200000300000000000e+11
8.466000000000000227e+02 5.656854249492380582e+00 2.200000300000000000e+11
8.468000000000000682e+02 5.656854249492380582e+00 2.200000300000000000e+11
8.470000000000000000e+02 5.656854249492380582e+00 2.200000300000000000e+11
8.472000000000000455e+02 4.000000000000000000e+00 2.200000300000000000e+11
8.474000000000000909e+02 4.000000000000000000e+00 2.200000300000000000e+11
8.476000000000000227e+02 4.000000000000000000e+00 2.200000300000000000e+11
8.478000000000000682e+02 0.000000000000000000e+00 2.200000300000000000e+11
8.480000000000000000e+02 0.000000000000000000e+00 0.000000000000000000e+00
8.482000000000000455e+02 0.000000000000000000e+00 0.000000000000000000e+00
8.484000000000000909e+02 0.000000000000000000e+00 0.000000000000000000e+00
8.486000000000000227e+02 4.000000000000000000e+00 0.000000000000000000e+00
8.488000000000000682e+02 4.000000000000000000e+00 0.000000000000000000e+00
8.490000000000000000e+02 4.000000000000000000e+00 0.000000000000000000e+00
8.492000000000000455e+02 5.656854249492380582e+00 0.000000000000000000e+00
8.494000000000000909e+02 5.656854249492380582e+00 0.000000000000000000e+00
8.496000000000000227e+02 5.656854249492380582e+00 0.000000000000000000e+00
8.498000000000000682e+02 5.656854249492380582e+00 0.000000000000000000e+00
8.500000000000000000e+02 4.000000000000000000e+00 0.000000000000000000e+00
8.502000000000000455e+02 4.000000000000000000e+00 0.000000000000000000e+00
8.504000000000000909e+02 4.000000000000000000e+00 0.000000000000000000e+00
8.506000000000000227e+02 0.000000000000000000e+00 0.000000000000000000e+00
8.508000000000000682e+02 0.000000000000000000e+00 0.000000000000000000e+00
8.510000000000000000e+02 0.000000000000000000e+00 0.000000000000000000e+00
8.512000000000000455e+02 4.000000000000000000e+00 0.000000000000000000e+00
8.514000000000000909e+02 4.000000000000000000e+00 0.000000000000000000e+00
8.516000000000000227e+02 4.000000000000000000e+00 0.000000000000000000e+00
8.518000000000000682e+02 5.656854249492380582e+00 0.000000000000000000e+00
8.520000000000000000e+02 5.656854249492380582e+00 2.200000300000000000e+11
8.522000000000000455e+02 5.656854249492380582e+00 2.200000300000000000e+11
8.524000000000000909e+02 5.656854249492380582e+00 2.200000300000000000e+11
8.526000000000000227e+02 4.000000000000000000e+00 2.200000300000000000e+11
8.528000000000000682e+02 4.000000000000000000e+00 2.200000300000000000e+11
8.530000000000000000e+02 4.000000000000000000e+00 2.200000300000000000e+11
8.532000000000000455e+02 4.000000000000000000e+00 2.200000300000000000e+11
8.534000000000000909e+02 0.000000000000000000e+00 2.200000300000000000e+11
8.536000000000000227e+02 0.000000000000000000e+00 2.200000300000000000e+11
8.538000000000000682e+02 0.000000000000000000e+00 2.200000300000000000e+11
8.540000000000000000e+02 4.000000000000000000e+00 2.200000300000000000e+11
8.542000000000000455e+02 4.000000000000000000e+00 2.200000300000000000e+11
8.544000000000000909e+02 4.000000000000000000e+00 2.200000300000000000e+11
8.546000000000000227e+02 5.656854249492380582e+00 2.200000300000000000e+11
8.548000000000000682e+02 5.656854249492380582e+00 2.200000300000000000e+11
8.550000000000000000e+02 5.656854249492380582e+00 2.200000300000000000e+11
8.552000000000000455e+02 5.656854249492380582e+00 2.200000300000000000e+11
8.554000000000000909e+02 4.000000000000000000e+00 2.200000300000000000e+11
8.556000000000000227e+02 4.000000000000000000e+00 2.200000300000000000e+11
8.558000000000000682e+02 4.000000000000000000e+00 2.200000300000000000e+11
8.560000000000000000e+02 0.000000000000000000e+00 0.000000000000000000e+00
8.562000000000000455e+02 0.000000000000000000e+00 0.000000000000000000e+00
8.564000000000000909e+02 0.000000000000000000e+00 0.000000000000000000e+00
8.566000000000000227e+02 0.000000000000000000e+00 0.000000000000000000e+00
8.568000000000000682e+02 4.000000000000000000e+00 0.000000000000000000e+00
8.570000000000000000e+02 4.000000000000000000e+00 0.000000000000000000e+00
8.572000000000000455e+02 4.000000000000000000e+00 0.000000000000000000e+00
8.574000000000000909e+02 5.656854249492380582e+00 0.000000000000000000e+00
8.576000000000000227e+02 5.656854249492380582e+00 0.000000000000000000e+00
8.578000000000000682e+02 5.656854249492380582e+00 0.000000000000000000e+00
8.580000000000000000e+02 4.000000000000000000e+00 0.000000000000000000e+00
8.582000000000000455e+02 4.000000000000000000e+00 0.000000000000000000e+00
8.584000000000000909e+02 4.000000000000000000e+00 0.000000000000000000e+00
8.586000000000000227e+02 4.000000000000000000e+00 0.000000000000000000e+00
8.588000000000000682e+02 0.000000000000000000e+00 0.000000000000000000e+00
8.590000000000000000e+02 0.000000000000000000e+00 0.000000000000000000e+00
8.592000000000000455e+02 0.000000000000000000e+00 0.000000000000000000e+00
8.594000000000000909e+02 4.000000000000000000e+00 0.000000000000000000e+00
8.596000000000000227e+02 4.000000000000000000e+00 0.000000000000000000e+00
8.598000000000000682e+02 4.000000000000000000e+00 0.000000000000000000e+00
8.600000000000000000e+02 5.656854249492380582e+00 2.200000300000000000e+11
8.602000000000000455e+02 5.656854249492380582e+00 2.200000300000000000e+11
8.604000000000000909e+02 5.656854249492380582e+00 2.200000300000000000e+11
8.606000000000000227e+02 5.656854249492380582e+00 2.200000300000000000e+11
8.608000000000000682e+02 4.000000000000000000e+00 2.200000300000000000e+11
8.610000000000000000e+02 4.000000000000000000e+00 2.200000300000000000e+11
8.612000000000000455e+02 4.000000000000000000e+00 2.200000300000000000e+11
8.614000000000000909e+02 0.000000000000000000e+00 2.200000300000000000e+11
8.616000000000000227e+02 0.000000000000000000e+00 2.200000300000000000e+11
8.618000000000000682e+02 0.000000000000000000e+00 2.200000300000000000e+11
8.620000000000000000e+02 0.000000000000000000e+00 2.200000300000000000e+11
8.622000000000000455e+02 4.000000000000000000e+00 2.200000300000000000e+11
8.624000000000000909e+02 4.000000000000000000e+00 2.200000300000000000e+11
8.626000000000000227e+02 4.000000000000000000e+00 2.200000300000000000e+11
8.628000000000000682e+02 5.656854249492380582e+00 2.200000300000000000e+11
8.630000000000000000e+02 5.656854249492380582e+00 2.200000300000000000e+11
8.632000000000000455e+02 5.656854249492380582e+00 2.200000300000000000e+11
8.634000000000000909e+02 5.656854249492380582e+00 2.200000300000000000e+11
8.636000000000000227e+02 4.000000000000000000e+00 2.200000300000000000e+11
8.638000000000000682e+02 4.000000000000000000e+00 2.200000300000000000e+11
8.640000000000000000e+02 4.000000000000000000e+00 0.000000000000000000e+00
8.642000000000000455e+02 0.000000000000000000e+00 0.000000000000000000e+00
8.644000000000000909e+02 0.000000000000000000e+00 0.000000000000000000e+00
8.646000000000000227e+02 0.000000000000000000e+00 0.000000000000000000e+00
8.648000000000000682e+02 4.000000000000000000e+00 0.000000000000000000e+00
8.650000000000000000e+02 4.000000000000000000e+00 0.000000000000000000e+00
8.652000000000000455e+02 4.000000000000000000e+00 0.000000000000000000e+00
8.654000000000000909e+02 4.000000000000000000e+00 0.000000000000000000e+00
8.656000000000000227e+02 5.656854249492380582e+00 0.000000000000000000e+00
8.658000000000000682e+02 5.656854249492380582e+00 0.000000000000000000e+00
8.660000000000000000e+02 5.656854249492380582e+00 0.000000000000000000e+00
8.662000000000000455e+02 4.000000000000000000e+00 0.000000000000000000e+00
8.664000000000000909e+02 4.000000000000000000e+00 0.000000000000000000e+00
8.666000000000000227e+02 4.000000000000000000e+00 0.000000000000000000e+00
8.668000000000000682e+02 4.000000000000000000e+00 0.000000000000000000e+00
8.670000000000000000e+02 0.000000000000000000e+00 0.000000000000000000e+00
8.672000000000000455e+02 0.000000000000000000e+00 0.000000000000000000e+00
8.674000000000000909e+02 0.000000000000000000e+00 0.000000000000000000e+00
8.676000000000000227e+02 4.000000000000000000e+00 0.000000000000000000e+00
8.678000000000000682e+02 4.000000000000000000e+00 0.000000000000000000e+00
8.680000000000000000e+02 4.000000000000000000e+00 2.200000300000000000e+11
8.682000000000000455e+02 5.656854249492380582e+00 2.200000300000000000e+11
8.684000000000000909e+02 5.656854249492380582e+00 2.200000300000000000e+11
8.686000000000000227e+02 5.656854249492380582e+00 2.200000300000000000e+11
8.688000000000000682e+02 5.656854249492380582e+00 2.200000300000000000e+11
8.690000000000000000e+02 4.000000000000000000e+00 2.200000300000000000e+11
8.692000000000000455e+02 4.000000000000000000e+00 2.200000300000000000e+11
8.694000000000000909e+02 4.000000000000000000e+00 2.200000300000000000e+11
8.696000000000000227e+02 0.000000000000000000e+00 2.200000300000000000e+11
8.698000000000000682e+02 0.000000000000000000e+00 2.200000300000000000e+11
8.700000000000000000e+02 0.000000000000000000e+00 2.200000300000000000e+11
8.702000000000000455e+02 0.000000000000000000e+00 2.200000300000000000e+11
8.704000000000000909e+02 4.000000000000000000e+00 2.200000300000000000e+11
8.706000000000000227e+02 4.000000000000000000e+00 2.200000300000000000e+11
8.708000000000000682e+02 4.000000000000000000e+00 2.200000300000000000e+11
8.710000000000000000e+02 5.656854249492380582e+00 2.200000300000000000e+11
8.712000000000000455e+02 5.656854249492380582e+00 2.200000300000000000e+11
8.714000000000000909e+02 5.656854249492380582e+00 2.200000300000000000e+11
8.716000000000000227e+02 5.656854249492380582e+00 2.200000300000000000e+11
8.718000000000000682e+02 4.000000000000000000e+00 2.200000300000000000e+11
8.720000000000000000e+02 4.000000000000000000e+00 0.000000000000000000e+00
8.722000000000000455e+02 4.000000000000000000e+00 0.000000000000000000e+00
8.724000000000000909e+02 0.000000000000000000e+00 0.000000000000000000e+00
8.726000000000000227e+02 0.000000000000000000e+00 0.000000000000000000e+00
8.728000000000000682e+02 0.000000000000000000e+00 0.000000000000000000e+00
8.730000000000000000e+02 4.000000000000000000e+00 0.000000000000000000e+00
8.732000000000000455e+02 4.000000000000000000e+00 0.000000000000000000e+00
8.734000000000000909e+02 4.000000000000000000e+00 0.000000000000000000e+00
8.736000000000000227e+02 4.000000000000000000e+00 0.000000000000000000e+00
8.738000000000000682e+02 5.656854249492380582e+00 0.000000000000000000e+00
8.740000000000000000e+02 5.656854249492380582e+00 0.000000000000000000e+00
8.742000000000000455e+02 5.656854249492380582e+00 0.000000000000000000e+00
8.744000000000000909e+02 4.000000000000000000e+00 0.000000000000000000e+00
8.746000000000000227e+02 4.000000000000000000e+00 0.000000000000000000e+00
8.748000000000000682e+02 4.000000000000000000e+00 0.000000000000000000e+00
8.750000000000000000e+02 0.000000000000000000e+00 0.000000000000000000e+00
8.752000000000000455e+02 0.000000000000000000e+00 0.000000000000000000e+00
8.754000000000000909e+02 0.000000000000000000e+00 0.000000000000000000e+00
8.756000000000000227e+02 0.000000000000000000e+00 0.000000000000000000e+00
8.758000000000000682e+02 4.000000000000000000e+00 0.000000000000000000e+00
8.760000000000000000e+02 4.000000000000000000e+00 2.200000300000000000e+11
8.762000000000000455e+02 4.000000000000000000e+00 2.200000300000000000e+11
8.764000000000000909e+02 5.656854249492380582e+00 2.200000300000000000e+11
8.766000000000000227e+02 5.656854249492380582e+00 2.200000300000000000e+11
8.768000000000000682e+02 5.656854249492380582e+00 2.200000300000000000e+11
8.770000000000000000e+02 5.656854249492380582e+00 2.200000300000000000e+11
8.772000000000000455e+02 4.000000000000000000e+00 2.200000300000000000e+11
8.774000000000000909e+02 4.000000000000000000e+00 2.200000300000000000e+11
8.776000000000000227e+02 4.000000000000000000e+00 2.200000300000000000e+11
8.778000000000000682e+02 0.000000000000000000e+00 2.200000300000000000e+11
8.780000000000000000e+02 0.000000000000000000e+00 2.200000300000000000e+11
8.782000000000000455e+02 0.000000000000000000e+00 2.200000300000000000e+11
8.784000000000000909e+02 0.000000000000000000e+00 2.200000300000000000e+11
8.786000000000000227e+02 4.000000000000000000e+00 2.200000300000000000e+11
8.788000000000000682e+02 4.000000000000000000e+00 2.200000300000000000e+11
8.790000000000000000e+02 4.000000000000000000e+00 2.200000300000000000e+11
8.792000000000000455e+02 5.656854249492380582e+00 2.200000300000000000e+11
8.794000000000000909e+02 5.656854249492380582e+00 2.200000300000000000e+11
8.796000000000000227e+02 5.656854249492380582e+00 2.200000300000000000e+11
8.798000000000000682e+02 4.000000000000000000e+00 2.200000300000000000e+11
8.800000000000000000e+02 4.000000000000000000e+00 0.000000000000000000e+00
8.802000000000000455e+02 4.000000000000000000e+00 0.000000000000000000e+00
8.804000000000000909e+02 4.000000000000000000e+00 0.000000000000000000e+00
8.806000000000000227e+02 0.000000000000000000e+00 0.000000000000000000e+00
8.808000000000000682e+02 0.000000000000000000e+00 0.000000000000000000e+00
8.810000000000000000e+02 0.000000000000000000e+00 0.000000000000000000e+00
8.812000000000000455e+02 4.000000000000000000e+00 0.000000000000000000e+00
8.814000000000000909e+02 4.000000000000000000e+00 0.000000000000000000e+00
8.816000000000000227e+02 4.000000000000000000e+00 0.000000000000000000e+00
8.818000000000000682e+02 4.000000000000000000e+00 0.000000000000000000e+00
8.820000000000000000e+02 5.656854249492380582e+00 0.000000000000000000e+00
8.822000000000000455e+02 5.656854249492380582e+00 0.000000000000000000e+00
8.824000000000000909e+02 5.656854249492380582e+00 0.000000000000000000e+00
8.826000000000000227e+02 4.000000000000000000e+00 0.000000000000000000e+00
8.828000000000000682e+02 4.000000000000000000e+00 0.000000000000000000e+00
8.830000000000000000e+02 4.000000000000000000e+00 0.000000000000000000e+00
8.832000000000000455e+02 0.000000000000000000e+00 0.000000000000000000e+00
8.834000000000000909e+02 0.000000000000000000e+00 0.000000000000000000e+00
8.836000000000000227e+02 0.000000000000000000e+00 0.000000000000000000e+00
8.838000000000000682e+02 0.000000000000000000e+00 0.000000000000000000e+00
8.840000000000000000e+02 4.000000000000000000e+00 2.200000300000000000e+11
8.842000000000000455e+02 4.000000000000000000e+00 2.200000300000000000e+11
8.844000000000000909e+02 4.000000000000000000e+00 2.200000300000000000e+11
8.846000000000000227e+02 5.656854249492380582e+00 2.200000300000000000e+11
8.848000000000000682e+02 5.656854249492380582e+00 2.200000300000000000e+11
8.850000000000000000e+02 5.656854249492380582e+00 2.200000300000000000e+11
8.852000000000000455e+02 5.656854249492380582e+00 2.200000300000000000e+11
8.854000000000000909e+02 4.000000000000000000e+00 2.200000300000000000e+11
8.856000000000000227e+02 4.000000000000000000e+00 2.200000300000000000e+11
8.858000000000000682e+02 4.000000000000000000e+00 2.200000300000000000e+11
8.860000000000000000e+02 0.000000000000000000e+00 2.200000300000000000e+11
8.862000000000000455e+02 0.000000000000000000e+00 2.200000300000000000e+11
8.864000000000000909e+02 0.000000000000000000e+00 2.200000300000000000e+11
8.866000000000000227e+02 4.000000000000000000e+00 2.200000300000000000e+11
8.868000000000000682e+02 4.000000000000000000e+00 2.200000300000000000e+11
8.870000000000000000e+02 4.000000000000000000e+00 2.200000300000000000e+11
8.872000000000000455e+02 4.000000000000000000e+00 2.200000300000000000e+11
8.874000000000000909e+02 5.656854249492380582e+00 2.200000300000000000e+11
8.876000000000000227e+02 5.656854249492380582e+00 2.200000300000000000e+11
8.878000000000000682e+02 5.656854249492380582e+00 2.200000300000000000e+11
8.880000000000000000e+02 4.000000000000000000e+00 0.000000000000000000e+00
8.882000000000000455e+02 4.000000000000000000e+00 0.000000000000000000e+00
8.884000000000000909e+02 4.000000000000000000e+00 0.000000000000000000e+00
8.886000000000000227e+02 4.000000000000000000e+00 0.000000000000000000e+00
8.888000000000000682e+02 0.000000000000000000e+00 0.000000000000000000e+00
8.890000000000000000e+02 0.000000000000000000e+00 0.000000000000000000e+00
8.892000000000000455e+02 0.000000000000000000e+00 0.000000000000000000e+00
8.894000000000000909e+02 4.000000000000000000e+00 0.000000000000000000e+00
8.896000000000000227e+02 4.000000000000000000e+00 0.000000000000000000e+00
8.898000000000000682e+02 4.000000000000000000e+00 0.000000000000000000e+00
8.900000000000000000e+02 4.000000000000000000e+00 0.000000000000000000e+00
8.902000000000000455e+02 5.656854249492380582e+00 0.000000000000000000e+00
8.904000000000000909e+02 5.656854249492380582e+00 0.000000000000000000e+00
8.906000000000000227e+02 5.656854249492380582e+00 0.000000000000000000e+00
8.908000000000000682e+02 4.000000000000000000e+00 0.000000000000000000e+00
8.910000000000000000e+02 4.000000000000000000e+00 0.000000000000000000e+00
8.912000000000000455e+02 4.000000000000000000e+00 0.000000000000000000e+00
8.914000000000000909e+02 0.000000000000000000e+00 0.000000000000000000e+00
8.916000000000000227e+02 0.000000000000000000e+00 0.000000000000000000e+00
8.918000000000000682e+02 0.000000000000000000e+00 0.000000000000000000e+00
8.920000000000000000e+02 0.000000000000000000e+00 2.200000300000000000e+11
8.922000000000000455e+02 4.000000000000000000e+00 2.200000300000000000e+11
8.924000000000000909e+02 4.000000000000000000e+00 2.200000300000000000e+11
8.926000000000000227e+02 4.000000000000000000e+00 2.200000300000000000e+11
8.928000000000000682e+02 5.656854249492380582e+00 2.200000300000000000e+11
8.930000000000000000e+02 5.656854249492380582e+00 2.200000300000000000e+11
8.932000000000000455e+02 5.656854249492380582e+00 2.200000300000000000e+11
8.934000000000000909e+02 5.656854249492380582e+00 2.200000300000000000e+11
8.936000000000000227e+02 4.000000000000000000e+00 2.200000300000000000e+11
8.938000000000000682e+02 4.000000000000000000e+00 2.200000300000000000e+11
8.940000000000000000e+02 4.000000000000000000e+00 2.200000300000000000e+11
8.942000000000000455e+02 0.000000000000000000e+00 2.200000300000000000e+11
8.944000000000000909e+02 0.000000000000000000e+00 2.200000300000000000e+11
8.946000000000000227e+02 0.000000000000000000e+00 2.200000300000000000e+11
8.948000000000000682e+02 0.000000000000000000e+00 2.200000300000000000e+11
8.950000000000000000e+02 4.000000000000000000e+00 2.200000300000000000e+11
8.952000000000000455e+02 4.000000000000000000e+00 2.200000300000000000e+11
8.954000000000000909e+02 4.000000000000000000e+00 2.200000300000000000e+11
8.956000000000000227e+02 4.000000000000000000e+00 2.200000300000000000e+11
8.958000000000000682e+02 5.656854249492380582e+00 2.200000300000000000e+11
8.960000000000000000e+02 5.656854249492380582e+00 0.000000000000000000e+00
8.962000000000000455e+02 5.656854249492380582e+00 0.000000000000000000e+00
8.964000000000000909e+02 4.000000000000000000e+00 0.000000000000000000e+00
8.966000000000000227e+02 4.000000000000000000e+00 0.000000000000000000e+00
8.968000000000000682e+02 4.000000000000000000e+00 0.000000000000000000e+00
8.970000000000000000e+02 4.000000000000000000e+00 0.000000000000000000e+00
8.972000000000000455e+02 0.000000000000000000e+00 0.000000000000000000e+00
8.974000000000000909e+02 0.000000000000000000e+00 0.000000000000000000e+00
8.976000000000000227e+02 0.000000000000000000e+00 0.000000000000000000e+00
8.978000000000000682e+02 0.000000000000000000e+00 0.000000000000000000e+00
8.980000000000000000e+02 4.000000000000000000e+00 0.000000000000000000e+00
8.982000000000000455e+02 4.000000000000000000e+00 0.000000000000000000e+00
8.984000000000000909e+02 4.000000000000000000e+00 0.000000000000000000e+00
8.986000000000000227e+02 4.000000000000000000e+00 0.000000000000000000e+00
8.988000000000000682e+02 5.656854249492380582e+00 0.000000000000000000e+00
8.990000000000000000e+02 5.656854249492380582e+00 0.000000000000000000e+00
8.992000000000000455e+02 5.656854249492380582e+00 0.000000000000000000e+00
8.994000000000000909e+02 4.000000000000000000e+00 0.000000000000000000e+00
8.996000000000000227e+02 4.000000000000000000e+00 0.000000000000000000e+00
8.998000000000000682e+02 4.000000000000000000e+00 0.000000000000000000e+00
9.000000000000000000e+02 4.000000000000000000e+00 2.200000300000000000e+11
9.002000000000000455e+02 0.000000000000000000e+00 2.200000300000000000e+11
9.004000000000000909e+02 0.000000000000000000e+00 2.200000300000000000e+11
9.006000000000000227e+02 0.000000000000000000e+00 2.200000300000000000e+11
9.008000000000000682e+02 0.000000000000000000e+00 2.200000300000000000e+11
9.010000000000000000e+02 4.000000000000000000e+00 2.200000300000000000e+11
9.012000000000000455e+02 4.000000000000000000e+00 2.200000300000000000e+11
9.014000000000000909e+02 4.000000000000000000e+00 2.200000300000000000e+11
9.016000000000000227e+02 8.000000000000000000e+00 2.200000300000000000e+11
9.018000000000000682e+02 8.944271909999159220e+00 2.200000300000000000e+11
9.020000000000000000e+02 8.944271909999159220e+00 2.200000300000000000e+11
9.022000000000000455e+02 8.944271909999159220e+00 2.200000300000000000e+11
9.024000000000000909e+02 8.944271909999159220e+00 2.200000300000000000e+11
9.026000000000000227e+02 8.000000000000000000e+00 2.200000300000000000e+11
9.028000000000000682e+02 8.944271909999159220e+00 2.200000300000000000e+11
9.030000000000000000e+02 8.944271909999159220e+00 2.200000300000000000e+11
9.032000000000000455e+02 8.944271909999159220e+00 2.200000300000000000e+11
9.034000000000000909e+02 8.000000000000000000e+00 2.200000300000000000e+11
9.036000000000000227e+02 8.944271909999159220e+00 2.200000300000000000e+11
9.038000000000000682e+02 8.944271909999159220e+00 2.200000300000000000e+11
9.040000000000000000e+02 1.200000000000000000e+01 0.000000000000000000e+00
9.042000000000000455e+02 1.442220510185595650e+01 0.000000000000000000e+00
9.044000000000000909e+02 1.442220510185595650e+01 0.000000000000000000e+00
9.046000000000000227e+02 1.649242250247064234e+01 0.000000000000000000e+00
9.048000000000000682e+02 1.649242250247064234e+01 0.000000000000000000e+00
9.050000000000000000e+02 1.788854381999831844e+01 0.000000000000000000e+00
9.052000000000000455e+02 1.697056274847713908e+01 0.000000000000000000e+00
9.054000000000000909e+02 1.649242250247064234e+01 0.000000000000000000e+00
9.056000000000000227e+02 1.600000000000000000e+01 0.000000000000000000e+00
9.058000000000000682e+02 1.264911064067351809e+01 0.000000000000000000e+00
9.060000000000000000e+02 1.131370849898476116e+01 0.000000000000000000e+00
9.062000000000000455e+02 1.264911064067351809e+01 0.000000000000000000e+00
9.064000000000000909e+02 1.200000000000000000e+01 0.000000000000000000e+00
9.066000000000000227e+02 8.944271909999159220e+00 0.000000000000000000e+00
9.068000000000000682e+02 8.944271909999159220e+00 0.000000000000000000e+00
9.070000000000000000e+02 1.200000000000000000e+01 0.000000000000000000e+00
9.072000000000000455e+02 1.264911064067351809e+01 0.000000000000000000e+00
9.074000000000000909e+02 1.442220510185595650e+01 0.000000000000000000e+00
9.076000000000000227e+02 1.264911064067351809e+01 0.000000000000000000e+00
9.078000000000000682e+02 1.600000000000000000e+01 0.000000000000000000e+00
9.080000000000000000e+02 1.442220510185595650e+01 2.200000300000000000e+11
9.082000000000000455e+02 1.697056274847713908e+01 2.200000300000000000e+11
9.084000000000000909e+02 1.788854381999831844e+01 2.200000300000000000e+11
9.086000000000000227e+02 2.000000000000000000e+01 2.200000300000000000e+11
9.088000000000000682e+02 2.039607805437113797e+01 2.200000300000000000e+11
9.090000000000000000e+02 2.000000000000000000e+01 2.200000300000000000e+11
9.092000000000000455e+02 2.154065922853801496e+01 2.200000300000000000e+11
9.094000000000000909e+02 2.400000000000000000e+01 2.200000300000000000e+11
9.096000000000000227e+02 2.332380757938120297e+01 2.200000300000000000e+11
9.098000000000000682e+02 2.561249694973139412e+01 2.200000300000000000e+11
9.100000000000000000e+02 2.912043955712207222e+01 2.200000300000000000e+11
9.102000000000000455e+02 3.298484500494128469e+01 2.200000300000000000e+11
9.104000000000000909e+02 4.000000000000000000e+01 2.200000300000000000e+11
9.106000000000000227e+02 4.326661530556787483e+01 2.200000300000000000e+11
9.108000000000000682e+02 4.866210024238575471e+01 2.200000300000000000e+11
9.110000000000000000e+02 5.336665625650533684e+01 2.200000300000000000e+11
9.112000000000000455e+02 6.000000000000000000e+01 2.200000300000000000e+11
9.114000000000000909e+02 6.657326790837295505e+01 2.200000300000000000e+11
9.116000000000000227e+02 7.299315036357863562e+01 2.200000300000000000e+11
9.118000000000000682e+02 7.858753081755399705e+01 2.200000300000000000e+11
9.120000000000000000e+02 8.560373823613078059e+01 0.000000000000000000e+00
9.122000000000000455e+02 8.236504112789600640e+01 0.000000000000000000e+00
9.124000000000000909e+02 8.009993757800314995e+01 0.000000000000000000e+00
9.126000000000000227e+02 7.879086241436883142e+01 0.000000000000000000e+00
9.128000000000000682e+02 7.939773296511683043e+01 0.000000000000000000e+00
9.130000000000000000e+02 7.969943538068510236e+01 0.000000000000000000e+00
9.132000000000000455e+02 7.694153624668537361e+01 0.000000000000000000e+00
9.134000000000000909e+02 8.099382692526634742e+01 0.000000000000000000e+00
9.136000000000000227e+02 8.099382692526634742e+01 0.000000000000000000e+00
9.138000000000000682e+02 8.089499366462673891e+01 0.000000000000000000e+00
9.140000000000000000e+02 7.858753081755399705e+01 0.000000000000000000e+00
9.142000000000000455e+02 8.000000000000000000e+01 0.000000000000000000e+00
9.144000000000000909e+02 7.694153624668537361e+01 0.000000000000000000e+00
9.146000000000000227e+02 7.641989269817119634e+01 0.000000000000000000e+00
9.148000000000000682e+02 7.589466384404110499e+01 0.000000000000000000e+00
9.150000000000000000e+02 7.641989269817119634e+01 0.000000000000000000e+00
9.152000000000000455e+02 7.353910524340093957e+01 0.000000000000000000e+00
9.154000000000000909e+02 7.211102550927978427e+01 0.000000000000000000e+00
9.156000000000000227e+02 7.155417527999327376e+01 0.000000000000000000e+00
9.158000000000000682e+02 7.121797525905942905e+01 0.000000000000000000e+00
9.160000000000000000e+02 6.985699678629191567e+01 2.200000300000000000e+11
9.162000000000000455e+02 7.766595135579039777e+01 2.200000300000000000e+11
9.164000000000000909e+02 8.881441324469807341e+01 2.200000300000000000e+11
9.166000000000000227e+02 9.674709297958258958e+01 2.200000300000000000e+11
9.168000000000000682e+02 1.046900186264192030e+02 2.200000300000000000e+11
9.170000000000000000e+02 1.176435293588219366e+02 2.200000300000000000e+11
9.172000000000000455e+02 1.275617497528157998e+02 2.200000300000000000e+11
9.174000000000000909e+02 1.397139935725838313e+02 2.200000300000000000e+11
9.176000000000000227e+02 1.520526224699856925e+02 2.200000300000000000e+11
9.178000000000000682e+02 1.628250594963809590e+02 2.200000300000000000e+11
9.180000000000000000e+02 1.310267148332735871e+02 2.200000300000000000e+11
9.182000000000000455e+02 1.184567431596867806e+02 2.200000300000000000e+11
9.184000000000000909e+02 1.088117640698835515e+02 2.200000300000000000e+11
9.186000000000000227e+02 9.879271228182774678e+01 2.200000300000000000e+11
9.188000000000000682e+02 8.881441324469807341e+01 2.200000300000000000e+11
9.190000000000000000e+02 7.858753081755399705e+01 2.200000300000000000e+11
9.192000000000000455e+02 6.811754546370561059e+01 2.200000300000000000e+11
9.194000000000000909e+02 5.905929224093360119e+01 2.200000300000000000e+11
9.196000000000000227e+02 5.215361924162119323e+01 2.200000300000000000e+11
9.198000000000000682e+02 4.681879964287850271e+01 2.200000300000000000e+11
9.200000000000000000e+02 3.959797974644666141e+01 0.000000000000000000e+00
9.202000000000000455e+02 4.308131845707602992e+01 0.000000000000000000e+00
9.204000000000000909e+02 4.019950248448355978e+01 0.000000000000000000e+00
9.206000000000000227e+02 4.118252056394800320e+01 0.000000000000000000e+00
9.208000000000000682e+02 4.000000000000000000e+01 0.000000000000000000e+00
9.210000000000000000e+02 4.176122603564220270e+01 0.000000000000000000e+00
9.212000000000000455e+02 4.472135954999579610e+01 0.000000000000000000e+00
9.214000000000000909e+02 4.326661530556787483e+01 0.000000000000000000e+00
9.216000000000000227e+02 4.560701700396551672e+01 0.000000000000000000e+00
9.218000000000000682e+02 4.176122603564220270e+01 0.000000000000000000e+00
9.220000000000000000e+02 4.079215610874227593e+01 0.000000000000000000e+00
9.222000000000000455e+02 4.118252056394800320e+01 0.000000000000000000e+00
9.224000000000000909e+02 4.000000000000000000e+01 0.000000000000000000e+00
9.226000000000000227e+02 3.687817782917154830e+01 0.000000000000000000e+00
9.228000000000000682e+02 3.687817782917154830e+01 0.000000000000000000e+00
9.230000000000000000e+02 3.687817782917154830e+01 0.000000000000000000e+00
9.232000000000000455e+02 3.577708763999663688e+01 0.000000000000000000e+00
9.234000000000000909e+02 3.600000000000000000e+01 0.000000000000000000e+00
9.236000000000000227e+02 3.577708763999663688e+01 0.000000000000000000e+00
9.238000000000000682e+02 3.687817782917154830e+01 0.000000000000000000e+00
9.240000000000000000e+02 3.794733192202055250e+01 2.200000300000000000e+11
9.242000000000000455e+02 3.622154055254966920e+01 2.200000300000000000e+11
9.244000000000000909e+02 3.224903099319419653e+01 2.200000300000000000e+11
9.246000000000000227e+02 3.124099870362661591e+01 2.200000300000000000e+11
9.248000000000000682e+02 2.529822128134703618e+01 2.200000300000000000e+11
9.250000000000000000e+02 2.400000000000000000e+01 2.200000300000000000e+11
9.252000000000000455e+02 2.154065922853801496e+01 2.200000300000000000e+11
9.254000000000000909e+02 1.697056274847713908e+01 2.200000300000000000e+11
9.256000000000000227e+02 1.442220510185595650e+01 2.200000300000000000e+11
9.258000000000000682e+02 1.200000000000000000e+01 2.200000300000000000e+11
9.260000000000000000e+02 8.944271909999159220e+00 2.200000300000000000e+11
9.262000000000000455e+02 8.944271909999159220e+00 2.200000300000000000e+11
9.264000000000000909e+02 8.000000000000000000e+00 2.200000300000000000e+11
9.266000000000000227e+02 8.944271909999159220e+00 2.200000300000000000e+11
9.268000000000000682e+02 8.944271909999159220e+00 2.200000300000000000e+11
9.270000000000000000e+02 8.944271909999159220e+00 2.200000300000000000e+11
9.272000000000000455e+02 8.000000000000000000e+00 2.200000300000000000e+11
9.274000000000000909e+02 8.944271909999159220e+00 2.200000300000000000e+11
9.276000000000000227e+02 8.944271909999159220e+00 2.200000300000000000e+11
9.278000000000000682e+02 5.656854249492380582e+00 2.200000300000000000e+11
9.280000000000000000e+02 5.656854249492380582e+00 0.000000000000000000e+00
9.282000000000000455e+02 4.000000000000000000e+00 0.000000000000000000e+00
9.284000000000000909e+02 4.000000000000000000e+00 0.000000000000000000e+00
9.286000000000000227e+02 4.000000000000000000e+00 0.000000000000000000e+00
9.288000000000000682e+02 4.000000000000000000e+00 0.000000000000000000e+00
9.290000000000000000e+02 0.000000000000000000e+00 0.000000000000000000e+00
9.292000000000000455e+02 0.000000000000000000e+00 0.000000000000000000e+00
9.294000000000000909e+02 0.000000000000000000e+00 0.000000000000000000e+00
9.296000000000000227e+02 0.000000000000000000e+00 0.000000000000000000e+00
9.298000000000000682e+02 4.000000000000000000e+00 0.000000000000000000e+00
9.300000000000000000e+02 4.000000000000000000e+00 0.000000000000000000e+00
9.302000000000000455e+02 4.000000000000000000e+00 0.000000000000000000e+00
9.304000000000000909e+02 5.656854249492380582e+00 0.000000000000000000e+00
9.306000000000000227e+02 5.656854249492380582e+00 0.000000000000000000e+00
9.308000000000000682e+02 5.656854249492380582e+00 0.000000000000000000e+00
9.310000000000000000e+02 5.656854249492380582e+00 0.000000000000000000e+00
9.312000000000000455e+02 4.000000000000000000e+00 0.000000000000000000e+00
9.314000000000000909e+02 4.000000000000000000e+00 0.000000000000000000e+00
9.316000000000000227e+02 4.000000000000000000e+00 0.000000000000000000e+00
9.318000000000000682e+02 4.000000000000000000e+00 0.000000000000000000e+00
9.320000000000000000e+02 0.000000000000000000e+00 2.200000300000000000e+11
9.322000000000000455e+02 0.000000000000000000e+00 2.200000300000000000e+11
9.324000000000000909e+02 0.000000000000000000e+00 2.200000300000000000e+11
9.326000000000000227e+02 0.000000000000000000e+00 2.200000300000000000e+11
9.328000000000000682e+02 4.000000000000000000e+00 2.200000300000000000e+11
9.330000000000000000e+02 4.000000000000000000e+00 2.200000300000000000e+11
9.332000000000000455e+02 4.000000000000000000e+00 2.200000300000000000e+11
9.334000000000000909e+02 4.000000000000000000e+00 2.200000300000000000e+11
9.336000000000000227e+02 5.656854249492380582e+00 2.200000300000000000e+11
9.338000000000000682e+02 5.656854249492380582e+00 2.200000300000000000e+11
9.340000000000000000e+02 5.656854249492380582e+00 2.200000300000000000e+11
9.342000000000000455e+02 5.656854249492380582e+00 2.200000300000000000e+11
9.344000000000000909e+02 4.000000000000000000e+00 2.200000300000000000e+11
9.346000000000000227e+02 4.000000000000000000e+00 2.200000300000000000e+11
9.348000000000000682e+02 4.000000000000000000e+00 2.200000300000000000e+11
9.350000000000000000e+02 0.000000000000000000e+00 2.200000300000000000e+11
9.352000000000000455e+02 0.000000000000000000e+00 2.200000300000000000e+11
9.354000000000000909e+02 0.000000000000000000e+00 2.200000300000000000e+11
9.356000000000000227e+02 0.000000000000000000e+00 2.200000300000000000e+11
9.358000000000000682e+02 4.000000000000000000e+00 2.200000300000000000e+11
9.360000000000000000e+02 4.000000000000000000e+00 0.000000000000000000e+00
9.362000000000000455e+02 4.000000000000000000e+00 0.000000000000000000e+00
9.364000000000000909e+02 5.656854249492380582e+00 0.000000000000000000e+00
9.366000000000000227e+02 5.656854249492380582e+00 0.000000000000000000e+00
9.368000000000000682e+02 5.656854249492380582e+00 0.000000000000000000e+00
9.370000000000000000e+02 4.000000000000000000e+00 0.000000000000000000e+00
9.372000000000000455e+02 4.000000000000000000e+00 0.000000000000000000e+00
9.374000000000000909e+02 4.000000000000000000e+00 0.000000000000000000e+00
9.376000000000000227e+02 4.000000000000000000e+00 0.000000000000000000e+00
9.378000000000000682e+02 0.000000000000000000e+00 0.000000000000000000e+00
9.380000000000000000e+02 0.000000000000000000e+00 0.000000000000000000e+00
9.382000000000000455e+02 0.000000000000000000e+00 0.000000000000000000e+00
9.384000000000000909e+02 4.000000000000000000e+00 0.000000000000000000e+00
9.386000000000000227e+02 4.000000000000000000e+00 0.000000000000000000e+00
9.388000000000000682e+02 4.000000000000000000e+00 0.000000000000000000e+00
9.390000000000000000e+02 4.000000000000000000e+00 0.000000000000000000e+00
9.392000000000000455e+02 5.656854249492380582e+00 0.000000000000000000e+00
9.394000000000000909e+02 5.656854249492380582e+00 0.000000000000000000e+00
9.396000000000000227e+02 5.656854249492380582e+00 0.000000000000000000e+00
9.398000000000000682e+02 4.000000000000000000e+00 0.000000000000000000e+00
9.400000000000000000e+02 4.000000000000000000e+00 2.200000300000000000e+11
9.402000000000000455e+02 4.000000000000000000e+00 2.200000300000000000e+11
9.404000000000000909e+02 0.000000000000000000e+00 2.200000300000000000e+11
9.406000000000000227e+02 0.000000000000000000e+00 2.200000300000000000e+11
9.408000000000000682e+02 0.000000000000000000e+00 2.200000300000000000e+11
9.410000000000000000e+02 0.000000000000000000e+00 2.200000300000000000e+11
9.412000000000000455e+02 4.000000000000000000e+00 2.200000300000000000e+11
9.414000000000000909e+02 4.000000000000000000e+00 2.200000300000000000e+11
9.416000000000000227e+02 4.000000000000000000e+00 2.200000300000000000e+11
9.418000000000000682e+02 5.656854249492380582e+00 2.200000300000000000e+11
9.420000000000000000e+02 5.656854249492380582e+00 2.200000300000000000e+11
9.422000000000000455e+02 5.656854249492380582e+00 2.200000300000000000e+11
9.424000000000000909e+02 5.656854249492380582e+00 2.200000300000000000e+11
9.426000000000000227e+02 4.000000000000000000e+00 2.200000300000000000e+11
9.428000000000000682e+02 4.000000000000000000e+00 2.200000300000000000e+11
9.430000000000000000e+02 4.000000000000000000e+00 2.200000300000000000e+11
9.432000000000000455e+02 0.000000000000000000e+00 2.200000300000000000e+11
9.434000000000000909e+02 0.000000000000000000e+00 2.200000300000000000e+11
9.436000000000000227e+02 0.000000000000000000e+00 2.200000300000000000e+11
9.438000000000000682e+02 0.000000000000000000e+00 2.200000300000000000e+11
9.440000000000000000e+02 4.000000000000000000e+00 0.000000000000000000e+00
9.442000000000000455e+02 4.000000000000000000e+00 0.000000000000000000e+00
9.444000000000000909e+02 4.000000000000000000e+00 0.000000000000000000e+00
9.446000000000000227e+02 5.656854249492380582e+00 0.000000000000000000e+00
9.448000000000000682e+02 5.656854249492380582e+00 0.000000000000000000e+00
9.450000000000000000e+02 5.656854249492380582e+00 0.000000000000000000e+00
9.452000000000000455e+02 5.656854249492380582e+00 0.000000000000000000e+00
9.454000000000000909e+02 4.000000000000000000e+00 0.000000000000000000e+00
9.456000000000000227e+02 4.000000000000000000e+00 0.000000000000000000e+00
9.458000000000000682e+02 4.000000000000000000e+00 0.000000000000000000e+00
9.460000000000000000e+02 0.000000000000000000e+00 0.000000000000000000e+00
9.462000000000000455e+02 0.000000000000000000e+00 0.000000000000000000e+00
9.464000000000000909e+02 0.000000000000000000e+00 0.000000000000000000e+00
9.466000000000000227e+02 4.000000000000000000e+00 0.000000000000000000e+00
9.468000000000000682e+02 4.000000000000000000e+00 0.000000000000000000e+00
9.470000000000000000e+02 4.000000000000000000e+00 0.000000000000000000e+00
9.472000000000000455e+02 4.000000000000000000e+00 0.000000000000000000e+00
9.474000000000000909e+02 5.656854249492380582e+00 0.000000000000000000e+00
9.476000000000000227e+02 5.656854249492380582e+00 0.000000000000000000e+00
9.478000000000000682e+02 5.656854249492380582e+00 0.000000000000000000e+00
9.480000000000000000e+02 4.000000000000000000e+00 2.200000300000000000e+11
9.482000000000000455e+02 4.000000000000000000e+00 2.200000300000000000e+11
9.484000000000000909e+02 4.000000000000000000e+00 2.200000300000000000e+11
9.486000000000000227e+02 4.000000000000000000e+00 2.200000300000000000e+11
9.488000000000000682e+02 0.000000000000000000e+00 2.200000300000000000e+11
9.490000000000000000e+02 0.000000000000000000e+00 2.200000300000000000e+11
9.492000000000000455e+02 0.000000000000000000e+00 2.200000300000000000e+11
9.494000000000000909e+02 4.000000000000000000e+00 2.200000300000000000e+11
9.496000000000000227e+02 4.000000000000000000e+00 2.200000300000000000e+11
9.498000000000000682e+02 4.000000000000000000e+00 2.200000300000000000e+11
9.500000000000000000e+02 5.656854249492380582e+00 2.200000300000000000e+11
9.502000000000000455e+02 5.656854249492380582e+00 2.200000300000000000e+11
9.504000000000000909e+02 5.656854249492380582e+00 2.200000300000000000e+11
9.506000000000000227e+02 5.656854249492380582e+00 2.200000300000000000e+11
9.508000000000000682e+02 4.000000000000000000e+00 2.200000300000000000e+11
9.510000000000000000e+02 4.000000000000000000e+00 2.200000300000000000e+11
9.512000000000000455e+02 4.000000000000000000e+00 2.200000300000000000e+11
9.514000000000000909e+02 0.000000000000000000e+00 2.200000300000000000e+11
9.516000000000000227e+02 0.000000000000000000e+00 2.200000300000000000e+11
9.518000000000000682e+02 0.000000000000000000e+00 2.200000300000000000e+11
9.520000000000000000e+02 0.000000000000000000e+00 0.000000000000000000e+00
9.522000000000000455e+02 4.000000000000000000e+00 0.000000000000000000e+00
9.524000000000000909e+02 4.000000000000000000e+00 0.000000000000000000e+00
9.526000000000000227e+02 4.000000000000000000e+00 0.000000000000000000e+00
9.528000000000000682e+02 5.656854249492380582e+00 0.000000000000000000e+00
9.530000000000000000e+02 5.656854249492380582e+00 0.000000000000000000e+00
9.532000000000000455e+02 5.656854249492380582e+00 0.000000000000000000e+00
9.534000000000000909e+02 5.656854249492380582e+00 0.000000000000000000e+00
9.536000000000000227e+02 4.000000000000000000e+00 0.000000000000000000e+00
9.538000000000000682e+02 4.000000000000000000e+00 0.000000000000000000e+00
9.540000000000000000e+02 4.000000000000000000e+00 0.000000000000000000e+00
9.542000000000000455e+02 0.000000000000000000e+00 0.000000000000000000e+00
9.544000000000000909e+02 0.000000000000000000e+00 0.000000000000000000e+00
9.546000000000000227e+02 0.000000000000000000e+00 0.000000000000000000e+00
9.548000000000000682e+02 4.000000000000000000e+00 0.000000000000000000e+00
9.550000000000000000e+02 4.000000000000000000e+00 0.000000000000000000e+00
9.552000000000000455e+02 4.000000000000000000e+00 0.000000000000000000e+00
9.554000000000000909e+02 4.000000000000000000e+00 0.000000000000000000e+00
9.556000000000000227e+02 5.656854249492380582e+00 0.000000000000000000e+00
9.558000000000000682e+02 5.656854249492380582e+00 0.000000000000000000e+00
9.560000000000000000e+02 5.656854249492380582e+00 2.200000300000000000e+11
9.562000000000000455e+02 4.000000000000000000e+00 2.200000300000000000e+11
9.564000000000000909e+02 4.000000000000000000e+00 2.200000300000000000e+11
9.566000000000000227e+02 4.000000000000000000e+00 2.200000300000000000e+11
9.568000000000000682e+02 4.000000000000000000e+00 2.200000300000000000e+11
9.570000000000000000e+02 0.000000000000000000e+00 2.200000300000000000e+11
9.572000000000000455e+02 0.000000000000000000e+00 2.200000300000000000e+11
9.574000000000000909e+02 0.000000000000000000e+00 2.200000300000000000e+11
9.576000000000000227e+02 4.000000000000000000e+00 2.200000300000000000e+11
9.578000000000000682e+02 4.000000000000000000e+00 2.200000300000000000e+11
9.580000000000000000e+02 4.000000000000000000e+00 2.200000300000000000e+11
9.582000000000000455e+02 4.000000000000000000e+00 2.200000300000000000e+11
9.584000000000000909e+02 5.656854249492380582e+00 2.200000300000000000e+11
9.586000000000000227e+02 5.656854249492380582e+00 2.200000300000000000e+11
9.588000000000000682e+02 5.656854249492380582e+00 2.200000300000000000e+11
9.590000000000000000e+02 4.000000000000000000e+00 2.200000300000000000e+11
9.592000000000000455e+02 4.000000000000000000e+00 2.200000300000000000e+11
9.594000000000000909e+02 4.000000000000000000e+00 2.200000300000000000e+11
9.596000000000000227e+02 4.000000000000000000e+00 2.200000300000000000e+11
9.598000000000000682e+02 0.000000000000000000e+00 2.200000300000000000e+11
