1.080000000000000000e+03 5.656854249492380582e+00 0.000000000000000000e+00
1.080200000000000045e+03 4.000000000000000000e+00 0.000000000000000000e+00
1.080400000000000091e+03 4.000000000000000000e+00 0.000000000000000000e+00
1.080600000000000136e+03 5.656854249492380582e+00 0.000000000000000000e+00
1.080799999999999955e+03 5.656854249492380582e+00 0.000000000000000000e+00
1.081000000000000000e+03 5.656854249492380582e+00 0.000000000000000000e+00
1.081200000000000045e+03 5.656854249492380582e+00 0.000000000000000000e+00
1.081400000000000091e+03 5.656854249492380582e+00 0.000000000000000000e+00
1.081600000000000136e+03 5.656854249492380582e+00 0.000000000000000000e+00
1.081799999999999955e+03 4.000000000000000000e+00 0.000000000000000000e+00
1.082000000000000000e+03 4.000000000000000000e+00 0.000000000000000000e+00
1.082200000000000045e+03 5.656854249492380582e+00 0.000000000000000000e+00
1.082400000000000091e+03 4.000000000000000000e+00 0.000000000000000000e+00
1.082600000000000136e+03 5.656854249492380582e+00 0.000000000000000000e+00
1.082799999999999955e+03 4.000000000000000000e+00 0.000000000000000000e+00
1.083000000000000000e+03 5.656854249492380582e+00 0.000000000000000000e+00
1.083200000000000045e+03 5.656854249492380582e+00 0.000000000000000000e+00
1.083400000000000091e+03 5.656854249492380582e+00 0.000000000000000000e+00
1.083600000000000136e+03 5.656854249492380582e+00 0.000000000000000000e+00
1.083799999999999955e+03 5.656854249492380582e+00 0.000000000000000000e+00
1.084000000000000000e+03 5.656854249492380582e+00 2.249999800000000000e+11
1.084200000000000045e+03 5.656854249492380582e+00 2.249999800000000000e+11
1.084400000000000091e+03 5.656854249492380582e+00 2.249999800000000000e+11
1.084600000000000136e+03 4.000000000000000000e+00 2.249999800000000000e+11
1.084799999999999955e+03 4.000000000000000000e+00 2.249999800000000000e+11
1.085000000000000000e+03 4.000000000000000000e+00 2.249999800000000000e+11
1.085200000000000045e+03 4.000000000000000000e+00 2.249999800000000000e+11
1.085400000000000091e+03 0.000000000000000000e+00 2.249999800000000000e+11
1.085600000000000136e+03 0.000000000000000000e+00 2.249999800000000000e+11
1.085799999999999955e+03 0.000000000000000000e+00 2.249999800000000000e+11
1.086000000000000000e+03 4.000000000000000000e+00 2.249999800000000000e+11
1.086200000000000045e+03 4.000000000000000000e+00 2.250000000000000000e+11
1.086400000000000091e+03 5.656854249492380582e+00 2.249999800000000000e+11
1.086600000000000136e+03 5.656854249492380582e+00 2.249999800000000000e+11
1.086799999999999955e+03 5.656854249492380582e+00 2.249999800000000000e+11
1.087000000000000000e+03 5.656854249492380582e+00 2.250000000000000000e+11
1.087200000000000045e+03 4.000000000000000000e+00 2.249999800000000000e+11
1.087400000000000091e+03 4.000000000000000000e+00 2.249999800000000000e+11
1.087600000000000136e+03 4.000000000000000000e+00 2.249999800000000000e+11
1.087799999999999955e+03 4.000000000000000000e+00 2.249999800000000000e+11
1.088000000000000000e+03 0.000000000000000000e+00 0.000000000000000000e+00
1.088200000000000045e+03 0.000000000000000000e+00 0.000000000000000000e+00
1.088400000000000091e+03 0.000000000000000000e+00 0.000000000000000000e+00
1.088600000000000136e+03 4.000000000000000000e+00 0.000000000000000000e+00
1.088799999999999955e+03 4.000000000000000000e+00 0.000000000000000000e+00
1.089000000000000000e+03 4.000000000000000000e+00 0.000000000000000000e+00
1.089200000000000045e+03 5.656854249492380582e+00 0.000000000000000000e+00
1.089400000000000091e+03 5.656854249492380582e+00 0.000000000000000000e+00
1.089600000000000136e+03 5.656854249492380582e+00 0.000000000000000000e+00
1.089799999999999955e+03 5.656854249492380582e+00 0.000000000000000000e+00
1.090000000000000000e+03 4.000000000000000000e+00 0.000000000000000000e+00
1.090200000000000045e+03 4.000000000000000000e+00 0.000000000000000000e+00
1.090400000000000091e+03 4.000000000000000000e+00 0.000000000000000000e+00
1.090600000000000136e+03 0.000000000000000000e+00 0.000000000000000000e+00
1.090799999999999955e+03 0.000000000000000000e+00 0.000000000000000000e+00
1.091000000000000000e+03 0.000000000000000000e+00 0.000000000000000000e+00
1.091200000000000045e+03 0.000000000000000000e+00 0.000000000000000000e+00
1.091400000000000091e+03 4.000000000000000000e+00 0.000000000000000000e+00
1.091600000000000136e+03 4.000000000000000000e+00 0.000000000000000000e+00
1.091799999999999955e+03 5.656854249492380582e+00 0.000000000000000000e+00
1.092000000000000000e+03 5.656854249492380582e+00 2.249999800000000000e+11
1.092200000000000045e+03 5.656854249492380582e+00 2.250000000000000000e+11
1.092400000000000091e+03 5.656854249492380582e+00 2.249999800000000000e+11
1.092600000000000136e+03 5.656854249492380582e+00 2.249999800000000000e+11
1.092799999999999955e+03 4.000000000000000000e+00 2.250000000000000000e+11
1.093000000000000000e+03 4.000000000000000000e+00 2.250000000000000000e+11
1.093200000000000045e+03 4.000000000000000000e+00 2.249999800000000000e+11
1.093400000000000091e+03 0.000000000000000000e+00 2.249999800000000000e+11
1.093600000000000136e+03 0.000000000000000000e+00 2.249999800000000000e+11
1.093799999999999955e+03 0.000000000000000000e+00 2.250000000000000000e+11
1.094000000000000000e+03 4.000000000000000000e+00 2.249999800000000000e+11
1.094200000000000045e+03 4.000000000000000000e+00 2.250000000000000000e+11
1.094400000000000091e+03 4.000000000000000000e+00 2.249999800000000000e+11
1.094600000000000136e+03 4.000000000000000000e+00 2.250000000000000000e+11
1.094799999999999955e+03 5.656854249492380582e+00 2.249999800000000000e+11
1.095000000000000000e+03 5.656854249492380582e+00 2.249999800000000000e+11
1.095200000000000045e+03 5.656854249492380582e+00 2.249999800000000000e+11
1.095400000000000091e+03 4.000000000000000000e+00 2.249999800000000000e+11
1.095600000000000136e+03 4.000000000000000000e+00 2.249999800000000000e+11
1.095799999999999955e+03 4.000000000000000000e+00 2.249999800000000000e+11
1.096000000000000000e+03 4.000000000000000000e+00 0.000000000000000000e+00
1.096200000000000045e+03 0.000000000000000000e+00 0.000000000000000000e+00
1.096400000000000091e+03 0.000000000000000000e+00 0.000000000000000000e+00
1.096600000000000136e+03 0.000000000000000000e+00 0.000000000000000000e+00
1.096799999999999955e+03 4.000000000000000000e+00 0.000000000000000000e+00
1.097000000000000000e+03 4.000000000000000000e+00 0.000000000000000000e+00
1.097200000000000045e+03 4.000000000000000000e+00 0.000000000000000000e+00
1.097400000000000091e+03 5.656854249492380582e+00 0.000000000000000000e+00
1.097600000000000136e+03 5.656854249492380582e+00 0.000000000000000000e+00
1.097799999999999955e+03 5.656854249492380582e+00 0.000000000000000000e+00
1.098000000000000000e+03 5.656854249492380582e+00 0.000000000000000000e+00
1.098200000000000045e+03 4.000000000000000000e+00 0.000000000000000000e+00
1.098400000000000091e+03 4.000000000000000000e+00 0.000000000000000000e+00
1.098600000000000136e+03 4.000000000000000000e+00 0.000000000000000000e+00
1.098799999999999955e+03 0.000000000000000000e+00 0.000000000000000000e+00
1.099000000000000000e+03 0.000000000000000000e+00 0.000000000000000000e+00
1.099200000000000045e+03 0.000000000000000000e+00 0.000000000000000000e+00
1.099400000000000091e+03 0.000000000000000000e+00 0.000000000000000000e+00
1.099600000000000136e+03 4.000000000000000000e+00 0.000000000000000000e+00
1.099799999999999955e+03 4.000000000000000000e+00 0.000000000000000000e+00
1.100000000000000000e+03 4.000000000000000000e+00 2.249999800000000000e+11
1.100200000000000045e+03 5.656854249492380582e+00 2.249999800000000000e+11
1.100400000000000091e+03 5.656854249492380582e+00 2.249999800000000000e+11
1.100600000000000136e+03 5.656854249492380582e+00 2.249999800000000000e+11
1.100799999999999955e+03 4.000000000000000000e+00 2.249999800000000000e+11
1.101000000000000000e+03 4.000000000000000000e+00 2.249999800000000000e+11
1.101200000000000045e+03 4.000000000000000000e+00 2.250000000000000000e+11
1.101400000000000091e+03 4.000000000000000000e+00 2.250000000000000000e+11
1.101600000000000136e+03 0.000000000000000000e+00 2.250000000000000000e+11
1.101799999999999955e+03 0.000000000000000000e+00 2.249999800000000000e+11
1.102000000000000000e+03 0.000000000000000000e+00 2.250000000000000000e+11
1.102200000000000045e+03 4.000000000000000000e+00 2.249999800000000000e+11
1.102400000000000091e+03 4.000000000000000000e+00 2.249999800000000000e+11
1.102600000000000136e+03 4.000000000000000000e+00 2.249999800000000000e+11
1.102799999999999955e+03 4.000000000000000000e+00 2.249999800000000000e+11
1.103000000000000000e+03 5.656854249492380582e+00 2.249999800000000000e+11
1.103200000000000045e+03 5.656854249492380582e+00 2.249999800000000000e+11
1.103400000000000091e+03 5.656854249492380582e+00 2.250000000000000000e+11
1.103600000000000136e+03 4.000000000000000000e+00 2.249999800000000000e+11
1.103799999999999955e+03 4.000000000000000000e+00 2.249999800000000000e+11
1.104000000000000000e+03 4.000000000000000000e+00 0.000000000000000000e+00
1.104200000000000045e+03 4.000000000000000000e+00 0.000000000000000000e+00
1.104400000000000091e+03 0.000000000000000000e+00 0.000000000000000000e+00
1.104600000000000136e+03 0.000000000000000000e+00 0.000000000000000000e+00
1.104799999999999955e+03 0.000000000000000000e+00 0.000000000000000000e+00
1.105000000000000000e+03 4.000000000000000000e+00 0.000000000000000000e+00
1.105200000000000045e+03 4.000000000000000000e+00 0.000000000000000000e+00
1.105400000000000091e+03 4.000000000000000000e+00 0.000000000000000000e+00
1.105600000000000136e+03 5.656854249492380582e+00 0.000000000000000000e+00
1.105799999999999955e+03 5.656854249492380582e+00 0.000000000000000000e+00
1.106000000000000000e+03 5.656854249492380582e+00 0.000000000000000000e+00
1.106200000000000045e+03 5.656854249492380582e+00 0.000000000000000000e+00
1.106400000000000091e+03 4.000000000000000000e+00 0.000000000000000000e+00
1.106600000000000136e+03 4.000000000000000000e+00 0.000000000000000000e+00
1.106799999999999955e+03 4.000000000000000000e+00 0.000000000000000000e+00
1.107000000000000000e+03 0.000000000000000000e+00 0.000000000000000000e+00
1.107200000000000045e+03 0.000000000000000000e+00 0.000000000000000000e+00
1.107400000000000091e+03 0.000000000000000000e+00 0.000000000000000000e+00
1.107600000000000136e+03 4.000000000000000000e+00 0.000000000000000000e+00
1.107799999999999955e+03 4.000000000000000000e+00 0.000000000000000000e+00
1.108000000000000000e+03 4.000000000000000000e+00 2.249999800000000000e+11
1.108200000000000045e+03 4.000000000000000000e+00 2.249999800000000000e+11
1.108400000000000091e+03 5.656854249492380582e+00 2.250000000000000000e+11
1.108600000000000136e+03 5.656854249492380582e+00 2.249999800000000000e+11
1.108799999999999955e+03 5.656854249492380582e+00 2.249999800000000000e+11
1.109000000000000000e+03 4.000000000000000000e+00 2.249999800000000000e+11
1.109200000000000045e+03 4.000000000000000000e+00 2.249999800000000000e+11
1.109400000000000091e+03 4.000000000000000000e+00 2.249999800000000000e+11
1.109600000000000136e+03 4.000000000000000000e+00 2.249999800000000000e+11
1.109799999999999955e+03 0.000000000000000000e+00 2.249999800000000000e+11
1.110000000000000000e+03 0.000000000000000000e+00 2.249999800000000000e+11
1.110200000000000045e+03 0.000000000000000000e+00 2.249999800000000000e+11
1.110400000000000091e+03 4.000000000000000000e+00 2.249999800000000000e+11
1.110600000000000136e+03 4.000000000000000000e+00 2.249999800000000000e+11
1.110799999999999955e+03 4.000000000000000000e+00 2.249999800000000000e+11
1.111000000000000000e+03 4.000000000000000000e+00 2.250000000000000000e+11
1.111200000000000045e+03 5.656854249492380582e+00 2.249999800000000000e+11
1.111400000000000091e+03 5.656854249492380582e+00 2.249999800000000000e+11
1.111600000000000136e+03 5.656854249492380582e+00 2.249999800000000000e+11
1.111799999999999955e+03 4.000000000000000000e+00 2.249999800000000000e+11
1.112000000000000000e+03 4.000000000000000000e+00 0.000000000000000000e+00
1.112200000000000045e+03 4.000000000000000000e+00 0.000000000000000000e+00
1.112400000000000091e+03 0.000000000000000000e+00 0.000000000000000000e+00
1.112600000000000136e+03 0.000000000000000000e+00 0.000000000000000000e+00
1.112799999999999955e+03 0.000000000000000000e+00 0.000000000000000000e+00
1.113000000000000000e+03 0.000000000000000000e+00 0.000000000000000000e+00
1.113200000000000045e+03 4.000000000000000000e+00 0.000000000000000000e+00
1.113400000000000091e+03 4.000000000000000000e+00 0.000000000000000000e+00
1.113600000000000136e+03 4.000000000000000000e+00 0.000000000000000000e+00
1.113799999999999955e+03 5.656854249492380582e+00 0.000000000000000000e+00
1.114000000000000000e+03 5.656854249492380582e+00 0.000000000000000000e+00
1.114200000000000045e+03 5.656854249492380582e+00 0.000000000000000000e+00
1.114400000000000091e+03 5.656854249492380582e+00 0.000000000000000000e+00
1.114600000000000136e+03 4.000000000000000000e+00 0.000000000000000000e+00
1.114799999999999955e+03 4.000000000000000000e+00 0.000000000000000000e+00
1.115000000000000000e+03 4.000000000000000000e+00 0.000000000000000000e+00
1.115200000000000045e+03 0.000000000000000000e+00 0.000000000000000000e+00
1.115400000000000091e+03 0.000000000000000000e+00 0.000000000000000000e+00
1.115600000000000136e+03 0.000000000000000000e+00 0.000000000000000000e+00
1.115799999999999955e+03 4.000000000000000000e+00 0.000000000000000000e+00
1.116000000000000000e+03 4.000000000000000000e+00 2.249999800000000000e+11
1.116200000000000045e+03 4.000000000000000000e+00 2.249999800000000000e+11
1.116400000000000091e+03 4.000000000000000000e+00 2.249999800000000000e+11
1.116600000000000136e+03 5.656854249492380582e+00 2.249999800000000000e+11
1.116799999999999955e+03 5.656854249492380582e+00 2.249999800000000000e+11
1.117000000000000000e+03 5.656854249492380582e+00 2.249999800000000000e+11
1.117200000000000045e+03 4.000000000000000000e+00 2.249999800000000000e+11
1.117400000000000091e+03 4.000000000000000000e+00 2.249999800000000000e+11
1.117600000000000136e+03 4.000000000000000000e+00 2.249999800000000000e+11
1.117799999999999955e+03 4.000000000000000000e+00 2.250000000000000000e+11
1.118000000000000000e+03 0.000000000000000000e+00 2.249999800000000000e+11
1.118200000000000045e+03 0.000000000000000000e+00 2.249999800000000000e+11
1.118400000000000091e+03 0.000000000000000000e+00 2.250000000000000000e+11
1.118600000000000136e+03 4.000000000000000000e+00 2.249999800000000000e+11
1.118799999999999955e+03 4.000000000000000000e+00 2.249999800000000000e+11
1.119000000000000000e+03 4.000000000000000000e+00 2.249999800000000000e+11
1.119200000000000045e+03 5.656854249492380582e+00 2.249999800000000000e+11
1.119400000000000091e+03 5.656854249492380582e+00 2.249999800000000000e+11
1.119600000000000136e+03 5.656854249492380582e+00 2.249999800000000000e+11
1.119799999999999955e+03 5.656854249492380582e+00 2.249999800000000000e+11
1.120000000000000000e+03 4.000000000000000000e+00 0.000000000000000000e+00
1.120200000000000045e+03 4.000000000000000000e+00 0.000000000000000000e+00
1.120400000000000091e+03 4.000000000000000000e+00 0.000000000000000000e+00
1.120600000000000136e+03 0.000000000000000000e+00 0.000000000000000000e+00
1.120799999999999955e+03 0.000000000000000000e+00 0.000000000000000000e+00
1.121000000000000000e+03 0.000000000000000000e+00 0.000000000000000000e+00
1.121200000000000045e+03 0.000000000000000000e+00 0.000000000000000000e+00
1.121400000000000091e+03 4.000000000000000000e+00 0.000000000000000000e+00
1.121600000000000136e+03 4.000000000000000000e+00 0.000000000000000000e+00
1.121799999999999955e+03 4.000000000000000000e+00 0.000000000000000000e+00
1.122000000000000000e+03 5.656854249492380582e+00 0.000000000000000000e+00
1.122200000000000045e+03 5.656854249492380582e+00 0.000000000000000000e+00
1.122400000000000091e+03 5.656854249492380582e+00 0.000000000000000000e+00
1.122600000000000136e+03 4.000000000000000000e+00 0.000000000000000000e+00
1.122799999999999955e+03 4.000000000000000000e+00 0.000000000000000000e+00
1.123000000000000000e+03 4.000000000000000000e+00 0.000000000000000000e+00
1.123200000000000045e+03 4.000000000000000000e+00 0.000000000000000000e+00
1.123400000000000091e+03 0.000000000000000000e+00 0.000000000000000000e+00
1.123600000000000136e+03 0.000000000000000000e+00 0.000000000000000000e+00
1.123799999999999955e+03 0.000000000000000000e+00 0.000000000000000000e+00
1.124000000000000000e+03 4.000000000000000000e+00 2.250000000000000000e+11
1.124200000000000045e+03 4.000000000000000000e+00 2.249999800000000000e+11
1.124400000000000091e+03 4.000000000000000000e+00 2.249999800000000000e+11
1.124600000000000136e+03 4.000000000000000000e+00 2.249999800000000000e+11
1.124799999999999955e+03 5.656854249492380582e+00 2.249999800000000000e+11
1.125000000000000000e+03 5.656854249492380582e+00 2.249999800000000000e+11
1.125200000000000045e+03 5.656854249492380582e+00 2.249999800000000000e+11
1.125400000000000091e+03 4.000000000000000000e+00 2.249999800000000000e+11
1.125600000000000136e+03 4.000000000000000000e+00 2.249999800000000000e+11
1.125799999999999955e+03 4.000000000000000000e+00 2.249999800000000000e+11
1.126000000000000000e+03 4.000000000000000000e+00 2.249999800000000000e+11
1.126200000000000045e+03 0.000000000000000000e+00 2.249999800000000000e+11
1.126400000000000091e+03 0.000000000000000000e+00 2.249999800000000000e+11
1.126600000000000136e+03 0.000000000000000000e+00 2.249999800000000000e+11
1.126799999999999955e+03 4.000000000000000000e+00 2.249999800000000000e+11
1.127000000000000000e+03 4.000000000000000000e+00 2.249999800000000000e+11
1.127200000000000045e+03 4.000000000000000000e+00 2.250000000000000000e+11
1.127400000000000091e+03 5.656854249492380582e+00 2.249999800000000000e+11
1.127600000000000136e+03 5.656854249492380582e+00 2.249999800000000000e+11
1.127799999999999955e+03 5.656854249492380582e+00 2.249999800000000000e+11
1.128000000000000000e+03 5.656854249492380582e+00 0.000000000000000000e+00
1.128200000000000045e+03 4.000000000000000000e+00 0.000000000000000000e+00
1.128400000000000091e+03 4.000000000000000000e+00 0.000000000000000000e+00
1.128600000000000136e+03 4.000000000000000000e+00 0.000000000000000000e+00
1.128799999999999955e+03 0.000000000000000000e+00 0.000000000000000000e+00
1.129000000000000000e+03 0.000000000000000000e+00 0.000000000000000000e+00
1.129200000000000045e+03 0.000000000000000000e+00 0.000000000000000000e+00
1.129400000000000091e+03 0.000000000000000000e+00 0.000000000000000000e+00
1.129600000000000136e+03 4.000000000000000000e+00 0.000000000000000000e+00
1.129799999999999955e+03 4.000000000000000000e+00 0.000000000000000000e+00
1.130000000000000000e+03 4.000000000000000000e+00 0.000000000000000000e+00
1.130200000000000045e+03 5.656854249492380582e+00 0.000000000000000000e+00
1.130400000000000091e+03 5.656854249492380582e+00 0.000000000000000000e+00
1.130600000000000136e+03 5.656854249492380582e+00 0.000000000000000000e+00
1.130799999999999955e+03 4.000000000000000000e+00 0.000000000000000000e+00
1.131000000000000000e+03 4.000000000000000000e+00 0.000000000000000000e+00
1.131200000000000045e+03 4.000000000000000000e+00 0.000000000000000000e+00
1.131400000000000091e+03 4.000000000000000000e+00 0.000000000000000000e+00
1.131600000000000136e+03 0.000000000000000000e+00 0.000000000000000000e+00
1.131799999999999955e+03 0.000000000000000000e+00 0.000000000000000000e+00
1.132000000000000000e+03 0.000000000000000000e+00 2.250000000000000000e+11
1.132200000000000045e+03 4.000000000000000000e+00 2.250000000000000000e+11
1.132400000000000091e+03 4.000000000000000000e+00 2.249999800000000000e+11
1.132600000000000136e+03 4.000000000000000000e+00 2.249999800000000000e+11
1.132799999999999955e+03 4.000000000000000000e+00 2.249999800000000000e+11
1.133000000000000000e+03 5.656854249492380582e+00 2.249999800000000000e+11
1.133200000000000045e+03 5.656854249492380582e+00 2.250000000000000000e+11
1.133400000000000091e+03 5.656854249492380582e+00 2.250000000000000000e+11
1.133600000000000136e+03 4.000000000000000000e+00 2.249999800000000000e+11
1.133799999999999955e+03 4.000000000000000000e+00 2.249999800000000000e+11
1.134000000000000000e+03 4.000000000000000000e+00 2.250000000000000000e+11
1.134200000000000045e+03 4.000000000000000000e+00 2.249999800000000000e+11
1.134400000000000091e+03 0.000000000000000000e+00 2.250000000000000000e+11
1.134600000000000136e+03 0.000000000000000000e+00 2.249999800000000000e+11
1.134799999999999955e+03 0.000000000000000000e+00 2.249999800000000000e+11
1.135000000000000000e+03 4.000000000000000000e+00 2.249999800000000000e+11
1.135200000000000045e+03 4.000000000000000000e+00 2.249999800000000000e+11
1.135400000000000091e+03 4.000000000000000000e+00 2.249999800000000000e+11
1.135600000000000136e+03 4.000000000000000000e+00 2.249999800000000000e+11
1.135799999999999955e+03 5.656854249492380582e+00 2.249999800000000000e+11
1.136000000000000000e+03 5.656854249492380582e+00 0.000000000000000000e+00
1.136200000000000045e+03 5.656854249492380582e+00 0.000000000000000000e+00
1.136400000000000091e+03 4.000000000000000000e+00 0.000000000000000000e+00
1.136600000000000136e+03 4.000000000000000000e+00 0.000000000000000000e+00
1.136799999999999955e+03 4.000000000000000000e+00 0.000000000000000000e+00
1.137000000000000000e+03 4.000000000000000000e+00 0.000000000000000000e+00
1.137200000000000045e+03 0.000000000000000000e+00 0.000000000000000000e+00
1.137400000000000091e+03 0.000000000000000000e+00 0.000000000000000000e+00
1.137600000000000136e+03 0.000000000000000000e+00 0.000000000000000000e+00
1.137799999999999955e+03 0.000000000000000000e+00 0.000000000000000000e+00
1.138000000000000000e+03 4.000000000000000000e+00 0.000000000000000000e+00
1.138200000000000045e+03 4.000000000000000000e+00 0.000000000000000000e+00
1.138400000000000091e+03 4.000000000000000000e+00 0.000000000000000000e+00
1.138600000000000136e+03 4.000000000000000000e+00 0.000000000000000000e+00
1.138799999999999955e+03 5.656854249492380582e+00 0.000000000000000000e+00
1.139000000000000000e+03 5.656854249492380582e+00 0.000000000000000000e+00
1.139200000000000045e+03 5.656854249492380582e+00 0.000000000000000000e+00
1.139400000000000091e+03 4.000000000000000000e+00 0.000000000000000000e+00
1.139600000000000136e+03 4.000000000000000000e+00 0.000000000000000000e+00
1.139799999999999955e+03 4.000000000000000000e+00 0.000000000000000000e+00
1.140000000000000000e+03 4.000000000000000000e+00 2.250000000000000000e+11
1.140200000000000045e+03 0.000000000000000000e+00 2.249999800000000000e+11
1.140400000000000091e+03 0.000000000000000000e+00 2.249999800000000000e+11
1.140600000000000136e+03 0.000000000000000000e+00 2.249999800000000000e+11
1.140799999999999955e+03 0.000000000000000000e+00 2.249999800000000000e+11
1.141000000000000000e+03 4.000000000000000000e+00 2.250000000000000000e+11
1.141200000000000045e+03 4.000000000000000000e+00 2.249999800000000000e+11
1.141400000000000091e+03 4.000000000000000000e+00 2.250000000000000000e+11
1.141600000000000136e+03 4.000000000000000000e+00 2.249999800000000000e+11
1.141799999999999955e+03 5.656854249492380582e+00 2.249999800000000000e+11
1.142000000000000000e+03 5.656854249492380582e+00 2.249999800000000000e+11
1.142200000000000045e+03 8.944271909999159220e+00 2.249999800000000000e+11
1.142400000000000091e+03 8.944271909999159220e+00 2.249999800000000000e+11
1.142600000000000136e+03 8.000000000000000000e+00 2.249999800000000000e+11
1.142799999999999955e+03 8.944271909999159220e+00 2.250000000000000000e+11
1.143000000000000000e+03 5.656854249492380582e+00 2.249999800000000000e+11
1.143200000000000045e+03 8.000000000000000000e+00 2.250000000000000000e+11
1.143400000000000091e+03 8.000000000000000000e+00 2.249999800000000000e+11
1.143600000000000136e+03 5.656854249492380582e+00 2.249999800000000000e+11
1.143799999999999955e+03 8.000000000000000000e+00 2.249999800000000000e+11
1.144000000000000000e+03 1.264911064067351809e+01 0.000000000000000000e+00
1.144200000000000045e+03 1.131370849898476116e+01 0.000000000000000000e+00
1.144400000000000091e+03 1.264911064067351809e+01 0.000000000000000000e+00
1.144600000000000136e+03 1.200000000000000000e+01 0.000000000000000000e+00
1.144799999999999955e+03 1.264911064067351809e+01 0.000000000000000000e+00
1.145000000000000000e+03 1.442220510185595650e+01 0.000000000000000000e+00
1.145200000000000045e+03 1.442220510185595650e+01 0.000000000000000000e+00
1.145400000000000091e+03 1.264911064067351809e+01 0.000000000000000000e+00
1.145600000000000136e+03 1.200000000000000000e+01 0.000000000000000000e+00
1.145799999999999955e+03 1.264911064067351809e+01 0.000000000000000000e+00
1.146000000000000000e+03 1.131370849898476116e+01 0.000000000000000000e+00
1.146200000000000045e+03 8.944271909999159220e+00 0.000000000000000000e+00
1.146400000000000091e+03 8.000000000000000000e+00 0.000000000000000000e+00
1.146600000000000136e+03 8.944271909999159220e+00 0.000000000000000000e+00
1.146799999999999955e+03 8.944271909999159220e+00 0.000000000000000000e+00
1.147000000000000000e+03 8.000000000000000000e+00 0.000000000000000000e+00
1.147200000000000045e+03 1.131370849898476116e+01 0.000000000000000000e+00
1.147400000000000091e+03 8.944271909999159220e+00 0.000000000000000000e+00
1.147600000000000136e+03 1.200000000000000000e+01 0.000000000000000000e+00
1.147799999999999955e+03 1.264911064067351809e+01 0.000000000000000000e+00
1.148000000000000000e+03 1.442220510185595650e+01 2.249999800000000000e+11
1.148200000000000045e+03 1.442220510185595650e+01 2.249999800000000000e+11
1.148400000000000091e+03 1.649242250247064234e+01 2.250000000000000000e+11
1.148600000000000136e+03 1.600000000000000000e+01 2.249999800000000000e+11
1.148799999999999955e+03 1.788854381999831844e+01 2.249999800000000000e+11
1.149000000000000000e+03 1.697056274847713908e+01 2.249999800000000000e+11
1.149200000000000045e+03 1.788854381999831844e+01 2.249999800000000000e+11
1.149400000000000091e+03 2.000000000000000000e+01 2.249999800000000000e+11
1.149600000000000136e+03 2.000000000000000000e+01 2.249999800000000000e+11
1.149799999999999955e+03 2.332380757938120297e+01 2.249999800000000000e+11
1.150000000000000000e+03 2.433105012119287736e+01 2.249999800000000000e+11
1.150200000000000045e+03 2.912043955712207222e+01 2.249999800000000000e+11
1.150400000000000091e+03 3.394112549695427816e+01 2.249999800000000000e+11
1.150600000000000136e+03 3.939543120718441571e+01 2.249999800000000000e+11
1.150799999999999955e+03 4.418144406874904462e+01 2.249999800000000000e+11
1.151000000000000000e+03 5.059644256269407236e+01 2.249999800000000000e+11
1.151200000000000045e+03 5.381449618829483938e+01 2.249999800000000000e+11
1.151400000000000091e+03 5.905929224093360119e+01 2.250000000000000000e+11
1.151600000000000136e+03 6.412487816752559411e+01 2.249999800000000000e+11
1.151799999999999955e+03 7.211102550927978427e+01 2.250000000000000000e+11
1.152000000000000000e+03 7.641989269817119634e+01 0.000000000000000000e+00
1.152200000000000045e+03 7.353910524340093957e+01 0.000000000000000000e+00
1.152400000000000091e+03 7.211102550927978427e+01 0.000000000000000000e+00
1.152600000000000136e+03 7.155417527999327376e+01 0.000000000000000000e+00
1.152799999999999955e+03 7.121797525905942905e+01 0.000000000000000000e+00
1.153000000000000000e+03 6.985699678629191567e+01 0.000000000000000000e+00
1.153200000000000045e+03 6.985699678629191567e+01 0.000000000000000000e+00
1.153400000000000091e+03 7.121797525905942905e+01 0.000000000000000000e+00
1.153600000000000136e+03 7.343023900274327787e+01 0.000000000000000000e+00
1.153799999999999955e+03 7.244308110509933840e+01 0.000000000000000000e+00
1.154000000000000000e+03 7.211102550927978427e+01 0.000000000000000000e+00
1.154200000000000045e+03 7.375635565834309659e+01 0.000000000000000000e+00
1.154400000000000091e+03 7.155417527999327376e+01 0.000000000000000000e+00
1.154600000000000136e+03 7.211102550927978427e+01 0.000000000000000000e+00
1.154799999999999955e+03 6.835202996254024299e+01 0.000000000000000000e+00
1.155000000000000000e+03 6.788225099390855632e+01 0.000000000000000000e+00
1.155200000000000045e+03 6.462197768561404132e+01 0.000000000000000000e+00
1.155400000000000091e+03 6.412487816752559411e+01 0.000000000000000000e+00
1.155600000000000136e+03 6.449806198638839305e+01 0.000000000000000000e+00
1.155799999999999955e+03 6.324555320336758513e+01 0.000000000000000000e+00
1.156000000000000000e+03 6.118823416311342100e+01 2.250000000000000000e+11
1.156200000000000045e+03 6.985699678629191567e+01 2.250000000000000000e+11
1.156400000000000091e+03 8.000000000000000000e+01 2.249999800000000000e+11
1.156600000000000136e+03 8.781799360040059810e+01 2.250000000000000000e+11
1.156799999999999955e+03 9.633275663033836622e+01 2.249999800000000000e+11
1.157000000000000000e+03 1.100545319375808333e+02 2.250000000000000000e+11
1.157200000000000045e+03 1.189285499785480482e+02 2.249999800000000000e+11
1.157400000000000091e+03 1.307822617941745307e+02 2.249999800000000000e+11
1.157600000000000136e+03 1.400571312000927833e+02 2.249999800000000000e+11
1.157799999999999955e+03 1.520526224699856925e+02 2.249999800000000000e+11
1.158000000000000000e+03 1.624315240339756201e+02 2.249999800000000000e+11
1.158200000000000045e+03 1.080740486888503682e+02 2.250000000000000000e+11
1.158400000000000091e+03 1.193314711214103880e+02 2.249999800000000000e+11
1.158600000000000136e+03 1.310267148332735871e+02 2.249999800000000000e+11
1.158799999999999955e+03 1.424359505181188581e+02 2.250000000000000000e+11
1.159000000000000000e+03 1.556406116667497486e+02 2.249999800000000000e+11
1.159200000000000045e+03 1.358234147707971715e+02 2.249999800000000000e+11
1.159400000000000091e+03 1.082958909654470716e+02 2.249999800000000000e+11
1.159600000000000136e+03 1.203328716519305885e+02 2.249999800000000000e+11
1.159799999999999955e+03 1.357645019878171126e+02 2.249999800000000000e+11
1.160000000000000000e+03 1.480000000000000000e+02 0.000000000000000000e+00
1.160200000000000045e+03 1.448861622101986768e+02 0.000000000000000000e+00
1.160400000000000091e+03 1.454372717015827448e+02 0.000000000000000000e+00
1.160600000000000136e+03 1.442220510185595685e+02 0.000000000000000000e+00
1.160799999999999955e+03 1.414213562373095101e+02 0.000000000000000000e+00
1.161000000000000000e+03 1.391402170474086972e+02 0.000000000000000000e+00
1.161200000000000045e+03 1.386217876093076597e+02 0.000000000000000000e+00
1.161400000000000091e+03 1.367040599250804860e+02 0.000000000000000000e+00
1.161600000000000136e+03 1.325443322062471339e+02 0.000000000000000000e+00
1.161799999999999955e+03 1.331465358167459101e+02 0.000000000000000000e+00
1.162000000000000000e+03 1.310267148332735871e+02 0.000000000000000000e+00
1.162200000000000045e+03 1.285612694399055727e+02 0.000000000000000000e+00
1.162400000000000091e+03 1.278123624693636629e+02 0.000000000000000000e+00
1.162600000000000136e+03 1.273106437027163906e+02 0.000000000000000000e+00
1.162799999999999955e+03 1.302919797992186375e+02 0.000000000000000000e+00
1.163000000000000000e+03 1.289961239727767861e+02 0.000000000000000000e+00
1.163200000000000045e+03 1.276244490683505290e+02 0.000000000000000000e+00
1.163400000000000091e+03 1.276244490683505290e+02 0.000000000000000000e+00
1.163600000000000136e+03 1.250279968647022741e+02 0.000000000000000000e+00
1.163799999999999955e+03 1.214578116055118073e+02 0.000000000000000000e+00
1.164000000000000000e+03 1.189285499785480482e+02 2.249999800000000000e+11
1.164200000000000045e+03 1.307822617941745307e+02 2.249999800000000000e+11
1.164400000000000091e+03 1.402283851436648376e+02 2.249999800000000000e+11
1.164600000000000136e+03 1.557947367532035798e+02 2.249999800000000000e+11
1.164799999999999955e+03 1.297998459167036174e+02 2.249999800000000000e+11
1.165000000000000000e+03 1.216552506059643974e+02 2.250000000000000000e+11
1.165200000000000045e+03 1.077032961426900783e+02 2.249999800000000000e+11
1.165400000000000091e+03 9.633275663033836622e+01 2.249999800000000000e+11
1.165600000000000136e+03 8.944271909999159220e+01 2.249999800000000000e+11
1.165799999999999955e+03 8.009993757800314995e+01 2.250000000000000000e+11
1.166000000000000000e+03 7.211102550927978427e+01 2.249999800000000000e+11
1.166200000000000045e+03 6.511528238439882443e+01 2.249999800000000000e+11
1.166400000000000091e+03 5.727128425310541360e+01 2.249999800000000000e+11
1.166600000000000136e+03 5.215361924162119323e+01 2.249999800000000000e+11
1.166799999999999955e+03 4.681879964287850271e+01 2.249999800000000000e+11
1.167000000000000000e+03 3.959797974644666141e+01 2.249999800000000000e+11
1.167200000000000045e+03 3.577708763999663688e+01 2.249999800000000000e+11
1.167400000000000091e+03 2.800000000000000000e+01 2.250000000000000000e+11
1.167600000000000136e+03 2.529822128134703618e+01 2.249999800000000000e+11
1.167799999999999955e+03 2.262741699796952233e+01 2.249999800000000000e+11
1.168000000000000000e+03 2.039607805437113797e+01 0.000000000000000000e+00
1.168200000000000045e+03 2.039607805437113797e+01 0.000000000000000000e+00
1.168400000000000091e+03 2.000000000000000000e+01 0.000000000000000000e+00
1.168600000000000136e+03 2.332380757938120297e+01 0.000000000000000000e+00
1.168799999999999955e+03 2.433105012119287736e+01 0.000000000000000000e+00
1.169000000000000000e+03 2.433105012119287736e+01 0.000000000000000000e+00
1.169200000000000045e+03 2.332380757938120297e+01 0.000000000000000000e+00
1.169400000000000091e+03 2.332380757938120297e+01 0.000000000000000000e+00
1.169600000000000136e+03 2.433105012119287736e+01 0.000000000000000000e+00
1.169799999999999955e+03 2.433105012119287736e+01 0.000000000000000000e+00
1.170000000000000000e+03 2.332380757938120297e+01 0.000000000000000000e+00
1.170200000000000045e+03 2.000000000000000000e+01 0.000000000000000000e+00
1.170400000000000091e+03 2.039607805437113797e+01 0.000000000000000000e+00
1.170600000000000136e+03 1.649242250247064234e+01 0.000000000000000000e+00
1.170799999999999955e+03 1.697056274847713908e+01 0.000000000000000000e+00
1.171000000000000000e+03 1.649242250247064234e+01 0.000000000000000000e+00
1.171200000000000045e+03 1.649242250247064234e+01 0.000000000000000000e+00
1.171400000000000091e+03 1.788854381999831844e+01 0.000000000000000000e+00
1.171600000000000136e+03 2.000000000000000000e+01 0.000000000000000000e+00
1.171799999999999955e+03 2.039607805437113797e+01 0.000000000000000000e+00
1.172000000000000000e+03 2.039607805437113797e+01 2.249999800000000000e+11
1.172200000000000045e+03 1.788854381999831844e+01 2.249999800000000000e+11
1.172400000000000091e+03 1.697056274847713908e+01 2.249999800000000000e+11
1.172600000000000136e+03 1.649242250247064234e+01 2.249999800000000000e+11
1.172799999999999955e+03 1.600000000000000000e+01 2.249999800000000000e+11
1.173000000000000000e+03 1.264911064067351809e+01 2.249999800000000000e+11
1.173200000000000045e+03 8.944271909999159220e+00 2.249999800000000000e+11
1.173400000000000091e+03 8.944271909999159220e+00 2.249999800000000000e+11
1.173600000000000136e+03 4.000000000000000000e+00 2.250000000000000000e+11
1.173799999999999955e+03 4.000000000000000000e+00 2.249999800000000000e+11
1.174000000000000000e+03 4.000000000000000000e+00 2.249999800000000000e+11
1.174200000000000045e+03 4.000000000000000000e+00 2.249999800000000000e+11
1.174400000000000091e+03 5.656854249492380582e+00 2.249999800000000000e+11
1.174600000000000136e+03 4.000000000000000000e+00 2.249999800000000000e+11
1.174799999999999955e+03 4.000000000000000000e+00 2.249999800000000000e+11
1.175000000000000000e+03 4.000000000000000000e+00 2.249999800000000000e+11
1.175200000000000045e+03 5.656854249492380582e+00 2.249999800000000000e+11
1.175400000000000091e+03 5.656854249492380582e+00 2.249999800000000000e+11
1.175600000000000136e+03 5.656854249492380582e+00 2.249999800000000000e+11
1.175799999999999955e+03 5.656854249492380582e+00 2.250000000000000000e+11
1.176000000000000000e+03 4.000000000000000000e+00 0.000000000000000000e+00
1.176200000000000045e+03 4.000000000000000000e+00 0.000000000000000000e+00
1.176400000000000091e+03 4.000000000000000000e+00 0.000000000000000000e+00
1.176600000000000136e+03 4.000000000000000000e+00 0.000000000000000000e+00
1.176799999999999955e+03 0.000000000000000000e+00 0.000000000000000000e+00
1.177000000000000000e+03 0.000000000000000000e+00 0.000000000000000000e+00
1.177200000000000045e+03 0.000000000000000000e+00 0.000000000000000000e+00
1.177400000000000091e+03 4.000000000000000000e+00 0.000000000000000000e+00
1.177600000000000136e+03 4.000000000000000000e+00 0.000000000000000000e+00
1.177799999999999955e+03 4.000000000000000000e+00 0.000000000000000000e+00
1.178000000000000000e+03 4.000000000000000000e+00 0.000000000000000000e+00
1.178200000000000045e+03 5.656854249492380582e+00 0.000000000000000000e+00
1.178400000000000091e+03 5.656854249492380582e+00 0.000000000000000000e+00
1.178600000000000136e+03 5.656854249492380582e+00 0.000000000000000000e+00
1.178799999999999955e+03 5.656854249492380582e+00 0.000000000000000000e+00
1.179000000000000000e+03 4.000000000000000000e+00 0.000000000000000000e+00
1.179200000000000045e+03 4.000000000000000000e+00 0.000000000000000000e+00
1.179400000000000091e+03 4.000000000000000000e+00 0.000000000000000000e+00
1.179600000000000136e+03 0.000000000000000000e+00 0.000000000000000000e+00
1.179799999999999955e+03 0.000000000000000000e+00 0.000000000000000000e+00
1.180000000000000000e+03 0.000000000000000000e+00 2.249999800000000000e+11
1.180200000000000045e+03 0.000000000000000000e+00 2.250000000000000000e+11
1.180400000000000091e+03 4.000000000000000000e+00 2.249999800000000000e+11
1.180600000000000136e+03 4.000000000000000000e+00 2.249999800000000000e+11
1.180799999999999955e+03 4.000000000000000000e+00 2.250000000000000000e+11
1.181000000000000000e+03 4.000000000000000000e+00 2.250000000000000000e+11
1.181200000000000045e+03 5.656854249492380582e+00 2.249999800000000000e+11
1.181400000000000091e+03 5.656854249492380582e+00 2.249999800000000000e+11
1.181600000000000136e+03 5.656854249492380582e+00 2.249999800000000000e+11
1.181799999999999955e+03 4.000000000000000000e+00 2.249999800000000000e+11
1.182000000000000000e+03 4.000000000000000000e+00 2.250000000000000000e+11
1.182200000000000045e+03 4.000000000000000000e+00 2.249999800000000000e+11
1.182400000000000091e+03 4.000000000000000000e+00 2.250000000000000000e+11
1.182600000000000136e+03 0.000000000000000000e+00 2.249999800000000000e+11
1.182799999999999955e+03 0.000000000000000000e+00 2.249999800000000000e+11
1.183000000000000000e+03 0.000000000000000000e+00 2.249999800000000000e+11
1.183200000000000045e+03 4.000000000000000000e+00 2.250000000000000000e+11
1.183400000000000091e+03 4.000000000000000000e+00 2.249999800000000000e+11
1.183600000000000136e+03 4.000000000000000000e+00 2.249999800000000000e+11
1.183799999999999955e+03 4.000000000000000000e+00 2.249999800000000000e+11
1.184000000000000000e+03 5.656854249492380582e+00 0.000000000000000000e+00
1.184200000000000045e+03 5.656854249492380582e+00 0.000000000000000000e+00
1.184400000000000091e+03 5.656854249492380582e+00 0.000000000000000000e+00
1.184600000000000136e+03 4.000000000000000000e+00 0.000000000000000000e+00
1.184799999999999955e+03 4.000000000000000000e+00 0.000000000000000000e+00
1.185000000000000000e+03 4.000000000000000000e+00 0.000000000000000000e+00
1.185200000000000045e+03 0.000000000000000000e+00 0.000000000000000000e+00
1.185400000000000091e+03 0.000000000000000000e+00 0.000000000000000000e+00
1.185600000000000136e+03 0.000000000000000000e+00 0.000000000000000000e+00
1.185799999999999955e+03 0.000000000000000000e+00 0.000000000000000000e+00
1.186000000000000000e+03 4.000000000000000000e+00 0.000000000000000000e+00
1.186200000000000045e+03 4.000000000000000000e+00 0.000000000000000000e+00
1.186400000000000091e+03 4.000000000000000000e+00 0.000000000000000000e+00
1.186600000000000136e+03 5.656854249492380582e+00 0.000000000000000000e+00
1.186799999999999955e+03 5.656854249492380582e+00 0.000000000000000000e+00
1.187000000000000000e+03 5.656854249492380582e+00 0.000000000000000000e+00
1.187200000000000045e+03 5.656854249492380582e+00 0.000000000000000000e+00
1.187400000000000091e+03 4.000000000000000000e+00 0.000000000000000000e+00
1.187600000000000136e+03 4.000000000000000000e+00 0.000000000000000000e+00
1.187799999999999955e+03 4.000000000000000000e+00 0.000000000000000000e+00
1.188000000000000000e+03 0.000000000000000000e+00 2.249999800000000000e+11
1.188200000000000045e+03 0.000000000000000000e+00 2.250000000000000000e+11
1.188400000000000091e+03 0.000000000000000000e+00 2.249999800000000000e+11
1.188600000000000136e+03 4.000000000000000000e+00 2.250000000000000000e+11
1.188799999999999955e+03 4.000000000000000000e+00 2.249999800000000000e+11
1.189000000000000000e+03 4.000000000000000000e+00 2.249999800000000000e+11
1.189200000000000045e+03 4.000000000000000000e+00 2.249999800000000000e+11
1.189400000000000091e+03 5.656854249492380582e+00 2.249999800000000000e+11
1.189600000000000136e+03 5.656854249492380582e+00 2.249999800000000000e+11
1.189799999999999955e+03 5.656854249492380582e+00 2.249999800000000000e+11
1.190000000000000000e+03 4.000000000000000000e+00 2.249999800000000000e+11
1.190200000000000045e+03 4.000000000000000000e+00 2.250000000000000000e+11
1.190400000000000091e+03 4.000000000000000000e+00 2.249999800000000000e+11
1.190600000000000136e+03 4.000000000000000000e+00 2.249999800000000000e+11
1.190799999999999955e+03 0.000000000000000000e+00 2.249999800000000000e+11
1.191000000000000000e+03 0.000000000000000000e+00 2.249999800000000000e+11
1.191200000000000045e+03 0.000000000000000000e+00 2.249999800000000000e+11
1.191400000000000091e+03 4.000000000000000000e+00 2.249999800000000000e+11
1.191600000000000136e+03 4.000000000000000000e+00 2.249999800000000000e+11
1.191799999999999955e+03 4.000000000000000000e+00 2.249999800000000000e+11
1.192000000000000000e+03 4.000000000000000000e+00 0.000000000000000000e+00
1.192200000000000045e+03 5.656854249492380582e+00 0.000000000000000000e+00
1.192400000000000091e+03 5.656854249492380582e+00 0.000000000000000000e+00
1.192600000000000136e+03 5.656854249492380582e+00 0.000000000000000000e+00
1.192799999999999955e+03 4.000000000000000000e+00 0.000000000000000000e+00
1.193000000000000000e+03 4.000000000000000000e+00 0.000000000000000000e+00
1.193200000000000045e+03 4.000000000000000000e+00 0.000000000000000000e+00
1.193400000000000091e+03 0.000000000000000000e+00 0.000000000000000000e+00
1.193600000000000136e+03 0.000000000000000000e+00 0.000000000000000000e+00
1.193799999999999955e+03 0.000000000000000000e+00 0.000000000000000000e+00
1.194000000000000000e+03 0.000000000000000000e+00 0.000000000000000000e+00
1.194200000000000045e+03 4.000000000000000000e+00 0.000000000000000000e+00
1.194400000000000091e+03 4.000000000000000000e+00 0.000000000000000000e+00
1.194600000000000136e+03 4.000000000000000000e+00 0.000000000000000000e+00
1.194799999999999955e+03 5.656854249492380582e+00 0.000000000000000000e+00
1.195000000000000000e+03 5.656854249492380582e+00 0.000000000000000000e+00
1.195200000000000045e+03 5.656854249492380582e+00 0.000000000000000000e+00
1.195400000000000091e+03 5.656854249492380582e+00 0.000000000000000000e+00
1.195600000000000136e+03 4.000000000000000000e+00 0.000000000000000000e+00
1.195799999999999955e+03 4.000000000000000000e+00 0.000000000000000000e+00
1.196000000000000000e+03 4.000000000000000000e+00 2.249999800000000000e+11
1.196200000000000045e+03 0.000000000000000000e+00 2.249999800000000000e+11
1.196400000000000091e+03 0.000000000000000000e+00 2.249999800000000000e+11
1.196600000000000136e+03 0.000000000000000000e+00 2.249999800000000000e+11
1.196799999999999955e+03 4.000000000000000000e+00 2.249999800000000000e+11
1.197000000000000000e+03 4.000000000000000000e+00 2.249999800000000000e+11
1.197200000000000045e+03 4.000000000000000000e+00 2.249999800000000000e+11
1.197400000000000091e+03 4.000000000000000000e+00 2.249999800000000000e+11
1.197600000000000136e+03 5.656854249492380582e+00 2.249999800000000000e+11
1.197799999999999955e+03 5.656854249492380582e+00 2.249999800000000000e+11
1.198000000000000000e+03 5.656854249492380582e+00 2.249999800000000000e+11
1.198200000000000045e+03 4.000000000000000000e+00 2.249999800000000000e+11
1.198400000000000091e+03 4.000000000000000000e+00 2.250000000000000000e+11
1.198600000000000136e+03 4.000000000000000000e+00 2.249999800000000000e+11
1.198799999999999955e+03 4.000000000000000000e+00 2.250000000000000000e+11
1.199000000000000000e+03 0.000000000000000000e+00 2.249999800000000000e+11
1.199200000000000045e+03 0.000000000000000000e+00 2.249999800000000000e+11
1.199400000000000091e+03 0.000000000000000000e+00 2.249999800000000000e+11
1.199600000000000136e+03 4.000000000000000000e+00 2.249999800000000000e+11
1.199799999999999955e+03 4.000000000000000000e+00 2.249999800000000000e+11
