1.320000000000000000e+03 0.000000000000000000e+00 0.000000000000000000e+00
1.320200000000000045e+03 4.000000000000000000e+00 0.000000000000000000e+00
1.320400000000000091e+03 5.656854249492380582e+00 0.000000000000000000e+00
1.320600000000000136e+03 5.656854249492380582e+00 0.000000000000000000e+00
1.320800000000000182e+03 5.656854249492380582e+00 0.000000000000000000e+00
1.321000000000000000e+03 5.656854249492380582e+00 0.000000000000000000e+00
1.321200000000000045e+03 5.656854249492380582e+00 0.000000000000000000e+00
1.321400000000000091e+03 5.656854249492380582e+00 0.000000000000000000e+00
1.321600000000000136e+03 5.656854249492380582e+00 0.000000000000000000e+00
1.321800000000000182e+03 5.656854249492380582e+00 0.000000000000000000e+00
1.322000000000000000e+03 5.656854249492380582e+00 0.000000000000000000e+00
1.322200000000000045e+03 5.656854249492380582e+00 0.000000000000000000e+00
1.322400000000000091e+03 4.000000000000000000e+00 0.000000000000000000e+00
1.322600000000000136e+03 5.656854249492380582e+00 0.000000000000000000e+00
1.322800000000000182e+03 5.656854249492380582e+00 0.000000000000000000e+00
1.323000000000000000e+03 5.656854249492380582e+00 0.000000000000000000e+00
1.323200000000000045e+03 5.656854249492380582e+00 0.000000000000000000e+00
1.323400000000000091e+03 5.656854249492380582e+00 0.000000000000000000e+00
1.323600000000000136e+03 5.656854249492380582e+00 0.000000000000000000e+00
1.323800000000000182e+03 5.656854249492380582e+00 0.000000000000000000e+00
1.324000000000000000e+03 5.656854249492380582e+00 2.300000300000000000e+11
1.324200000000000045e+03 5.656854249492380582e+00 2.300000300000000000e+11
1.324400000000000091e+03 5.656854249492380582e+00 2.300000300000000000e+11
1.324600000000000136e+03 5.656854249492380582e+00 2.300000300000000000e+11
1.324800000000000182e+03 4.000000000000000000e+00 2.300000300000000000e+11
1.325000000000000000e+03 4.000000000000000000e+00 2.300000300000000000e+11
1.325200000000000045e+03 4.000000000000000000e+00 2.300000300000000000e+11
1.325400000000000091e+03 0.000000000000000000e+00 2.300000300000000000e+11
1.325600000000000136e+03 0.000000000000000000e+00 2.300000300000000000e+11
1.325800000000000182e+03 0.000000000000000000e+00 2.300000300000000000e+11
1.326000000000000000e+03 4.000000000000000000e+00 2.300000000000000000e+11
1.326200000000000045e+03 5.656854249492380582e+00 2.300000300000000000e+11
1.326400000000000091e+03 5.656854249492380582e+00 2.300000300000000000e+11
1.326600000000000136e+03 5.656854249492380582e+00 2.300000300000000000e+11
1.326800000000000182e+03 5.656854249492380582e+00 2.300000000000000000e+11
1.327000000000000000e+03 5.656854249492380582e+00 2.300000300000000000e+11
1.327200000000000045e+03 5.656854249492380582e+00 2.300000300000000000e+11
1.327400000000000091e+03 4.000000000000000000e+00 2.300000300000000000e+11
1.327600000000000136e+03 4.000000000000000000e+00 2.300000300000000000e+11
1.327800000000000182e+03 4.000000000000000000e+00 2.300000000000000000e+11
1.328000000000000000e+03 4.000000000000000000e+00 0.000000000000000000e+00
1.328200000000000045e+03 0.000000000000000000e+00 0.000000000000000000e+00
1.328400000000000091e+03 0.000000000000000000e+00 0.000000000000000000e+00
1.328600000000000136e+03 0.000000000000000000e+00 0.000000000000000000e+00
1.328800000000000182e+03 4.000000000000000000e+00 0.000000000000000000e+00
1.329000000000000000e+03 4.000000000000000000e+00 0.000000000000000000e+00
1.329200000000000045e+03 5.656854249492380582e+00 0.000000000000000000e+00
1.329400000000000091e+03 5.656854249492380582e+00 0.000000000000000000e+00
1.329600000000000136e+03 5.656854249492380582e+00 0.000000000000000000e+00
1.329800000000000182e+03 5.656854249492380582e+00 0.000000000000000000e+00
1.330000000000000000e+03 5.656854249492380582e+00 0.000000000000000000e+00
1.330200000000000045e+03 4.000000000000000000e+00 0.000000000000000000e+00
1.330400000000000091e+03 4.000000000000000000e+00 0.000000000000000000e+00
1.330600000000000136e+03 4.000000000000000000e+00 0.000000000000000000e+00
1.330800000000000182e+03 0.000000000000000000e+00 0.000000000000000000e+00
1.331000000000000000e+03 0.000000000000000000e+00 0.000000000000000000e+00
1.331200000000000045e+03 0.000000000000000000e+00 0.000000000000000000e+00
1.331400000000000091e+03 4.000000000000000000e+00 0.000000000000000000e+00
1.331600000000000136e+03 4.000000000000000000e+00 0.000000000000000000e+00
1.331800000000000182e+03 4.000000000000000000e+00 0.000000000000000000e+00
1.332000000000000000e+03 5.656854249492380582e+00 2.300000300000000000e+11
1.332200000000000045e+03 5.656854249492380582e+00 2.300000300000000000e+11
1.332400000000000091e+03 5.656854249492380582e+00 2.300000300000000000e+11
1.332600000000000136e+03 5.656854249492380582e+00 2.300000300000000000e+11
1.332800000000000182e+03 4.000000000000000000e+00 2.300000300000000000e+11
1.333000000000000000e+03 4.000000000000000000e+00 2.300000300000000000e+11
1.333200000000000045e+03 4.000000000000000000e+00 2.300000300000000000e+11
1.333400000000000091e+03 4.000000000000000000e+00 2.300000300000000000e+11
1.333600000000000136e+03 0.000000000000000000e+00 2.300000000000000000e+11
1.333800000000000182e+03 0.000000000000000000e+00 2.300000300000000000e+11
1.334000000000000000e+03 0.000000000000000000e+00 2.300000300000000000e+11
1.334200000000000045e+03 4.000000000000000000e+00 2.300000300000000000e+11
1.334400000000000091e+03 4.000000000000000000e+00 2.300000300000000000e+11
1.334600000000000136e+03 4.000000000000000000e+00 2.300000300000000000e+11
1.334800000000000182e+03 5.656854249492380582e+00 2.300000300000000000e+11
1.335000000000000000e+03 5.656854249492380582e+00 2.300000300000000000e+11
1.335200000000000045e+03 5.656854249492380582e+00 2.300000300000000000e+11
1.335400000000000091e+03 5.656854249492380582e+00 2.300000300000000000e+11
1.335600000000000136e+03 4.000000000000000000e+00 2.300000000000000000e+11
1.335800000000000182e+03 4.000000000000000000e+00 2.300000300000000000e+11
1.336000000000000000e+03 4.000000000000000000e+00 0.000000000000000000e+00
1.336200000000000045e+03 0.000000000000000000e+00 0.000000000000000000e+00
1.336400000000000091e+03 0.000000000000000000e+00 0.000000000000000000e+00
1.336600000000000136e+03 0.000000000000000000e+00 0.000000000000000000e+00
1.336800000000000182e+03 0.000000000000000000e+00 0.000000000000000000e+00
1.337000000000000000e+03 4.000000000000000000e+00 0.000000000000000000e+00
1.337200000000000045e+03 4.000000000000000000e+00 0.000000000000000000e+00
1.337400000000000091e+03 4.000000000000000000e+00 0.000000000000000000e+00
1.337600000000000136e+03 5.656854249492380582e+00 0.000000000000000000e+00
1.337800000000000182e+03 5.656854249492380582e+00 0.000000000000000000e+00
1.338000000000000000e+03 5.656854249492380582e+00 0.000000000000000000e+00
1.338200000000000045e+03 5.656854249492380582e+00 0.000000000000000000e+00
1.338400000000000091e+03 4.000000000000000000e+00 0.000000000000000000e+00
1.338600000000000136e+03 4.000000000000000000e+00 0.000000000000000000e+00
1.338800000000000182e+03 4.000000000000000000e+00 0.000000000000000000e+00
1.339000000000000000e+03 0.000000000000000000e+00 0.000000000000000000e+00
1.339200000000000045e+03 0.000000000000000000e+00 0.000000000000000000e+00
1.339400000000000091e+03 0.000000000000000000e+00 0.000000000000000000e+00
1.339600000000000136e+03 4.000000000000000000e+00 0.000000000000000000e+00
1.339800000000000182e+03 4.000000000000000000e+00 0.000000000000000000e+00
1.340000000000000000e+03 4.000000000000000000e+00 2.300000300000000000e+11
1.340200000000000045e+03 4.000000000000000000e+00 2.300000300000000000e+11
1.340400000000000091e+03 5.656854249492380582e+00 2.300000300000000000e+11
1.340600000000000136e+03 5.656854249492380582e+00 2.300000300000000000e+11
1.340800000000000182e+03 5.656854249492380582e+00 2.300000000000000000e+11
1.341000000000000000e+03 4.000000000000000000e+00 2.300000300000000000e+11
1.341200000000000045e+03 4.000000000000000000e+00 2.300000300000000000e+11
1.341400000000000091e+03 4.000000000000000000e+00 2.300000300000000000e+11
1.341600000000000136e+03 4.000000000000000000e+00 2.300000000000000000e+11
1.341800000000000182e+03 0.000000000000000000e+00 2.300000300000000000e+11
1.342000000000000000e+03 0.000000000000000000e+00 2.300000000000000000e+11
1.342200000000000045e+03 0.000000000000000000e+00 2.300000300000000000e+11
1.342400000000000091e+03 4.000000000000000000e+00 2.300000300000000000e+11
1.342600000000000136e+03 4.000000000000000000e+00 2.300000300000000000e+11
1.342800000000000182e+03 4.000000000000000000e+00 2.300000300000000000e+11
1.343000000000000000e+03 5.656854249492380582e+00 2.300000300000000000e+11
1.343200000000000045e+03 5.656854249492380582e+00 2.300000000000000000e+11
1.343400000000000091e+03 5.656854249492380582e+00 2.300000000000000000e+11
1.343600000000000136e+03 5.656854249492380582e+00 2.300000300000000000e+11
1.343800000000000182e+03 4.000000000000000000e+00 2.300000300000000000e+11
1.344000000000000000e+03 4.000000000000000000e+00 0.000000000000000000e+00
1.344200000000000045e+03 4.000000000000000000e+00 0.000000000000000000e+00
1.344400000000000091e+03 0.000000000000000000e+00 0.000000000000000000e+00
1.344600000000000136e+03 0.000000000000000000e+00 0.000000000000000000e+00
1.344800000000000182e+03 0.000000000000000000e+00 0.000000000000000000e+00
1.345000000000000000e+03 0.000000000000000000e+00 0.000000000000000000e+00
1.345200000000000045e+03 4.000000000000000000e+00 0.000000000000000000e+00
1.345400000000000091e+03 4.000000000000000000e+00 0.000000000000000000e+00
1.345600000000000136e+03 4.000000000000000000e+00 0.000000000000000000e+00
1.345800000000000182e+03 5.656854249492380582e+00 0.000000000000000000e+00
1.346000000000000000e+03 5.656854249492380582e+00 0.000000000000000000e+00
1.346200000000000045e+03 5.656854249492380582e+00 0.000000000000000000e+00
1.346400000000000091e+03 4.000000000000000000e+00 0.000000000000000000e+00
1.346600000000000136e+03 4.000000000000000000e+00 0.000000000000000000e+00
1.346800000000000182e+03 4.000000000000000000e+00 0.000000000000000000e+00
1.347000000000000000e+03 4.000000000000000000e+00 0.000000000000000000e+00
1.347200000000000045e+03 0.000000000000000000e+00 0.000000000000000000e+00
1.347400000000000091e+03 0.000000000000000000e+00 0.000000000000000000e+00
1.347600000000000136e+03 0.000000000000000000e+00 0.000000000000000000e+00
1.347800000000000182e+03 4.000000000000000000e+00 0.000000000000000000e+00
1.348000000000000000e+03 4.000000000000000000e+00 2.300000000000000000e+11
1.348200000000000045e+03 4.000000000000000000e+00 2.300000300000000000e+11
1.348400000000000091e+03 4.000000000000000000e+00 2.300000300000000000e+11
1.348600000000000136e+03 5.656854249492380582e+00 2.300000300000000000e+11
1.348800000000000182e+03 5.656854249492380582e+00 2.300000300000000000e+11
1.349000000000000000e+03 5.656854249492380582e+00 2.300000000000000000e+11
1.349200000000000045e+03 4.000000000000000000e+00 2.300000300000000000e+11
1.349400000000000091e+03 4.000000000000000000e+00 2.300000300000000000e+11
1.349600000000000136e+03 4.000000000000000000e+00 2.300000300000000000e+11
1.349800000000000182e+03 4.000000000000000000e+00 2.300000300000000000e+11
1.350000000000000000e+03 0.000000000000000000e+00 2.300000300000000000e+11
1.350200000000000045e+03 0.000000000000000000e+00 2.300000300000000000e+11
1.350400000000000091e+03 0.000000000000000000e+00 2.300000300000000000e+11
1.350600000000000136e+03 4.000000000000000000e+00 2.300000300000000000e+11
1.350800000000000182e+03 4.000000000000000000e+00 2.300000300000000000e+11
1.351000000000000000e+03 4.000000000000000000e+00 2.300000000000000000e+11
1.351200000000000045e+03 5.656854249492380582e+00 2.300000000000000000e+11
1.351400000000000091e+03 5.656854249492380582e+00 2.300000000000000000e+11
1.351600000000000136e+03 5.656854249492380582e+00 2.300000300000000000e+11
1.351800000000000182e+03 5.656854249492380582e+00 2.300000300000000000e+11
1.352000000000000000e+03 4.000000000000000000e+00 0.000000000000000000e+00
1.352200000000000045e+03 4.000000000000000000e+00 0.000000000000000000e+00
1.352400000000000091e+03 4.000000000000000000e+00 0.000000000000000000e+00
1.352600000000000136e+03 0.000000000000000000e+00 0.000000000000000000e+00
1.352800000000000182e+03 0.000000000000000000e+00 0.000000000000000000e+00
1.353000000000000000e+03 0.000000000000000000e+00 0.000000000000000000e+00
1.353200000000000045e+03 0.000000000000000000e+00 0.000000000000000000e+00
1.353400000000000091e+03 4.000000000000000000e+00 0.000000000000000000e+00
1.353600000000000136e+03 4.000000000000000000e+00 0.000000000000000000e+00
1.353800000000000182e+03 4.000000000000000000e+00 0.000000000000000000e+00
1.354000000000000000e+03 5.656854249492380582e+00 0.000000000000000000e+00
1.354200000000000045e+03 5.656854249492380582e+00 0.000000000000000000e+00
1.354400000000000091e+03 5.656854249492380582e+00 0.000000000000000000e+00
1.354600000000000136e+03 4.000000000000000000e+00 0.000000000000000000e+00
1.354800000000000182e+03 4.000000000000000000e+00 0.000000000000000000e+00
1.355000000000000000e+03 4.000000000000000000e+00 0.000000000000000000e+00
1.355200000000000045e+03 4.000000000000000000e+00 0.000000000000000000e+00
1.355400000000000091e+03 0.000000000000000000e+00 0.000000000000000000e+00
1.355600000000000136e+03 0.000000000000000000e+00 0.000000000000000000e+00
1.355800000000000182e+03 0.000000000000000000e+00 0.000000000000000000e+00
1.356000000000000000e+03 4.000000000000000000e+00 2.300000300000000000e+11
1.356200000000000045e+03 4.000000000000000000e+00 2.300000300000000000e+11
1.356400000000000091e+03 4.000000000000000000e+00 2.300000000000000000e+11
1.356600000000000136e+03 4.000000000000000000e+00 2.300000300000000000e+11
1.356800000000000182e+03 5.656854249492380582e+00 2.300000300000000000e+11
1.357000000000000000e+03 5.656854249492380582e+00 2.300000300000000000e+11
1.357200000000000045e+03 5.656854249492380582e+00 2.300000300000000000e+11
1.357400000000000091e+03 4.000000000000000000e+00 2.300000000000000000e+11
1.357600000000000136e+03 4.000000000000000000e+00 2.300000300000000000e+11
1.357800000000000182e+03 4.000000000000000000e+00 2.300000300000000000e+11
1.358000000000000000e+03 0.000000000000000000e+00 2.300000300000000000e+11
1.358200000000000045e+03 0.000000000000000000e+00 2.300000300000000000e+11
1.358400000000000091e+03 0.000000000000000000e+00 2.300000300000000000e+11
1.358600000000000136e+03 0.000000000000000000e+00 2.300000300000000000e+11
1.358800000000000182e+03 4.000000000000000000e+00 2.300000300000000000e+11
1.359000000000000000e+03 4.000000000000000000e+00 2.300000300000000000e+11
1.359200000000000045e+03 4.000000000000000000e+00 2.300000300000000000e+11
1.359400000000000091e+03 5.656854249492380582e+00 2.300000000000000000e+11
1.359600000000000136e+03 5.656854249492380582e+00 2.300000000000000000e+11
1.359800000000000182e+03 5.656854249492380582e+00 2.300000000000000000e+11
1.360000000000000000e+03 5.656854249492380582e+00 0.000000000000000000e+00
1.360200000000000045e+03 4.000000000000000000e+00 0.000000000000000000e+00
1.360400000000000091e+03 4.000000000000000000e+00 0.000000000000000000e+00
1.360600000000000136e+03 4.000000000000000000e+00 0.000000000000000000e+00
1.360800000000000182e+03 0.000000000000000000e+00 0.000000000000000000e+00
1.361000000000000000e+03 0.000000000000000000e+00 0.000000000000000000e+00
1.361200000000000045e+03 0.000000000000000000e+00 0.000000000000000000e+00
1.361400000000000091e+03 0.000000000000000000e+00 0.000000000000000000e+00
1.361600000000000136e+03 4.000000000000000000e+00 0.000000000000000000e+00
1.361800000000000182e+03 4.000000000000000000e+00 0.000000000000000000e+00
1.362000000000000000e+03 4.000000000000000000e+00 0.000000000000000000e+00
1.362200000000000045e+03 5.656854249492380582e+00 0.000000000000000000e+00
1.362400000000000091e+03 5.656854249492380582e+00 0.000000000000000000e+00
1.362600000000000136e+03 5.656854249492380582e+00 0.000000000000000000e+00
1.362800000000000182e+03 4.000000000000000000e+00 0.000000000000000000e+00
1.363000000000000000e+03 4.000000000000000000e+00 0.000000000000000000e+00
1.363200000000000045e+03 4.000000000000000000e+00 0.000000000000000000e+00
1.363400000000000091e+03 4.000000000000000000e+00 0.000000000000000000e+00
1.363600000000000136e+03 0.000000000000000000e+00 0.000000000000000000e+00
1.363800000000000182e+03 0.000000000000000000e+00 0.000000000000000000e+00
1.364000000000000000e+03 0.000000000000000000e+00 2.300000300000000000e+11
1.364200000000000045e+03 4.000000000000000000e+00 2.300000300000000000e+11
1.364400000000000091e+03 4.000000000000000000e+00 2.300000000000000000e+11
1.364600000000000136e+03 4.000000000000000000e+00 2.300000300000000000e+11
1.364800000000000182e+03 5.656854249492380582e+00 2.300000300000000000e+11
1.365000000000000000e+03 5.656854249492380582e+00 2.300000000000000000e+11
1.365200000000000045e+03 5.656854249492380582e+00 2.300000300000000000e+11
1.365400000000000091e+03 5.656854249492380582e+00 2.300000300000000000e+11
1.365600000000000136e+03 4.000000000000000000e+00 2.300000300000000000e+11
1.365800000000000182e+03 4.000000000000000000e+00 2.300000300000000000e+11
1.366000000000000000e+03 4.000000000000000000e+00 2.300000300000000000e+11
1.366200000000000045e+03 0.000000000000000000e+00 2.300000300000000000e+11
1.366400000000000091e+03 0.000000000000000000e+00 2.300000300000000000e+11
1.366600000000000136e+03 0.000000000000000000e+00 2.300000000000000000e+11
1.366800000000000182e+03 0.000000000000000000e+00 2.300000300000000000e+11
1.367000000000000000e+03 4.000000000000000000e+00 2.300000000000000000e+11
1.367200000000000045e+03 4.000000000000000000e+00 2.300000300000000000e+11
1.367400000000000091e+03 4.000000000000000000e+00 2.300000000000000000e+11
1.367600000000000136e+03 5.656854249492380582e+00 2.300000300000000000e+11
1.367800000000000182e+03 5.656854249492380582e+00 2.300000300000000000e+11
1.368000000000000000e+03 5.656854249492380582e+00 0.000000000000000000e+00
1.368200000000000045e+03 5.656854249492380582e+00 0.000000000000000000e+00
1.368400000000000091e+03 4.000000000000000000e+00 0.000000000000000000e+00
1.368600000000000136e+03 4.000000000000000000e+00 0.000000000000000000e+00
1.368800000000000182e+03 4.000000000000000000e+00 0.000000000000000000e+00
1.369000000000000000e+03 0.000000000000000000e+00 0.000000000000000000e+00
1.369200000000000045e+03 0.000000000000000000e+00 0.000000000000000000e+00
1.369400000000000091e+03 0.000000000000000000e+00 0.000000000000000000e+00
1.369600000000000136e+03 4.000000000000000000e+00 0.000000000000000000e+00
1.369800000000000182e+03 4.000000000000000000e+00 0.000000000000000000e+00
1.370000000000000000e+03 4.000000000000000000e+00 0.000000000000000000e+00
1.370200000000000045e+03 4.000000000000000000e+00 0.000000000000000000e+00
1.370400000000000091e+03 5.656854249492380582e+00 0.000000000000000000e+00
1.370600000000000136e+03 5.656854249492380582e+00 0.000000000000000000e+00
1.370800000000000182e+03 5.656854249492380582e+00 0.000000000000000000e+00
1.371000000000000000e+03 4.000000000000000000e+00 0.000000000000000000e+00
1.371200000000000045e+03 4.000000000000000000e+00 0.000000000000000000e+00
1.371400000000000091e+03 4.000000000000000000e+00 0.000000000000000000e+00
1.371600000000000136e+03 4.000000000000000000e+00 0.000000000000000000e+00
1.371800000000000182e+03 0.000000000000000000e+00 0.000000000000000000e+00
1.372000000000000000e+03 0.000000000000000000e+00 2.300000300000000000e+11
1.372200000000000045e+03 0.000000000000000000e+00 2.300000300000000000e+11
1.372400000000000091e+03 4.000000000000000000e+00 2.300000300000000000e+11
1.372600000000000136e+03 4.000000000000000000e+00 2.300000300000000000e+11
1.372800000000000182e+03 4.000000000000000000e+00 2.300000300000000000e+11
1.373000000000000000e+03 4.000000000000000000e+00 2.300000300000000000e+11
1.373200000000000045e+03 5.656854249492380582e+00 2.300000300000000000e+11
1.373400000000000091e+03 5.656854249492380582e+00 2.300000300000000000e+11
1.373600000000000136e+03 5.656854249492380582e+00 2.300000300000000000e+11
1.373800000000000182e+03 4.000000000000000000e+00 2.300000300000000000e+11
1.374000000000000000e+03 4.000000000000000000e+00 2.300000300000000000e+11
1.374200000000000045e+03 4.000000000000000000e+00 2.300000300000000000e+11
1.374400000000000091e+03 4.000000000000000000e+00 2.300000300000000000e+11
1.374600000000000136e+03 0.000000000000000000e+00 2.300000000000000000e+11
1.374800000000000182e+03 0.000000000000000000e+00 2.300000300000000000e+11
1.375000000000000000e+03 0.000000000000000000e+00 2.300000300000000000e+11
1.375200000000000045e+03 4.000000000000000000e+00 2.300000300000000000e+11
1.375400000000000091e+03 4.000000000000000000e+00 2.300000300000000000e+11
1.375600000000000136e+03 4.000000000000000000e+00 2.300000300000000000e+11
1.375800000000000182e+03 4.000000000000000000e+00 2.300000300000000000e+11
1.376000000000000000e+03 5.656854249492380582e+00 0.000000000000000000e+00
1.376200000000000045e+03 5.656854249492380582e+00 0.000000000000000000e+00
1.376400000000000091e+03 5.656854249492380582e+00 0.000000000000000000e+00
1.376600000000000136e+03 5.656854249492380582e+00 0.000000000000000000e+00
1.376800000000000182e+03 4.000000000000000000e+00 0.000000000000000000e+00
1.377000000000000000e+03 4.000000000000000000e+00 0.000000000000000000e+00
1.377200000000000045e+03 4.000000000000000000e+00 0.000000000000000000e+00
1.377400000000000091e+03 4.000000000000000000e+00 0.000000000000000000e+00
1.377600000000000136e+03 0.000000000000000000e+00 0.000000000000000000e+00
1.377800000000000182e+03 0.000000000000000000e+00 0.000000000000000000e+00
1.378000000000000000e+03 0.000000000000000000e+00 0.000000000000000000e+00
1.378200000000000045e+03 0.000000000000000000e+00 0.000000000000000000e+00
1.378400000000000091e+03 4.000000000000000000e+00 0.000000000000000000e+00
1.378600000000000136e+03 4.000000000000000000e+00 0.000000000000000000e+00
1.378800000000000182e+03 4.000000000000000000e+00 0.000000000000000000e+00
1.379000000000000000e+03 5.656854249492380582e+00 0.000000000000000000e+00
1.379200000000000045e+03 5.656854249492380582e+00 0.000000000000000000e+00
1.379400000000000091e+03 5.656854249492380582e+00 0.000000000000000000e+00
1.379600000000000136e+03 5.656854249492380582e+00 0.000000000000000000e+00
1.379800000000000182e+03 4.000000000000000000e+00 0.000000000000000000e+00
1.380000000000000000e+03 4.000000000000000000e+00 2.300000300000000000e+11
1.380200000000000045e+03 4.000000000000000000e+00 2.300000300000000000e+11
1.380400000000000091e+03 4.000000000000000000e+00 2.300000300000000000e+11
1.380600000000000136e+03 0.000000000000000000e+00 2.300000000000000000e+11
1.380800000000000182e+03 0.000000000000000000e+00 2.300000000000000000e+11
1.381000000000000000e+03 0.000000000000000000e+00 2.300000300000000000e+11
1.381200000000000045e+03 4.000000000000000000e+00 2.300000000000000000e+11
1.381400000000000091e+03 5.656854249492380582e+00 2.300000000000000000e+11
1.381600000000000136e+03 4.000000000000000000e+00 2.300000300000000000e+11
1.381800000000000182e+03 8.000000000000000000e+00 2.300000000000000000e+11
1.382000000000000000e+03 8.000000000000000000e+00 2.300000300000000000e+11
1.382200000000000045e+03 8.944271909999159220e+00 2.300000300000000000e+11
1.382400000000000091e+03 1.131370849898476116e+01 2.300000300000000000e+11
1.382600000000000136e+03 8.944271909999159220e+00 2.300000300000000000e+11
1.382800000000000182e+03 1.264911064067351809e+01 2.300000000000000000e+11
1.383000000000000000e+03 1.200000000000000000e+01 2.300000300000000000e+11
1.383200000000000045e+03 1.264911064067351809e+01 2.300000300000000000e+11
1.383400000000000091e+03 1.131370849898476116e+01 2.300000300000000000e+11
1.383600000000000136e+03 1.200000000000000000e+01 2.300000300000000000e+11
1.383800000000000182e+03 1.264911064067351809e+01 2.300000000000000000e+11
1.384000000000000000e+03 1.442220510185595650e+01 0.000000000000000000e+00
1.384200000000000045e+03 1.264911064067351809e+01 0.000000000000000000e+00
1.384400000000000091e+03 1.649242250247064234e+01 0.000000000000000000e+00
1.384600000000000136e+03 1.442220510185595650e+01 0.000000000000000000e+00
1.384800000000000182e+03 1.788854381999831844e+01 0.000000000000000000e+00
1.385000000000000000e+03 1.600000000000000000e+01 0.000000000000000000e+00
1.385200000000000045e+03 2.039607805437113797e+01 0.000000000000000000e+00
1.385400000000000091e+03 2.000000000000000000e+01 0.000000000000000000e+00
1.385600000000000136e+03 2.000000000000000000e+01 0.000000000000000000e+00
1.385800000000000182e+03 1.649242250247064234e+01 0.000000000000000000e+00
1.386000000000000000e+03 1.600000000000000000e+01 0.000000000000000000e+00
1.386200000000000045e+03 1.788854381999831844e+01 0.000000000000000000e+00
1.386400000000000091e+03 1.442220510185595650e+01 0.000000000000000000e+00
1.386600000000000136e+03 1.264911064067351809e+01 0.000000000000000000e+00
1.386800000000000182e+03 1.264911064067351809e+01 0.000000000000000000e+00
1.387000000000000000e+03 1.131370849898476116e+01 0.000000000000000000e+00
1.387200000000000045e+03 1.264911064067351809e+01 0.000000000000000000e+00
1.387400000000000091e+03 1.200000000000000000e+01 0.000000000000000000e+00
1.387600000000000136e+03 1.442220510185595650e+01 0.000000000000000000e+00
1.387800000000000182e+03 1.442220510185595650e+01 0.000000000000000000e+00
1.388000000000000000e+03 1.649242250247064234e+01 2.300000300000000000e+11
1.388200000000000045e+03 2.039607805437113797e+01 2.300000000000000000e+11
1.388400000000000091e+03 2.154065922853801496e+01 2.300000300000000000e+11
1.388600000000000136e+03 2.262741699796952233e+01 2.300000300000000000e+11
1.388800000000000182e+03 2.529822128134703618e+01 2.300000300000000000e+11
1.389000000000000000e+03 2.800000000000000000e+01 2.300000300000000000e+11
1.389200000000000045e+03 2.683281572999747766e+01 2.300000300000000000e+11
1.389400000000000091e+03 2.828427124746190202e+01 2.300000300000000000e+11
1.389600000000000136e+03 3.298484500494128469e+01 2.300000300000000000e+11
1.389800000000000182e+03 3.622154055254966920e+01 2.300000300000000000e+11
1.390000000000000000e+03 3.773592452822641263e+01 2.300000300000000000e+11
1.390200000000000045e+03 4.326661530556787483e+01 2.300000300000000000e+11
1.390400000000000091e+03 4.866210024238575471e+01 2.300000300000000000e+11
1.390600000000000136e+03 5.440588203494177577e+01 2.300000300000000000e+11
1.390800000000000182e+03 6.248199740725323181e+01 2.300000300000000000e+11
1.391000000000000000e+03 6.800000000000000000e+01 2.300000300000000000e+11
1.391200000000000045e+03 7.610519036176178531e+01 2.300000000000000000e+11
1.391400000000000091e+03 8.475848040166836483e+01 2.300000300000000000e+11
1.391600000000000136e+03 9.338094023943001787e+01 2.300000000000000000e+11
1.391800000000000182e+03 1.019803902718556969e+02 2.300000300000000000e+11
1.392000000000000000e+03 1.120000000000000000e+02 0.000000000000000000e+00
1.392200000000000045e+03 1.092520022699813040e+02 0.000000000000000000e+00
1.392400000000000091e+03 1.076289923765896788e+02 0.000000000000000000e+00
1.392600000000000136e+03 1.088117640698835515e+02 0.000000000000000000e+00
1.392800000000000182e+03 1.052235715037272428e+02 0.000000000000000000e+00
1.393000000000000000e+03 1.032279032045115201e+02 0.000000000000000000e+00
1.393200000000000045e+03 1.022154587134451020e+02 0.000000000000000000e+00
1.393400000000000091e+03 1.003194896318756264e+02 0.000000000000000000e+00
1.393600000000000136e+03 1.025280449438103716e+02 0.000000000000000000e+00
1.393800000000000182e+03 1.018233764908628416e+02 0.000000000000000000e+00
1.394000000000000000e+03 1.025280449438103716e+02 0.000000000000000000e+00
1.394200000000000045e+03 1.003194896318756264e+02 0.000000000000000000e+00
1.394400000000000091e+03 1.002397126891333414e+02 0.000000000000000000e+00
1.394600000000000136e+03 1.000000000000000000e+02 0.000000000000000000e+00
1.394800000000000182e+03 9.895453501482384695e+01 0.000000000000000000e+00
1.395000000000000000e+03 9.806120537705010065e+01 0.000000000000000000e+00
1.395200000000000045e+03 9.440338976964757478e+01 0.000000000000000000e+00
1.395400000000000091e+03 9.329523031752481188e+01 0.000000000000000000e+00
1.395600000000000136e+03 9.234717104492156636e+01 0.000000000000000000e+00
1.395800000000000182e+03 8.988882021697692437e+01 0.000000000000000000e+00
1.396000000000000000e+03 9.050966799187808931e+01 2.300000300000000000e+11
1.396200000000000045e+03 9.740636529508736885e+01 2.300000300000000000e+11
1.396400000000000091e+03 1.086646216576489934e+02 2.300000300000000000e+11
1.396600000000000136e+03 1.221147001797899776e+02 2.300000300000000000e+11
1.396800000000000182e+03 1.353513945255090505e+02 2.300000300000000000e+11
1.397000000000000000e+03 1.499333185119305085e+02 2.300000300000000000e+11
1.397200000000000045e+03 1.620863967148384859e+02 2.300000300000000000e+11
1.397400000000000091e+03 1.282497563350511882e+02 2.300000300000000000e+11
1.397600000000000136e+03 1.189285499785480482e+02 2.300000300000000000e+11
1.397800000000000182e+03 1.046900186264192030e+02 2.300000300000000000e+11
1.398000000000000000e+03 9.138927727036690385e+01 2.300000300000000000e+11
1.398200000000000045e+03 8.009993757800314995e+01 2.300000300000000000e+11
1.398400000000000091e+03 7.155417527999327376e+01 2.300000000000000000e+11
1.398600000000000136e+03 6.248199740725323181e+01 2.300000300000000000e+11
1.398800000000000182e+03 5.824087911424414443e+01 2.300000300000000000e+11
1.399000000000000000e+03 4.866210024238575471e+01 2.300000300000000000e+11
1.399200000000000045e+03 4.664761515876240594e+01 2.300000300000000000e+11
1.399400000000000091e+03 4.326661530556787483e+01 2.300000300000000000e+11
1.399600000000000136e+03 3.687817782917154830e+01 2.300000300000000000e+11
1.399800000000000182e+03 3.687817782917154830e+01 2.300000000000000000e+11
1.400000000000000000e+03 3.224903099319419653e+01 0.000000000000000000e+00
1.400200000000000045e+03 3.440930106817050671e+01 0.000000000000000000e+00
1.400400000000000091e+03 3.298484500494128469e+01 0.000000000000000000e+00
1.400600000000000136e+03 2.828427124746190202e+01 0.000000000000000000e+00
1.400800000000000182e+03 2.884441020371191300e+01 0.000000000000000000e+00
1.401000000000000000e+03 2.884441020371191300e+01 0.000000000000000000e+00
1.401200000000000045e+03 2.433105012119287736e+01 0.000000000000000000e+00
1.401400000000000091e+03 2.529822128134703618e+01 0.000000000000000000e+00
1.401600000000000136e+03 2.561249694973139412e+01 0.000000000000000000e+00
1.401800000000000182e+03 2.529822128134703618e+01 0.000000000000000000e+00
1.402000000000000000e+03 2.400000000000000000e+01 0.000000000000000000e+00
1.402200000000000045e+03 2.683281572999747766e+01 0.000000000000000000e+00
1.402400000000000091e+03 2.561249694973139412e+01 0.000000000000000000e+00
1.402600000000000136e+03 2.912043955712207222e+01 0.000000000000000000e+00
1.402800000000000182e+03 2.828427124746190202e+01 0.000000000000000000e+00
1.403000000000000000e+03 2.884441020371191300e+01 0.000000000000000000e+00
1.403200000000000045e+03 3.124099870362661591e+01 0.000000000000000000e+00
1.403400000000000091e+03 2.912043955712207222e+01 0.000000000000000000e+00
1.403600000000000136e+03 2.800000000000000000e+01 0.000000000000000000e+00
1.403800000000000182e+03 2.683281572999747766e+01 0.000000000000000000e+00
1.404000000000000000e+03 2.561249694973139412e+01 2.300000300000000000e+11
1.404200000000000045e+03 2.154065922853801496e+01 2.300000300000000000e+11
1.404400000000000091e+03 1.649242250247064234e+01 2.300000300000000000e+11
1.404600000000000136e+03 1.442220510185595650e+01 2.300000000000000000e+11
1.404800000000000182e+03 1.442220510185595650e+01 2.300000300000000000e+11
1.405000000000000000e+03 1.200000000000000000e+01 2.300000300000000000e+11
1.405200000000000045e+03 1.264911064067351809e+01 2.300000300000000000e+11
1.405400000000000091e+03 1.131370849898476116e+01 2.300000000000000000e+11
1.405600000000000136e+03 1.264911064067351809e+01 2.300000000000000000e+11
1.405800000000000182e+03 1.200000000000000000e+01 2.300000300000000000e+11
1.406000000000000000e+03 8.944271909999159220e+00 2.300000300000000000e+11
1.406200000000000045e+03 1.131370849898476116e+01 2.300000300000000000e+11
1.406400000000000091e+03 8.944271909999159220e+00 2.300000300000000000e+11
1.406600000000000136e+03 8.944271909999159220e+00 2.300000000000000000e+11
1.406800000000000182e+03 8.000000000000000000e+00 2.300000300000000000e+11
1.407000000000000000e+03 4.000000000000000000e+00 2.300000300000000000e+11
1.407200000000000045e+03 4.000000000000000000e+00 2.300000300000000000e+11
1.407400000000000091e+03 4.000000000000000000e+00 2.300000300000000000e+11
1.407600000000000136e+03 0.000000000000000000e+00 2.300000300000000000e+11
1.407800000000000182e+03 0.000000000000000000e+00 2.300000300000000000e+11
1.408000000000000000e+03 0.000000000000000000e+00 0.000000000000000000e+00
1.408200000000000045e+03 0.000000000000000000e+00 0.000000000000000000e+00
1.408400000000000091e+03 4.000000000000000000e+00 0.000000000000000000e+00
1.408600000000000136e+03 4.000000000000000000e+00 0.000000000000000000e+00
1.408800000000000182e+03 4.000000000000000000e+00 0.000000000000000000e+00
1.409000000000000000e+03 5.656854249492380582e+00 0.000000000000000000e+00
1.409200000000000045e+03 5.656854249492380582e+00 0.000000000000000000e+00
1.409400000000000091e+03 5.656854249492380582e+00 0.000000000000000000e+00
1.409600000000000136e+03 5.656854249492380582e+00 0.000000000000000000e+00
1.409800000000000182e+03 4.000000000000000000e+00 0.000000000000000000e+00
1.410000000000000000e+03 4.000000000000000000e+00 0.000000000000000000e+00
1.410200000000000045e+03 4.000000000000000000e+00 0.000000000000000000e+00
1.410400000000000091e+03 4.000000000000000000e+00 0.000000000000000000e+00
1.410600000000000136e+03 0.000000000000000000e+00 0.000000000000000000e+00
1.410800000000000182e+03 0.000000000000000000e+00 0.000000000000000000e+00
1.411000000000000000e+03 0.000000000000000000e+00 0.000000000000000000e+00
1.411200000000000045e+03 0.000000000000000000e+00 0.000000000000000000e+00
1.411400000000000091e+03 4.000000000000000000e+00 0.000000000000000000e+00
1.411600000000000136e+03 4.000000000000000000e+00 0.000000000000000000e+00
1.411800000000000182e+03 4.000000000000000000e+00 0.000000000000000000e+00
1.412000000000000000e+03 5.656854249492380582e+00 2.300000300000000000e+11
1.412200000000000045e+03 5.656854249492380582e+00 2.300000300000000000e+11
1.412400000000000091e+03 5.656854249492380582e+00 2.300000300000000000e+11
1.412600000000000136e+03 5.656854249492380582e+00 2.300000000000000000e+11
1.412800000000000182e+03 4.000000000000000000e+00 2.300000300000000000e+11
1.413000000000000000e+03 4.000000000000000000e+00 2.300000300000000000e+11
1.413200000000000045e+03 4.000000000000000000e+00 2.300000300000000000e+11
1.413400000000000091e+03 4.000000000000000000e+00 2.300000000000000000e+11
1.413600000000000136e+03 0.000000000000000000e+00 2.300000000000000000e+11
1.413800000000000182e+03 0.000000000000000000e+00 2.300000000000000000e+11
1.414000000000000000e+03 0.000000000000000000e+00 2.300000000000000000e+11
1.414200000000000045e+03 4.000000000000000000e+00 2.300000300000000000e+11
1.414400000000000091e+03 4.000000000000000000e+00 2.300000300000000000e+11
1.414600000000000136e+03 4.000000000000000000e+00 2.300000000000000000e+11
1.414800000000000182e+03 4.000000000000000000e+00 2.300000300000000000e+11
1.415000000000000000e+03 5.656854249492380582e+00 2.300000300000000000e+11
1.415200000000000045e+03 5.656854249492380582e+00 2.300000300000000000e+11
1.415400000000000091e+03 5.656854249492380582e+00 2.300000300000000000e+11
1.415600000000000136e+03 4.000000000000000000e+00 2.300000300000000000e+11
1.415800000000000182e+03 4.000000000000000000e+00 2.300000300000000000e+11
1.416000000000000000e+03 4.000000000000000000e+00 0.000000000000000000e+00
1.416200000000000045e+03 4.000000000000000000e+00 0.000000000000000000e+00
1.416400000000000091e+03 0.000000000000000000e+00 0.000000000000000000e+00
1.416600000000000136e+03 0.000000000000000000e+00 0.000000000000000000e+00
1.416800000000000182e+03 0.000000000000000000e+00 0.000000000000000000e+00
1.417000000000000000e+03 4.000000000000000000e+00 0.000000000000000000e+00
1.417200000000000045e+03 4.000000000000000000e+00 0.000000000000000000e+00
1.417400000000000091e+03 4.000000000000000000e+00 0.000000000000000000e+00
1.417600000000000136e+03 5.656854249492380582e+00 0.000000000000000000e+00
1.417800000000000182e+03 5.656854249492380582e+00 0.000000000000000000e+00
1.418000000000000000e+03 5.656854249492380582e+00 0.000000000000000000e+00
1.418200000000000045e+03 5.656854249492380582e+00 0.000000000000000000e+00
1.418400000000000091e+03 4.000000000000000000e+00 0.000000000000000000e+00
1.418600000000000136e+03 4.000000000000000000e+00 0.000000000000000000e+00
1.418800000000000182e+03 4.000000000000000000e+00 0.000000000000000000e+00
1.419000000000000000e+03 0.000000000000000000e+00 0.000000000000000000e+00
1.419200000000000045e+03 0.000000000000000000e+00 0.000000000000000000e+00
1.419400000000000091e+03 0.000000000000000000e+00 0.000000000000000000e+00
1.419600000000000136e+03 0.000000000000000000e+00 0.000000000000000000e+00
1.419800000000000182e+03 4.000000000000000000e+00 0.000000000000000000e+00
1.420000000000000000e+03 4.000000000000000000e+00 2.300000000000000000e+11
1.420200000000000045e+03 4.000000000000000000e+00 2.300000300000000000e+11
1.420400000000000091e+03 5.656854249492380582e+00 2.300000300000000000e+11
1.420600000000000136e+03 5.656854249492380582e+00 2.300000300000000000e+11
1.420800000000000182e+03 5.656854249492380582e+00 2.300000300000000000e+11
1.421000000000000000e+03 4.000000000000000000e+00 2.300000300000000000e+11
1.421200000000000045e+03 4.000000000000000000e+00 2.300000300000000000e+11
1.421400000000000091e+03 4.000000000000000000e+00 2.300000300000000000e+11
1.421600000000000136e+03 4.000000000000000000e+00 2.300000300000000000e+11
1.421800000000000182e+03 0.000000000000000000e+00 2.300000300000000000e+11
1.422000000000000000e+03 0.000000000000000000e+00 2.300000300000000000e+11
1.422200000000000045e+03 0.000000000000000000e+00 2.300000300000000000e+11
1.422400000000000091e+03 4.000000000000000000e+00 2.300000300000000000e+11
1.422600000000000136e+03 4.000000000000000000e+00 2.300000300000000000e+11
1.422800000000000182e+03 4.000000000000000000e+00 2.300000300000000000e+11
1.423000000000000000e+03 4.000000000000000000e+00 2.300000300000000000e+11
1.423200000000000045e+03 5.656854249492380582e+00 2.300000300000000000e+11
1.423400000000000091e+03 5.656854249492380582e+00 2.300000300000000000e+11
1.423600000000000136e+03 5.656854249492380582e+00 2.300000300000000000e+11
1.423800000000000182e+03 4.000000000000000000e+00 2.300000300000000000e+11
1.424000000000000000e+03 4.000000000000000000e+00 0.000000000000000000e+00
1.424200000000000045e+03 4.000000000000000000e+00 0.000000000000000000e+00
1.424400000000000091e+03 4.000000000000000000e+00 0.000000000000000000e+00
1.424600000000000136e+03 0.000000000000000000e+00 0.000000000000000000e+00
1.424800000000000182e+03 0.000000000000000000e+00 0.000000000000000000e+00
1.425000000000000000e+03 0.000000000000000000e+00 0.000000000000000000e+00
1.425200000000000045e+03 4.000000000000000000e+00 0.000000000000000000e+00
1.425400000000000091e+03 4.000000000000000000e+00 0.000000000000000000e+00
1.425600000000000136e+03 4.000000000000000000e+00 0.000000000000000000e+00
1.425800000000000182e+03 4.000000000000000000e+00 0.000000000000000000e+00
1.426000000000000000e+03 5.656854249492380582e+00 0.000000000000000000e+00
1.426200000000000045e+03 5.656854249492380582e+00 0.000000000000000000e+00
1.426400000000000091e+03 5.656854249492380582e+00 0.000000000000000000e+00
1.426600000000000136e+03 4.000000000000000000e+00 0.000000000000000000e+00
1.426800000000000182e+03 4.000000000000000000e+00 0.000000000000000000e+00
1.427000000000000000e+03 4.000000000000000000e+00 0.000000000000000000e+00
1.427200000000000045e+03 0.000000000000000000e+00 0.000000000000000000e+00
1.427400000000000091e+03 0.000000000000000000e+00 0.000000000000000000e+00
1.427600000000000136e+03 0.000000000000000000e+00 0.000000000000000000e+00
1.427800000000000182e+03 0.000000000000000000e+00 0.000000000000000000e+00
1.428000000000000000e+03 4.000000000000000000e+00 2.300000300000000000e+11
1.428200000000000045e+03 4.000000000000000000e+00 2.300000300000000000e+11
1.428400000000000091e+03 4.000000000000000000e+00 2.300000000000000000e+11
1.428600000000000136e+03 5.656854249492380582e+00 2.300000000000000000e+11
1.428800000000000182e+03 5.656854249492380582e+00 2.300000300000000000e+11
1.429000000000000000e+03 5.656854249492380582e+00 2.300000000000000000e+11
1.429200000000000045e+03 5.656854249492380582e+00 2.300000000000000000e+11
1.429400000000000091e+03 4.000000000000000000e+00 2.300000000000000000e+11
1.429600000000000136e+03 4.000000000000000000e+00 2.300000300000000000e+11
1.429800000000000182e+03 4.000000000000000000e+00 2.300000300000000000e+11
1.430000000000000000e+03 0.000000000000000000e+00 2.300000300000000000e+11
1.430200000000000045e+03 0.000000000000000000e+00 2.300000000000000000e+11
1.430400000000000091e+03 0.000000000000000000e+00 2.300000300000000000e+11
1.430600000000000136e+03 0.000000000000000000e+00 2.300000300000000000e+11
1.430800000000000182e+03 4.000000000000000000e+00 2.300000300000000000e+11
1.431000000000000000e+03 4.000000000000000000e+00 2.300000300000000000e+11
1.431200000000000045e+03 4.000000000000000000e+00 2.300000300000000000e+11
1.431400000000000091e+03 5.656854249492380582e+00 2.300000300000000000e+11
1.431600000000000136e+03 5.656854249492380582e+00 2.300000000000000000e+11
1.431800000000000182e+03 5.656854249492380582e+00 2.300000300000000000e+11
1.432000000000000000e+03 5.656854249492380582e+00 0.000000000000000000e+00
1.432200000000000045e+03 4.000000000000000000e+00 0.000000000000000000e+00
1.432400000000000091e+03 4.000000000000000000e+00 0.000000000000000000e+00
1.432600000000000136e+03 4.000000000000000000e+00 0.000000000000000000e+00
1.432800000000000182e+03 0.000000000000000000e+00 0.000000000000000000e+00
1.433000000000000000e+03 0.000000000000000000e+00 0.000000000000000000e+00
1.433200000000000045e+03 0.000000000000000000e+00 0.000000000000000000e+00
1.433400000000000091e+03 4.000000000000000000e+00 0.000000000000000000e+00
1.433600000000000136e+03 4.000000000000000000e+00 0.000000000000000000e+00
1.433800000000000182e+03 4.000000000000000000e+00 0.000000000000000000e+00
1.434000000000000000e+03 4.000000000000000000e+00 0.000000000000000000e+00
1.434200000000000045e+03 5.656854249492380582e+00 0.000000000000000000e+00
1.434400000000000091e+03 5.656854249492380582e+00 0.000000000000000000e+00
1.434600000000000136e+03 5.656854249492380582e+00 0.000000000000000000e+00
1.434800000000000182e+03 4.000000000000000000e+00 0.000000000000000000e+00
1.435000000000000000e+03 4.000000000000000000e+00 0.000000000000000000e+00
1.435200000000000045e+03 4.000000000000000000e+00 0.000000000000000000e+00
1.435400000000000091e+03 0.000000000000000000e+00 0.000000000000000000e+00
1.435600000000000136e+03 0.000000000000000000e+00 0.000000000000000000e+00
1.435800000000000182e+03 0.000000000000000000e+00 0.000000000000000000e+00
1.436000000000000000e+03 0.000000000000000000e+00 2.300000300000000000e+11
1.436200000000000045e+03 4.000000000000000000e+00 2.300000300000000000e+11
1.436400000000000091e+03 4.000000000000000000e+00 2.300000300000000000e+11
1.436600000000000136e+03 4.000000000000000000e+00 2.300000300000000000e+11
1.436800000000000182e+03 5.656854249492380582e+00 2.300000000000000000e+11
1.437000000000000000e+03 5.656854249492380582e+00 2.300000000000000000e+11
1.437200000000000045e+03 5.656854249492380582e+00 2.300000300000000000e+11
1.437400000000000091e+03 5.656854249492380582e+00 2.300000300000000000e+11
1.437600000000000136e+03 4.000000000000000000e+00 2.300000300000000000e+11
1.437800000000000182e+03 4.000000000000000000e+00 2.300000300000000000e+11
1.438000000000000000e+03 4.000000000000000000e+00 2.300000300000000000e+11
1.438200000000000045e+03 0.000000000000000000e+00 2.300000300000000000e+11
1.438400000000000091e+03 0.000000000000000000e+00 2.300000000000000000e+11
1.438600000000000136e+03 0.000000000000000000e+00 2.300000300000000000e+11
1.438800000000000182e+03 0.000000000000000000e+00 2.300000000000000000e+11
1.439000000000000000e+03 4.000000000000000000e+00 2.300000300000000000e+11
1.439200000000000045e+03 4.000000000000000000e+00 2.300000000000000000e+11
1.439400000000000091e+03 4.000000000000000000e+00 2.300000300000000000e+11
1.439600000000000136e+03 5.656854249492380582e+00 2.300000000000000000e+11
1.439800000000000182e+03 5.656854249492380582e+00 2.300000300000000000e+11
