1.800000000000000000e+03 4.000000000000000000e+00 0.000000000000000000e+00
1.800200000000000045e+03 4.000000000000000000e+00 0.000000000000000000e+00
1.800400000000000091e+03 4.000000000000000000e+00 0.000000000000000000e+00
1.800600000000000136e+03 5.656854249492380582e+00 0.000000000000000000e+00
1.800800000000000182e+03 5.656854249492380582e+00 0.000000000000000000e+00
1.801000000000000000e+03 5.656854249492380582e+00 0.000000000000000000e+00
1.801200000000000045e+03 5.656854249492380582e+00 0.000000000000000000e+00
1.801400000000000091e+03 5.656854249492380582e+00 0.000000000000000000e+00
1.801600000000000136e+03 5.656854249492380582e+00 0.000000000000000000e+00
1.801800000000000182e+03 4.000000000000000000e+00 0.000000000000000000e+00
1.802000000000000000e+03 4.000000000000000000e+00 0.000000000000000000e+00
1.802200000000000045e+03 4.000000000000000000e+00 0.000000000000000000e+00
1.802400000000000091e+03 4.000000000000000000e+00 0.000000000000000000e+00
1.802600000000000136e+03 0.000000000000000000e+00 0.000000000000000000e+00
1.802800000000000182e+03 4.000000000000000000e+00 0.000000000000000000e+00
1.803000000000000000e+03 5.656854249492380582e+00 0.000000000000000000e+00
1.803200000000000045e+03 5.656854249492380582e+00 0.000000000000000000e+00
1.803400000000000091e+03 5.656854249492380582e+00 0.000000000000000000e+00
1.803600000000000136e+03 5.656854249492380582e+00 0.000000000000000000e+00
1.803800000000000182e+03 5.656854249492380582e+00 0.000000000000000000e+00
1.804000000000000000e+03 5.656854249492380582e+00 2.400000000000000000e+11
1.804200000000000045e+03 5.656854249492380582e+00 2.400000000000000000e+11
1.804400000000000091e+03 4.000000000000000000e+00 2.400000400000000000e+11
1.804600000000000136e+03 4.000000000000000000e+00 2.400000000000000000e+11
1.804800000000000182e+03 4.000000000000000000e+00 2.400000000000000000e+11
1.805000000000000000e+03 0.000000000000000000e+00 2.400000000000000000e+11
1.805200000000000045e+03 0.000000000000000000e+00 2.400000000000000000e+11
1.805400000000000091e+03 0.000000000000000000e+00 2.400000000000000000e+11
1.805600000000000136e+03 0.000000000000000000e+00 2.400000000000000000e+11
1.805800000000000182e+03 4.000000000000000000e+00 2.400000000000000000e+11
1.806000000000000000e+03 4.000000000000000000e+00 2.400000000000000000e+11
1.806200000000000045e+03 5.656854249492380582e+00 2.400000000000000000e+11
1.806400000000000091e+03 5.656854249492380582e+00 2.400000000000000000e+11
1.806600000000000136e+03 5.656854249492380582e+00 2.400000400000000000e+11
1.806800000000000182e+03 5.656854249492380582e+00 2.400000000000000000e+11
1.807000000000000000e+03 5.656854249492380582e+00 2.400000000000000000e+11
1.807200000000000045e+03 4.000000000000000000e+00 2.400000000000000000e+11
1.807400000000000091e+03 4.000000000000000000e+00 2.400000000000000000e+11
1.807600000000000136e+03 4.000000000000000000e+00 2.400000400000000000e+11
1.807800000000000182e+03 0.000000000000000000e+00 2.400000000000000000e+11
1.808000000000000000e+03 0.000000000000000000e+00 0.000000000000000000e+00
1.808200000000000045e+03 0.000000000000000000e+00 0.000000000000000000e+00
1.808400000000000091e+03 4.000000000000000000e+00 0.000000000000000000e+00
1.808600000000000136e+03 4.000000000000000000e+00 0.000000000000000000e+00
1.808800000000000182e+03 4.000000000000000000e+00 0.000000000000000000e+00
1.809000000000000000e+03 4.000000000000000000e+00 0.000000000000000000e+00
1.809200000000000045e+03 5.656854249492380582e+00 0.000000000000000000e+00
1.809400000000000091e+03 5.656854249492380582e+00 0.000000000000000000e+00
1.809600000000000136e+03 5.656854249492380582e+00 0.000000000000000000e+00
1.809800000000000182e+03 4.000000000000000000e+00 0.000000000000000000e+00
1.810000000000000000e+03 4.000000000000000000e+00 0.000000000000000000e+00
1.810200000000000045e+03 4.000000000000000000e+00 0.000000000000000000e+00
1.810400000000000091e+03 4.000000000000000000e+00 0.000000000000000000e+00
1.810600000000000136e+03 0.000000000000000000e+00 0.000000000000000000e+00
1.810800000000000182e+03 0.000000000000000000e+00 0.000000000000000000e+00
1.811000000000000000e+03 0.000000000000000000e+00 0.000000000000000000e+00
1.811200000000000045e+03 4.000000000000000000e+00 0.000000000000000000e+00
1.811400000000000091e+03 4.000000000000000000e+00 0.000000000000000000e+00
1.811600000000000136e+03 4.000000000000000000e+00 0.000000000000000000e+00
1.811800000000000182e+03 5.656854249492380582e+00 0.000000000000000000e+00
1.812000000000000000e+03 5.656854249492380582e+00 2.400000000000000000e+11
1.812200000000000045e+03 5.656854249492380582e+00 2.400000400000000000e+11
1.812400000000000091e+03 5.656854249492380582e+00 2.400000000000000000e+11
1.812600000000000136e+03 4.000000000000000000e+00 2.400000000000000000e+11
1.812800000000000182e+03 4.000000000000000000e+00 2.400000000000000000e+11
1.813000000000000000e+03 4.000000000000000000e+00 2.400000000000000000e+11
1.813200000000000045e+03 0.000000000000000000e+00 2.400000400000000000e+11
1.813400000000000091e+03 0.000000000000000000e+00 2.400000000000000000e+11
1.813600000000000136e+03 0.000000000000000000e+00 2.400000000000000000e+11
1.813800000000000182e+03 4.000000000000000000e+00 2.400000000000000000e+11
1.814000000000000000e+03 4.000000000000000000e+00 2.400000000000000000e+11
1.814200000000000045e+03 4.000000000000000000e+00 2.400000000000000000e+11
1.814400000000000091e+03 4.000000000000000000e+00 2.400000000000000000e+11
1.814600000000000136e+03 5.656854249492380582e+00 2.400000000000000000e+11
1.814800000000000182e+03 5.656854249492380582e+00 2.400000000000000000e+11
1.815000000000000000e+03 5.656854249492380582e+00 2.400000000000000000e+11
1.815200000000000045e+03 4.000000000000000000e+00 2.400000000000000000e+11
1.815400000000000091e+03 4.000000000000000000e+00 2.400000400000000000e+11
1.815600000000000136e+03 4.000000000000000000e+00 2.400000000000000000e+11
1.815800000000000182e+03 4.000000000000000000e+00 2.400000000000000000e+11
1.816000000000000000e+03 0.000000000000000000e+00 0.000000000000000000e+00
1.816200000000000045e+03 0.000000000000000000e+00 0.000000000000000000e+00
1.816400000000000091e+03 0.000000000000000000e+00 0.000000000000000000e+00
1.816600000000000136e+03 4.000000000000000000e+00 0.000000000000000000e+00
1.816800000000000182e+03 4.000000000000000000e+00 0.000000000000000000e+00
1.817000000000000000e+03 4.000000000000000000e+00 0.000000000000000000e+00
1.817200000000000045e+03 4.000000000000000000e+00 0.000000000000000000e+00
1.817400000000000091e+03 5.656854249492380582e+00 0.000000000000000000e+00
1.817600000000000136e+03 5.656854249492380582e+00 0.000000000000000000e+00
1.817800000000000182e+03 5.656854249492380582e+00 0.000000000000000000e+00
1.818000000000000000e+03 4.000000000000000000e+00 0.000000000000000000e+00
1.818200000000000045e+03 4.000000000000000000e+00 0.000000000000000000e+00
1.818400000000000091e+03 4.000000000000000000e+00 0.000000000000000000e+00
1.818600000000000136e+03 0.000000000000000000e+00 0.000000000000000000e+00
1.818800000000000182e+03 0.000000000000000000e+00 0.000000000000000000e+00
1.819000000000000000e+03 0.000000000000000000e+00 0.000000000000000000e+00
1.819200000000000045e+03 0.000000000000000000e+00 0.000000000000000000e+00
1.819400000000000091e+03 4.000000000000000000e+00 0.000000000000000000e+00
1.819600000000000136e+03 4.000000000000000000e+00 0.000000000000000000e+00
1.819800000000000182e+03 4.000000000000000000e+00 0.000000000000000000e+00
1.820000000000000000e+03 5.656854249492380582e+00 2.400000400000000000e+11
1.820200000000000045e+03 5.656854249492380582e+00 2.400000000000000000e+11
1.820400000000000091e+03 5.656854249492380582e+00 2.400000400000000000e+11
1.820600000000000136e+03 5.656854249492380582e+00 2.400000000000000000e+11
1.820800000000000182e+03 4.000000000000000000e+00 2.400000000000000000e+11
1.821000000000000000e+03 4.000000000000000000e+00 2.400000000000000000e+11
1.821200000000000045e+03 4.000000000000000000e+00 2.400000400000000000e+11
1.821400000000000091e+03 0.000000000000000000e+00 2.400000000000000000e+11
1.821600000000000136e+03 0.000000000000000000e+00 2.400000000000000000e+11
1.821800000000000182e+03 0.000000000000000000e+00 2.400000000000000000e+11
1.822000000000000000e+03 4.000000000000000000e+00 2.400000000000000000e+11
1.822200000000000045e+03 4.000000000000000000e+00 2.400000000000000000e+11
1.822400000000000091e+03 4.000000000000000000e+00 2.400000000000000000e+11
1.822600000000000136e+03 4.000000000000000000e+00 2.400000400000000000e+11
1.822800000000000182e+03 5.656854249492380582e+00 2.400000000000000000e+11
1.823000000000000000e+03 5.656854249492380582e+00 2.400000000000000000e+11
1.823200000000000045e+03 5.656854249492380582e+00 2.400000000000000000e+11
1.823400000000000091e+03 4.000000000000000000e+00 2.400000000000000000e+11
1.823600000000000136e+03 4.000000000000000000e+00 2.400000400000000000e+11
1.823800000000000182e+03 4.000000000000000000e+00 2.400000000000000000e+11
1.824000000000000000e+03 4.000000000000000000e+00 0.000000000000000000e+00
1.824200000000000045e+03 0.000000000000000000e+00 0.000000000000000000e+00
1.824400000000000091e+03 0.000000000000000000e+00 0.000000000000000000e+00
1.824600000000000136e+03 0.000000000000000000e+00 0.000000000000000000e+00
1.824800000000000182e+03 4.000000000000000000e+00 0.000000000000000000e+00
1.825000000000000000e+03 4.000000000000000000e+00 0.000000000000000000e+00
1.825200000000000045e+03 4.000000000000000000e+00 0.000000000000000000e+00
1.825400000000000091e+03 4.000000000000000000e+00 0.000000000000000000e+00
1.825600000000000136e+03 5.656854249492380582e+00 0.000000000000000000e+00
1.825800000000000182e+03 5.656854249492380582e+00 0.000000000000000000e+00
1.826000000000000000e+03 5.656854249492380582e+00 0.000000000000000000e+00
1.826200000000000045e+03 4.000000000000000000e+00 0.000000000000000000e+00
1.826400000000000091e+03 4.000000000000000000e+00 0.000000000000000000e+00
1.826600000000000136e+03 4.000000000000000000e+00 0.000000000000000000e+00
1.826800000000000182e+03 0.000000000000000000e+00 0.000000000000000000e+00
1.827000000000000000e+03 0.000000000000000000e+00 0.000000000000000000e+00
1.827200000000000045e+03 0.000000000000000000e+00 0.000000000000000000e+00
1.827400000000000091e+03 0.000000000000000000e+00 0.000000000000000000e+00
1.827600000000000136e+03 4.000000000000000000e+00 0.000000000000000000e+00
1.827800000000000182e+03 4.000000000000000000e+00 0.000000000000000000e+00
1.828000000000000000e+03 4.000000000000000000e+00 2.400000000000000000e+11
1.828200000000000045e+03 5.656854249492380582e+00 2.400000000000000000e+11
1.828400000000000091e+03 5.656854249492380582e+00 2.400000000000000000e+11
1.828600000000000136e+03 5.656854249492380582e+00 2.400000000000000000e+11
1.828800000000000182e+03 5.656854249492380582e+00 2.400000000000000000e+11
1.829000000000000000e+03 4.000000000000000000e+00 2.400000000000000000e+11
1.829200000000000045e+03 4.000000000000000000e+00 2.400000000000000000e+11
1.829400000000000091e+03 4.000000000000000000e+00 2.400000000000000000e+11
1.829600000000000136e+03 0.000000000000000000e+00 2.400000000000000000e+11
1.829800000000000182e+03 0.000000000000000000e+00 2.400000000000000000e+11
1.830000000000000000e+03 0.000000000000000000e+00 2.400000000000000000e+11
1.830200000000000045e+03 4.000000000000000000e+00 2.400000000000000000e+11
1.830400000000000091e+03 4.000000000000000000e+00 2.400000000000000000e+11
1.830600000000000136e+03 4.000000000000000000e+00 2.400000000000000000e+11
1.830800000000000182e+03 4.000000000000000000e+00 2.400000400000000000e+11
1.831000000000000000e+03 5.656854249492380582e+00 2.400000400000000000e+11
1.831200000000000045e+03 5.656854249492380582e+00 2.400000000000000000e+11
1.831400000000000091e+03 5.656854249492380582e+00 2.400000000000000000e+11
1.831600000000000136e+03 4.000000000000000000e+00 2.400000000000000000e+11
1.831800000000000182e+03 4.000000000000000000e+00 2.400000000000000000e+11
1.832000000000000000e+03 4.000000000000000000e+00 0.000000000000000000e+00
1.832200000000000045e+03 4.000000000000000000e+00 0.000000000000000000e+00
1.832400000000000091e+03 0.000000000000000000e+00 0.000000000000000000e+00
1.832600000000000136e+03 0.000000000000000000e+00 0.000000000000000000e+00
1.832800000000000182e+03 0.000000000000000000e+00 0.000000000000000000e+00
1.833000000000000000e+03 4.000000000000000000e+00 0.000000000000000000e+00
1.833200000000000045e+03 4.000000000000000000e+00 0.000000000000000000e+00
1.833400000000000091e+03 4.000000000000000000e+00 0.000000000000000000e+00
1.833600000000000136e+03 4.000000000000000000e+00 0.000000000000000000e+00
1.833800000000000182e+03 5.656854249492380582e+00 0.000000000000000000e+00
1.834000000000000000e+03 5.656854249492380582e+00 0.000000000000000000e+00
1.834200000000000045e+03 5.656854249492380582e+00 0.000000000000000000e+00
1.834400000000000091e+03 4.000000000000000000e+00 0.000000000000000000e+00
1.834600000000000136e+03 4.000000000000000000e+00 0.000000000000000000e+00
1.834800000000000182e+03 4.000000000000000000e+00 0.000000000000000000e+00
1.835000000000000000e+03 0.000000000000000000e+00 0.000000000000000000e+00
1.835200000000000045e+03 0.000000000000000000e+00 0.000000000000000000e+00
1.835400000000000091e+03 0.000000000000000000e+00 0.000000000000000000e+00
1.835600000000000136e+03 0.000000000000000000e+00 0.000000000000000000e+00
1.835800000000000182e+03 4.000000000000000000e+00 0.000000000000000000e+00
1.836000000000000000e+03 4.000000000000000000e+00 2.400000000000000000e+11
1.836200000000000045e+03 4.000000000000000000e+00 2.400000000000000000e+11
1.836400000000000091e+03 5.656854249492380582e+00 2.400000000000000000e+11
1.836600000000000136e+03 5.656854249492380582e+00 2.400000000000000000e+11
1.836800000000000182e+03 5.656854249492380582e+00 2.400000000000000000e+11
1.837000000000000000e+03 5.656854249492380582e+00 2.400000000000000000e+11
1.837200000000000045e+03 4.000000000000000000e+00 2.400000000000000000e+11
1.837400000000000091e+03 4.000000000000000000e+00 2.400000000000000000e+11
1.837600000000000136e+03 4.000000000000000000e+00 2.400000000000000000e+11
1.837800000000000182e+03 0.000000000000000000e+00 2.400000000000000000e+11
1.838000000000000000e+03 0.000000000000000000e+00 2.400000000000000000e+11
1.838200000000000045e+03 0.000000000000000000e+00 2.400000000000000000e+11
1.838400000000000091e+03 4.000000000000000000e+00 2.400000000000000000e+11
1.838600000000000136e+03 4.000000000000000000e+00 2.400000000000000000e+11
1.838800000000000182e+03 4.000000000000000000e+00 2.400000000000000000e+11
1.839000000000000000e+03 4.000000000000000000e+00 2.400000000000000000e+11
1.839200000000000045e+03 5.656854249492380582e+00 2.400000000000000000e+11
1.839400000000000091e+03 5.656854249492380582e+00 2.400000400000000000e+11
1.839600000000000136e+03 5.656854249492380582e+00 2.400000400000000000e+11
1.839800000000000182e+03 4.000000000000000000e+00 2.400000400000000000e+11
1.840000000000000000e+03 4.000000000000000000e+00 0.000000000000000000e+00
1.840200000000000045e+03 4.000000000000000000e+00 0.000000000000000000e+00
1.840400000000000091e+03 4.000000000000000000e+00 0.000000000000000000e+00
1.840600000000000136e+03 0.000000000000000000e+00 0.000000000000000000e+00
1.840800000000000182e+03 0.000000000000000000e+00 0.000000000000000000e+00
1.841000000000000000e+03 0.000000000000000000e+00 0.000000000000000000e+00
1.841200000000000045e+03 4.000000000000000000e+00 0.000000000000000000e+00
1.841400000000000091e+03 4.000000000000000000e+00 0.000000000000000000e+00
1.841600000000000136e+03 4.000000000000000000e+00 0.000000000000000000e+00
1.841800000000000182e+03 5.656854249492380582e+00 0.000000000000000000e+00
1.842000000000000000e+03 5.656854249492380582e+00 0.000000000000000000e+00
1.842200000000000045e+03 5.656854249492380582e+00 0.000000000000000000e+00
1.842400000000000091e+03 5.656854249492380582e+00 0.000000000000000000e+00
1.842600000000000136e+03 4.000000000000000000e+00 0.000000000000000000e+00
1.842800000000000182e+03 4.000000000000000000e+00 0.000000000000000000e+00
1.843000000000000000e+03 4.000000000000000000e+00 0.000000000000000000e+00
1.843200000000000045e+03 0.000000000000000000e+00 0.000000000000000000e+00
1.843400000000000091e+03 0.000000000000000000e+00 0.000000000000000000e+00
1.843600000000000136e+03 0.000000000000000000e+00 0.000000000000000000e+00
1.843800000000000182e+03 0.000000000000000000e+00 0.000000000000000000e+00
1.844000000000000000e+03 4.000000000000000000e+00 2.400000000000000000e+11
1.844200000000000045e+03 4.000000000000000000e+00 2.400000400000000000e+11
1.844400000000000091e+03 4.000000000000000000e+00 2.400000000000000000e+11
1.844600000000000136e+03 5.656854249492380582e+00 2.400000000000000000e+11
1.844800000000000182e+03 5.656854249492380582e+00 2.400000000000000000e+11
1.845000000000000000e+03 5.656854249492380582e+00 2.400000000000000000e+11
1.845200000000000045e+03 5.656854249492380582e+00 2.400000400000000000e+11
1.845400000000000091e+03 4.000000000000000000e+00 2.400000000000000000e+11
1.845600000000000136e+03 4.000000000000000000e+00 2.400000000000000000e+11
1.845800000000000182e+03 4.000000000000000000e+00 2.400000000000000000e+11
1.846000000000000000e+03 0.000000000000000000e+00 2.400000000000000000e+11
1.846200000000000045e+03 0.000000000000000000e+00 2.400000400000000000e+11
1.846400000000000091e+03 0.000000000000000000e+00 2.400000000000000000e+11
1.846600000000000136e+03 4.000000000000000000e+00 2.400000000000000000e+11
1.846800000000000182e+03 4.000000000000000000e+00 2.400000400000000000e+11
1.847000000000000000e+03 4.000000000000000000e+00 2.400000000000000000e+11
1.847200000000000045e+03 4.000000000000000000e+00 2.400000000000000000e+11
1.847400000000000091e+03 5.656854249492380582e+00 2.400000000000000000e+11
1.847600000000000136e+03 5.656854249492380582e+00 2.400000000000000000e+11
1.847800000000000182e+03 5.656854249492380582e+00 2.400000000000000000e+11
1.848000000000000000e+03 5.656854249492380582e+00 0.000000000000000000e+00
1.848200000000000045e+03 4.000000000000000000e+00 0.000000000000000000e+00
1.848400000000000091e+03 4.000000000000000000e+00 0.000000000000000000e+00
1.848600000000000136e+03 4.000000000000000000e+00 0.000000000000000000e+00
1.848800000000000182e+03 0.000000000000000000e+00 0.000000000000000000e+00
1.849000000000000000e+03 0.000000000000000000e+00 0.000000000000000000e+00
1.849200000000000045e+03 0.000000000000000000e+00 0.000000000000000000e+00
1.849400000000000091e+03 0.000000000000000000e+00 0.000000000000000000e+00
1.849600000000000136e+03 4.000000000000000000e+00 0.000000000000000000e+00
1.849800000000000182e+03 4.000000000000000000e+00 0.000000000000000000e+00
1.850000000000000000e+03 4.000000000000000000e+00 0.000000000000000000e+00
1.850200000000000045e+03 5.656854249492380582e+00 0.000000000000000000e+00
1.850400000000000091e+03 5.656854249492380582e+00 0.000000000000000000e+00
1.850600000000000136e+03 5.656854249492380582e+00 0.000000000000000000e+00
1.850800000000000182e+03 5.656854249492380582e+00 0.000000000000000000e+00
1.851000000000000000e+03 4.000000000000000000e+00 0.000000000000000000e+00
1.851200000000000045e+03 4.000000000000000000e+00 0.000000000000000000e+00
1.851400000000000091e+03 4.000000000000000000e+00 0.000000000000000000e+00
1.851600000000000136e+03 0.000000000000000000e+00 0.000000000000000000e+00
1.851800000000000182e+03 0.000000000000000000e+00 0.000000000000000000e+00
1.852000000000000000e+03 0.000000000000000000e+00 2.400000000000000000e+11
1.852200000000000045e+03 0.000000000000000000e+00 2.400000000000000000e+11
1.852400000000000091e+03 4.000000000000000000e+00 2.400000000000000000e+11
1.852600000000000136e+03 4.000000000000000000e+00 2.400000400000000000e+11
1.852800000000000182e+03 4.000000000000000000e+00 2.400000000000000000e+11
1.853000000000000000e+03 5.656854249492380582e+00 2.400000000000000000e+11
1.853200000000000045e+03 5.656854249492380582e+00 2.400000000000000000e+11
1.853400000000000091e+03 5.656854249492380582e+00 2.400000400000000000e+11
1.853600000000000136e+03 5.656854249492380582e+00 2.400000000000000000e+11
1.853800000000000182e+03 4.000000000000000000e+00 2.400000400000000000e+11
1.854000000000000000e+03 4.000000000000000000e+00 2.400000000000000000e+11
1.854200000000000045e+03 4.000000000000000000e+00 2.400000000000000000e+11
1.854400000000000091e+03 4.000000000000000000e+00 2.400000400000000000e+11
1.854600000000000136e+03 4.000000000000000000e+00 2.400000000000000000e+11
1.854800000000000182e+03 4.000000000000000000e+00 2.400000000000000000e+11
1.855000000000000000e+03 4.000000000000000000e+00 2.400000400000000000e+11
1.855200000000000045e+03 4.000000000000000000e+00 2.400000000000000000e+11
1.855400000000000091e+03 5.656854249492380582e+00 2.400000000000000000e+11
1.855600000000000136e+03 5.656854249492380582e+00 2.400000400000000000e+11
1.855800000000000182e+03 8.944271909999159220e+00 2.400000000000000000e+11
1.856000000000000000e+03 1.200000000000000000e+01 0.000000000000000000e+00
1.856200000000000045e+03 1.264911064067351809e+01 0.000000000000000000e+00
1.856400000000000091e+03 1.131370849898476116e+01 0.000000000000000000e+00
1.856600000000000136e+03 1.131370849898476116e+01 0.000000000000000000e+00
1.856800000000000182e+03 1.264911064067351809e+01 0.000000000000000000e+00
1.857000000000000000e+03 1.200000000000000000e+01 0.000000000000000000e+00
1.857200000000000045e+03 8.944271909999159220e+00 0.000000000000000000e+00
1.857400000000000091e+03 5.656854249492380582e+00 0.000000000000000000e+00
1.857600000000000136e+03 8.944271909999159220e+00 0.000000000000000000e+00
1.857800000000000182e+03 8.000000000000000000e+00 0.000000000000000000e+00
1.858000000000000000e+03 5.656854249492380582e+00 0.000000000000000000e+00
1.858200000000000045e+03 4.000000000000000000e+00 0.000000000000000000e+00
1.858400000000000091e+03 8.944271909999159220e+00 0.000000000000000000e+00
1.858600000000000136e+03 5.656854249492380582e+00 0.000000000000000000e+00
1.858800000000000182e+03 8.944271909999159220e+00 0.000000000000000000e+00
1.859000000000000000e+03 8.000000000000000000e+00 0.000000000000000000e+00
1.859200000000000045e+03 1.264911064067351809e+01 0.000000000000000000e+00
1.859400000000000091e+03 1.131370849898476116e+01 0.000000000000000000e+00
1.859600000000000136e+03 1.131370849898476116e+01 0.000000000000000000e+00
1.859800000000000182e+03 8.944271909999159220e+00 0.000000000000000000e+00
1.860000000000000000e+03 8.000000000000000000e+00 2.400000000000000000e+11
1.860200000000000045e+03 8.944271909999159220e+00 2.400000000000000000e+11
1.860400000000000091e+03 1.131370849898476116e+01 2.400000000000000000e+11
1.860600000000000136e+03 8.944271909999159220e+00 2.400000000000000000e+11
1.860800000000000182e+03 8.000000000000000000e+00 2.400000000000000000e+11
1.861000000000000000e+03 1.131370849898476116e+01 2.400000000000000000e+11
1.861200000000000045e+03 1.264911064067351809e+01 2.400000000000000000e+11
1.861400000000000091e+03 1.600000000000000000e+01 2.400000000000000000e+11
1.861600000000000136e+03 1.788854381999831844e+01 2.400000000000000000e+11
1.861800000000000182e+03 2.000000000000000000e+01 2.400000400000000000e+11
1.862000000000000000e+03 2.529822128134703618e+01 2.400000000000000000e+11
1.862200000000000045e+03 2.800000000000000000e+01 2.400000000000000000e+11
1.862400000000000091e+03 3.046309242345563462e+01 2.400000000000000000e+11
1.862600000000000136e+03 3.394112549695427816e+01 2.400000000000000000e+11
1.862800000000000182e+03 3.939543120718441571e+01 2.400000000000000000e+11
1.863000000000000000e+03 4.019950248448355978e+01 2.400000000000000000e+11
1.863200000000000045e+03 4.681879964287850271e+01 2.400000000000000000e+11
1.863400000000000091e+03 4.816637831516918311e+01 2.400000000000000000e+11
1.863600000000000136e+03 5.200000000000000000e+01 2.400000000000000000e+11
1.863800000000000182e+03 5.600000000000000000e+01 2.400000400000000000e+11
1.864000000000000000e+03 6.260990336999411454e+01 0.000000000000000000e+00
1.864200000000000045e+03 6.248199740725323181e+01 0.000000000000000000e+00
1.864400000000000091e+03 6.209669878504009688e+01 0.000000000000000000e+00
1.864600000000000136e+03 6.511528238439882443e+01 0.000000000000000000e+00
1.864800000000000182e+03 6.324555320336758513e+01 0.000000000000000000e+00
1.865000000000000000e+03 6.449806198638839305e+01 0.000000000000000000e+00
1.865200000000000045e+03 6.449806198638839305e+01 0.000000000000000000e+00
1.865400000000000091e+03 6.596969000988256937e+01 0.000000000000000000e+00
1.865600000000000136e+03 6.560487786742690730e+01 0.000000000000000000e+00
1.865800000000000182e+03 6.449806198638839305e+01 0.000000000000000000e+00
1.866000000000000000e+03 6.412487816752559411e+01 0.000000000000000000e+00
1.866200000000000045e+03 6.324555320336758513e+01 0.000000000000000000e+00
1.866400000000000091e+03 5.946427498927402411e+01 0.000000000000000000e+00
1.866600000000000136e+03 5.727128425310541360e+01 0.000000000000000000e+00
1.866800000000000182e+03 5.600000000000000000e+01 0.000000000000000000e+00
1.867000000000000000e+03 5.727128425310541360e+01 0.000000000000000000e+00
1.867200000000000045e+03 5.685068161420758059e+01 0.000000000000000000e+00
1.867400000000000091e+03 5.336665625650533684e+01 0.000000000000000000e+00
1.867600000000000136e+03 5.727128425310541360e+01 0.000000000000000000e+00
1.867800000000000182e+03 5.768882040742382600e+01 0.000000000000000000e+00
1.868000000000000000e+03 5.556977595779921586e+01 2.400000000000000000e+11
1.868200000000000045e+03 6.449806198638839305e+01 2.400000000000000000e+11
1.868400000000000091e+03 7.472616676907762212e+01 2.400000000000000000e+11
1.868600000000000136e+03 8.000000000000000000e+01 2.400000000000000000e+11
1.868800000000000182e+03 8.781799360040059810e+01 2.400000000000000000e+11
1.869000000000000000e+03 9.674709297958258958e+01 2.400000000000000000e+11
1.869200000000000045e+03 1.049952379872535033e+02 2.400000000000000000e+11
1.869400000000000091e+03 1.189285499785480482e+02 2.400000000000000000e+11
1.869600000000000136e+03 1.292439553712280826e+02 2.400000000000000000e+11
1.869800000000000182e+03 1.402283851436648376e+02 2.400000400000000000e+11
1.870000000000000000e+03 1.523154621172781731e+02 2.400000000000000000e+11
1.870200000000000045e+03 1.332066064427737047e+02 2.400000000000000000e+11
1.870400000000000091e+03 1.111395519155984317e+02 2.400000000000000000e+11
1.870600000000000136e+03 1.245792920191794906e+02 2.400000000000000000e+11
1.870800000000000182e+03 1.391402170474086972e+02 2.400000000000000000e+11
1.871000000000000000e+03 1.527350647362942766e+02 2.400000000000000000e+11
1.871200000000000045e+03 1.657467948408052791e+02 2.400000000000000000e+11
1.871400000000000091e+03 1.151694403911037483e+02 2.400000000000000000e+11
1.871600000000000136e+03 1.282497563350511882e+02 2.400000400000000000e+11
1.871800000000000182e+03 1.414213562373095101e+02 2.400000000000000000e+11
1.872000000000000000e+03 1.576324839619042564e+02 0.000000000000000000e+00
1.872200000000000045e+03 1.506253630701018551e+02 0.000000000000000000e+00
1.872400000000000091e+03 1.331465358167459101e+02 0.000000000000000000e+00
1.872600000000000136e+03 1.331465358167459101e+02 0.000000000000000000e+00
1.872800000000000182e+03 1.329661611087572908e+02 0.000000000000000000e+00
1.873000000000000000e+03 1.302919797992186375e+02 0.000000000000000000e+00
1.873200000000000045e+03 1.273106437027163906e+02 0.000000000000000000e+00
1.873400000000000091e+03 1.240644993541665855e+02 0.000000000000000000e+00
1.873600000000000136e+03 1.205985074534506793e+02 0.000000000000000000e+00
1.873800000000000182e+03 1.200666481584290750e+02 0.000000000000000000e+00
1.874000000000000000e+03 1.187265766372466373e+02 0.000000000000000000e+00
1.874200000000000045e+03 1.170982493464355798e+02 0.000000000000000000e+00
1.874400000000000091e+03 1.176435293588219366e+02 0.000000000000000000e+00
1.874600000000000136e+03 1.160000000000000000e+02 0.000000000000000000e+00
1.874800000000000182e+03 1.203328716519305885e+02 0.000000000000000000e+00
1.875000000000000000e+03 1.162755348299890699e+02 0.000000000000000000e+00
1.875200000000000045e+03 1.181185844818672024e+02 0.000000000000000000e+00
1.875400000000000091e+03 1.144027971686007277e+02 0.000000000000000000e+00
1.875600000000000136e+03 1.145425685062108272e+02 0.000000000000000000e+00
1.875800000000000182e+03 1.145425685062108272e+02 0.000000000000000000e+00
1.876000000000000000e+03 1.112115101956627541e+02 2.400000000000000000e+11
1.876200000000000045e+03 9.674709297958258958e+01 2.400000000000000000e+11
1.876400000000000091e+03 8.438009243891595190e+01 2.400000000000000000e+11
1.876600000000000136e+03 7.589466384404110499e+01 2.400000400000000000e+11
1.876800000000000182e+03 6.511528238439882443e+01 2.400000000000000000e+11
1.877000000000000000e+03 5.727128425310541360e+01 2.400000000000000000e+11
1.877200000000000045e+03 5.200000000000000000e+01 2.400000000000000000e+11
1.877400000000000091e+03 4.472135954999579610e+01 2.400000400000000000e+11
1.877600000000000136e+03 4.252058325093859992e+01 2.400000000000000000e+11
1.877800000000000182e+03 3.794733192202055250e+01 2.400000000000000000e+11
1.878000000000000000e+03 3.622154055254966920e+01 2.400000000000000000e+11
1.878200000000000045e+03 3.224903099319419653e+01 2.400000000000000000e+11
1.878400000000000091e+03 2.828427124746190202e+01 2.400000000000000000e+11
1.878600000000000136e+03 2.529822128134703618e+01 2.400000000000000000e+11
1.878800000000000182e+03 2.400000000000000000e+01 2.400000000000000000e+11
1.879000000000000000e+03 2.154065922853801496e+01 2.400000000000000000e+11
1.879200000000000045e+03 1.697056274847713908e+01 2.400000000000000000e+11
1.879400000000000091e+03 1.442220510185595650e+01 2.400000400000000000e+11
1.879600000000000136e+03 1.200000000000000000e+01 2.400000000000000000e+11
1.879800000000000182e+03 8.944271909999159220e+00 2.400000000000000000e+11
1.880000000000000000e+03 5.656854249492380582e+00 0.000000000000000000e+00
1.880200000000000045e+03 8.000000000000000000e+00 0.000000000000000000e+00
1.880400000000000091e+03 8.944271909999159220e+00 0.000000000000000000e+00
1.880600000000000136e+03 1.131370849898476116e+01 0.000000000000000000e+00
1.880800000000000182e+03 8.944271909999159220e+00 0.000000000000000000e+00
1.881000000000000000e+03 1.200000000000000000e+01 0.000000000000000000e+00
1.881200000000000045e+03 1.264911064067351809e+01 0.000000000000000000e+00
1.881400000000000091e+03 1.131370849898476116e+01 0.000000000000000000e+00
1.881600000000000136e+03 1.442220510185595650e+01 0.000000000000000000e+00
1.881800000000000182e+03 1.264911064067351809e+01 0.000000000000000000e+00
1.882000000000000000e+03 1.200000000000000000e+01 0.000000000000000000e+00
1.882200000000000045e+03 8.944271909999159220e+00 0.000000000000000000e+00
1.882400000000000091e+03 8.944271909999159220e+00 0.000000000000000000e+00
1.882600000000000136e+03 8.944271909999159220e+00 0.000000000000000000e+00
1.882800000000000182e+03 8.000000000000000000e+00 0.000000000000000000e+00
1.883000000000000000e+03 5.656854249492380582e+00 0.000000000000000000e+00
1.883200000000000045e+03 8.000000000000000000e+00 0.000000000000000000e+00
1.883400000000000091e+03 8.944271909999159220e+00 0.000000000000000000e+00
1.883600000000000136e+03 8.944271909999159220e+00 0.000000000000000000e+00
1.883800000000000182e+03 8.944271909999159220e+00 0.000000000000000000e+00
1.884000000000000000e+03 1.200000000000000000e+01 2.400000000000000000e+11
1.884200000000000045e+03 8.944271909999159220e+00 2.400000400000000000e+11
1.884400000000000091e+03 8.944271909999159220e+00 2.400000000000000000e+11
1.884600000000000136e+03 8.944271909999159220e+00 2.400000000000000000e+11
1.884800000000000182e+03 8.944271909999159220e+00 2.400000000000000000e+11
1.885000000000000000e+03 8.000000000000000000e+00 2.400000000000000000e+11
1.885200000000000045e+03 4.000000000000000000e+00 2.400000400000000000e+11
1.885400000000000091e+03 4.000000000000000000e+00 2.400000400000000000e+11
1.885600000000000136e+03 4.000000000000000000e+00 2.400000000000000000e+11
1.885800000000000182e+03 0.000000000000000000e+00 2.400000000000000000e+11
1.886000000000000000e+03 0.000000000000000000e+00 2.400000000000000000e+11
1.886200000000000045e+03 0.000000000000000000e+00 2.400000000000000000e+11
1.886400000000000091e+03 0.000000000000000000e+00 2.400000000000000000e+11
1.886600000000000136e+03 4.000000000000000000e+00 2.400000400000000000e+11
1.886800000000000182e+03 4.000000000000000000e+00 2.400000400000000000e+11
1.887000000000000000e+03 4.000000000000000000e+00 2.400000400000000000e+11
1.887200000000000045e+03 4.000000000000000000e+00 2.400000000000000000e+11
1.887400000000000091e+03 5.656854249492380582e+00 2.400000400000000000e+11
1.887600000000000136e+03 5.656854249492380582e+00 2.400000400000000000e+11
1.887800000000000182e+03 5.656854249492380582e+00 2.400000400000000000e+11
1.888000000000000000e+03 4.000000000000000000e+00 0.000000000000000000e+00
1.888200000000000045e+03 4.000000000000000000e+00 0.000000000000000000e+00
1.888400000000000091e+03 4.000000000000000000e+00 0.000000000000000000e+00
1.888600000000000136e+03 4.000000000000000000e+00 0.000000000000000000e+00
1.888800000000000182e+03 0.000000000000000000e+00 0.000000000000000000e+00
1.889000000000000000e+03 0.000000000000000000e+00 0.000000000000000000e+00
1.889200000000000045e+03 0.000000000000000000e+00 0.000000000000000000e+00
1.889400000000000091e+03 4.000000000000000000e+00 0.000000000000000000e+00
1.889600000000000136e+03 4.000000000000000000e+00 0.000000000000000000e+00
1.889800000000000182e+03 4.000000000000000000e+00 0.000000000000000000e+00
1.890000000000000000e+03 4.000000000000000000e+00 0.000000000000000000e+00
1.890200000000000045e+03 5.656854249492380582e+00 0.000000000000000000e+00
1.890400000000000091e+03 5.656854249492380582e+00 0.000000000000000000e+00
1.890600000000000136e+03 5.656854249492380582e+00 0.000000000000000000e+00
1.890800000000000182e+03 4.000000000000000000e+00 0.000000000000000000e+00
1.891000000000000000e+03 4.000000000000000000e+00 0.000000000000000000e+00
1.891200000000000045e+03 4.000000000000000000e+00 0.000000000000000000e+00
1.891400000000000091e+03 0.000000000000000000e+00 0.000000000000000000e+00
1.891600000000000136e+03 0.000000000000000000e+00 0.000000000000000000e+00
1.891800000000000182e+03 0.000000000000000000e+00 0.000000000000000000e+00
1.892000000000000000e+03 0.000000000000000000e+00 2.400000000000000000e+11
1.892200000000000045e+03 4.000000000000000000e+00 2.400000000000000000e+11
1.892400000000000091e+03 4.000000000000000000e+00 2.400000400000000000e+11
1.892600000000000136e+03 4.000000000000000000e+00 2.400000000000000000e+11
1.892800000000000182e+03 5.656854249492380582e+00 2.400000000000000000e+11
1.893000000000000000e+03 5.656854249492380582e+00 2.400000000000000000e+11
1.893200000000000045e+03 5.656854249492380582e+00 2.400000000000000000e+11
1.893400000000000091e+03 5.656854249492380582e+00 2.400000000000000000e+11
1.893600000000000136e+03 4.000000000000000000e+00 2.400000000000000000e+11
1.893800000000000182e+03 4.000000000000000000e+00 2.400000000000000000e+11
1.894000000000000000e+03 4.000000000000000000e+00 2.400000000000000000e+11
1.894200000000000045e+03 0.000000000000000000e+00 2.400000000000000000e+11
1.894400000000000091e+03 0.000000000000000000e+00 2.400000000000000000e+11
1.894600000000000136e+03 0.000000000000000000e+00 2.400000000000000000e+11
1.894800000000000182e+03 0.000000000000000000e+00 2.400000000000000000e+11
1.895000000000000000e+03 4.000000000000000000e+00 2.400000400000000000e+11
1.895200000000000045e+03 4.000000000000000000e+00 2.400000000000000000e+11
1.895400000000000091e+03 4.000000000000000000e+00 2.400000000000000000e+11
1.895600000000000136e+03 5.656854249492380582e+00 2.400000000000000000e+11
1.895800000000000182e+03 5.656854249492380582e+00 2.400000000000000000e+11
1.896000000000000000e+03 5.656854249492380582e+00 0.000000000000000000e+00
1.896200000000000045e+03 5.656854249492380582e+00 0.000000000000000000e+00
1.896400000000000091e+03 4.000000000000000000e+00 0.000000000000000000e+00
1.896600000000000136e+03 4.000000000000000000e+00 0.000000000000000000e+00
1.896800000000000182e+03 4.000000000000000000e+00 0.000000000000000000e+00
1.897000000000000000e+03 0.000000000000000000e+00 0.000000000000000000e+00
1.897200000000000045e+03 0.000000000000000000e+00 0.000000000000000000e+00
1.897400000000000091e+03 0.000000000000000000e+00 0.000000000000000000e+00
1.897600000000000136e+03 4.000000000000000000e+00 0.000000000000000000e+00
1.897800000000000182e+03 4.000000000000000000e+00 0.000000000000000000e+00
1.898000000000000000e+03 4.000000000000000000e+00 0.000000000000000000e+00
1.898200000000000045e+03 4.000000000000000000e+00 0.000000000000000000e+00
1.898400000000000091e+03 5.656854249492380582e+00 0.000000000000000000e+00
1.898600000000000136e+03 5.656854249492380582e+00 0.000000000000000000e+00
1.898800000000000182e+03 5.656854249492380582e+00 0.000000000000000000e+00
1.899000000000000000e+03 4.000000000000000000e+00 0.000000000000000000e+00
1.899200000000000045e+03 4.000000000000000000e+00 0.000000000000000000e+00
1.899400000000000091e+03 4.000000000000000000e+00 0.000000000000000000e+00
1.899600000000000136e+03 4.000000000000000000e+00 0.000000000000000000e+00
1.899800000000000182e+03 0.000000000000000000e+00 0.000000000000000000e+00
1.900000000000000000e+03 0.000000000000000000e+00 2.400000000000000000e+11
1.900200000000000045e+03 0.000000000000000000e+00 2.400000000000000000e+11
1.900400000000000091e+03 4.000000000000000000e+00 2.400000400000000000e+11
1.900600000000000136e+03 4.000000000000000000e+00 2.400000000000000000e+11
1.900800000000000182e+03 4.000000000000000000e+00 2.400000000000000000e+11
1.901000000000000000e+03 5.656854249492380582e+00 2.400000400000000000e+11
1.901200000000000045e+03 5.656854249492380582e+00 2.400000000000000000e+11
1.901400000000000091e+03 5.656854249492380582e+00 2.400000400000000000e+11
1.901600000000000136e+03 5.656854249492380582e+00 2.400000000000000000e+11
1.901800000000000182e+03 4.000000000000000000e+00 2.400000000000000000e+11
1.902000000000000000e+03 4.000000000000000000e+00 2.400000000000000000e+11
1.902200000000000045e+03 4.000000000000000000e+00 2.400000000000000000e+11
1.902400000000000091e+03 0.000000000000000000e+00 2.400000000000000000e+11
1.902600000000000136e+03 0.000000000000000000e+00 2.400000000000000000e+11
1.902800000000000182e+03 0.000000000000000000e+00 2.400000000000000000e+11
1.903000000000000000e+03 0.000000000000000000e+00 2.400000000000000000e+11
1.903200000000000045e+03 4.000000000000000000e+00 2.400000000000000000e+11
1.903400000000000091e+03 4.000000000000000000e+00 2.400000000000000000e+11
1.903600000000000136e+03 4.000000000000000000e+00 2.400000400000000000e+11
1.903800000000000182e+03 5.656854249492380582e+00 2.400000000000000000e+11
1.904000000000000000e+03 5.656854249492380582e+00 0.000000000000000000e+00
1.904200000000000045e+03 5.656854249492380582e+00 0.000000000000000000e+00
1.904400000000000091e+03 5.656854249492380582e+00 0.000000000000000000e+00
1.904600000000000136e+03 4.000000000000000000e+00 0.000000000000000000e+00
1.904800000000000182e+03 4.000000000000000000e+00 0.000000000000000000e+00
1.905000000000000000e+03 4.000000000000000000e+00 0.000000000000000000e+00
1.905200000000000045e+03 0.000000000000000000e+00 0.000000000000000000e+00
1.905400000000000091e+03 0.000000000000000000e+00 0.000000000000000000e+00
1.905600000000000136e+03 0.000000000000000000e+00 0.000000000000000000e+00
1.905800000000000182e+03 0.000000000000000000e+00 0.000000000000000000e+00
1.906000000000000000e+03 4.000000000000000000e+00 0.000000000000000000e+00
1.906200000000000045e+03 4.000000000000000000e+00 0.000000000000000000e+00
1.906400000000000091e+03 4.000000000000000000e+00 0.000000000000000000e+00
1.906600000000000136e+03 5.656854249492380582e+00 0.000000000000000000e+00
1.906800000000000182e+03 5.656854249492380582e+00 0.000000000000000000e+00
1.907000000000000000e+03 5.656854249492380582e+00 0.000000000000000000e+00
1.907200000000000045e+03 4.000000000000000000e+00 0.000000000000000000e+00
1.907400000000000091e+03 4.000000000000000000e+00 0.000000000000000000e+00
1.907600000000000136e+03 4.000000000000000000e+00 0.000000000000000000e+00
1.907800000000000182e+03 4.000000000000000000e+00 0.000000000000000000e+00
1.908000000000000000e+03 0.000000000000000000e+00 2.400000000000000000e+11
1.908200000000000045e+03 0.000000000000000000e+00 2.400000000000000000e+11
1.908400000000000091e+03 0.000000000000000000e+00 2.400000000000000000e+11
1.908600000000000136e+03 4.000000000000000000e+00 2.400000000000000000e+11
1.908800000000000182e+03 4.000000000000000000e+00 2.400000400000000000e+11
1.909000000000000000e+03 4.000000000000000000e+00 2.400000400000000000e+11
1.909200000000000045e+03 4.000000000000000000e+00 2.400000000000000000e+11
1.909400000000000091e+03 5.656854249492380582e+00 2.400000000000000000e+11
1.909600000000000136e+03 5.656854249492380582e+00 2.400000000000000000e+11
1.909800000000000182e+03 5.656854249492380582e+00 2.400000000000000000e+11
1.910000000000000000e+03 4.000000000000000000e+00 2.400000000000000000e+11
1.910200000000000045e+03 4.000000000000000000e+00 2.400000400000000000e+11
1.910400000000000091e+03 4.000000000000000000e+00 2.400000000000000000e+11
1.910600000000000136e+03 4.000000000000000000e+00 2.400000000000000000e+11
1.910800000000000182e+03 0.000000000000000000e+00 2.400000400000000000e+11
1.911000000000000000e+03 0.000000000000000000e+00 2.400000000000000000e+11
1.911200000000000045e+03 0.000000000000000000e+00 2.400000000000000000e+11
1.911400000000000091e+03 4.000000000000000000e+00 2.400000000000000000e+11
1.911600000000000136e+03 4.000000000000000000e+00 2.400000000000000000e+11
1.911800000000000182e+03 4.000000000000000000e+00 2.400000000000000000e+11
1.912000000000000000e+03 4.000000000000000000e+00 0.000000000000000000e+00
1.912200000000000045e+03 5.656854249492380582e+00 0.000000000000000000e+00
1.912400000000000091e+03 5.656854249492380582e+00 0.000000000000000000e+00
1.912600000000000136e+03 5.656854249492380582e+00 0.000000000000000000e+00
1.912800000000000182e+03 4.000000000000000000e+00 0.000000000000000000e+00
1.913000000000000000e+03 4.000000000000000000e+00 0.000000000000000000e+00
1.913200000000000045e+03 4.000000000000000000e+00 0.000000000000000000e+00
1.913400000000000091e+03 0.000000000000000000e+00 0.000000000000000000e+00
1.913600000000000136e+03 0.000000000000000000e+00 0.000000000000000000e+00
1.913800000000000182e+03 0.000000000000000000e+00 0.000000000000000000e+00
1.914000000000000000e+03 0.000000000000000000e+00 0.000000000000000000e+00
1.914200000000000045e+03 4.000000000000000000e+00 0.000000000000000000e+00
1.914400000000000091e+03 4.000000000000000000e+00 0.000000000000000000e+00
1.914600000000000136e+03 4.000000000000000000e+00 0.000000000000000000e+00
1.914800000000000182e+03 5.656854249492380582e+00 0.000000000000000000e+00
1.915000000000000000e+03 5.656854249492380582e+00 0.000000000000000000e+00
1.915200000000000045e+03 5.656854249492380582e+00 0.000000000000000000e+00
1.915400000000000091e+03 4.000000000000000000e+00 0.000000000000000000e+00
1.915600000000000136e+03 4.000000000000000000e+00 0.000000000000000000e+00
1.915800000000000182e+03 4.000000000000000000e+00 0.000000000000000000e+00
1.916000000000000000e+03 4.000000000000000000e+00 2.400000000000000000e+11
1.916200000000000045e+03 0.000000000000000000e+00 2.400000000000000000e+11
1.916400000000000091e+03 0.000000000000000000e+00 2.400000000000000000e+11
1.916600000000000136e+03 0.000000000000000000e+00 2.400000000000000000e+11
1.916800000000000182e+03 4.000000000000000000e+00 2.400000000000000000e+11
1.917000000000000000e+03 4.000000000000000000e+00 2.400000000000000000e+11
1.917200000000000045e+03 4.000000000000000000e+00 2.400000000000000000e+11
1.917400000000000091e+03 4.000000000000000000e+00 2.400000000000000000e+11
1.917600000000000136e+03 5.656854249492380582e+00 2.400000000000000000e+11
1.917800000000000182e+03 5.656854249492380582e+00 2.400000000000000000e+11
1.918000000000000000e+03 5.656854249492380582e+00 2.400000400000000000e+11
1.918200000000000045e+03 4.000000000000000000e+00 2.400000000000000000e+11
1.918400000000000091e+03 4.000000000000000000e+00 2.400000000000000000e+11
1.918600000000000136e+03 4.000000000000000000e+00 2.400000000000000000e+11
1.918800000000000182e+03 4.000000000000000000e+00 2.400000400000000000e+11
1.919000000000000000e+03 4.000000000000000000e+00 2.400000000000000000e+11
1.919200000000000045e+03 0.000000000000000000e+00 2.400000000000000000e+11
1.919400000000000091e+03 4.000000000000000000e+00 2.400000000000000000e+11
1.919600000000000136e+03 4.000000000000000000e+00 2.400000000000000000e+11
1.919800000000000182e+03 4.000000000000000000e+00 2.400000000000000000e+11
