1.920000000000000000e+03 4.000000000000000000e+00 0.000000000000000000e+00
1.920200000000000045e+03 4.000000000000000000e+00 0.000000000000000000e+00
1.920400000000000091e+03 4.000000000000000000e+00 0.000000000000000000e+00
1.920600000000000136e+03 5.656854249492380582e+00 0.000000000000000000e+00
1.920800000000000182e+03 5.656854249492380582e+00 0.000000000000000000e+00
1.921000000000000000e+03 5.656854249492380582e+00 0.000000000000000000e+00
1.921200000000000045e+03 5.656854249492380582e+00 0.000000000000000000e+00
1.921400000000000091e+03 5.656854249492380582e+00 0.000000000000000000e+00
1.921600000000000136e+03 5.656854249492380582e+00 0.000000000000000000e+00
1.921800000000000182e+03 4.000000000000000000e+00 0.000000000000000000e+00
1.922000000000000000e+03 5.656854249492380582e+00 0.000000000000000000e+00
1.922200000000000045e+03 5.656854249492380582e+00 0.000000000000000000e+00
1.922400000000000091e+03 4.000000000000000000e+00 0.000000000000000000e+00
1.922600000000000136e+03 5.656854249492380582e+00 0.000000000000000000e+00
1.922800000000000182e+03 5.656854249492380582e+00 0.000000000000000000e+00
1.923000000000000000e+03 5.656854249492380582e+00 0.000000000000000000e+00
1.923200000000000045e+03 5.656854249492380582e+00 0.000000000000000000e+00
1.923400000000000091e+03 5.656854249492380582e+00 0.000000000000000000e+00
1.923600000000000136e+03 5.656854249492380582e+00 0.000000000000000000e+00
1.923800000000000182e+03 5.656854249492380582e+00 0.000000000000000000e+00
1.924000000000000000e+03 5.656854249492380582e+00 2.425000000000000000e+11
1.924200000000000045e+03 5.656854249492380582e+00 2.425000000000000000e+11
1.924400000000000091e+03 5.656854249492380582e+00 2.425000000000000000e+11
1.924600000000000136e+03 4.000000000000000000e+00 2.425000000000000000e+11
1.924800000000000182e+03 4.000000000000000000e+00 2.425000000000000000e+11
1.925000000000000000e+03 4.000000000000000000e+00 2.425000000000000000e+11
1.925200000000000045e+03 0.000000000000000000e+00 2.425000000000000000e+11
1.925400000000000091e+03 0.000000000000000000e+00 2.425000000000000000e+11
1.925600000000000136e+03 0.000000000000000000e+00 2.425000000000000000e+11
1.925800000000000182e+03 4.000000000000000000e+00 2.425000000000000000e+11
1.926000000000000000e+03 4.000000000000000000e+00 2.425000000000000000e+11
1.926200000000000045e+03 5.656854249492380582e+00 2.425000000000000000e+11
1.926400000000000091e+03 5.656854249492380582e+00 2.425000000000000000e+11
1.926600000000000136e+03 5.656854249492380582e+00 2.425000000000000000e+11
1.926800000000000182e+03 5.656854249492380582e+00 2.425000000000000000e+11
1.927000000000000000e+03 5.656854249492380582e+00 2.425000000000000000e+11
1.927200000000000045e+03 4.000000000000000000e+00 2.425000000000000000e+11
1.927400000000000091e+03 4.000000000000000000e+00 2.425000000000000000e+11
1.927600000000000136e+03 4.000000000000000000e+00 2.425000000000000000e+11
1.927800000000000182e+03 0.000000000000000000e+00 2.425000000000000000e+11
1.928000000000000000e+03 0.000000000000000000e+00 0.000000000000000000e+00
1.928200000000000045e+03 0.000000000000000000e+00 0.000000000000000000e+00
1.928400000000000091e+03 4.000000000000000000e+00 0.000000000000000000e+00
1.928600000000000136e+03 4.000000000000000000e+00 0.000000000000000000e+00
1.928800000000000182e+03 4.000000000000000000e+00 0.000000000000000000e+00
1.929000000000000000e+03 5.656854249492380582e+00 0.000000000000000000e+00
1.929200000000000045e+03 5.656854249492380582e+00 0.000000000000000000e+00
1.929400000000000091e+03 5.656854249492380582e+00 0.000000000000000000e+00
1.929600000000000136e+03 5.656854249492380582e+00 0.000000000000000000e+00
1.929800000000000182e+03 4.000000000000000000e+00 0.000000000000000000e+00
1.930000000000000000e+03 4.000000000000000000e+00 0.000000000000000000e+00
1.930200000000000045e+03 4.000000000000000000e+00 0.000000000000000000e+00
1.930400000000000091e+03 0.000000000000000000e+00 0.000000000000000000e+00
1.930600000000000136e+03 0.000000000000000000e+00 0.000000000000000000e+00
1.930800000000000182e+03 0.000000000000000000e+00 0.000000000000000000e+00
1.931000000000000000e+03 0.000000000000000000e+00 0.000000000000000000e+00
1.931200000000000045e+03 4.000000000000000000e+00 0.000000000000000000e+00
1.931400000000000091e+03 4.000000000000000000e+00 0.000000000000000000e+00
1.931600000000000136e+03 4.000000000000000000e+00 0.000000000000000000e+00
1.931800000000000182e+03 5.656854249492380582e+00 0.000000000000000000e+00
1.932000000000000000e+03 5.656854249492380582e+00 2.425000000000000000e+11
1.932200000000000045e+03 5.656854249492380582e+00 2.425000000000000000e+11
1.932400000000000091e+03 5.656854249492380582e+00 2.425000000000000000e+11
1.932600000000000136e+03 4.000000000000000000e+00 2.425000000000000000e+11
1.932800000000000182e+03 4.000000000000000000e+00 2.425000000000000000e+11
1.933000000000000000e+03 4.000000000000000000e+00 2.425000000000000000e+11
1.933200000000000045e+03 0.000000000000000000e+00 2.425000000000000000e+11
1.933400000000000091e+03 0.000000000000000000e+00 2.425000000000000000e+11
1.933600000000000136e+03 0.000000000000000000e+00 2.425000000000000000e+11
1.933800000000000182e+03 0.000000000000000000e+00 2.425000000000000000e+11
1.934000000000000000e+03 4.000000000000000000e+00 2.425000000000000000e+11
1.934200000000000045e+03 4.000000000000000000e+00 2.425000000000000000e+11
1.934400000000000091e+03 4.000000000000000000e+00 2.425000000000000000e+11
1.934600000000000136e+03 5.656854249492380582e+00 2.425000000000000000e+11
1.934800000000000182e+03 5.656854249492380582e+00 2.425000000000000000e+11
1.935000000000000000e+03 5.656854249492380582e+00 2.425000000000000000e+11
1.935200000000000045e+03 5.656854249492380582e+00 2.425000000000000000e+11
1.935400000000000091e+03 4.000000000000000000e+00 2.425000000000000000e+11
1.935600000000000136e+03 4.000000000000000000e+00 2.425000000000000000e+11
1.935800000000000182e+03 4.000000000000000000e+00 2.425000000000000000e+11
1.936000000000000000e+03 0.000000000000000000e+00 0.000000000000000000e+00
1.936200000000000045e+03 0.000000000000000000e+00 0.000000000000000000e+00
1.936400000000000091e+03 0.000000000000000000e+00 0.000000000000000000e+00
1.936600000000000136e+03 4.000000000000000000e+00 0.000000000000000000e+00
1.936800000000000182e+03 4.000000000000000000e+00 0.000000000000000000e+00
1.937000000000000000e+03 4.000000000000000000e+00 0.000000000000000000e+00
1.937200000000000045e+03 4.000000000000000000e+00 0.000000000000000000e+00
1.937400000000000091e+03 5.656854249492380582e+00 0.000000000000000000e+00
1.937600000000000136e+03 5.656854249492380582e+00 0.000000000000000000e+00
1.937800000000000182e+03 5.656854249492380582e+00 0.000000000000000000e+00
1.938000000000000000e+03 4.000000000000000000e+00 0.000000000000000000e+00
1.938200000000000045e+03 4.000000000000000000e+00 0.000000000000000000e+00
1.938400000000000091e+03 4.000000000000000000e+00 0.000000000000000000e+00
1.938600000000000136e+03 0.000000000000000000e+00 0.000000000000000000e+00
1.938800000000000182e+03 0.000000000000000000e+00 0.000000000000000000e+00
1.939000000000000000e+03 0.000000000000000000e+00 0.000000000000000000e+00
1.939200000000000045e+03 0.000000000000000000e+00 0.000000000000000000e+00
1.939400000000000091e+03 4.000000000000000000e+00 0.000000000000000000e+00
1.939600000000000136e+03 4.000000000000000000e+00 0.000000000000000000e+00
1.939800000000000182e+03 4.000000000000000000e+00 0.000000000000000000e+00
1.940000000000000000e+03 5.656854249492380582e+00 2.425000000000000000e+11
1.940200000000000045e+03 5.656854249492380582e+00 2.425000000000000000e+11
1.940400000000000091e+03 5.656854249492380582e+00 2.425000000000000000e+11
1.940600000000000136e+03 5.656854249492380582e+00 2.425000000000000000e+11
1.940800000000000182e+03 4.000000000000000000e+00 2.425000000000000000e+11
1.941000000000000000e+03 4.000000000000000000e+00 2.425000000000000000e+11
1.941200000000000045e+03 4.000000000000000000e+00 2.425000000000000000e+11
1.941400000000000091e+03 0.000000000000000000e+00 2.425000000000000000e+11
1.941600000000000136e+03 0.000000000000000000e+00 2.425000000000000000e+11
1.941800000000000182e+03 0.000000000000000000e+00 2.425000000000000000e+11
1.942000000000000000e+03 0.000000000000000000e+00 2.425000000000000000e+11
1.942200000000000045e+03 4.000000000000000000e+00 2.425000000000000000e+11
1.942400000000000091e+03 4.000000000000000000e+00 2.425000000000000000e+11
1.942600000000000136e+03 4.000000000000000000e+00 2.425000000000000000e+11
1.942800000000000182e+03 5.656854249492380582e+00 2.425000000000000000e+11
1.943000000000000000e+03 5.656854249492380582e+00 2.425000000000000000e+11
1.943200000000000045e+03 5.656854249492380582e+00 2.425000000000000000e+11
1.943400000000000091e+03 4.000000000000000000e+00 2.425000000000000000e+11
1.943600000000000136e+03 4.000000000000000000e+00 2.425000000000000000e+11
1.943800000000000182e+03 4.000000000000000000e+00 2.425000000000000000e+11
1.944000000000000000e+03 4.000000000000000000e+00 0.000000000000000000e+00
1.944200000000000045e+03 0.000000000000000000e+00 0.000000000000000000e+00
1.944400000000000091e+03 0.000000000000000000e+00 0.000000000000000000e+00
1.944600000000000136e+03 0.000000000000000000e+00 0.000000000000000000e+00
1.944800000000000182e+03 4.000000000000000000e+00 0.000000000000000000e+00
1.945000000000000000e+03 4.000000000000000000e+00 0.000000000000000000e+00
1.945200000000000045e+03 4.000000000000000000e+00 0.000000000000000000e+00
1.945400000000000091e+03 4.000000000000000000e+00 0.000000000000000000e+00
1.945600000000000136e+03 5.656854249492380582e+00 0.000000000000000000e+00
1.945800000000000182e+03 5.656854249492380582e+00 0.000000000000000000e+00
1.946000000000000000e+03 5.656854249492380582e+00 0.000000000000000000e+00
1.946200000000000045e+03 4.000000000000000000e+00 0.000000000000000000e+00
1.946400000000000091e+03 4.000000000000000000e+00 0.000000000000000000e+00
1.946600000000000136e+03 4.000000000000000000e+00 0.000000000000000000e+00
1.946800000000000182e+03 0.000000000000000000e+00 0.000000000000000000e+00
1.947000000000000000e+03 0.000000000000000000e+00 0.000000000000000000e+00
1.947200000000000045e+03 0.000000000000000000e+00 0.000000000000000000e+00
1.947400000000000091e+03 0.000000000000000000e+00 0.000000000000000000e+00
1.947600000000000136e+03 4.000000000000000000e+00 0.000000000000000000e+00
1.947800000000000182e+03 4.000000000000000000e+00 0.000000000000000000e+00
1.948000000000000000e+03 4.000000000000000000e+00 2.425000000000000000e+11
1.948200000000000045e+03 5.656854249492380582e+00 2.425000000000000000e+11
1.948400000000000091e+03 5.656854249492380582e+00 2.425000000000000000e+11
1.948600000000000136e+03 5.656854249492380582e+00 2.425000000000000000e+11
1.948800000000000182e+03 5.656854249492380582e+00 2.425000000000000000e+11
1.949000000000000000e+03 4.000000000000000000e+00 2.425000000000000000e+11
1.949200000000000045e+03 4.000000000000000000e+00 2.425000000000000000e+11
1.949400000000000091e+03 4.000000000000000000e+00 2.425000000000000000e+11
1.949600000000000136e+03 0.000000000000000000e+00 2.425000000000000000e+11
1.949800000000000182e+03 0.000000000000000000e+00 2.425000000000000000e+11
1.950000000000000000e+03 0.000000000000000000e+00 2.425000000000000000e+11
1.950200000000000045e+03 0.000000000000000000e+00 2.425000000000000000e+11
1.950400000000000091e+03 4.000000000000000000e+00 2.425000000000000000e+11
1.950600000000000136e+03 4.000000000000000000e+00 2.425000000000000000e+11
1.950800000000000182e+03 4.000000000000000000e+00 2.425000000000000000e+11
1.951000000000000000e+03 5.656854249492380582e+00 2.425000000000000000e+11
1.951200000000000045e+03 5.656854249492380582e+00 2.425000000000000000e+11
1.951400000000000091e+03 5.656854249492380582e+00 2.425000000000000000e+11
1.951600000000000136e+03 4.000000000000000000e+00 2.425000000000000000e+11
1.951800000000000182e+03 4.000000000000000000e+00 2.425000000000000000e+11
1.952000000000000000e+03 4.000000000000000000e+00 0.000000000000000000e+00
1.952200000000000045e+03 4.000000000000000000e+00 0.000000000000000000e+00
1.952400000000000091e+03 0.000000000000000000e+00 0.000000000000000000e+00
1.952600000000000136e+03 0.000000000000000000e+00 0.000000000000000000e+00
1.952800000000000182e+03 0.000000000000000000e+00 0.000000000000000000e+00
1.953000000000000000e+03 4.000000000000000000e+00 0.000000000000000000e+00
1.953200000000000045e+03 4.000000000000000000e+00 0.000000000000000000e+00
1.953400000000000091e+03 4.000000000000000000e+00 0.000000000000000000e+00
1.953600000000000136e+03 4.000000000000000000e+00 0.000000000000000000e+00
1.953800000000000182e+03 5.656854249492380582e+00 0.000000000000000000e+00
1.954000000000000000e+03 5.656854249492380582e+00 0.000000000000000000e+00
1.954200000000000045e+03 5.656854249492380582e+00 0.000000000000000000e+00
1.954400000000000091e+03 4.000000000000000000e+00 0.000000000000000000e+00
1.954600000000000136e+03 4.000000000000000000e+00 0.000000000000000000e+00
1.954800000000000182e+03 4.000000000000000000e+00 0.000000000000000000e+00
1.955000000000000000e+03 0.000000000000000000e+00 0.000000000000000000e+00
1.955200000000000045e+03 0.000000000000000000e+00 0.000000000000000000e+00
1.955400000000000091e+03 0.000000000000000000e+00 0.000000000000000000e+00
1.955600000000000136e+03 0.000000000000000000e+00 0.000000000000000000e+00
1.955800000000000182e+03 4.000000000000000000e+00 0.000000000000000000e+00
1.956000000000000000e+03 4.000000000000000000e+00 2.425000000000000000e+11
1.956200000000000045e+03 4.000000000000000000e+00 2.425000000000000000e+11
1.956400000000000091e+03 5.656854249492380582e+00 2.425000000000000000e+11
1.956600000000000136e+03 5.656854249492380582e+00 2.425000000000000000e+11
1.956800000000000182e+03 5.656854249492380582e+00 2.425000000000000000e+11
1.957000000000000000e+03 5.656854249492380582e+00 2.425000000000000000e+11
1.957200000000000045e+03 4.000000000000000000e+00 2.425000000000000000e+11
1.957400000000000091e+03 4.000000000000000000e+00 2.425000000000000000e+11
1.957600000000000136e+03 4.000000000000000000e+00 2.425000000000000000e+11
1.957800000000000182e+03 0.000000000000000000e+00 2.425000000000000000e+11
1.958000000000000000e+03 0.000000000000000000e+00 2.425000000000000000e+11
1.958200000000000045e+03 0.000000000000000000e+00 2.425000000000000000e+11
1.958400000000000091e+03 4.000000000000000000e+00 2.425000000000000000e+11
1.958600000000000136e+03 4.000000000000000000e+00 2.425000000000000000e+11
1.958800000000000182e+03 4.000000000000000000e+00 2.425000000000000000e+11
1.959000000000000000e+03 4.000000000000000000e+00 2.425000000000000000e+11
1.959200000000000045e+03 5.656854249492380582e+00 2.425000000000000000e+11
1.959400000000000091e+03 5.656854249492380582e+00 2.425000000000000000e+11
1.959600000000000136e+03 5.656854249492380582e+00 2.425000000000000000e+11
1.959800000000000182e+03 4.000000000000000000e+00 2.425000000000000000e+11
1.960000000000000000e+03 4.000000000000000000e+00 0.000000000000000000e+00
1.960200000000000045e+03 4.000000000000000000e+00 0.000000000000000000e+00
1.960400000000000091e+03 4.000000000000000000e+00 0.000000000000000000e+00
1.960600000000000136e+03 0.000000000000000000e+00 0.000000000000000000e+00
1.960800000000000182e+03 0.000000000000000000e+00 0.000000000000000000e+00
1.961000000000000000e+03 0.000000000000000000e+00 0.000000000000000000e+00
1.961200000000000045e+03 4.000000000000000000e+00 0.000000000000000000e+00
1.961400000000000091e+03 4.000000000000000000e+00 0.000000000000000000e+00
1.961600000000000136e+03 4.000000000000000000e+00 0.000000000000000000e+00
1.961800000000000182e+03 4.000000000000000000e+00 0.000000000000000000e+00
1.962000000000000000e+03 5.656854249492380582e+00 0.000000000000000000e+00
1.962200000000000045e+03 5.656854249492380582e+00 0.000000000000000000e+00
1.962400000000000091e+03 5.656854249492380582e+00 0.000000000000000000e+00
1.962600000000000136e+03 4.000000000000000000e+00 0.000000000000000000e+00
1.962800000000000182e+03 4.000000000000000000e+00 0.000000000000000000e+00
1.963000000000000000e+03 4.000000000000000000e+00 0.000000000000000000e+00
1.963200000000000045e+03 0.000000000000000000e+00 0.000000000000000000e+00
1.963400000000000091e+03 0.000000000000000000e+00 0.000000000000000000e+00
1.963600000000000136e+03 0.000000000000000000e+00 0.000000000000000000e+00
1.963800000000000182e+03 0.000000000000000000e+00 0.000000000000000000e+00
1.964000000000000000e+03 4.000000000000000000e+00 2.425000000000000000e+11
1.964200000000000045e+03 4.000000000000000000e+00 2.425000000000000000e+11
1.964400000000000091e+03 4.000000000000000000e+00 2.425000000000000000e+11
1.964600000000000136e+03 5.656854249492380582e+00 2.425000000000000000e+11
1.964800000000000182e+03 5.656854249492380582e+00 2.425000000000000000e+11
1.965000000000000000e+03 5.656854249492380582e+00 2.425000000000000000e+11
1.965200000000000045e+03 5.656854249492380582e+00 2.425000000000000000e+11
1.965400000000000091e+03 4.000000000000000000e+00 2.425000000000000000e+11
1.965600000000000136e+03 4.000000000000000000e+00 2.425000000000000000e+11
1.965800000000000182e+03 4.000000000000000000e+00 2.425000000000000000e+11
1.966000000000000000e+03 0.000000000000000000e+00 2.425000000000000000e+11
1.966200000000000045e+03 0.000000000000000000e+00 2.425000000000000000e+11
1.966400000000000091e+03 0.000000000000000000e+00 2.425000000000000000e+11
1.966600000000000136e+03 0.000000000000000000e+00 2.425000000000000000e+11
1.966800000000000182e+03 4.000000000000000000e+00 2.425000000000000000e+11
1.967000000000000000e+03 4.000000000000000000e+00 2.425000000000000000e+11
1.967200000000000045e+03 4.000000000000000000e+00 2.425000000000000000e+11
1.967400000000000091e+03 5.656854249492380582e+00 2.425000000000000000e+11
1.967600000000000136e+03 5.656854249492380582e+00 2.425000000000000000e+11
1.967800000000000182e+03 5.656854249492380582e+00 2.425000000000000000e+11
1.968000000000000000e+03 5.656854249492380582e+00 0.000000000000000000e+00
1.968200000000000045e+03 4.000000000000000000e+00 0.000000000000000000e+00
1.968400000000000091e+03 4.000000000000000000e+00 0.000000000000000000e+00
1.968600000000000136e+03 4.000000000000000000e+00 0.000000000000000000e+00
1.968800000000000182e+03 0.000000000000000000e+00 0.000000000000000000e+00
1.969000000000000000e+03 0.000000000000000000e+00 0.000000000000000000e+00
1.969200000000000045e+03 0.000000000000000000e+00 0.000000000000000000e+00
1.969400000000000091e+03 0.000000000000000000e+00 0.000000000000000000e+00
1.969600000000000136e+03 4.000000000000000000e+00 0.000000000000000000e+00
1.969800000000000182e+03 4.000000000000000000e+00 0.000000000000000000e+00
1.970000000000000000e+03 4.000000000000000000e+00 0.000000000000000000e+00
1.970200000000000045e+03 5.656854249492380582e+00 0.000000000000000000e+00
1.970400000000000091e+03 5.656854249492380582e+00 0.000000000000000000e+00
1.970600000000000136e+03 5.656854249492380582e+00 0.000000000000000000e+00
1.970800000000000182e+03 5.656854249492380582e+00 0.000000000000000000e+00
1.971000000000000000e+03 4.000000000000000000e+00 0.000000000000000000e+00
1.971200000000000045e+03 4.000000000000000000e+00 0.000000000000000000e+00
1.971400000000000091e+03 4.000000000000000000e+00 0.000000000000000000e+00
1.971600000000000136e+03 0.000000000000000000e+00 0.000000000000000000e+00
1.971800000000000182e+03 0.000000000000000000e+00 0.000000000000000000e+00
1.972000000000000000e+03 0.000000000000000000e+00 2.425000000000000000e+11
1.972200000000000045e+03 0.000000000000000000e+00 2.425000000000000000e+11
1.972400000000000091e+03 4.000000000000000000e+00 2.425000000000000000e+11
1.972600000000000136e+03 4.000000000000000000e+00 2.425000000000000000e+11
1.972800000000000182e+03 4.000000000000000000e+00 2.425000000000000000e+11
1.973000000000000000e+03 5.656854249492380582e+00 2.425000000000000000e+11
1.973200000000000045e+03 5.656854249492380582e+00 2.425000000000000000e+11
1.973400000000000091e+03 5.656854249492380582e+00 2.425000000000000000e+11
1.973600000000000136e+03 5.656854249492380582e+00 2.425000000000000000e+11
1.973800000000000182e+03 4.000000000000000000e+00 2.425000000000000000e+11
1.974000000000000000e+03 4.000000000000000000e+00 2.425000000000000000e+11
1.974200000000000045e+03 4.000000000000000000e+00 2.425000000000000000e+11
1.974400000000000091e+03 4.000000000000000000e+00 2.425000000000000000e+11
1.974600000000000136e+03 0.000000000000000000e+00 2.425000000000000000e+11
1.974800000000000182e+03 0.000000000000000000e+00 2.425000000000000000e+11
1.975000000000000000e+03 4.000000000000000000e+00 2.425000000000000000e+11
1.975200000000000045e+03 4.000000000000000000e+00 2.425000000000000000e+11
1.975400000000000091e+03 5.656854249492380582e+00 2.425000000000000000e+11
1.975600000000000136e+03 8.944271909999159220e+00 2.425000000000000000e+11
1.975800000000000182e+03 8.000000000000000000e+00 2.425000000000000000e+11
1.976000000000000000e+03 1.200000000000000000e+01 0.000000000000000000e+00
1.976200000000000045e+03 8.944271909999159220e+00 0.000000000000000000e+00
1.976400000000000091e+03 1.131370849898476116e+01 0.000000000000000000e+00
1.976600000000000136e+03 8.944271909999159220e+00 0.000000000000000000e+00
1.976800000000000182e+03 8.000000000000000000e+00 0.000000000000000000e+00
1.977000000000000000e+03 8.000000000000000000e+00 0.000000000000000000e+00
1.977200000000000045e+03 8.944271909999159220e+00 0.000000000000000000e+00
1.977400000000000091e+03 5.656854249492380582e+00 0.000000000000000000e+00
1.977600000000000136e+03 4.000000000000000000e+00 0.000000000000000000e+00
1.977800000000000182e+03 4.000000000000000000e+00 0.000000000000000000e+00
1.978000000000000000e+03 5.656854249492380582e+00 0.000000000000000000e+00
1.978200000000000045e+03 4.000000000000000000e+00 0.000000000000000000e+00
1.978400000000000091e+03 5.656854249492380582e+00 0.000000000000000000e+00
1.978600000000000136e+03 5.656854249492380582e+00 0.000000000000000000e+00
1.978800000000000182e+03 8.944271909999159220e+00 0.000000000000000000e+00
1.979000000000000000e+03 8.000000000000000000e+00 0.000000000000000000e+00
1.979200000000000045e+03 8.944271909999159220e+00 0.000000000000000000e+00
1.979400000000000091e+03 1.131370849898476116e+01 0.000000000000000000e+00
1.979600000000000136e+03 8.944271909999159220e+00 0.000000000000000000e+00
1.979800000000000182e+03 8.944271909999159220e+00 0.000000000000000000e+00
1.980000000000000000e+03 8.000000000000000000e+00 2.425000000000000000e+11
1.980200000000000045e+03 8.944271909999159220e+00 2.425000000000000000e+11
1.980400000000000091e+03 5.656854249492380582e+00 2.425000000000000000e+11
1.980600000000000136e+03 8.944271909999159220e+00 2.425000000000000000e+11
1.980800000000000182e+03 8.000000000000000000e+00 2.425000000000000000e+11
1.981000000000000000e+03 1.131370849898476116e+01 2.425000000000000000e+11
1.981200000000000045e+03 1.264911064067351809e+01 2.425000000000000000e+11
1.981400000000000091e+03 1.200000000000000000e+01 2.425000000000000000e+11
1.981600000000000136e+03 1.442220510185595650e+01 2.425000000000000000e+11
1.981800000000000182e+03 2.000000000000000000e+01 2.425000000000000000e+11
1.982000000000000000e+03 2.039607805437113797e+01 2.425000000000000000e+11
1.982200000000000045e+03 2.433105012119287736e+01 2.425000000000000000e+11
1.982400000000000091e+03 2.683281572999747766e+01 2.425000000000000000e+11
1.982600000000000136e+03 3.124099870362661591e+01 2.425000000000000000e+11
1.982800000000000182e+03 3.417601498127012150e+01 2.425000000000000000e+11
1.983000000000000000e+03 3.600000000000000000e+01 2.425000000000000000e+11
1.983200000000000045e+03 3.939543120718441571e+01 2.425000000000000000e+11
1.983400000000000091e+03 4.252058325093859992e+01 2.425000000000000000e+11
1.983600000000000136e+03 4.681879964287850271e+01 2.425000000000000000e+11
1.983800000000000182e+03 5.215361924162119323e+01 2.425000000000000000e+11
1.984000000000000000e+03 5.556977595779921586e+01 0.000000000000000000e+00
1.984200000000000045e+03 5.768882040742382600e+01 0.000000000000000000e+00
1.984400000000000091e+03 5.656854249492380404e+01 0.000000000000000000e+00
1.984600000000000136e+03 5.824087911424414443e+01 0.000000000000000000e+00
1.984800000000000182e+03 5.685068161420758059e+01 0.000000000000000000e+00
1.985000000000000000e+03 5.727128425310541360e+01 0.000000000000000000e+00
1.985200000000000045e+03 6.013318551349163243e+01 0.000000000000000000e+00
1.985400000000000091e+03 5.946427498927402411e+01 0.000000000000000000e+00
1.985600000000000136e+03 5.946427498927402411e+01 0.000000000000000000e+00
1.985800000000000182e+03 5.727128425310541360e+01 0.000000000000000000e+00
1.986000000000000000e+03 5.600000000000000000e+01 0.000000000000000000e+00
1.986200000000000045e+03 5.571355310873647682e+01 0.000000000000000000e+00
1.986400000000000091e+03 5.381449618829483938e+01 0.000000000000000000e+00
1.986600000000000136e+03 5.571355310873647682e+01 0.000000000000000000e+00
1.986800000000000182e+03 5.215361924162119323e+01 0.000000000000000000e+00
1.987000000000000000e+03 5.011985634456667071e+01 0.000000000000000000e+00
1.987200000000000045e+03 4.882622246293480828e+01 0.000000000000000000e+00
1.987400000000000091e+03 4.866210024238575471e+01 0.000000000000000000e+00
1.987600000000000136e+03 4.947726750741192348e+01 0.000000000000000000e+00
1.987800000000000182e+03 5.122499389946278825e+01 0.000000000000000000e+00
1.988000000000000000e+03 5.366563145999495532e+01 2.425000000000000000e+11
1.988200000000000045e+03 6.013318551349163243e+01 2.425000000000000000e+11
1.988400000000000091e+03 6.705221845696084415e+01 2.425000000000000000e+11
1.988600000000000136e+03 7.375635565834309659e+01 2.425000000000000000e+11
1.988800000000000182e+03 8.049844718999243298e+01 2.425000000000000000e+11
1.989000000000000000e+03 8.809086218218095610e+01 2.425000000000000000e+11
1.989200000000000045e+03 9.879271228182774678e+01 2.425000000000000000e+11
1.989400000000000091e+03 1.074802307403552248e+02 2.425000000000000000e+11
1.989600000000000136e+03 1.189285499785480482e+02 2.425000000000000000e+11
1.989800000000000182e+03 1.285612694399055727e+02 2.425000000000000000e+11
1.990000000000000000e+03 1.454372717015827448e+02 2.425000000000000000e+11
1.990200000000000045e+03 1.564608577248635584e+02 2.425000000000000000e+11
1.990400000000000091e+03 1.114271062174729536e+02 2.425000000000000000e+11
1.990600000000000136e+03 1.200666481584290750e+02 2.425000000000000000e+11
1.990800000000000182e+03 1.341640786499873741e+02 2.425000000000000000e+11
1.991000000000000000e+03 1.480540441865739751e+02 2.425000000000000000e+11
1.991200000000000045e+03 1.475127113166861932e+02 2.425000000000000000e+11
1.991400000000000091e+03 1.288099375048369382e+02 2.425000000000000000e+11
1.991600000000000136e+03 1.132077735846792450e+02 2.425000000000000000e+11
1.991800000000000182e+03 1.007174264961133758e+02 2.425000000000000000e+11
1.992000000000000000e+03 8.736131867136622020e+01 0.000000000000000000e+00
1.992200000000000045e+03 8.504116650187719983e+01 0.000000000000000000e+00
1.992400000000000091e+03 8.246211251235321527e+01 0.000000000000000000e+00
1.992600000000000136e+03 8.409518416651455652e+01 0.000000000000000000e+00
1.992800000000000182e+03 8.588364221433555201e+01 0.000000000000000000e+00
1.993000000000000000e+03 8.560373823613078059e+01 0.000000000000000000e+00
1.993200000000000045e+03 8.634813257969160816e+01 0.000000000000000000e+00
1.993400000000000091e+03 8.485281374238570606e+01 0.000000000000000000e+00
1.993600000000000136e+03 8.653323061113574965e+01 0.000000000000000000e+00
1.993800000000000182e+03 8.653323061113574965e+01 0.000000000000000000e+00
1.994000000000000000e+03 8.551023330572779457e+01 0.000000000000000000e+00
1.994200000000000045e+03 8.246211251235321527e+01 0.000000000000000000e+00
1.994400000000000091e+03 8.000000000000000000e+01 0.000000000000000000e+00
1.994600000000000136e+03 7.694153624668537361e+01 0.000000000000000000e+00
1.994800000000000182e+03 7.610519036176178531e+01 0.000000000000000000e+00
1.995000000000000000e+03 7.353910524340093957e+01 0.000000000000000000e+00
1.995200000000000045e+03 7.641989269817119634e+01 0.000000000000000000e+00
1.995400000000000091e+03 7.589466384404110499e+01 0.000000000000000000e+00
1.995600000000000136e+03 7.244308110509933840e+01 0.000000000000000000e+00
1.995800000000000182e+03 7.547184905645282527e+01 0.000000000000000000e+00
1.996000000000000000e+03 7.547184905645282527e+01 2.425000000000000000e+11
1.996200000000000045e+03 6.905070600652827295e+01 2.425000000000000000e+11
1.996400000000000091e+03 6.118823416311342100e+01 2.425000000000000000e+11
1.996600000000000136e+03 5.440588203494177577e+01 2.425000000000000000e+11
1.996800000000000182e+03 4.882622246293480828e+01 2.425000000000000000e+11
1.997000000000000000e+03 4.472135954999579610e+01 2.425000000000000000e+11
1.997200000000000045e+03 3.687817782917154830e+01 2.425000000000000000e+11
1.997400000000000091e+03 3.224903099319419653e+01 2.425000000000000000e+11
1.997600000000000136e+03 2.884441020371191300e+01 2.425000000000000000e+11
1.997800000000000182e+03 2.433105012119287736e+01 2.425000000000000000e+11
1.998000000000000000e+03 2.039607805437113797e+01 2.425000000000000000e+11
1.998200000000000045e+03 1.697056274847713908e+01 2.425000000000000000e+11
1.998400000000000091e+03 1.442220510185595650e+01 2.425000000000000000e+11
1.998600000000000136e+03 1.200000000000000000e+01 2.425000000000000000e+11
1.998800000000000182e+03 1.264911064067351809e+01 2.425000000000000000e+11
1.999000000000000000e+03 1.131370849898476116e+01 2.425000000000000000e+11
1.999200000000000045e+03 1.264911064067351809e+01 2.425000000000000000e+11
1.999400000000000091e+03 1.200000000000000000e+01 2.425000000000000000e+11
1.999600000000000136e+03 8.944271909999159220e+00 2.425000000000000000e+11
1.999800000000000182e+03 1.131370849898476116e+01 2.425000000000000000e+11
2.000000000000000000e+03 8.944271909999159220e+00 0.000000000000000000e+00
2.000200000000000045e+03 8.944271909999159220e+00 0.000000000000000000e+00
2.000400000000000091e+03 8.000000000000000000e+00 0.000000000000000000e+00
2.000600000000000136e+03 8.944271909999159220e+00 0.000000000000000000e+00
2.000800000000000182e+03 5.656854249492380582e+00 0.000000000000000000e+00
2.001000000000000000e+03 4.000000000000000000e+00 0.000000000000000000e+00
2.001200000000000045e+03 4.000000000000000000e+00 0.000000000000000000e+00
2.001400000000000091e+03 4.000000000000000000e+00 0.000000000000000000e+00
2.001600000000000136e+03 4.000000000000000000e+00 0.000000000000000000e+00
2.001800000000000182e+03 5.656854249492380582e+00 0.000000000000000000e+00
2.002000000000000000e+03 5.656854249492380582e+00 0.000000000000000000e+00
2.002200000000000045e+03 8.000000000000000000e+00 0.000000000000000000e+00
2.002400000000000091e+03 8.000000000000000000e+00 0.000000000000000000e+00
2.002600000000000136e+03 8.944271909999159220e+00 0.000000000000000000e+00
2.002800000000000182e+03 8.944271909999159220e+00 0.000000000000000000e+00
2.003000000000000000e+03 8.944271909999159220e+00 0.000000000000000000e+00
2.003200000000000045e+03 8.944271909999159220e+00 0.000000000000000000e+00
2.003400000000000091e+03 8.000000000000000000e+00 0.000000000000000000e+00
2.003600000000000136e+03 8.000000000000000000e+00 0.000000000000000000e+00
2.003800000000000182e+03 5.656854249492380582e+00 0.000000000000000000e+00
2.004000000000000000e+03 5.656854249492380582e+00 2.425000000000000000e+11
2.004200000000000045e+03 4.000000000000000000e+00 2.425000000000000000e+11
2.004400000000000091e+03 0.000000000000000000e+00 2.425000000000000000e+11
2.004600000000000136e+03 0.000000000000000000e+00 2.425000000000000000e+11
2.004800000000000182e+03 0.000000000000000000e+00 2.425000000000000000e+11
2.005000000000000000e+03 4.000000000000000000e+00 2.425000000000000000e+11
2.005200000000000045e+03 4.000000000000000000e+00 2.425000000000000000e+11
2.005400000000000091e+03 4.000000000000000000e+00 2.425000000000000000e+11
2.005600000000000136e+03 5.656854249492380582e+00 2.425000000000000000e+11
2.005800000000000182e+03 5.656854249492380582e+00 2.425000000000000000e+11
2.006000000000000000e+03 5.656854249492380582e+00 2.425000000000000000e+11
2.006200000000000045e+03 5.656854249492380582e+00 2.425000000000000000e+11
2.006400000000000091e+03 4.000000000000000000e+00 2.425000000000000000e+11
2.006600000000000136e+03 4.000000000000000000e+00 2.425000000000000000e+11
2.006800000000000182e+03 4.000000000000000000e+00 2.425000000000000000e+11
2.007000000000000000e+03 4.000000000000000000e+00 2.425000000000000000e+11
2.007200000000000045e+03 0.000000000000000000e+00 2.425000000000000000e+11
2.007400000000000091e+03 0.000000000000000000e+00 2.425000000000000000e+11
2.007600000000000136e+03 0.000000000000000000e+00 2.425000000000000000e+11
2.007800000000000182e+03 4.000000000000000000e+00 2.425000000000000000e+11
2.008000000000000000e+03 4.000000000000000000e+00 0.000000000000000000e+00
2.008200000000000045e+03 4.000000000000000000e+00 0.000000000000000000e+00
2.008400000000000091e+03 4.000000000000000000e+00 0.000000000000000000e+00
2.008600000000000136e+03 5.656854249492380582e+00 0.000000000000000000e+00
2.008800000000000182e+03 5.656854249492380582e+00 0.000000000000000000e+00
2.009000000000000000e+03 5.656854249492380582e+00 0.000000000000000000e+00
2.009200000000000045e+03 4.000000000000000000e+00 0.000000000000000000e+00
2.009400000000000091e+03 4.000000000000000000e+00 0.000000000000000000e+00
2.009600000000000136e+03 4.000000000000000000e+00 0.000000000000000000e+00
2.009800000000000182e+03 4.000000000000000000e+00 0.000000000000000000e+00
2.010000000000000000e+03 0.000000000000000000e+00 0.000000000000000000e+00
2.010200000000000045e+03 0.000000000000000000e+00 0.000000000000000000e+00
2.010400000000000091e+03 0.000000000000000000e+00 0.000000000000000000e+00
2.010600000000000136e+03 4.000000000000000000e+00 0.000000000000000000e+00
2.010800000000000182e+03 4.000000000000000000e+00 0.000000000000000000e+00
2.011000000000000000e+03 4.000000000000000000e+00 0.000000000000000000e+00
2.011200000000000045e+03 5.656854249492380582e+00 0.000000000000000000e+00
2.011400000000000091e+03 5.656854249492380582e+00 0.000000000000000000e+00
2.011600000000000136e+03 5.656854249492380582e+00 0.000000000000000000e+00
2.011800000000000182e+03 5.656854249492380582e+00 0.000000000000000000e+00
2.012000000000000000e+03 4.000000000000000000e+00 2.425000000000000000e+11
2.012200000000000045e+03 4.000000000000000000e+00 2.425000000000000000e+11
2.012400000000000091e+03 4.000000000000000000e+00 2.425000000000000000e+11
2.012600000000000136e+03 0.000000000000000000e+00 2.425000000000000000e+11
2.012800000000000182e+03 0.000000000000000000e+00 2.425000000000000000e+11
2.013000000000000000e+03 0.000000000000000000e+00 2.425000000000000000e+11
2.013200000000000045e+03 0.000000000000000000e+00 2.425000000000000000e+11
2.013400000000000091e+03 4.000000000000000000e+00 2.425000000000000000e+11
2.013600000000000136e+03 4.000000000000000000e+00 2.425000000000000000e+11
2.013800000000000182e+03 4.000000000000000000e+00 2.425000000000000000e+11
2.014000000000000000e+03 5.656854249492380582e+00 2.425000000000000000e+11
2.014200000000000045e+03 5.656854249492380582e+00 2.425000000000000000e+11
2.014400000000000091e+03 5.656854249492380582e+00 2.425000000000000000e+11
2.014600000000000136e+03 5.656854249492380582e+00 2.425000000000000000e+11
2.014800000000000182e+03 4.000000000000000000e+00 2.425000000000000000e+11
2.015000000000000000e+03 4.000000000000000000e+00 2.425000000000000000e+11
2.015200000000000045e+03 4.000000000000000000e+00 2.425000000000000000e+11
2.015400000000000091e+03 0.000000000000000000e+00 2.425000000000000000e+11
2.015600000000000136e+03 0.000000000000000000e+00 2.425000000000000000e+11
2.015800000000000182e+03 0.000000000000000000e+00 2.425000000000000000e+11
2.016000000000000000e+03 0.000000000000000000e+00 0.000000000000000000e+00
2.016200000000000045e+03 4.000000000000000000e+00 0.000000000000000000e+00
2.016400000000000091e+03 4.000000000000000000e+00 0.000000000000000000e+00
2.016600000000000136e+03 4.000000000000000000e+00 0.000000000000000000e+00
2.016800000000000182e+03 5.656854249492380582e+00 0.000000000000000000e+00
2.017000000000000000e+03 5.656854249492380582e+00 0.000000000000000000e+00
2.017200000000000045e+03 5.656854249492380582e+00 0.000000000000000000e+00
2.017400000000000091e+03 4.000000000000000000e+00 0.000000000000000000e+00
2.017600000000000136e+03 4.000000000000000000e+00 0.000000000000000000e+00
2.017800000000000182e+03 4.000000000000000000e+00 0.000000000000000000e+00
2.018000000000000000e+03 4.000000000000000000e+00 0.000000000000000000e+00
2.018200000000000045e+03 0.000000000000000000e+00 0.000000000000000000e+00
2.018400000000000091e+03 0.000000000000000000e+00 0.000000000000000000e+00
2.018600000000000136e+03 0.000000000000000000e+00 0.000000000000000000e+00
2.018800000000000182e+03 4.000000000000000000e+00 0.000000000000000000e+00
2.019000000000000000e+03 4.000000000000000000e+00 0.000000000000000000e+00
2.019200000000000045e+03 4.000000000000000000e+00 0.000000000000000000e+00
2.019400000000000091e+03 4.000000000000000000e+00 0.000000000000000000e+00
2.019600000000000136e+03 5.656854249492380582e+00 0.000000000000000000e+00
2.019800000000000182e+03 5.656854249492380582e+00 0.000000000000000000e+00
2.020000000000000000e+03 5.656854249492380582e+00 2.425000000000000000e+11
2.020200000000000045e+03 4.000000000000000000e+00 2.425000000000000000e+11
2.020400000000000091e+03 4.000000000000000000e+00 2.425000000000000000e+11
2.020600000000000136e+03 4.000000000000000000e+00 2.425000000000000000e+11
2.020800000000000182e+03 0.000000000000000000e+00 2.425000000000000000e+11
2.021000000000000000e+03 0.000000000000000000e+00 2.425000000000000000e+11
2.021200000000000045e+03 0.000000000000000000e+00 2.425000000000000000e+11
2.021400000000000091e+03 0.000000000000000000e+00 2.425000000000000000e+11
2.021600000000000136e+03 4.000000000000000000e+00 2.425000000000000000e+11
2.021800000000000182e+03 4.000000000000000000e+00 2.425000000000000000e+11
2.022000000000000000e+03 4.000000000000000000e+00 2.425000000000000000e+11
2.022200000000000045e+03 5.656854249492380582e+00 2.425000000000000000e+11
2.022400000000000091e+03 5.656854249492380582e+00 2.425000000000000000e+11
2.022600000000000136e+03 5.656854249492380582e+00 2.425000000000000000e+11
2.022800000000000182e+03 5.656854249492380582e+00 2.425000000000000000e+11
2.023000000000000000e+03 4.000000000000000000e+00 2.425000000000000000e+11
2.023200000000000045e+03 4.000000000000000000e+00 2.425000000000000000e+11
2.023400000000000091e+03 4.000000000000000000e+00 2.425000000000000000e+11
2.023600000000000136e+03 0.000000000000000000e+00 2.425000000000000000e+11
2.023800000000000182e+03 0.000000000000000000e+00 2.425000000000000000e+11
2.024000000000000000e+03 0.000000000000000000e+00 0.000000000000000000e+00
2.024200000000000045e+03 0.000000000000000000e+00 0.000000000000000000e+00
2.024400000000000091e+03 4.000000000000000000e+00 0.000000000000000000e+00
2.024600000000000136e+03 4.000000000000000000e+00 0.000000000000000000e+00
2.024800000000000182e+03 4.000000000000000000e+00 0.000000000000000000e+00
2.025000000000000000e+03 5.656854249492380582e+00 0.000000000000000000e+00
2.025200000000000045e+03 5.656854249492380582e+00 0.000000000000000000e+00
2.025400000000000091e+03 5.656854249492380582e+00 0.000000000000000000e+00
2.025600000000000136e+03 5.656854249492380582e+00 0.000000000000000000e+00
2.025800000000000182e+03 4.000000000000000000e+00 0.000000000000000000e+00
2.026000000000000000e+03 4.000000000000000000e+00 0.000000000000000000e+00
2.026200000000000045e+03 4.000000000000000000e+00 0.000000000000000000e+00
2.026400000000000091e+03 0.000000000000000000e+00 0.000000000000000000e+00
2.026600000000000136e+03 0.000000000000000000e+00 0.000000000000000000e+00
2.026800000000000182e+03 0.000000000000000000e+00 0.000000000000000000e+00
2.027000000000000000e+03 4.000000000000000000e+00 0.000000000000000000e+00
2.027200000000000045e+03 4.000000000000000000e+00 0.000000000000000000e+00
2.027400000000000091e+03 4.000000000000000000e+00 0.000000000000000000e+00
2.027600000000000136e+03 4.000000000000000000e+00 0.000000000000000000e+00
2.027800000000000182e+03 5.656854249492380582e+00 0.000000000000000000e+00
2.028000000000000000e+03 5.656854249492380582e+00 2.425000000000000000e+11
2.028200000000000045e+03 5.656854249492380582e+00 2.425000000000000000e+11
2.028400000000000091e+03 4.000000000000000000e+00 2.425000000000000000e+11
2.028600000000000136e+03 4.000000000000000000e+00 2.425000000000000000e+11
2.028800000000000182e+03 4.000000000000000000e+00 2.425000000000000000e+11
2.029000000000000000e+03 4.000000000000000000e+00 2.425000000000000000e+11
2.029200000000000045e+03 0.000000000000000000e+00 2.425000000000000000e+11
2.029400000000000091e+03 0.000000000000000000e+00 2.425000000000000000e+11
2.029600000000000136e+03 0.000000000000000000e+00 2.425000000000000000e+11
2.029800000000000182e+03 4.000000000000000000e+00 2.425000000000000000e+11
2.030000000000000000e+03 4.000000000000000000e+00 2.425000000000000000e+11
2.030200000000000045e+03 4.000000000000000000e+00 2.425000000000000000e+11
2.030400000000000091e+03 4.000000000000000000e+00 2.425000000000000000e+11
2.030600000000000136e+03 5.656854249492380582e+00 2.425000000000000000e+11
2.030800000000000182e+03 5.656854249492380582e+00 2.425000000000000000e+11
2.031000000000000000e+03 5.656854249492380582e+00 2.425000000000000000e+11
2.031200000000000045e+03 4.000000000000000000e+00 2.425000000000000000e+11
2.031400000000000091e+03 4.000000000000000000e+00 2.425000000000000000e+11
2.031600000000000136e+03 4.000000000000000000e+00 2.425000000000000000e+11
2.031800000000000182e+03 4.000000000000000000e+00 2.425000000000000000e+11
2.032000000000000000e+03 0.000000000000000000e+00 0.000000000000000000e+00
2.032200000000000045e+03 0.000000000000000000e+00 0.000000000000000000e+00
2.032400000000000091e+03 0.000000000000000000e+00 0.000000000000000000e+00
2.032600000000000136e+03 4.000000000000000000e+00 0.000000000000000000e+00
2.032800000000000182e+03 4.000000000000000000e+00 0.000000000000000000e+00
2.033000000000000000e+03 4.000000000000000000e+00 0.000000000000000000e+00
2.033200000000000045e+03 5.656854249492380582e+00 0.000000000000000000e+00
2.033400000000000091e+03 5.656854249492380582e+00 0.000000000000000000e+00
2.033600000000000136e+03 5.656854249492380582e+00 0.000000000000000000e+00
2.033800000000000182e+03 5.656854249492380582e+00 0.000000000000000000e+00
2.034000000000000000e+03 4.000000000000000000e+00 0.000000000000000000e+00
2.034200000000000045e+03 4.000000000000000000e+00 0.000000000000000000e+00
2.034400000000000091e+03 4.000000000000000000e+00 0.000000000000000000e+00
2.034600000000000136e+03 0.000000000000000000e+00 0.000000000000000000e+00
2.034800000000000182e+03 0.000000000000000000e+00 0.000000000000000000e+00
2.035000000000000000e+03 0.000000000000000000e+00 0.000000000000000000e+00
2.035200000000000045e+03 4.000000000000000000e+00 0.000000000000000000e+00
2.035400000000000091e+03 4.000000000000000000e+00 0.000000000000000000e+00
2.035600000000000136e+03 4.000000000000000000e+00 0.000000000000000000e+00
2.035800000000000182e+03 4.000000000000000000e+00 0.000000000000000000e+00
2.036000000000000000e+03 5.656854249492380582e+00 2.425000000000000000e+11
2.036200000000000045e+03 5.656854249492380582e+00 2.425000000000000000e+11
2.036400000000000091e+03 5.656854249492380582e+00 2.425000000000000000e+11
2.036600000000000136e+03 4.000000000000000000e+00 2.425000000000000000e+11
2.036800000000000182e+03 4.000000000000000000e+00 2.425000000000000000e+11
2.037000000000000000e+03 4.000000000000000000e+00 2.425000000000000000e+11
2.037200000000000045e+03 4.000000000000000000e+00 2.425000000000000000e+11
2.037400000000000091e+03 0.000000000000000000e+00 2.425000000000000000e+11
2.037600000000000136e+03 0.000000000000000000e+00 2.425000000000000000e+11
2.037800000000000182e+03 4.000000000000000000e+00 2.425000000000000000e+11
2.038000000000000000e+03 4.000000000000000000e+00 2.425000000000000000e+11
2.038200000000000045e+03 4.000000000000000000e+00 2.425000000000000000e+11
2.038400000000000091e+03 4.000000000000000000e+00 2.425000000000000000e+11
2.038600000000000136e+03 4.000000000000000000e+00 2.425000000000000000e+11
2.038800000000000182e+03 5.656854249492380582e+00 2.425000000000000000e+11
2.039000000000000000e+03 5.656854249492380582e+00 2.425000000000000000e+11
2.039200000000000045e+03 4.000000000000000000e+00 2.425000000000000000e+11
2.039400000000000091e+03 4.000000000000000000e+00 2.425000000000000000e+11
2.039600000000000136e+03 4.000000000000000000e+00 2.425000000000000000e+11
2.039800000000000182e+03 4.000000000000000000e+00 2.425000000000000000e+11
