2.040000000000000000e+03 4.000000000000000000e+00 0.000000000000000000e+00
2.040200000000000045e+03 4.000000000000000000e+00 0.000000000000000000e+00
2.040400000000000091e+03 5.656854249492380582e+00 0.000000000000000000e+00
2.040600000000000136e+03 5.656854249492380582e+00 0.000000000000000000e+00
2.040800000000000182e+03 5.656854249492380582e+00 0.000000000000000000e+00
2.041000000000000000e+03 5.656854249492380582e+00 0.000000000000000000e+00
2.041200000000000045e+03 5.656854249492380582e+00 0.000000000000000000e+00
2.041400000000000091e+03 5.656854249492380582e+00 0.000000000000000000e+00
2.041600000000000136e+03 5.656854249492380582e+00 0.000000000000000000e+00
2.041800000000000182e+03 4.000000000000000000e+00 0.000000000000000000e+00
2.042000000000000000e+03 4.000000000000000000e+00 0.000000000000000000e+00
2.042200000000000045e+03 0.000000000000000000e+00 0.000000000000000000e+00
2.042400000000000091e+03 4.000000000000000000e+00 0.000000000000000000e+00
2.042600000000000136e+03 0.000000000000000000e+00 0.000000000000000000e+00
2.042800000000000182e+03 5.656854249492380582e+00 0.000000000000000000e+00
2.043000000000000000e+03 5.656854249492380582e+00 0.000000000000000000e+00
2.043200000000000045e+03 5.656854249492380582e+00 0.000000000000000000e+00
2.043400000000000091e+03 5.656854249492380582e+00 0.000000000000000000e+00
2.043600000000000136e+03 5.656854249492380582e+00 0.000000000000000000e+00
2.043800000000000182e+03 5.656854249492380582e+00 0.000000000000000000e+00
2.044000000000000000e+03 5.656854249492380582e+00 2.450000100000000000e+11
2.044200000000000045e+03 5.656854249492380582e+00 2.450000100000000000e+11
2.044400000000000091e+03 4.000000000000000000e+00 2.450000100000000000e+11
2.044600000000000136e+03 4.000000000000000000e+00 2.450000100000000000e+11
2.044800000000000182e+03 4.000000000000000000e+00 2.450000100000000000e+11
2.045000000000000000e+03 0.000000000000000000e+00 2.450000100000000000e+11
2.045200000000000045e+03 0.000000000000000000e+00 2.450000100000000000e+11
2.045400000000000091e+03 0.000000000000000000e+00 2.450000100000000000e+11
2.045600000000000136e+03 4.000000000000000000e+00 2.450000100000000000e+11
2.045800000000000182e+03 4.000000000000000000e+00 2.450000100000000000e+11
2.046000000000000000e+03 4.000000000000000000e+00 2.450000100000000000e+11
2.046200000000000045e+03 5.656854249492380582e+00 2.450000100000000000e+11
2.046400000000000091e+03 5.656854249492380582e+00 2.450000100000000000e+11
2.046600000000000136e+03 5.656854249492380582e+00 2.450000100000000000e+11
2.046800000000000182e+03 5.656854249492380582e+00 2.450000100000000000e+11
2.047000000000000000e+03 4.000000000000000000e+00 2.450000100000000000e+11
2.047200000000000045e+03 4.000000000000000000e+00 2.450000100000000000e+11
2.047400000000000091e+03 4.000000000000000000e+00 2.450000100000000000e+11
2.047600000000000136e+03 4.000000000000000000e+00 2.450000100000000000e+11
2.047800000000000182e+03 0.000000000000000000e+00 2.450000100000000000e+11
2.048000000000000000e+03 0.000000000000000000e+00 0.000000000000000000e+00
2.048200000000000273e+03 0.000000000000000000e+00 0.000000000000000000e+00
2.048400000000000091e+03 4.000000000000000000e+00 0.000000000000000000e+00
2.048599999999999909e+03 4.000000000000000000e+00 0.000000000000000000e+00
2.048800000000000182e+03 4.000000000000000000e+00 0.000000000000000000e+00
2.049000000000000000e+03 5.656854249492380582e+00 0.000000000000000000e+00
2.049200000000000273e+03 5.656854249492380582e+00 0.000000000000000000e+00
2.049400000000000091e+03 5.656854249492380582e+00 0.000000000000000000e+00
2.049599999999999909e+03 5.656854249492380582e+00 0.000000000000000000e+00
2.049800000000000182e+03 4.000000000000000000e+00 0.000000000000000000e+00
2.050000000000000000e+03 4.000000000000000000e+00 0.000000000000000000e+00
2.050200000000000273e+03 4.000000000000000000e+00 0.000000000000000000e+00
2.050400000000000091e+03 0.000000000000000000e+00 0.000000000000000000e+00
2.050599999999999909e+03 0.000000000000000000e+00 0.000000000000000000e+00
2.050800000000000182e+03 0.000000000000000000e+00 0.000000000000000000e+00
2.051000000000000000e+03 0.000000000000000000e+00 0.000000000000000000e+00
2.051200000000000273e+03 4.000000000000000000e+00 0.000000000000000000e+00
2.051400000000000091e+03 4.000000000000000000e+00 0.000000000000000000e+00
2.051599999999999909e+03 4.000000000000000000e+00 0.000000000000000000e+00
2.051800000000000182e+03 5.656854249492380582e+00 0.000000000000000000e+00
2.052000000000000000e+03 5.656854249492380582e+00 2.450000100000000000e+11
2.052200000000000273e+03 5.656854249492380582e+00 2.450000100000000000e+11
2.052400000000000091e+03 5.656854249492380582e+00 2.450000100000000000e+11
2.052599999999999909e+03 4.000000000000000000e+00 2.450000100000000000e+11
2.052800000000000182e+03 4.000000000000000000e+00 2.450000100000000000e+11
2.053000000000000000e+03 4.000000000000000000e+00 2.450000100000000000e+11
2.053200000000000273e+03 0.000000000000000000e+00 2.450000100000000000e+11
2.053400000000000091e+03 0.000000000000000000e+00 2.450000100000000000e+11
2.053599999999999909e+03 0.000000000000000000e+00 2.450000100000000000e+11
2.053800000000000182e+03 4.000000000000000000e+00 2.450000100000000000e+11
2.054000000000000000e+03 4.000000000000000000e+00 2.450000100000000000e+11
2.054200000000000273e+03 4.000000000000000000e+00 2.450000100000000000e+11
2.054400000000000091e+03 4.000000000000000000e+00 2.450000100000000000e+11
2.054599999999999909e+03 5.656854249492380582e+00 2.450000100000000000e+11
2.054800000000000182e+03 5.656854249492380582e+00 2.450000100000000000e+11
2.055000000000000000e+03 5.656854249492380582e+00 2.450000100000000000e+11
2.055200000000000273e+03 4.000000000000000000e+00 2.450000100000000000e+11
2.055400000000000091e+03 4.000000000000000000e+00 2.450000100000000000e+11
2.055599999999999909e+03 4.000000000000000000e+00 2.450000100000000000e+11
2.055800000000000182e+03 4.000000000000000000e+00 2.450000100000000000e+11
2.056000000000000000e+03 0.000000000000000000e+00 0.000000000000000000e+00
2.056200000000000273e+03 0.000000000000000000e+00 0.000000000000000000e+00
2.056400000000000091e+03 0.000000000000000000e+00 0.000000000000000000e+00
2.056599999999999909e+03 4.000000000000000000e+00 0.000000000000000000e+00
2.056800000000000182e+03 4.000000000000000000e+00 0.000000000000000000e+00
2.057000000000000000e+03 4.000000000000000000e+00 0.000000000000000000e+00
2.057200000000000273e+03 4.000000000000000000e+00 0.000000000000000000e+00
2.057400000000000091e+03 5.656854249492380582e+00 0.000000000000000000e+00
2.057599999999999909e+03 5.656854249492380582e+00 0.000000000000000000e+00
2.057800000000000182e+03 5.656854249492380582e+00 0.000000000000000000e+00
2.058000000000000000e+03 4.000000000000000000e+00 0.000000000000000000e+00
2.058200000000000273e+03 4.000000000000000000e+00 0.000000000000000000e+00
2.058400000000000091e+03 4.000000000000000000e+00 0.000000000000000000e+00
2.058599999999999909e+03 0.000000000000000000e+00 0.000000000000000000e+00
2.058800000000000182e+03 0.000000000000000000e+00 0.000000000000000000e+00
2.059000000000000000e+03 0.000000000000000000e+00 0.000000000000000000e+00
2.059200000000000273e+03 0.000000000000000000e+00 0.000000000000000000e+00
2.059400000000000091e+03 4.000000000000000000e+00 0.000000000000000000e+00
2.059599999999999909e+03 4.000000000000000000e+00 0.000000000000000000e+00
2.059800000000000182e+03 4.000000000000000000e+00 0.000000000000000000e+00
2.060000000000000000e+03 5.656854249492380582e+00 2.450000100000000000e+11
2.060200000000000273e+03 5.656854249492380582e+00 2.450000100000000000e+11
2.060400000000000091e+03 5.656854249492380582e+00 2.450000100000000000e+11
2.060599999999999909e+03 5.656854249492380582e+00 2.450000100000000000e+11
2.060800000000000182e+03 4.000000000000000000e+00 2.450000100000000000e+11
2.061000000000000000e+03 4.000000000000000000e+00 2.450000100000000000e+11
2.061200000000000273e+03 4.000000000000000000e+00 2.450000100000000000e+11
2.061400000000000091e+03 0.000000000000000000e+00 2.450000100000000000e+11
2.061599999999999909e+03 0.000000000000000000e+00 2.450000100000000000e+11
2.061800000000000182e+03 0.000000000000000000e+00 2.450000100000000000e+11
2.062000000000000000e+03 4.000000000000000000e+00 2.450000100000000000e+11
2.062200000000000273e+03 4.000000000000000000e+00 2.450000100000000000e+11
2.062400000000000091e+03 4.000000000000000000e+00 2.450000100000000000e+11
2.062599999999999909e+03 4.000000000000000000e+00 2.450000100000000000e+11
2.062800000000000182e+03 5.656854249492380582e+00 2.450000100000000000e+11
2.063000000000000000e+03 5.656854249492380582e+00 2.450000100000000000e+11
2.063200000000000273e+03 5.656854249492380582e+00 2.450000100000000000e+11
2.063400000000000091e+03 4.000000000000000000e+00 2.450000100000000000e+11
2.063599999999999909e+03 4.000000000000000000e+00 2.450000100000000000e+11
2.063800000000000182e+03 4.000000000000000000e+00 2.450000100000000000e+11
2.064000000000000000e+03 4.000000000000000000e+00 0.000000000000000000e+00
2.064200000000000273e+03 0.000000000000000000e+00 0.000000000000000000e+00
2.064400000000000091e+03 0.000000000000000000e+00 0.000000000000000000e+00
2.064599999999999909e+03 0.000000000000000000e+00 0.000000000000000000e+00
2.064800000000000182e+03 4.000000000000000000e+00 0.000000000000000000e+00
2.065000000000000000e+03 4.000000000000000000e+00 0.000000000000000000e+00
2.065200000000000273e+03 4.000000000000000000e+00 0.000000000000000000e+00
2.065400000000000091e+03 4.000000000000000000e+00 0.000000000000000000e+00
2.065599999999999909e+03 5.656854249492380582e+00 0.000000000000000000e+00
2.065800000000000182e+03 5.656854249492380582e+00 0.000000000000000000e+00
2.066000000000000000e+03 5.656854249492380582e+00 0.000000000000000000e+00
2.066200000000000273e+03 4.000000000000000000e+00 0.000000000000000000e+00
2.066400000000000091e+03 4.000000000000000000e+00 0.000000000000000000e+00
2.066599999999999909e+03 4.000000000000000000e+00 0.000000000000000000e+00
2.066800000000000182e+03 0.000000000000000000e+00 0.000000000000000000e+00
2.067000000000000000e+03 0.000000000000000000e+00 0.000000000000000000e+00
2.067200000000000273e+03 0.000000000000000000e+00 0.000000000000000000e+00
2.067400000000000091e+03 0.000000000000000000e+00 0.000000000000000000e+00
2.067599999999999909e+03 4.000000000000000000e+00 0.000000000000000000e+00
2.067800000000000182e+03 4.000000000000000000e+00 0.000000000000000000e+00
2.068000000000000000e+03 4.000000000000000000e+00 2.450000100000000000e+11
2.068200000000000273e+03 5.656854249492380582e+00 2.450000100000000000e+11
2.068400000000000091e+03 5.656854249492380582e+00 2.450000100000000000e+11
2.068599999999999909e+03 5.656854249492380582e+00 2.450000100000000000e+11
2.068800000000000182e+03 5.656854249492380582e+00 2.450000100000000000e+11
2.069000000000000000e+03 4.000000000000000000e+00 2.450000100000000000e+11
2.069200000000000273e+03 4.000000000000000000e+00 2.450000100000000000e+11
2.069400000000000091e+03 4.000000000000000000e+00 2.450000100000000000e+11
2.069599999999999909e+03 0.000000000000000000e+00 2.450000100000000000e+11
2.069800000000000182e+03 0.000000000000000000e+00 2.450000100000000000e+11
2.070000000000000000e+03 0.000000000000000000e+00 2.450000100000000000e+11
2.070200000000000273e+03 4.000000000000000000e+00 2.450000100000000000e+11
2.070400000000000091e+03 4.000000000000000000e+00 2.450000100000000000e+11
2.070599999999999909e+03 4.000000000000000000e+00 2.450000100000000000e+11
2.070800000000000182e+03 4.000000000000000000e+00 2.450000100000000000e+11
2.071000000000000000e+03 5.656854249492380582e+00 2.450000100000000000e+11
2.071200000000000273e+03 5.656854249492380582e+00 2.450000100000000000e+11
2.071400000000000091e+03 5.656854249492380582e+00 2.450000100000000000e+11
2.071599999999999909e+03 4.000000000000000000e+00 2.450000100000000000e+11
2.071800000000000182e+03 4.000000000000000000e+00 2.450000100000000000e+11
2.072000000000000000e+03 4.000000000000000000e+00 0.000000000000000000e+00
2.072200000000000273e+03 4.000000000000000000e+00 0.000000000000000000e+00
2.072400000000000091e+03 0.000000000000000000e+00 0.000000000000000000e+00
2.072599999999999909e+03 0.000000000000000000e+00 0.000000000000000000e+00
2.072800000000000182e+03 0.000000000000000000e+00 0.000000000000000000e+00
2.073000000000000000e+03 4.000000000000000000e+00 0.000000000000000000e+00
2.073200000000000273e+03 4.000000000000000000e+00 0.000000000000000000e+00
2.073400000000000091e+03 4.000000000000000000e+00 0.000000000000000000e+00
2.073599999999999909e+03 5.656854249492380582e+00 0.000000000000000000e+00
2.073800000000000182e+03 5.656854249492380582e+00 0.000000000000000000e+00
2.074000000000000000e+03 5.656854249492380582e+00 0.000000000000000000e+00
2.074200000000000273e+03 5.656854249492380582e+00 0.000000000000000000e+00
2.074400000000000091e+03 4.000000000000000000e+00 0.000000000000000000e+00
2.074599999999999909e+03 4.000000000000000000e+00 0.000000000000000000e+00
2.074800000000000182e+03 4.000000000000000000e+00 0.000000000000000000e+00
2.075000000000000000e+03 0.000000000000000000e+00 0.000000000000000000e+00
2.075200000000000273e+03 0.000000000000000000e+00 0.000000000000000000e+00
2.075400000000000091e+03 0.000000000000000000e+00 0.000000000000000000e+00
2.075599999999999909e+03 0.000000000000000000e+00 0.000000000000000000e+00
2.075800000000000182e+03 4.000000000000000000e+00 0.000000000000000000e+00
2.076000000000000000e+03 4.000000000000000000e+00 2.450000100000000000e+11
2.076200000000000273e+03 4.000000000000000000e+00 2.450000100000000000e+11
2.076400000000000091e+03 5.656854249492380582e+00 2.450000100000000000e+11
2.076599999999999909e+03 5.656854249492380582e+00 2.450000100000000000e+11
2.076800000000000182e+03 5.656854249492380582e+00 2.450000100000000000e+11
2.077000000000000000e+03 5.656854249492380582e+00 2.450000100000000000e+11
2.077200000000000273e+03 4.000000000000000000e+00 2.450000100000000000e+11
2.077400000000000091e+03 4.000000000000000000e+00 2.450000100000000000e+11
2.077599999999999909e+03 4.000000000000000000e+00 2.450000100000000000e+11
2.077800000000000182e+03 0.000000000000000000e+00 2.450000100000000000e+11
2.078000000000000000e+03 0.000000000000000000e+00 2.450000100000000000e+11
2.078200000000000273e+03 0.000000000000000000e+00 2.450000100000000000e+11
2.078400000000000091e+03 4.000000000000000000e+00 2.450000100000000000e+11
2.078599999999999909e+03 4.000000000000000000e+00 2.450000100000000000e+11
2.078800000000000182e+03 4.000000000000000000e+00 2.450000100000000000e+11
2.079000000000000000e+03 4.000000000000000000e+00 2.450000100000000000e+11
2.079200000000000273e+03 5.656854249492380582e+00 2.450000100000000000e+11
2.079400000000000091e+03 5.656854249492380582e+00 2.450000100000000000e+11
2.079599999999999909e+03 5.656854249492380582e+00 2.450000100000000000e+11
2.079800000000000182e+03 4.000000000000000000e+00 2.450000100000000000e+11
2.080000000000000000e+03 4.000000000000000000e+00 0.000000000000000000e+00
2.080200000000000273e+03 4.000000000000000000e+00 0.000000000000000000e+00
2.080400000000000091e+03 4.000000000000000000e+00 0.000000000000000000e+00
2.080599999999999909e+03 0.000000000000000000e+00 0.000000000000000000e+00
2.080800000000000182e+03 0.000000000000000000e+00 0.000000000000000000e+00
2.081000000000000000e+03 0.000000000000000000e+00 0.000000000000000000e+00
2.081200000000000273e+03 4.000000000000000000e+00 0.000000000000000000e+00
2.081400000000000091e+03 4.000000000000000000e+00 0.000000000000000000e+00
2.081599999999999909e+03 4.000000000000000000e+00 0.000000000000000000e+00
2.081800000000000182e+03 5.656854249492380582e+00 0.000000000000000000e+00
2.082000000000000000e+03 5.656854249492380582e+00 0.000000000000000000e+00
2.082200000000000273e+03 5.656854249492380582e+00 0.000000000000000000e+00
2.082400000000000091e+03 5.656854249492380582e+00 0.000000000000000000e+00
2.082599999999999909e+03 4.000000000000000000e+00 0.000000000000000000e+00
2.082800000000000182e+03 4.000000000000000000e+00 0.000000000000000000e+00
2.083000000000000000e+03 4.000000000000000000e+00 0.000000000000000000e+00
2.083200000000000273e+03 0.000000000000000000e+00 0.000000000000000000e+00
2.083400000000000091e+03 0.000000000000000000e+00 0.000000000000000000e+00
2.083599999999999909e+03 0.000000000000000000e+00 0.000000000000000000e+00
2.083800000000000182e+03 0.000000000000000000e+00 0.000000000000000000e+00
2.084000000000000000e+03 4.000000000000000000e+00 2.450000100000000000e+11
2.084200000000000273e+03 4.000000000000000000e+00 2.450000100000000000e+11
2.084400000000000091e+03 4.000000000000000000e+00 2.450000100000000000e+11
2.084599999999999909e+03 5.656854249492380582e+00 2.450000100000000000e+11
2.084800000000000182e+03 5.656854249492380582e+00 2.450000100000000000e+11
2.085000000000000000e+03 5.656854249492380582e+00 2.450000100000000000e+11
2.085200000000000273e+03 5.656854249492380582e+00 2.450000100000000000e+11
2.085400000000000091e+03 4.000000000000000000e+00 2.450000100000000000e+11
2.085599999999999909e+03 4.000000000000000000e+00 2.450000100000000000e+11
2.085800000000000182e+03 4.000000000000000000e+00 2.450000100000000000e+11
2.086000000000000000e+03 0.000000000000000000e+00 2.450000100000000000e+11
2.086200000000000273e+03 0.000000000000000000e+00 2.450000100000000000e+11
2.086400000000000091e+03 0.000000000000000000e+00 2.450000100000000000e+11
2.086599999999999909e+03 4.000000000000000000e+00 2.450000100000000000e+11
2.086800000000000182e+03 4.000000000000000000e+00 2.450000100000000000e+11
2.087000000000000000e+03 4.000000000000000000e+00 2.450000100000000000e+11
2.087200000000000273e+03 4.000000000000000000e+00 2.450000100000000000e+11
2.087400000000000091e+03 5.656854249492380582e+00 2.450000100000000000e+11
2.087599999999999909e+03 5.656854249492380582e+00 2.450000100000000000e+11
2.087800000000000182e+03 5.656854249492380582e+00 2.450000100000000000e+11
2.088000000000000000e+03 5.656854249492380582e+00 0.000000000000000000e+00
2.088200000000000273e+03 4.000000000000000000e+00 0.000000000000000000e+00
2.088400000000000091e+03 4.000000000000000000e+00 0.000000000000000000e+00
2.088599999999999909e+03 4.000000000000000000e+00 0.000000000000000000e+00
2.088800000000000182e+03 0.000000000000000000e+00 0.000000000000000000e+00
2.089000000000000000e+03 0.000000000000000000e+00 0.000000000000000000e+00
2.089200000000000273e+03 0.000000000000000000e+00 0.000000000000000000e+00
2.089400000000000091e+03 0.000000000000000000e+00 0.000000000000000000e+00
2.089599999999999909e+03 4.000000000000000000e+00 0.000000000000000000e+00
2.089800000000000182e+03 4.000000000000000000e+00 0.000000000000000000e+00
2.090000000000000000e+03 4.000000000000000000e+00 0.000000000000000000e+00
2.090200000000000273e+03 5.656854249492380582e+00 0.000000000000000000e+00
2.090400000000000091e+03 5.656854249492380582e+00 0.000000000000000000e+00
2.090599999999999909e+03 5.656854249492380582e+00 0.000000000000000000e+00
2.090800000000000182e+03 5.656854249492380582e+00 0.000000000000000000e+00
2.091000000000000000e+03 4.000000000000000000e+00 0.000000000000000000e+00
2.091200000000000273e+03 4.000000000000000000e+00 0.000000000000000000e+00
2.091400000000000091e+03 4.000000000000000000e+00 0.000000000000000000e+00
2.091599999999999909e+03 4.000000000000000000e+00 0.000000000000000000e+00
2.091800000000000182e+03 0.000000000000000000e+00 0.000000000000000000e+00
2.092000000000000000e+03 0.000000000000000000e+00 2.450000100000000000e+11
2.092200000000000273e+03 0.000000000000000000e+00 2.450000100000000000e+11
2.092400000000000091e+03 4.000000000000000000e+00 2.450000100000000000e+11
2.092599999999999909e+03 4.000000000000000000e+00 2.450000100000000000e+11
2.092800000000000182e+03 4.000000000000000000e+00 2.450000100000000000e+11
2.093000000000000000e+03 4.000000000000000000e+00 2.450000100000000000e+11
2.093200000000000273e+03 5.656854249492380582e+00 2.450000100000000000e+11
2.093400000000000091e+03 5.656854249492380582e+00 2.450000100000000000e+11
2.093599999999999909e+03 5.656854249492380582e+00 2.450000100000000000e+11
2.093800000000000182e+03 5.656854249492380582e+00 2.450000100000000000e+11
2.094000000000000000e+03 4.000000000000000000e+00 2.450000100000000000e+11
2.094200000000000273e+03 4.000000000000000000e+00 2.450000100000000000e+11
2.094400000000000091e+03 5.656854249492380582e+00 2.450000100000000000e+11
2.094599999999999909e+03 5.656854249492380582e+00 2.450000100000000000e+11
2.094800000000000182e+03 4.000000000000000000e+00 2.450000100000000000e+11
2.095000000000000000e+03 5.656854249492380582e+00 2.450000100000000000e+11
2.095200000000000273e+03 4.000000000000000000e+00 2.450000100000000000e+11
2.095400000000000091e+03 8.000000000000000000e+00 2.450000100000000000e+11
2.095599999999999909e+03 8.944271909999159220e+00 2.450000100000000000e+11
2.095800000000000182e+03 8.944271909999159220e+00 2.450000100000000000e+11
2.096000000000000000e+03 1.264911064067351809e+01 0.000000000000000000e+00
2.096200000000000273e+03 1.200000000000000000e+01 0.000000000000000000e+00
2.096400000000000091e+03 1.442220510185595650e+01 0.000000000000000000e+00
2.096599999999999909e+03 1.442220510185595650e+01 0.000000000000000000e+00
2.096800000000000182e+03 1.264911064067351809e+01 0.000000000000000000e+00
2.097000000000000000e+03 1.200000000000000000e+01 0.000000000000000000e+00
2.097200000000000273e+03 1.264911064067351809e+01 0.000000000000000000e+00
2.097400000000000091e+03 1.131370849898476116e+01 0.000000000000000000e+00
2.097599999999999909e+03 8.944271909999159220e+00 0.000000000000000000e+00
2.097800000000000182e+03 8.000000000000000000e+00 0.000000000000000000e+00
2.098000000000000000e+03 8.944271909999159220e+00 0.000000000000000000e+00
2.098200000000000273e+03 8.944271909999159220e+00 0.000000000000000000e+00
2.098400000000000091e+03 8.000000000000000000e+00 0.000000000000000000e+00
2.098599999999999909e+03 8.944271909999159220e+00 0.000000000000000000e+00
2.098800000000000182e+03 1.131370849898476116e+01 0.000000000000000000e+00
2.099000000000000000e+03 1.264911064067351809e+01 0.000000000000000000e+00
2.099200000000000273e+03 1.200000000000000000e+01 0.000000000000000000e+00
2.099400000000000091e+03 1.264911064067351809e+01 0.000000000000000000e+00
2.099599999999999909e+03 1.131370849898476116e+01 0.000000000000000000e+00
2.099800000000000182e+03 1.442220510185595650e+01 0.000000000000000000e+00
2.100000000000000000e+03 1.264911064067351809e+01 2.450000100000000000e+11
2.100200000000000273e+03 1.264911064067351809e+01 2.450000100000000000e+11
2.100400000000000091e+03 1.442220510185595650e+01 2.450000100000000000e+11
2.100599999999999909e+03 1.442220510185595650e+01 2.450000100000000000e+11
2.100800000000000182e+03 1.200000000000000000e+01 2.450000100000000000e+11
2.101000000000000000e+03 1.264911064067351809e+01 2.450000100000000000e+11
2.101200000000000273e+03 1.697056274847713908e+01 2.450000100000000000e+11
2.101400000000000091e+03 1.649242250247064234e+01 2.450000100000000000e+11
2.101599999999999909e+03 2.039607805437113797e+01 2.450000100000000000e+11
2.101800000000000182e+03 2.561249694973139412e+01 2.450000100000000000e+11
2.102000000000000000e+03 2.884441020371191300e+01 2.450000100000000000e+11
2.102200000000000273e+03 3.298484500494128469e+01 2.450000100000000000e+11
2.102400000000000091e+03 4.079215610874227593e+01 2.450000100000000000e+11
2.102599999999999909e+03 4.326661530556787483e+01 2.450000100000000000e+11
2.102800000000000182e+03 4.882622246293480828e+01 2.450000100000000000e+11
2.103000000000000000e+03 5.336665625650533684e+01 2.450000100000000000e+11
2.103200000000000273e+03 5.656854249492380404e+01 2.450000100000000000e+11
2.103400000000000091e+03 6.105735008989498880e+01 2.450000100000000000e+11
2.103599999999999909e+03 6.881860213634101342e+01 2.450000100000000000e+11
2.103800000000000182e+03 7.694153624668537361e+01 2.450000100000000000e+11
2.104000000000000000e+03 8.246211251235321527e+01 0.000000000000000000e+00
2.104200000000000273e+03 8.246211251235321527e+01 0.000000000000000000e+00
2.104400000000000091e+03 8.049844718999243298e+01 0.000000000000000000e+00
2.104599999999999909e+03 8.000000000000000000e+01 0.000000000000000000e+00
2.104800000000000182e+03 8.409518416651455652e+01 0.000000000000000000e+00
2.105000000000000000e+03 8.504116650187719983e+01 0.000000000000000000e+00
2.105200000000000273e+03 8.352245207128440541e+01 0.000000000000000000e+00
2.105400000000000091e+03 8.485281374238570606e+01 0.000000000000000000e+00
2.105599999999999909e+03 8.438009243891595190e+01 0.000000000000000000e+00
2.105800000000000182e+03 8.323460818673925132e+01 0.000000000000000000e+00
2.106000000000000000e+03 8.158431221748455187e+01 0.000000000000000000e+00
2.106200000000000273e+03 8.158431221748455187e+01 0.000000000000000000e+00
2.106400000000000091e+03 7.766595135579039777e+01 0.000000000000000000e+00
2.106599999999999909e+03 7.547184905645282527e+01 0.000000000000000000e+00
2.106800000000000182e+03 7.641989269817119634e+01 0.000000000000000000e+00
2.107000000000000000e+03 7.211102550927978427e+01 0.000000000000000000e+00
2.107200000000000273e+03 7.353910524340093957e+01 0.000000000000000000e+00
2.107400000000000091e+03 7.211102550927978427e+01 0.000000000000000000e+00
2.107599999999999909e+03 7.211102550927978427e+01 0.000000000000000000e+00
2.107800000000000182e+03 7.343023900274327787e+01 0.000000000000000000e+00
2.108000000000000000e+03 7.440430095095310037e+01 2.450000100000000000e+11
2.108200000000000273e+03 8.246211251235321527e+01 2.450000100000000000e+11
2.108400000000000091e+03 9.338094023943001787e+01 2.450000100000000000e+11
2.108599999999999909e+03 1.043072384832423865e+02 2.450000100000000000e+11
2.108800000000000182e+03 1.153776408148476520e+02 2.450000100000000000e+11
2.109000000000000000e+03 1.256025477448606580e+02 2.450000100000000000e+11
2.109200000000000273e+03 1.368210510118965715e+02 2.450000100000000000e+11
2.109400000000000091e+03 1.501465950329876762e+02 2.450000100000000000e+11
2.109599999999999909e+03 1.612451549659709826e+02 2.450000100000000000e+11
2.109800000000000182e+03 1.100545319375808333e+02 2.450000100000000000e+11
2.110000000000000000e+03 1.245792920191794906e+02 2.450000100000000000e+11
2.110200000000000273e+03 1.344618905117728787e+02 2.450000100000000000e+11
2.110400000000000091e+03 1.497731618147924451e+02 2.450000100000000000e+11
2.110599999999999909e+03 1.379275171965333300e+02 2.450000100000000000e+11
2.110800000000000182e+03 1.245792920191794906e+02 2.450000100000000000e+11
2.111000000000000000e+03 1.092520022699813040e+02 2.450000100000000000e+11
2.111200000000000273e+03 9.608329719571450767e+01 2.450000100000000000e+11
2.111400000000000091e+03 8.409518416651455652e+01 2.450000100000000000e+11
2.111599999999999909e+03 7.683749084919418237e+01 2.450000100000000000e+11
2.111800000000000182e+03 7.088018058667739751e+01 2.450000100000000000e+11
2.112000000000000000e+03 6.053098380168622583e+01 0.000000000000000000e+00
2.112200000000000273e+03 6.449806198638839305e+01 0.000000000000000000e+00
2.112400000000000091e+03 6.248199740725323181e+01 0.000000000000000000e+00
2.112599999999999909e+03 6.209669878504009688e+01 0.000000000000000000e+00
2.112800000000000182e+03 6.053098380168622583e+01 0.000000000000000000e+00
2.113000000000000000e+03 5.556977595779921586e+01 0.000000000000000000e+00
2.113200000000000273e+03 5.768882040742382600e+01 0.000000000000000000e+00
2.113400000000000091e+03 5.727128425310541360e+01 0.000000000000000000e+00
2.113599999999999909e+03 5.336665625650533684e+01 0.000000000000000000e+00
2.113800000000000182e+03 5.122499389946278825e+01 0.000000000000000000e+00
2.114000000000000000e+03 5.366563145999495532e+01 0.000000000000000000e+00
2.114200000000000273e+03 5.200000000000000000e+01 0.000000000000000000e+00
2.114400000000000091e+03 5.200000000000000000e+01 0.000000000000000000e+00
2.114599999999999909e+03 5.381449618829483938e+01 0.000000000000000000e+00
2.114800000000000182e+03 5.440588203494177577e+01 0.000000000000000000e+00
2.115000000000000000e+03 5.614267539047279598e+01 0.000000000000000000e+00
2.115200000000000273e+03 5.556977595779921586e+01 0.000000000000000000e+00
2.115400000000000091e+03 5.685068161420758059e+01 0.000000000000000000e+00
2.115599999999999909e+03 5.440588203494177577e+01 0.000000000000000000e+00
2.115800000000000182e+03 5.215361924162119323e+01 0.000000000000000000e+00
2.116000000000000000e+03 5.011985634456667071e+01 2.450000100000000000e+11
2.116200000000000273e+03 4.560701700396551672e+01 2.450000100000000000e+11
2.116400000000000091e+03 3.687817782917154830e+01 2.450000100000000000e+11
2.116599999999999909e+03 3.224903099319419653e+01 2.450000100000000000e+11
2.116800000000000182e+03 2.884441020371191300e+01 2.450000100000000000e+11
2.117000000000000000e+03 2.332380757938120297e+01 2.450000100000000000e+11
2.117200000000000273e+03 2.400000000000000000e+01 2.450000100000000000e+11
2.117400000000000091e+03 2.154065922853801496e+01 2.450000100000000000e+11
2.117599999999999909e+03 1.697056274847713908e+01 2.450000100000000000e+11
2.117800000000000182e+03 1.788854381999831844e+01 2.450000100000000000e+11
2.118000000000000000e+03 1.600000000000000000e+01 2.450000100000000000e+11
2.118200000000000273e+03 1.649242250247064234e+01 2.450000100000000000e+11
2.118400000000000091e+03 1.442220510185595650e+01 2.450000100000000000e+11
2.118599999999999909e+03 1.442220510185595650e+01 2.450000100000000000e+11
2.118800000000000182e+03 1.264911064067351809e+01 2.450000100000000000e+11
2.119000000000000000e+03 8.000000000000000000e+00 2.450000100000000000e+11
2.119200000000000273e+03 8.944271909999159220e+00 2.450000100000000000e+11
2.119400000000000091e+03 5.656854249492380582e+00 2.450000100000000000e+11
2.119599999999999909e+03 5.656854249492380582e+00 2.450000100000000000e+11
2.119800000000000182e+03 4.000000000000000000e+00 2.450000100000000000e+11
2.120000000000000000e+03 0.000000000000000000e+00 0.000000000000000000e+00
2.120200000000000273e+03 0.000000000000000000e+00 0.000000000000000000e+00
2.120400000000000091e+03 4.000000000000000000e+00 0.000000000000000000e+00
2.120599999999999909e+03 4.000000000000000000e+00 0.000000000000000000e+00
2.120800000000000182e+03 4.000000000000000000e+00 0.000000000000000000e+00
2.121000000000000000e+03 4.000000000000000000e+00 0.000000000000000000e+00
2.121200000000000273e+03 8.944271909999159220e+00 0.000000000000000000e+00
2.121400000000000091e+03 5.656854249492380582e+00 0.000000000000000000e+00
2.121599999999999909e+03 5.656854249492380582e+00 0.000000000000000000e+00
2.121800000000000182e+03 5.656854249492380582e+00 0.000000000000000000e+00
2.122000000000000000e+03 4.000000000000000000e+00 0.000000000000000000e+00
2.122200000000000273e+03 4.000000000000000000e+00 0.000000000000000000e+00
2.122400000000000091e+03 4.000000000000000000e+00 0.000000000000000000e+00
2.122599999999999909e+03 4.000000000000000000e+00 0.000000000000000000e+00
2.122800000000000182e+03 0.000000000000000000e+00 0.000000000000000000e+00
2.123000000000000000e+03 0.000000000000000000e+00 0.000000000000000000e+00
2.123200000000000273e+03 0.000000000000000000e+00 0.000000000000000000e+00
2.123400000000000091e+03 0.000000000000000000e+00 0.000000000000000000e+00
2.123599999999999909e+03 4.000000000000000000e+00 0.000000000000000000e+00
2.123800000000000182e+03 4.000000000000000000e+00 0.000000000000000000e+00
2.124000000000000000e+03 4.000000000000000000e+00 2.450000100000000000e+11
2.124200000000000273e+03 4.000000000000000000e+00 2.450000100000000000e+11
2.124400000000000091e+03 5.656854249492380582e+00 2.450000100000000000e+11
2.124599999999999909e+03 5.656854249492380582e+00 2.450000100000000000e+11
2.124800000000000182e+03 5.656854249492380582e+00 2.450000100000000000e+11
2.125000000000000000e+03 5.656854249492380582e+00 2.450000100000000000e+11
2.125200000000000273e+03 4.000000000000000000e+00 2.450000100000000000e+11
2.125400000000000091e+03 4.000000000000000000e+00 2.450000100000000000e+11
2.125599999999999909e+03 4.000000000000000000e+00 2.450000100000000000e+11
2.125800000000000182e+03 0.000000000000000000e+00 2.450000100000000000e+11
2.126000000000000000e+03 0.000000000000000000e+00 2.450000100000000000e+11
2.126200000000000273e+03 0.000000000000000000e+00 2.450000100000000000e+11
2.126400000000000091e+03 0.000000000000000000e+00 2.450000100000000000e+11
2.126599999999999909e+03 4.000000000000000000e+00 2.450000100000000000e+11
2.126800000000000182e+03 4.000000000000000000e+00 2.450000100000000000e+11
2.127000000000000000e+03 4.000000000000000000e+00 2.450000100000000000e+11
2.127200000000000273e+03 4.000000000000000000e+00 2.450000100000000000e+11
2.127400000000000091e+03 5.656854249492380582e+00 2.450000100000000000e+11
2.127599999999999909e+03 5.656854249492380582e+00 2.450000100000000000e+11
2.127800000000000182e+03 5.656854249492380582e+00 2.450000100000000000e+11
2.128000000000000000e+03 4.000000000000000000e+00 0.000000000000000000e+00
2.128200000000000273e+03 4.000000000000000000e+00 0.000000000000000000e+00
2.128400000000000091e+03 4.000000000000000000e+00 0.000000000000000000e+00
2.128599999999999909e+03 0.000000000000000000e+00 0.000000000000000000e+00
2.128800000000000182e+03 0.000000000000000000e+00 0.000000000000000000e+00
2.129000000000000000e+03 0.000000000000000000e+00 0.000000000000000000e+00
2.129200000000000273e+03 0.000000000000000000e+00 0.000000000000000000e+00
2.129400000000000091e+03 4.000000000000000000e+00 0.000000000000000000e+00
2.129599999999999909e+03 4.000000000000000000e+00 0.000000000000000000e+00
2.129800000000000182e+03 4.000000000000000000e+00 0.000000000000000000e+00
2.130000000000000000e+03 5.656854249492380582e+00 0.000000000000000000e+00
2.130200000000000273e+03 5.656854249492380582e+00 0.000000000000000000e+00
2.130400000000000091e+03 5.656854249492380582e+00 0.000000000000000000e+00
2.130599999999999909e+03 5.656854249492380582e+00 0.000000000000000000e+00
2.130800000000000182e+03 4.000000000000000000e+00 0.000000000000000000e+00
2.131000000000000000e+03 4.000000000000000000e+00 0.000000000000000000e+00
2.131200000000000273e+03 4.000000000000000000e+00 0.000000000000000000e+00
2.131400000000000091e+03 0.000000000000000000e+00 0.000000000000000000e+00
2.131599999999999909e+03 0.000000000000000000e+00 0.000000000000000000e+00
2.131800000000000182e+03 0.000000000000000000e+00 0.000000000000000000e+00
2.132000000000000000e+03 4.000000000000000000e+00 2.450000100000000000e+11
2.132200000000000273e+03 4.000000000000000000e+00 2.450000100000000000e+11
2.132400000000000091e+03 4.000000000000000000e+00 2.450000100000000000e+11
2.132599999999999909e+03 4.000000000000000000e+00 2.450000100000000000e+11
2.132800000000000182e+03 5.656854249492380582e+00 2.450000100000000000e+11
2.133000000000000000e+03 5.656854249492380582e+00 2.450000100000000000e+11
2.133200000000000273e+03 5.656854249492380582e+00 2.450000100000000000e+11
2.133400000000000091e+03 4.000000000000000000e+00 2.450000100000000000e+11
2.133599999999999909e+03 4.000000000000000000e+00 2.450000100000000000e+11
2.133800000000000182e+03 4.000000000000000000e+00 2.450000100000000000e+11
2.134000000000000000e+03 4.000000000000000000e+00 2.450000100000000000e+11
2.134200000000000273e+03 0.000000000000000000e+00 2.450000100000000000e+11
2.134400000000000091e+03 0.000000000000000000e+00 2.450000100000000000e+11
2.134599999999999909e+03 0.000000000000000000e+00 2.450000100000000000e+11
2.134800000000000182e+03 4.000000000000000000e+00 2.450000100000000000e+11
2.135000000000000000e+03 4.000000000000000000e+00 2.450000100000000000e+11
2.135200000000000273e+03 4.000000000000000000e+00 2.450000100000000000e+11
2.135400000000000091e+03 4.000000000000000000e+00 2.450000100000000000e+11
2.135599999999999909e+03 5.656854249492380582e+00 2.450000100000000000e+11
2.135800000000000182e+03 5.656854249492380582e+00 2.450000100000000000e+11
2.136000000000000000e+03 5.656854249492380582e+00 0.000000000000000000e+00
2.136200000000000273e+03 4.000000000000000000e+00 0.000000000000000000e+00
2.136400000000000091e+03 4.000000000000000000e+00 0.000000000000000000e+00
2.136599999999999909e+03 4.000000000000000000e+00 0.000000000000000000e+00
2.136800000000000182e+03 4.000000000000000000e+00 0.000000000000000000e+00
2.137000000000000000e+03 0.000000000000000000e+00 0.000000000000000000e+00
2.137200000000000273e+03 0.000000000000000000e+00 0.000000000000000000e+00
2.137400000000000091e+03 0.000000000000000000e+00 0.000000000000000000e+00
2.137599999999999909e+03 4.000000000000000000e+00 0.000000000000000000e+00
2.137800000000000182e+03 4.000000000000000000e+00 0.000000000000000000e+00
2.138000000000000000e+03 4.000000000000000000e+00 0.000000000000000000e+00
2.138200000000000273e+03 5.656854249492380582e+00 0.000000000000000000e+00
2.138400000000000091e+03 5.656854249492380582e+00 0.000000000000000000e+00
2.138599999999999909e+03 5.656854249492380582e+00 0.000000000000000000e+00
2.138800000000000182e+03 5.656854249492380582e+00 0.000000000000000000e+00
2.139000000000000000e+03 4.000000000000000000e+00 0.000000000000000000e+00
2.139200000000000273e+03 4.000000000000000000e+00 0.000000000000000000e+00
2.139400000000000091e+03 4.000000000000000000e+00 0.000000000000000000e+00
2.139599999999999909e+03 0.000000000000000000e+00 0.000000000000000000e+00
2.139800000000000182e+03 0.000000000000000000e+00 0.000000000000000000e+00
2.140000000000000000e+03 0.000000000000000000e+00 2.450000100000000000e+11
2.140200000000000273e+03 0.000000000000000000e+00 2.450000100000000000e+11
2.140400000000000091e+03 4.000000000000000000e+00 2.450000100000000000e+11
2.140599999999999909e+03 4.000000000000000000e+00 2.450000100000000000e+11
2.140800000000000182e+03 4.000000000000000000e+00 2.450000100000000000e+11
2.141000000000000000e+03 5.656854249492380582e+00 2.450000100000000000e+11
2.141200000000000273e+03 5.656854249492380582e+00 2.450000100000000000e+11
2.141400000000000091e+03 5.656854249492380582e+00 2.450000100000000000e+11
2.141599999999999909e+03 5.656854249492380582e+00 2.450000100000000000e+11
2.141800000000000182e+03 4.000000000000000000e+00 2.450000100000000000e+11
2.142000000000000000e+03 4.000000000000000000e+00 2.450000100000000000e+11
2.142200000000000273e+03 4.000000000000000000e+00 2.450000100000000000e+11
2.142400000000000091e+03 0.000000000000000000e+00 2.450000100000000000e+11
2.142599999999999909e+03 0.000000000000000000e+00 2.450000100000000000e+11
2.142800000000000182e+03 0.000000000000000000e+00 2.450000100000000000e+11
2.143000000000000000e+03 4.000000000000000000e+00 2.450000100000000000e+11
2.143200000000000273e+03 4.000000000000000000e+00 2.450000100000000000e+11
2.143400000000000091e+03 4.000000000000000000e+00 2.450000100000000000e+11
2.143599999999999909e+03 4.000000000000000000e+00 2.450000100000000000e+11
2.143800000000000182e+03 5.656854249492380582e+00 2.450000100000000000e+11
2.144000000000000000e+03 5.656854249492380582e+00 0.000000000000000000e+00
2.144200000000000273e+03 5.656854249492380582e+00 0.000000000000000000e+00
2.144400000000000091e+03 4.000000000000000000e+00 0.000000000000000000e+00
2.144599999999999909e+03 4.000000000000000000e+00 0.000000000000000000e+00
2.144800000000000182e+03 4.000000000000000000e+00 0.000000000000000000e+00
2.145000000000000000e+03 4.000000000000000000e+00 0.000000000000000000e+00
2.145200000000000273e+03 0.000000000000000000e+00 0.000000000000000000e+00
2.145400000000000091e+03 0.000000000000000000e+00 0.000000000000000000e+00
2.145599999999999909e+03 0.000000000000000000e+00 0.000000000000000000e+00
2.145800000000000182e+03 4.000000000000000000e+00 0.000000000000000000e+00
2.146000000000000000e+03 4.000000000000000000e+00 0.000000000000000000e+00
2.146200000000000273e+03 4.000000000000000000e+00 0.000000000000000000e+00
2.146400000000000091e+03 4.000000000000000000e+00 0.000000000000000000e+00
2.146599999999999909e+03 5.656854249492380582e+00 0.000000000000000000e+00
2.146800000000000182e+03 5.656854249492380582e+00 0.000000000000000000e+00
2.147000000000000000e+03 5.656854249492380582e+00 0.000000000000000000e+00
2.147200000000000273e+03 4.000000000000000000e+00 0.000000000000000000e+00
2.147400000000000091e+03 4.000000000000000000e+00 0.000000000000000000e+00
2.147599999999999909e+03 4.000000000000000000e+00 0.000000000000000000e+00
2.147800000000000182e+03 0.000000000000000000e+00 0.000000000000000000e+00
2.148000000000000000e+03 0.000000000000000000e+00 2.450000100000000000e+11
2.148200000000000273e+03 0.000000000000000000e+00 2.450000100000000000e+11
2.148400000000000091e+03 0.000000000000000000e+00 2.450000100000000000e+11
2.148599999999999909e+03 4.000000000000000000e+00 2.450000100000000000e+11
2.148800000000000182e+03 4.000000000000000000e+00 2.450000100000000000e+11
2.149000000000000000e+03 4.000000000000000000e+00 2.450000100000000000e+11
2.149200000000000273e+03 5.656854249492380582e+00 2.450000100000000000e+11
2.149400000000000091e+03 5.656854249492380582e+00 2.450000100000000000e+11
2.149599999999999909e+03 5.656854249492380582e+00 2.450000100000000000e+11
2.149800000000000182e+03 5.656854249492380582e+00 2.450000100000000000e+11
2.150000000000000000e+03 4.000000000000000000e+00 2.450000100000000000e+11
2.150200000000000273e+03 4.000000000000000000e+00 2.450000100000000000e+11
2.150400000000000091e+03 4.000000000000000000e+00 2.450000100000000000e+11
2.150599999999999909e+03 0.000000000000000000e+00 2.450000100000000000e+11
2.150800000000000182e+03 0.000000000000000000e+00 2.450000100000000000e+11
2.151000000000000000e+03 0.000000000000000000e+00 2.450000100000000000e+11
2.151200000000000273e+03 0.000000000000000000e+00 2.450000100000000000e+11
2.151400000000000091e+03 4.000000000000000000e+00 2.450000100000000000e+11
2.151599999999999909e+03 4.000000000000000000e+00 2.450000100000000000e+11
2.151800000000000182e+03 4.000000000000000000e+00 2.450000100000000000e+11
2.152000000000000000e+03 5.656854249492380582e+00 0.000000000000000000e+00
2.152200000000000273e+03 5.656854249492380582e+00 0.000000000000000000e+00
2.152400000000000091e+03 5.656854249492380582e+00 0.000000000000000000e+00
2.152599999999999909e+03 5.656854249492380582e+00 0.000000000000000000e+00
2.152800000000000182e+03 4.000000000000000000e+00 0.000000000000000000e+00
2.153000000000000000e+03 4.000000000000000000e+00 0.000000000000000000e+00
2.153200000000000273e+03 4.000000000000000000e+00 0.000000000000000000e+00
2.153400000000000091e+03 0.000000000000000000e+00 0.000000000000000000e+00
2.153599999999999909e+03 0.000000000000000000e+00 0.000000000000000000e+00
2.153800000000000182e+03 0.000000000000000000e+00 0.000000000000000000e+00
2.154000000000000000e+03 4.000000000000000000e+00 0.000000000000000000e+00
2.154200000000000273e+03 4.000000000000000000e+00 0.000000000000000000e+00
2.154400000000000091e+03 4.000000000000000000e+00 0.000000000000000000e+00
2.154599999999999909e+03 4.000000000000000000e+00 0.000000000000000000e+00
2.154800000000000182e+03 5.656854249492380582e+00 0.000000000000000000e+00
2.155000000000000000e+03 5.656854249492380582e+00 0.000000000000000000e+00
2.155200000000000273e+03 5.656854249492380582e+00 0.000000000000000000e+00
2.155400000000000091e+03 4.000000000000000000e+00 0.000000000000000000e+00
2.155599999999999909e+03 4.000000000000000000e+00 0.000000000000000000e+00
2.155800000000000182e+03 4.000000000000000000e+00 0.000000000000000000e+00
2.156000000000000000e+03 0.000000000000000000e+00 2.450000100000000000e+11
2.156200000000000273e+03 0.000000000000000000e+00 2.450000100000000000e+11
2.156400000000000091e+03 0.000000000000000000e+00 2.450000100000000000e+11
2.156599999999999909e+03 4.000000000000000000e+00 2.450000100000000000e+11
2.156800000000000182e+03 4.000000000000000000e+00 2.450000100000000000e+11
2.157000000000000000e+03 4.000000000000000000e+00 2.450000100000000000e+11
2.157200000000000273e+03 4.000000000000000000e+00 2.450000100000000000e+11
2.157400000000000091e+03 5.656854249492380582e+00 2.450000100000000000e+11
2.157599999999999909e+03 5.656854249492380582e+00 2.450000100000000000e+11
2.157800000000000182e+03 5.656854249492380582e+00 2.450000100000000000e+11
2.158000000000000000e+03 4.000000000000000000e+00 2.450000100000000000e+11
2.158200000000000273e+03 4.000000000000000000e+00 2.450000100000000000e+11
2.158400000000000091e+03 4.000000000000000000e+00 2.450000100000000000e+11
2.158599999999999909e+03 4.000000000000000000e+00 2.450000100000000000e+11
2.158800000000000182e+03 4.000000000000000000e+00 2.450000100000000000e+11
2.159000000000000000e+03 4.000000000000000000e+00 2.450000100000000000e+11
2.159200000000000273e+03 4.000000000000000000e+00 2.450000100000000000e+11
2.159400000000000091e+03 4.000000000000000000e+00 2.450000100000000000e+11
2.159599999999999909e+03 4.000000000000000000e+00 2.450000100000000000e+11
2.159800000000000182e+03 4.000000000000000000e+00 2.450000100000000000e+11
