2.160000000000000000e+03 4.000000000000000000e+00 0.000000000000000000e+00
2.160200000000000273e+03 4.000000000000000000e+00 0.000000000000000000e+00
2.160400000000000091e+03 5.656854249492380582e+00 0.000000000000000000e+00
2.160599999999999909e+03 5.656854249492380582e+00 0.000000000000000000e+00
2.160800000000000182e+03 5.656854249492380582e+00 0.000000000000000000e+00
2.161000000000000000e+03 5.656854249492380582e+00 0.000000000000000000e+00
2.161200000000000273e+03 5.656854249492380582e+00 0.000000000000000000e+00
2.161400000000000091e+03 5.656854249492380582e+00 0.000000000000000000e+00
2.161599999999999909e+03 5.656854249492380582e+00 0.000000000000000000e+00
2.161800000000000182e+03 5.656854249492380582e+00 0.000000000000000000e+00
2.162000000000000000e+03 5.656854249492380582e+00 0.000000000000000000e+00
2.162200000000000273e+03 5.656854249492380582e+00 0.000000000000000000e+00
2.162400000000000091e+03 4.000000000000000000e+00 0.000000000000000000e+00
2.162599999999999909e+03 5.656854249492380582e+00 0.000000000000000000e+00
2.162800000000000182e+03 0.000000000000000000e+00 0.000000000000000000e+00
2.163000000000000000e+03 5.656854249492380582e+00 0.000000000000000000e+00
2.163200000000000273e+03 5.656854249492380582e+00 0.000000000000000000e+00
2.163400000000000091e+03 5.656854249492380582e+00 0.000000000000000000e+00
2.163599999999999909e+03 5.656854249492380582e+00 0.000000000000000000e+00
2.163800000000000182e+03 5.656854249492380582e+00 0.000000000000000000e+00
2.164000000000000000e+03 5.656854249492380582e+00 2.475000000000000000e+11
2.164200000000000273e+03 5.656854249492380582e+00 2.475000000000000000e+11
2.164400000000000091e+03 5.656854249492380582e+00 2.475000000000000000e+11
2.164599999999999909e+03 4.000000000000000000e+00 2.475000000000000000e+11
2.164800000000000182e+03 4.000000000000000000e+00 2.475000000000000000e+11
2.165000000000000000e+03 4.000000000000000000e+00 2.475000000000000000e+11
2.165200000000000273e+03 0.000000000000000000e+00 2.475000000000000000e+11
2.165400000000000091e+03 0.000000000000000000e+00 2.475000000000000000e+11
2.165599999999999909e+03 4.000000000000000000e+00 2.475000000000000000e+11
2.165800000000000182e+03 4.000000000000000000e+00 2.475000000000000000e+11
2.166000000000000000e+03 4.000000000000000000e+00 2.475000000000000000e+11
2.166200000000000273e+03 5.656854249492380582e+00 2.475000000000000000e+11
2.166400000000000091e+03 5.656854249492380582e+00 2.475000000000000000e+11
2.166599999999999909e+03 5.656854249492380582e+00 2.475000000000000000e+11
2.166800000000000182e+03 5.656854249492380582e+00 2.475000000000000000e+11
2.167000000000000000e+03 4.000000000000000000e+00 2.475000000000000000e+11
2.167200000000000273e+03 4.000000000000000000e+00 2.475000000000000000e+11
2.167400000000000091e+03 4.000000000000000000e+00 2.475000000000000000e+11
2.167599999999999909e+03 4.000000000000000000e+00 2.475000000000000000e+11
2.167800000000000182e+03 0.000000000000000000e+00 2.475000000000000000e+11
2.168000000000000000e+03 0.000000000000000000e+00 0.000000000000000000e+00
2.168200000000000273e+03 0.000000000000000000e+00 0.000000000000000000e+00
2.168400000000000091e+03 4.000000000000000000e+00 0.000000000000000000e+00
2.168599999999999909e+03 4.000000000000000000e+00 0.000000000000000000e+00
2.168800000000000182e+03 4.000000000000000000e+00 0.000000000000000000e+00
2.169000000000000000e+03 5.656854249492380582e+00 0.000000000000000000e+00
2.169200000000000273e+03 5.656854249492380582e+00 0.000000000000000000e+00
2.169400000000000091e+03 5.656854249492380582e+00 0.000000000000000000e+00
2.169599999999999909e+03 5.656854249492380582e+00 0.000000000000000000e+00
2.169800000000000182e+03 4.000000000000000000e+00 0.000000000000000000e+00
2.170000000000000000e+03 4.000000000000000000e+00 0.000000000000000000e+00
2.170200000000000273e+03 4.000000000000000000e+00 0.000000000000000000e+00
2.170400000000000091e+03 0.000000000000000000e+00 0.000000000000000000e+00
2.170599999999999909e+03 0.000000000000000000e+00 0.000000000000000000e+00
2.170800000000000182e+03 0.000000000000000000e+00 0.000000000000000000e+00
2.171000000000000000e+03 0.000000000000000000e+00 0.000000000000000000e+00
2.171200000000000273e+03 4.000000000000000000e+00 0.000000000000000000e+00
2.171400000000000091e+03 4.000000000000000000e+00 0.000000000000000000e+00
2.171599999999999909e+03 4.000000000000000000e+00 0.000000000000000000e+00
2.171800000000000182e+03 5.656854249492380582e+00 0.000000000000000000e+00
2.172000000000000000e+03 5.656854249492380582e+00 2.475000000000000000e+11
2.172200000000000273e+03 5.656854249492380582e+00 2.475000000000000000e+11
2.172400000000000091e+03 5.656854249492380582e+00 2.475000000000000000e+11
2.172599999999999909e+03 4.000000000000000000e+00 2.475000000000000000e+11
2.172800000000000182e+03 4.000000000000000000e+00 2.475000000000000000e+11
2.173000000000000000e+03 4.000000000000000000e+00 2.475000000000000000e+11
2.173200000000000273e+03 0.000000000000000000e+00 2.475000000000000000e+11
2.173400000000000091e+03 0.000000000000000000e+00 2.475000000000000000e+11
2.173599999999999909e+03 0.000000000000000000e+00 2.475000000000000000e+11
2.173800000000000182e+03 4.000000000000000000e+00 2.475000000000000000e+11
2.174000000000000000e+03 4.000000000000000000e+00 2.475000000000000000e+11
2.174200000000000273e+03 4.000000000000000000e+00 2.475000000000000000e+11
2.174400000000000091e+03 4.000000000000000000e+00 2.475000000000000000e+11
2.174599999999999909e+03 5.656854249492380582e+00 2.475000000000000000e+11
2.174800000000000182e+03 5.656854249492380582e+00 2.475000000000000000e+11
2.175000000000000000e+03 5.656854249492380582e+00 2.475000000000000000e+11
2.175200000000000273e+03 4.000000000000000000e+00 2.475000000000000000e+11
2.175400000000000091e+03 4.000000000000000000e+00 2.475000000000000000e+11
2.175599999999999909e+03 4.000000000000000000e+00 2.475000000000000000e+11
2.175800000000000182e+03 4.000000000000000000e+00 2.475000000000000000e+11
2.176000000000000000e+03 0.000000000000000000e+00 0.000000000000000000e+00
2.176200000000000273e+03 0.000000000000000000e+00 0.000000000000000000e+00
2.176400000000000091e+03 0.000000000000000000e+00 0.000000000000000000e+00
2.176599999999999909e+03 4.000000000000000000e+00 0.000000000000000000e+00
2.176800000000000182e+03 4.000000000000000000e+00 0.000000000000000000e+00
2.177000000000000000e+03 4.000000000000000000e+00 0.000000000000000000e+00
2.177200000000000273e+03 5.656854249492380582e+00 0.000000000000000000e+00
2.177400000000000091e+03 5.656854249492380582e+00 0.000000000000000000e+00
2.177599999999999909e+03 5.656854249492380582e+00 0.000000000000000000e+00
2.177800000000000182e+03 5.656854249492380582e+00 0.000000000000000000e+00
2.178000000000000000e+03 4.000000000000000000e+00 0.000000000000000000e+00
2.178200000000000273e+03 4.000000000000000000e+00 0.000000000000000000e+00
2.178400000000000091e+03 4.000000000000000000e+00 0.000000000000000000e+00
2.178599999999999909e+03 0.000000000000000000e+00 0.000000000000000000e+00
2.178800000000000182e+03 0.000000000000000000e+00 0.000000000000000000e+00
2.179000000000000000e+03 0.000000000000000000e+00 0.000000000000000000e+00
2.179200000000000273e+03 0.000000000000000000e+00 0.000000000000000000e+00
2.179400000000000091e+03 4.000000000000000000e+00 0.000000000000000000e+00
2.179599999999999909e+03 4.000000000000000000e+00 0.000000000000000000e+00
2.179800000000000182e+03 4.000000000000000000e+00 0.000000000000000000e+00
2.180000000000000000e+03 5.656854249492380582e+00 2.475000000000000000e+11
2.180200000000000273e+03 5.656854249492380582e+00 2.475000000000000000e+11
2.180400000000000091e+03 5.656854249492380582e+00 2.475000000000000000e+11
2.180599999999999909e+03 4.000000000000000000e+00 2.475000000000000000e+11
2.180800000000000182e+03 4.000000000000000000e+00 2.475000000000000000e+11
2.181000000000000000e+03 4.000000000000000000e+00 2.475000000000000000e+11
2.181200000000000273e+03 4.000000000000000000e+00 2.475000000000000000e+11
2.181400000000000091e+03 0.000000000000000000e+00 2.475000000000000000e+11
2.181599999999999909e+03 0.000000000000000000e+00 2.475000000000000000e+11
2.181800000000000182e+03 0.000000000000000000e+00 2.475000000000000000e+11
2.182000000000000000e+03 4.000000000000000000e+00 2.475000000000000000e+11
2.182200000000000273e+03 4.000000000000000000e+00 2.475000000000000000e+11
2.182400000000000091e+03 4.000000000000000000e+00 2.475000000000000000e+11
2.182599999999999909e+03 4.000000000000000000e+00 2.475000000000000000e+11
2.182800000000000182e+03 5.656854249492380582e+00 2.475000000000000000e+11
2.183000000000000000e+03 5.656854249492380582e+00 2.475000000000000000e+11
2.183200000000000273e+03 5.656854249492380582e+00 2.475000000000000000e+11
2.183400000000000091e+03 4.000000000000000000e+00 2.475000000000000000e+11
2.183599999999999909e+03 4.000000000000000000e+00 2.475000000000000000e+11
2.183800000000000182e+03 4.000000000000000000e+00 2.475000000000000000e+11
2.184000000000000000e+03 4.000000000000000000e+00 0.000000000000000000e+00
2.184200000000000273e+03 0.000000000000000000e+00 0.000000000000000000e+00
2.184400000000000091e+03 0.000000000000000000e+00 0.000000000000000000e+00
2.184599999999999909e+03 0.000000000000000000e+00 0.000000000000000000e+00
2.184800000000000182e+03 4.000000000000000000e+00 0.000000000000000000e+00
2.185000000000000000e+03 4.000000000000000000e+00 0.000000000000000000e+00
2.185200000000000273e+03 4.000000000000000000e+00 0.000000000000000000e+00
2.185400000000000091e+03 5.656854249492380582e+00 0.000000000000000000e+00
2.185599999999999909e+03 5.656854249492380582e+00 0.000000000000000000e+00
2.185800000000000182e+03 5.656854249492380582e+00 0.000000000000000000e+00
2.186000000000000000e+03 5.656854249492380582e+00 0.000000000000000000e+00
2.186200000000000273e+03 4.000000000000000000e+00 0.000000000000000000e+00
2.186400000000000091e+03 4.000000000000000000e+00 0.000000000000000000e+00
2.186599999999999909e+03 4.000000000000000000e+00 0.000000000000000000e+00
2.186800000000000182e+03 0.000000000000000000e+00 0.000000000000000000e+00
2.187000000000000000e+03 0.000000000000000000e+00 0.000000000000000000e+00
2.187200000000000273e+03 0.000000000000000000e+00 0.000000000000000000e+00
2.187400000000000091e+03 0.000000000000000000e+00 0.000000000000000000e+00
2.187599999999999909e+03 4.000000000000000000e+00 0.000000000000000000e+00
2.187800000000000182e+03 4.000000000000000000e+00 0.000000000000000000e+00
2.188000000000000000e+03 4.000000000000000000e+00 2.475000000000000000e+11
2.188200000000000273e+03 5.656854249492380582e+00 2.475000000000000000e+11
2.188400000000000091e+03 5.656854249492380582e+00 2.475000000000000000e+11
2.188599999999999909e+03 5.656854249492380582e+00 2.475000000000000000e+11
2.188800000000000182e+03 4.000000000000000000e+00 2.475000000000000000e+11
2.189000000000000000e+03 4.000000000000000000e+00 2.475000000000000000e+11
2.189200000000000273e+03 4.000000000000000000e+00 2.475000000000000000e+11
2.189400000000000091e+03 4.000000000000000000e+00 2.475000000000000000e+11
2.189599999999999909e+03 0.000000000000000000e+00 2.475000000000000000e+11
2.189800000000000182e+03 0.000000000000000000e+00 2.475000000000000000e+11
2.190000000000000000e+03 0.000000000000000000e+00 2.475000000000000000e+11
2.190200000000000273e+03 4.000000000000000000e+00 2.475000000000000000e+11
2.190400000000000091e+03 4.000000000000000000e+00 2.475000000000000000e+11
2.190599999999999909e+03 4.000000000000000000e+00 2.475000000000000000e+11
2.190800000000000182e+03 4.000000000000000000e+00 2.475000000000000000e+11
2.191000000000000000e+03 5.656854249492380582e+00 2.475000000000000000e+11
2.191200000000000273e+03 5.656854249492380582e+00 2.475000000000000000e+11
2.191400000000000091e+03 5.656854249492380582e+00 2.475000000000000000e+11
2.191599999999999909e+03 4.000000000000000000e+00 2.475000000000000000e+11
2.191800000000000182e+03 4.000000000000000000e+00 2.475000000000000000e+11
2.192000000000000000e+03 4.000000000000000000e+00 0.000000000000000000e+00
2.192200000000000273e+03 4.000000000000000000e+00 0.000000000000000000e+00
2.192400000000000091e+03 0.000000000000000000e+00 0.000000000000000000e+00
2.192599999999999909e+03 0.000000000000000000e+00 0.000000000000000000e+00
2.192800000000000182e+03 0.000000000000000000e+00 0.000000000000000000e+00
2.193000000000000000e+03 4.000000000000000000e+00 0.000000000000000000e+00
2.193200000000000273e+03 4.000000000000000000e+00 0.000000000000000000e+00
2.193400000000000091e+03 4.000000000000000000e+00 0.000000000000000000e+00
2.193599999999999909e+03 5.656854249492380582e+00 0.000000000000000000e+00
2.193800000000000182e+03 5.656854249492380582e+00 0.000000000000000000e+00
2.194000000000000000e+03 5.656854249492380582e+00 0.000000000000000000e+00
2.194200000000000273e+03 5.656854249492380582e+00 0.000000000000000000e+00
2.194400000000000091e+03 4.000000000000000000e+00 0.000000000000000000e+00
2.194599999999999909e+03 4.000000000000000000e+00 0.000000000000000000e+00
2.194800000000000182e+03 4.000000000000000000e+00 0.000000000000000000e+00
2.195000000000000000e+03 0.000000000000000000e+00 0.000000000000000000e+00
2.195200000000000273e+03 0.000000000000000000e+00 0.000000000000000000e+00
2.195400000000000091e+03 0.000000000000000000e+00 0.000000000000000000e+00
2.195599999999999909e+03 0.000000000000000000e+00 0.000000000000000000e+00
2.195800000000000182e+03 4.000000000000000000e+00 0.000000000000000000e+00
2.196000000000000000e+03 4.000000000000000000e+00 2.475000000000000000e+11
2.196200000000000273e+03 4.000000000000000000e+00 2.475000000000000000e+11
2.196400000000000091e+03 5.656854249492380582e+00 2.475000000000000000e+11
2.196599999999999909e+03 5.656854249492380582e+00 2.475000000000000000e+11
2.196800000000000182e+03 5.656854249492380582e+00 2.475000000000000000e+11
2.197000000000000000e+03 4.000000000000000000e+00 2.475000000000000000e+11
2.197200000000000273e+03 4.000000000000000000e+00 2.475000000000000000e+11
2.197400000000000091e+03 4.000000000000000000e+00 2.475000000000000000e+11
2.197599999999999909e+03 4.000000000000000000e+00 2.475000000000000000e+11
2.197800000000000182e+03 0.000000000000000000e+00 2.475000000000000000e+11
2.198000000000000000e+03 0.000000000000000000e+00 2.475000000000000000e+11
2.198200000000000273e+03 0.000000000000000000e+00 2.475000000000000000e+11
2.198400000000000091e+03 4.000000000000000000e+00 2.475000000000000000e+11
2.198599999999999909e+03 4.000000000000000000e+00 2.475000000000000000e+11
2.198800000000000182e+03 4.000000000000000000e+00 2.475000000000000000e+11
2.199000000000000000e+03 4.000000000000000000e+00 2.475000000000000000e+11
2.199200000000000273e+03 5.656854249492380582e+00 2.475000000000000000e+11
2.199400000000000091e+03 5.656854249492380582e+00 2.475000000000000000e+11
2.199599999999999909e+03 5.656854249492380582e+00 2.475000000000000000e+11
2.199800000000000182e+03 4.000000000000000000e+00 2.475000000000000000e+11
2.200000000000000000e+03 4.000000000000000000e+00 0.000000000000000000e+00
2.200200000000000273e+03 4.000000000000000000e+00 0.000000000000000000e+00
2.200400000000000091e+03 4.000000000000000000e+00 0.000000000000000000e+00
2.200599999999999909e+03 0.000000000000000000e+00 0.000000000000000000e+00
2.200800000000000182e+03 0.000000000000000000e+00 0.000000000000000000e+00
2.201000000000000000e+03 0.000000000000000000e+00 0.000000000000000000e+00
2.201200000000000273e+03 4.000000000000000000e+00 0.000000000000000000e+00
2.201400000000000091e+03 4.000000000000000000e+00 0.000000000000000000e+00
2.201599999999999909e+03 4.000000000000000000e+00 0.000000000000000000e+00
2.201800000000000182e+03 5.656854249492380582e+00 0.000000000000000000e+00
2.202000000000000000e+03 5.656854249492380582e+00 0.000000000000000000e+00
2.202200000000000273e+03 5.656854249492380582e+00 0.000000000000000000e+00
2.202400000000000091e+03 5.656854249492380582e+00 0.000000000000000000e+00
2.202599999999999909e+03 4.000000000000000000e+00 0.000000000000000000e+00
2.202800000000000182e+03 4.000000000000000000e+00 0.000000000000000000e+00
2.203000000000000000e+03 4.000000000000000000e+00 0.000000000000000000e+00
2.203200000000000273e+03 0.000000000000000000e+00 0.000000000000000000e+00
2.203400000000000091e+03 0.000000000000000000e+00 0.000000000000000000e+00
2.203599999999999909e+03 0.000000000000000000e+00 0.000000000000000000e+00
2.203800000000000182e+03 0.000000000000000000e+00 0.000000000000000000e+00
2.204000000000000000e+03 4.000000000000000000e+00 2.475000000000000000e+11
2.204200000000000273e+03 4.000000000000000000e+00 2.475000000000000000e+11
2.204400000000000091e+03 4.000000000000000000e+00 2.475000000000000000e+11
2.204599999999999909e+03 5.656854249492380582e+00 2.475000000000000000e+11
2.204800000000000182e+03 5.656854249492380582e+00 2.475000000000000000e+11
2.205000000000000000e+03 5.656854249492380582e+00 2.475000000000000000e+11
2.205200000000000273e+03 4.000000000000000000e+00 2.475000000000000000e+11
2.205400000000000091e+03 4.000000000000000000e+00 2.475000000000000000e+11
2.205599999999999909e+03 4.000000000000000000e+00 2.475000000000000000e+11
2.205800000000000182e+03 4.000000000000000000e+00 2.475000000000000000e+11
2.206000000000000000e+03 0.000000000000000000e+00 2.475000000000000000e+11
2.206200000000000273e+03 0.000000000000000000e+00 2.475000000000000000e+11
2.206400000000000091e+03 0.000000000000000000e+00 2.475000000000000000e+11
2.206599999999999909e+03 4.000000000000000000e+00 2.475000000000000000e+11
2.206800000000000182e+03 4.000000000000000000e+00 2.475000000000000000e+11
2.207000000000000000e+03 4.000000000000000000e+00 2.475000000000000000e+11
2.207200000000000273e+03 4.000000000000000000e+00 2.475000000000000000e+11
2.207400000000000091e+03 5.656854249492380582e+00 2.475000000000000000e+11
2.207599999999999909e+03 5.656854249492380582e+00 2.475000000000000000e+11
2.207800000000000182e+03 5.656854249492380582e+00 2.475000000000000000e+11
2.208000000000000000e+03 5.656854249492380582e+00 0.000000000000000000e+00
2.208200000000000273e+03 4.000000000000000000e+00 0.000000000000000000e+00
2.208400000000000091e+03 4.000000000000000000e+00 0.000000000000000000e+00
2.208599999999999909e+03 4.000000000000000000e+00 0.000000000000000000e+00
2.208800000000000182e+03 0.000000000000000000e+00 0.000000000000000000e+00
2.209000000000000000e+03 0.000000000000000000e+00 0.000000000000000000e+00
2.209200000000000273e+03 0.000000000000000000e+00 0.000000000000000000e+00
2.209400000000000091e+03 0.000000000000000000e+00 0.000000000000000000e+00
2.209599999999999909e+03 4.000000000000000000e+00 0.000000000000000000e+00
2.209800000000000182e+03 4.000000000000000000e+00 0.000000000000000000e+00
2.210000000000000000e+03 4.000000000000000000e+00 0.000000000000000000e+00
2.210200000000000273e+03 5.656854249492380582e+00 0.000000000000000000e+00
2.210400000000000091e+03 5.656854249492380582e+00 0.000000000000000000e+00
2.210599999999999909e+03 5.656854249492380582e+00 0.000000000000000000e+00
2.210800000000000182e+03 5.656854249492380582e+00 0.000000000000000000e+00
2.211000000000000000e+03 4.000000000000000000e+00 0.000000000000000000e+00
2.211200000000000273e+03 4.000000000000000000e+00 0.000000000000000000e+00
2.211400000000000091e+03 4.000000000000000000e+00 0.000000000000000000e+00
2.211599999999999909e+03 0.000000000000000000e+00 0.000000000000000000e+00
2.211800000000000182e+03 0.000000000000000000e+00 0.000000000000000000e+00
2.212000000000000000e+03 0.000000000000000000e+00 2.475000000000000000e+11
2.212200000000000273e+03 0.000000000000000000e+00 2.475000000000000000e+11
2.212400000000000091e+03 4.000000000000000000e+00 2.475000000000000000e+11
2.212599999999999909e+03 4.000000000000000000e+00 2.475000000000000000e+11
2.212800000000000182e+03 4.000000000000000000e+00 2.475000000000000000e+11
2.213000000000000000e+03 4.000000000000000000e+00 2.475000000000000000e+11
2.213200000000000273e+03 5.656854249492380582e+00 2.475000000000000000e+11
2.213400000000000091e+03 5.656854249492380582e+00 2.475000000000000000e+11
2.213599999999999909e+03 5.656854249492380582e+00 2.475000000000000000e+11
2.213800000000000182e+03 5.656854249492380582e+00 2.475000000000000000e+11
2.214000000000000000e+03 4.000000000000000000e+00 2.475000000000000000e+11
2.214200000000000273e+03 4.000000000000000000e+00 2.475000000000000000e+11
2.214400000000000091e+03 5.656854249492380582e+00 2.475000000000000000e+11
2.214599999999999909e+03 5.656854249492380582e+00 2.475000000000000000e+11
2.214800000000000182e+03 4.000000000000000000e+00 2.475000000000000000e+11
2.215000000000000000e+03 5.656854249492380582e+00 2.475000000000000000e+11
2.215200000000000273e+03 4.000000000000000000e+00 2.475000000000000000e+11
2.215400000000000091e+03 8.000000000000000000e+00 2.475000000000000000e+11
2.215599999999999909e+03 8.944271909999159220e+00 2.475000000000000000e+11
2.215800000000000182e+03 8.944271909999159220e+00 2.475000000000000000e+11
2.216000000000000000e+03 1.264911064067351809e+01 0.000000000000000000e+00
2.216200000000000273e+03 1.264911064067351809e+01 0.000000000000000000e+00
2.216400000000000091e+03 1.442220510185595650e+01 0.000000000000000000e+00
2.216599999999999909e+03 1.442220510185595650e+01 0.000000000000000000e+00
2.216800000000000182e+03 1.264911064067351809e+01 0.000000000000000000e+00
2.217000000000000000e+03 1.200000000000000000e+01 0.000000000000000000e+00
2.217200000000000273e+03 1.264911064067351809e+01 0.000000000000000000e+00
2.217400000000000091e+03 1.131370849898476116e+01 0.000000000000000000e+00
2.217599999999999909e+03 8.944271909999159220e+00 0.000000000000000000e+00
2.217800000000000182e+03 8.000000000000000000e+00 0.000000000000000000e+00
2.218000000000000000e+03 8.944271909999159220e+00 0.000000000000000000e+00
2.218200000000000273e+03 8.944271909999159220e+00 0.000000000000000000e+00
2.218400000000000091e+03 8.000000000000000000e+00 0.000000000000000000e+00
2.218599999999999909e+03 8.944271909999159220e+00 0.000000000000000000e+00
2.218800000000000182e+03 8.944271909999159220e+00 0.000000000000000000e+00
2.219000000000000000e+03 1.264911064067351809e+01 0.000000000000000000e+00
2.219200000000000273e+03 1.200000000000000000e+01 0.000000000000000000e+00
2.219400000000000091e+03 1.264911064067351809e+01 0.000000000000000000e+00
2.219599999999999909e+03 1.131370849898476116e+01 0.000000000000000000e+00
2.219800000000000182e+03 1.264911064067351809e+01 0.000000000000000000e+00
2.220000000000000000e+03 1.200000000000000000e+01 2.475000000000000000e+11
2.220200000000000273e+03 1.264911064067351809e+01 2.475000000000000000e+11
2.220400000000000091e+03 1.442220510185595650e+01 2.475000000000000000e+11
2.220599999999999909e+03 1.442220510185595650e+01 2.475000000000000000e+11
2.220800000000000182e+03 1.200000000000000000e+01 2.475000000000000000e+11
2.221000000000000000e+03 1.264911064067351809e+01 2.475000000000000000e+11
2.221200000000000273e+03 1.442220510185595650e+01 2.475000000000000000e+11
2.221400000000000091e+03 2.039607805437113797e+01 2.475000000000000000e+11
2.221599999999999909e+03 2.039607805437113797e+01 2.475000000000000000e+11
2.221800000000000182e+03 2.561249694973139412e+01 2.475000000000000000e+11
2.222000000000000000e+03 2.884441020371191300e+01 2.475000000000000000e+11
2.222200000000000273e+03 3.622154055254966920e+01 2.475000000000000000e+11
2.222400000000000091e+03 4.079215610874227593e+01 2.475000000000000000e+11
2.222599999999999909e+03 4.326661530556787483e+01 2.475000000000000000e+11
2.222800000000000182e+03 4.882622246293480828e+01 2.475000000000000000e+11
2.223000000000000000e+03 5.336665625650533684e+01 2.475000000000000000e+11
2.223200000000000273e+03 5.727128425310541360e+01 2.475000000000000000e+11
2.223400000000000091e+03 6.324555320336758513e+01 2.475000000000000000e+11
2.223599999999999909e+03 6.997142273814360180e+01 2.475000000000000000e+11
2.223800000000000182e+03 7.694153624668537361e+01 2.475000000000000000e+11
2.224000000000000000e+03 8.352245207128440541e+01 0.000000000000000000e+00
2.224200000000000273e+03 8.504116650187719983e+01 0.000000000000000000e+00
2.224400000000000091e+03 8.246211251235321527e+01 0.000000000000000000e+00
2.224599999999999909e+03 8.409518416651455652e+01 0.000000000000000000e+00
2.224800000000000182e+03 8.588364221433555201e+01 0.000000000000000000e+00
2.225000000000000000e+03 8.560373823613078059e+01 0.000000000000000000e+00
2.225200000000000273e+03 8.634813257969160816e+01 0.000000000000000000e+00
2.225400000000000091e+03 8.551023330572779457e+01 0.000000000000000000e+00
2.225599999999999909e+03 8.653323061113574965e+01 0.000000000000000000e+00
2.225800000000000182e+03 8.653323061113574965e+01 0.000000000000000000e+00
2.226000000000000000e+03 8.485281374238570606e+01 0.000000000000000000e+00
2.226200000000000273e+03 8.246211251235321527e+01 0.000000000000000000e+00
2.226400000000000091e+03 8.000000000000000000e+01 0.000000000000000000e+00
2.226599999999999909e+03 7.694153624668537361e+01 0.000000000000000000e+00
2.226800000000000182e+03 7.610519036176178531e+01 0.000000000000000000e+00
2.227000000000000000e+03 7.353910524340093957e+01 0.000000000000000000e+00
2.227200000000000273e+03 7.375635565834309659e+01 0.000000000000000000e+00
2.227400000000000091e+03 7.472616676907762212e+01 0.000000000000000000e+00
2.227599999999999909e+03 7.299315036357863562e+01 0.000000000000000000e+00
2.227800000000000182e+03 7.547184905645282527e+01 0.000000000000000000e+00
2.228000000000000000e+03 7.547184905645282527e+01 2.475000000000000000e+11
2.228200000000000273e+03 8.551023330572779457e+01 2.475000000000000000e+11
2.228400000000000091e+03 9.414881836751855815e+01 2.475000000000000000e+11
2.228599999999999909e+03 1.056030302595526820e+02 2.475000000000000000e+11
2.228800000000000182e+03 1.200666481584290750e+02 2.475000000000000000e+11
2.229000000000000000e+03 1.285612694399055727e+02 2.475000000000000000e+11
2.229200000000000273e+03 1.404563989286355081e+02 2.475000000000000000e+11
2.229400000000000091e+03 1.527350647362942766e+02 2.475000000000000000e+11
2.229599999999999909e+03 1.431083505599865475e+02 2.475000000000000000e+11
2.229800000000000182e+03 1.109233969908963786e+02 2.475000000000000000e+11
2.230000000000000000e+03 1.240644993541665855e+02 2.475000000000000000e+11
2.230200000000000273e+03 1.360588108135596030e+02 2.475000000000000000e+11
2.230400000000000091e+03 1.531535177526131690e+02 2.475000000000000000e+11
2.230599999999999909e+03 1.297998459167036174e+02 2.475000000000000000e+11
2.230800000000000182e+03 1.200666481584290750e+02 2.475000000000000000e+11
2.231000000000000000e+03 1.046900186264192030e+02 2.475000000000000000e+11
2.231200000000000273e+03 9.234717104492156636e+01 2.475000000000000000e+11
2.231400000000000091e+03 8.504116650187719983e+01 2.475000000000000000e+11
2.231599999999999909e+03 7.515317691222374208e+01 2.475000000000000000e+11
2.231800000000000182e+03 6.811754546370561059e+01 2.475000000000000000e+11
2.232000000000000000e+03 5.946427498927402411e+01 0.000000000000000000e+00
2.232200000000000273e+03 6.222539674441618018e+01 0.000000000000000000e+00
2.232400000000000091e+03 6.092618484691126923e+01 0.000000000000000000e+00
2.232599999999999909e+03 5.600000000000000000e+01 0.000000000000000000e+00
2.232800000000000182e+03 5.571355310873647682e+01 0.000000000000000000e+00
2.233000000000000000e+03 5.381449618829483938e+01 0.000000000000000000e+00
2.233200000000000273e+03 5.440588203494177577e+01 0.000000000000000000e+00
2.233400000000000091e+03 5.215361924162119323e+01 0.000000000000000000e+00
2.233599999999999909e+03 5.011985634456667071e+01 0.000000000000000000e+00
2.233800000000000182e+03 4.882622246293480828e+01 0.000000000000000000e+00
2.234000000000000000e+03 5.261178575186362139e+01 0.000000000000000000e+00
2.234200000000000273e+03 4.947726750741192348e+01 0.000000000000000000e+00
2.234400000000000091e+03 5.122499389946278825e+01 0.000000000000000000e+00
2.234599999999999909e+03 5.366563145999495532e+01 0.000000000000000000e+00
2.234800000000000182e+03 5.215361924162119323e+01 0.000000000000000000e+00
2.235000000000000000e+03 5.571355310873647682e+01 0.000000000000000000e+00
2.235200000000000273e+03 5.381449618829483938e+01 0.000000000000000000e+00
2.235400000000000091e+03 5.366563145999495532e+01 0.000000000000000000e+00
2.235599999999999909e+03 5.200000000000000000e+01 0.000000000000000000e+00
2.235800000000000182e+03 5.200000000000000000e+01 0.000000000000000000e+00
2.236000000000000000e+03 5.091168824543142080e+01 2.475000000000000000e+11
2.236200000000000273e+03 4.308131845707602992e+01 2.475000000000000000e+11
2.236400000000000091e+03 3.600000000000000000e+01 2.475000000000000000e+11
2.236599999999999909e+03 3.046309242345563462e+01 2.475000000000000000e+11
2.236800000000000182e+03 2.561249694973139412e+01 2.475000000000000000e+11
2.237000000000000000e+03 2.433105012119287736e+01 2.475000000000000000e+11
2.237200000000000273e+03 2.039607805437113797e+01 2.475000000000000000e+11
2.237400000000000091e+03 2.000000000000000000e+01 2.475000000000000000e+11
2.237599999999999909e+03 1.788854381999831844e+01 2.475000000000000000e+11
2.237800000000000182e+03 1.649242250247064234e+01 2.475000000000000000e+11
2.238000000000000000e+03 1.649242250247064234e+01 2.475000000000000000e+11
2.238200000000000273e+03 1.442220510185595650e+01 2.475000000000000000e+11
2.238400000000000091e+03 1.442220510185595650e+01 2.475000000000000000e+11
2.238599999999999909e+03 1.264911064067351809e+01 2.475000000000000000e+11
2.238800000000000182e+03 1.200000000000000000e+01 2.475000000000000000e+11
2.239000000000000000e+03 8.944271909999159220e+00 2.475000000000000000e+11
2.239200000000000273e+03 5.656854249492380582e+00 2.475000000000000000e+11
2.239400000000000091e+03 5.656854249492380582e+00 2.475000000000000000e+11
2.239599999999999909e+03 4.000000000000000000e+00 2.475000000000000000e+11
2.239800000000000182e+03 0.000000000000000000e+00 2.475000000000000000e+11
2.240000000000000000e+03 0.000000000000000000e+00 0.000000000000000000e+00
2.240200000000000273e+03 4.000000000000000000e+00 0.000000000000000000e+00
2.240400000000000091e+03 4.000000000000000000e+00 0.000000000000000000e+00
2.240599999999999909e+03 4.000000000000000000e+00 0.000000000000000000e+00
2.240800000000000182e+03 4.000000000000000000e+00 0.000000000000000000e+00
2.241000000000000000e+03 4.000000000000000000e+00 0.000000000000000000e+00
2.241200000000000273e+03 5.656854249492380582e+00 0.000000000000000000e+00
2.241400000000000091e+03 5.656854249492380582e+00 0.000000000000000000e+00
2.241599999999999909e+03 5.656854249492380582e+00 0.000000000000000000e+00
2.241800000000000182e+03 5.656854249492380582e+00 0.000000000000000000e+00
2.242000000000000000e+03 4.000000000000000000e+00 0.000000000000000000e+00
2.242200000000000273e+03 4.000000000000000000e+00 0.000000000000000000e+00
2.242400000000000091e+03 4.000000000000000000e+00 0.000000000000000000e+00
2.242599999999999909e+03 0.000000000000000000e+00 0.000000000000000000e+00
2.242800000000000182e+03 0.000000000000000000e+00 0.000000000000000000e+00
2.243000000000000000e+03 0.000000000000000000e+00 0.000000000000000000e+00
2.243200000000000273e+03 0.000000000000000000e+00 0.000000000000000000e+00
2.243400000000000091e+03 4.000000000000000000e+00 0.000000000000000000e+00
2.243599999999999909e+03 4.000000000000000000e+00 0.000000000000000000e+00
2.243800000000000182e+03 4.000000000000000000e+00 0.000000000000000000e+00
2.244000000000000000e+03 4.000000000000000000e+00 2.475000000000000000e+11
2.244200000000000273e+03 5.656854249492380582e+00 2.475000000000000000e+11
2.244400000000000091e+03 5.656854249492380582e+00 2.475000000000000000e+11
2.244599999999999909e+03 5.656854249492380582e+00 2.475000000000000000e+11
2.244800000000000182e+03 5.656854249492380582e+00 2.475000000000000000e+11
2.245000000000000000e+03 4.000000000000000000e+00 2.475000000000000000e+11
2.245200000000000273e+03 4.000000000000000000e+00 2.475000000000000000e+11
2.245400000000000091e+03 4.000000000000000000e+00 2.475000000000000000e+11
2.245599999999999909e+03 4.000000000000000000e+00 2.475000000000000000e+11
2.245800000000000182e+03 0.000000000000000000e+00 2.475000000000000000e+11
2.246000000000000000e+03 0.000000000000000000e+00 2.475000000000000000e+11
2.246200000000000273e+03 0.000000000000000000e+00 2.475000000000000000e+11
2.246400000000000091e+03 4.000000000000000000e+00 2.475000000000000000e+11
2.246599999999999909e+03 4.000000000000000000e+00 2.475000000000000000e+11
2.246800000000000182e+03 4.000000000000000000e+00 2.475000000000000000e+11
2.247000000000000000e+03 4.000000000000000000e+00 2.475000000000000000e+11
2.247200000000000273e+03 5.656854249492380582e+00 2.475000000000000000e+11
2.247400000000000091e+03 5.656854249492380582e+00 2.475000000000000000e+11
2.247599999999999909e+03 5.656854249492380582e+00 2.475000000000000000e+11
2.247800000000000182e+03 4.000000000000000000e+00 2.475000000000000000e+11
2.248000000000000000e+03 4.000000000000000000e+00 0.000000000000000000e+00
2.248200000000000273e+03 4.000000000000000000e+00 0.000000000000000000e+00
2.248400000000000091e+03 4.000000000000000000e+00 0.000000000000000000e+00
2.248599999999999909e+03 0.000000000000000000e+00 0.000000000000000000e+00
2.248800000000000182e+03 0.000000000000000000e+00 0.000000000000000000e+00
2.249000000000000000e+03 0.000000000000000000e+00 0.000000000000000000e+00
2.249200000000000273e+03 4.000000000000000000e+00 0.000000000000000000e+00
2.249400000000000091e+03 4.000000000000000000e+00 0.000000000000000000e+00
2.249599999999999909e+03 4.000000000000000000e+00 0.000000000000000000e+00
2.249800000000000182e+03 4.000000000000000000e+00 0.000000000000000000e+00
2.250000000000000000e+03 5.656854249492380582e+00 0.000000000000000000e+00
2.250200000000000273e+03 5.656854249492380582e+00 0.000000000000000000e+00
2.250400000000000091e+03 5.656854249492380582e+00 0.000000000000000000e+00
2.250599999999999909e+03 4.000000000000000000e+00 0.000000000000000000e+00
2.250800000000000182e+03 4.000000000000000000e+00 0.000000000000000000e+00
2.251000000000000000e+03 4.000000000000000000e+00 0.000000000000000000e+00
2.251200000000000273e+03 0.000000000000000000e+00 0.000000000000000000e+00
2.251400000000000091e+03 0.000000000000000000e+00 0.000000000000000000e+00
2.251599999999999909e+03 0.000000000000000000e+00 0.000000000000000000e+00
2.251800000000000182e+03 0.000000000000000000e+00 0.000000000000000000e+00
2.252000000000000000e+03 4.000000000000000000e+00 2.475000000000000000e+11
2.252200000000000273e+03 4.000000000000000000e+00 2.475000000000000000e+11
2.252400000000000091e+03 4.000000000000000000e+00 2.475000000000000000e+11
2.252599999999999909e+03 5.656854249492380582e+00 2.475000000000000000e+11
2.252800000000000182e+03 5.656854249492380582e+00 2.475000000000000000e+11
2.253000000000000000e+03 5.656854249492380582e+00 2.475000000000000000e+11
2.253200000000000273e+03 5.656854249492380582e+00 2.475000000000000000e+11
2.253400000000000091e+03 4.000000000000000000e+00 2.475000000000000000e+11
2.253599999999999909e+03 4.000000000000000000e+00 2.475000000000000000e+11
2.253800000000000182e+03 4.000000000000000000e+00 2.475000000000000000e+11
2.254000000000000000e+03 0.000000000000000000e+00 2.475000000000000000e+11
2.254200000000000273e+03 0.000000000000000000e+00 2.475000000000000000e+11
2.254400000000000091e+03 0.000000000000000000e+00 2.475000000000000000e+11
2.254599999999999909e+03 0.000000000000000000e+00 2.475000000000000000e+11
2.254800000000000182e+03 4.000000000000000000e+00 2.475000000000000000e+11
2.255000000000000000e+03 4.000000000000000000e+00 2.475000000000000000e+11
2.255200000000000273e+03 4.000000000000000000e+00 2.475000000000000000e+11
2.255400000000000091e+03 5.656854249492380582e+00 2.475000000000000000e+11
2.255599999999999909e+03 5.656854249492380582e+00 2.475000000000000000e+11
2.255800000000000182e+03 5.656854249492380582e+00 2.475000000000000000e+11
2.256000000000000000e+03 5.656854249492380582e+00 0.000000000000000000e+00
2.256200000000000273e+03 4.000000000000000000e+00 0.000000000000000000e+00
2.256400000000000091e+03 4.000000000000000000e+00 0.000000000000000000e+00
2.256599999999999909e+03 4.000000000000000000e+00 0.000000000000000000e+00
2.256800000000000182e+03 0.000000000000000000e+00 0.000000000000000000e+00
2.257000000000000000e+03 0.000000000000000000e+00 0.000000000000000000e+00
2.257200000000000273e+03 0.000000000000000000e+00 0.000000000000000000e+00
2.257400000000000091e+03 4.000000000000000000e+00 0.000000000000000000e+00
2.257599999999999909e+03 4.000000000000000000e+00 0.000000000000000000e+00
2.257800000000000182e+03 4.000000000000000000e+00 0.000000000000000000e+00
2.258000000000000000e+03 4.000000000000000000e+00 0.000000000000000000e+00
2.258200000000000273e+03 5.656854249492380582e+00 0.000000000000000000e+00
2.258400000000000091e+03 5.656854249492380582e+00 0.000000000000000000e+00
2.258599999999999909e+03 5.656854249492380582e+00 0.000000000000000000e+00
2.258800000000000182e+03 4.000000000000000000e+00 0.000000000000000000e+00
2.259000000000000000e+03 4.000000000000000000e+00 0.000000000000000000e+00
2.259200000000000273e+03 4.000000000000000000e+00 0.000000000000000000e+00
2.259400000000000091e+03 4.000000000000000000e+00 0.000000000000000000e+00
2.259599999999999909e+03 0.000000000000000000e+00 0.000000000000000000e+00
2.259800000000000182e+03 0.000000000000000000e+00 0.000000000000000000e+00
2.260000000000000000e+03 0.000000000000000000e+00 2.475000000000000000e+11
2.260200000000000273e+03 4.000000000000000000e+00 2.475000000000000000e+11
2.260400000000000091e+03 4.000000000000000000e+00 2.475000000000000000e+11
2.260599999999999909e+03 4.000000000000000000e+00 2.475000000000000000e+11
2.260800000000000182e+03 4.000000000000000000e+00 2.475000000000000000e+11
2.261000000000000000e+03 5.656854249492380582e+00 2.475000000000000000e+11
2.261200000000000273e+03 5.656854249492380582e+00 2.475000000000000000e+11
2.261400000000000091e+03 5.656854249492380582e+00 2.475000000000000000e+11
2.261599999999999909e+03 4.000000000000000000e+00 2.475000000000000000e+11
2.261800000000000182e+03 4.000000000000000000e+00 2.475000000000000000e+11
2.262000000000000000e+03 4.000000000000000000e+00 2.475000000000000000e+11
2.262200000000000273e+03 0.000000000000000000e+00 2.475000000000000000e+11
2.262400000000000091e+03 0.000000000000000000e+00 2.475000000000000000e+11
2.262599999999999909e+03 0.000000000000000000e+00 2.475000000000000000e+11
2.262800000000000182e+03 0.000000000000000000e+00 2.475000000000000000e+11
2.263000000000000000e+03 4.000000000000000000e+00 2.475000000000000000e+11
2.263200000000000273e+03 4.000000000000000000e+00 2.475000000000000000e+11
2.263400000000000091e+03 4.000000000000000000e+00 2.475000000000000000e+11
2.263599999999999909e+03 5.656854249492380582e+00 2.475000000000000000e+11
2.263800000000000182e+03 5.656854249492380582e+00 2.475000000000000000e+11
2.264000000000000000e+03 5.656854249492380582e+00 0.000000000000000000e+00
2.264200000000000273e+03 5.656854249492380582e+00 0.000000000000000000e+00
2.264400000000000091e+03 4.000000000000000000e+00 0.000000000000000000e+00
2.264599999999999909e+03 4.000000000000000000e+00 0.000000000000000000e+00
2.264800000000000182e+03 4.000000000000000000e+00 0.000000000000000000e+00
2.265000000000000000e+03 0.000000000000000000e+00 0.000000000000000000e+00
2.265200000000000273e+03 0.000000000000000000e+00 0.000000000000000000e+00
2.265400000000000091e+03 0.000000000000000000e+00 0.000000000000000000e+00
2.265599999999999909e+03 0.000000000000000000e+00 0.000000000000000000e+00
2.265800000000000182e+03 4.000000000000000000e+00 0.000000000000000000e+00
2.266000000000000000e+03 4.000000000000000000e+00 0.000000000000000000e+00
2.266200000000000273e+03 4.000000000000000000e+00 0.000000000000000000e+00
2.266400000000000091e+03 5.656854249492380582e+00 0.000000000000000000e+00
2.266599999999999909e+03 5.656854249492380582e+00 0.000000000000000000e+00
2.266800000000000182e+03 5.656854249492380582e+00 0.000000000000000000e+00
2.267000000000000000e+03 4.000000000000000000e+00 0.000000000000000000e+00
2.267200000000000273e+03 4.000000000000000000e+00 0.000000000000000000e+00
2.267400000000000091e+03 4.000000000000000000e+00 0.000000000000000000e+00
2.267599999999999909e+03 4.000000000000000000e+00 0.000000000000000000e+00
2.267800000000000182e+03 0.000000000000000000e+00 0.000000000000000000e+00
2.268000000000000000e+03 0.000000000000000000e+00 2.475000000000000000e+11
2.268200000000000273e+03 0.000000000000000000e+00 2.475000000000000000e+11
2.268400000000000091e+03 4.000000000000000000e+00 2.475000000000000000e+11
2.268599999999999909e+03 4.000000000000000000e+00 2.475000000000000000e+11
2.268800000000000182e+03 4.000000000000000000e+00 2.475000000000000000e+11
2.269000000000000000e+03 4.000000000000000000e+00 2.475000000000000000e+11
2.269200000000000273e+03 5.656854249492380582e+00 2.475000000000000000e+11
2.269400000000000091e+03 5.656854249492380582e+00 2.475000000000000000e+11
2.269599999999999909e+03 5.656854249492380582e+00 2.475000000000000000e+11
2.269800000000000182e+03 4.000000000000000000e+00 2.475000000000000000e+11
2.270000000000000000e+03 4.000000000000000000e+00 2.475000000000000000e+11
2.270200000000000273e+03 4.000000000000000000e+00 2.475000000000000000e+11
2.270400000000000091e+03 4.000000000000000000e+00 2.475000000000000000e+11
2.270599999999999909e+03 0.000000000000000000e+00 2.475000000000000000e+11
2.270800000000000182e+03 0.000000000000000000e+00 2.475000000000000000e+11
2.271000000000000000e+03 0.000000000000000000e+00 2.475000000000000000e+11
2.271200000000000273e+03 4.000000000000000000e+00 2.475000000000000000e+11
2.271400000000000091e+03 4.000000000000000000e+00 2.475000000000000000e+11
2.271599999999999909e+03 4.000000000000000000e+00 2.475000000000000000e+11
2.271800000000000182e+03 4.000000000000000000e+00 2.475000000000000000e+11
2.272000000000000000e+03 5.656854249492380582e+00 0.000000000000000000e+00
2.272200000000000273e+03 5.656854249492380582e+00 0.000000000000000000e+00
2.272400000000000091e+03 5.656854249492380582e+00 0.000000000000000000e+00
2.272599999999999909e+03 4.000000000000000000e+00 0.000000000000000000e+00
2.272800000000000182e+03 4.000000000000000000e+00 0.000000000000000000e+00
2.273000000000000000e+03 4.000000000000000000e+00 0.000000000000000000e+00
2.273200000000000273e+03 4.000000000000000000e+00 0.000000000000000000e+00
2.273400000000000091e+03 0.000000000000000000e+00 0.000000000000000000e+00
2.273599999999999909e+03 0.000000000000000000e+00 0.000000000000000000e+00
2.273800000000000182e+03 0.000000000000000000e+00 0.000000000000000000e+00
2.274000000000000000e+03 4.000000000000000000e+00 0.000000000000000000e+00
2.274200000000000273e+03 4.000000000000000000e+00 0.000000000000000000e+00
2.274400000000000091e+03 4.000000000000000000e+00 0.000000000000000000e+00
2.274599999999999909e+03 5.656854249492380582e+00 0.000000000000000000e+00
2.274800000000000182e+03 5.656854249492380582e+00 0.000000000000000000e+00
2.275000000000000000e+03 5.656854249492380582e+00 0.000000000000000000e+00
2.275200000000000273e+03 5.656854249492380582e+00 0.000000000000000000e+00
2.275400000000000091e+03 4.000000000000000000e+00 0.000000000000000000e+00
2.275599999999999909e+03 4.000000000000000000e+00 0.000000000000000000e+00
2.275800000000000182e+03 4.000000000000000000e+00 0.000000000000000000e+00
2.276000000000000000e+03 0.000000000000000000e+00 2.475000000000000000e+11
2.276200000000000273e+03 0.000000000000000000e+00 2.475000000000000000e+11
2.276400000000000091e+03 0.000000000000000000e+00 2.475000000000000000e+11
2.276599999999999909e+03 4.000000000000000000e+00 2.475000000000000000e+11
2.276800000000000182e+03 4.000000000000000000e+00 2.475000000000000000e+11
2.277000000000000000e+03 4.000000000000000000e+00 2.475000000000000000e+11
2.277200000000000273e+03 4.000000000000000000e+00 2.475000000000000000e+11
2.277400000000000091e+03 5.656854249492380582e+00 2.475000000000000000e+11
2.277599999999999909e+03 5.656854249492380582e+00 2.475000000000000000e+11
2.277800000000000182e+03 5.656854249492380582e+00 2.475000000000000000e+11
2.278000000000000000e+03 4.000000000000000000e+00 2.475000000000000000e+11
2.278200000000000273e+03 4.000000000000000000e+00 2.475000000000000000e+11
2.278400000000000091e+03 4.000000000000000000e+00 2.475000000000000000e+11
2.278599999999999909e+03 4.000000000000000000e+00 2.475000000000000000e+11
2.278800000000000182e+03 0.000000000000000000e+00 2.475000000000000000e+11
2.279000000000000000e+03 4.000000000000000000e+00 2.475000000000000000e+11
2.279200000000000273e+03 4.000000000000000000e+00 2.475000000000000000e+11
2.279400000000000091e+03 4.000000000000000000e+00 2.475000000000000000e+11
2.279599999999999909e+03 4.000000000000000000e+00 2.475000000000000000e+11
2.279800000000000182e+03 4.000000000000000000e+00 2.475000000000000000e+11
