2.280000000000000000e+03 5.656854249492380582e+00 0.000000000000000000e+00
2.280200000000000273e+03 4.000000000000000000e+00 0.000000000000000000e+00
2.280400000000000091e+03 4.000000000000000000e+00 0.000000000000000000e+00
2.280599999999999909e+03 5.656854249492380582e+00 0.000000000000000000e+00
2.280800000000000182e+03 5.656854249492380582e+00 0.000000000000000000e+00
2.281000000000000000e+03 5.656854249492380582e+00 0.000000000000000000e+00
2.281200000000000273e+03 5.656854249492380582e+00 0.000000000000000000e+00
2.281400000000000091e+03 5.656854249492380582e+00 0.000000000000000000e+00
2.281599999999999909e+03 5.656854249492380582e+00 0.000000000000000000e+00
2.281800000000000182e+03 5.656854249492380582e+00 0.000000000000000000e+00
2.282000000000000000e+03 5.656854249492380582e+00 0.000000000000000000e+00
2.282200000000000273e+03 0.000000000000000000e+00 0.000000000000000000e+00
2.282400000000000091e+03 4.000000000000000000e+00 0.000000000000000000e+00
2.282599999999999909e+03 5.656854249492380582e+00 0.000000000000000000e+00
2.282800000000000182e+03 5.656854249492380582e+00 0.000000000000000000e+00
2.283000000000000000e+03 5.656854249492380582e+00 0.000000000000000000e+00
2.283200000000000273e+03 5.656854249492380582e+00 0.000000000000000000e+00
2.283400000000000091e+03 5.656854249492380582e+00 0.000000000000000000e+00
2.283599999999999909e+03 5.656854249492380582e+00 0.000000000000000000e+00
2.283800000000000182e+03 5.656854249492380582e+00 0.000000000000000000e+00
2.284000000000000000e+03 5.656854249492380582e+00 2.499999700000000000e+11
2.284200000000000273e+03 5.656854249492380582e+00 2.500000000000000000e+11
2.284400000000000091e+03 4.000000000000000000e+00 2.499999700000000000e+11
2.284599999999999909e+03 4.000000000000000000e+00 2.499999700000000000e+11
2.284800000000000182e+03 4.000000000000000000e+00 2.500000000000000000e+11
2.285000000000000000e+03 0.000000000000000000e+00 2.499999700000000000e+11
2.285200000000000273e+03 0.000000000000000000e+00 2.500000000000000000e+11
2.285400000000000091e+03 0.000000000000000000e+00 2.499999700000000000e+11
2.285599999999999909e+03 4.000000000000000000e+00 2.499999700000000000e+11
2.285800000000000182e+03 4.000000000000000000e+00 2.500000000000000000e+11
2.286000000000000000e+03 5.656854249492380582e+00 2.499999700000000000e+11
2.286200000000000273e+03 5.656854249492380582e+00 2.499999700000000000e+11
2.286400000000000091e+03 5.656854249492380582e+00 2.499999700000000000e+11
2.286599999999999909e+03 5.656854249492380582e+00 2.500000000000000000e+11
2.286800000000000182e+03 5.656854249492380582e+00 2.500000000000000000e+11
2.287000000000000000e+03 4.000000000000000000e+00 2.499999700000000000e+11
2.287200000000000273e+03 4.000000000000000000e+00 2.499999700000000000e+11
2.287400000000000091e+03 4.000000000000000000e+00 2.499999700000000000e+11
2.287599999999999909e+03 0.000000000000000000e+00 2.499999700000000000e+11
2.287800000000000182e+03 0.000000000000000000e+00 2.499999700000000000e+11
2.288000000000000000e+03 0.000000000000000000e+00 0.000000000000000000e+00
2.288200000000000273e+03 4.000000000000000000e+00 0.000000000000000000e+00
2.288400000000000091e+03 4.000000000000000000e+00 0.000000000000000000e+00
2.288599999999999909e+03 4.000000000000000000e+00 0.000000000000000000e+00
2.288800000000000182e+03 5.656854249492380582e+00 0.000000000000000000e+00
2.289000000000000000e+03 5.656854249492380582e+00 0.000000000000000000e+00
2.289200000000000273e+03 5.656854249492380582e+00 0.000000000000000000e+00
2.289400000000000091e+03 5.656854249492380582e+00 0.000000000000000000e+00
2.289599999999999909e+03 4.000000000000000000e+00 0.000000000000000000e+00
2.289800000000000182e+03 4.000000000000000000e+00 0.000000000000000000e+00
2.290000000000000000e+03 4.000000000000000000e+00 0.000000000000000000e+00
2.290200000000000273e+03 4.000000000000000000e+00 0.000000000000000000e+00
2.290400000000000091e+03 0.000000000000000000e+00 0.000000000000000000e+00
2.290599999999999909e+03 0.000000000000000000e+00 0.000000000000000000e+00
2.290800000000000182e+03 0.000000000000000000e+00 0.000000000000000000e+00
2.291000000000000000e+03 4.000000000000000000e+00 0.000000000000000000e+00
2.291200000000000273e+03 4.000000000000000000e+00 0.000000000000000000e+00
2.291400000000000091e+03 4.000000000000000000e+00 0.000000000000000000e+00
2.291599999999999909e+03 5.656854249492380582e+00 0.000000000000000000e+00
2.291800000000000182e+03 5.656854249492380582e+00 0.000000000000000000e+00
2.292000000000000000e+03 5.656854249492380582e+00 2.499999700000000000e+11
2.292200000000000273e+03 5.656854249492380582e+00 2.500000000000000000e+11
2.292400000000000091e+03 4.000000000000000000e+00 2.499999700000000000e+11
2.292599999999999909e+03 4.000000000000000000e+00 2.499999700000000000e+11
2.292800000000000182e+03 4.000000000000000000e+00 2.499999700000000000e+11
2.293000000000000000e+03 0.000000000000000000e+00 2.499999700000000000e+11
2.293200000000000273e+03 0.000000000000000000e+00 2.499999700000000000e+11
2.293400000000000091e+03 0.000000000000000000e+00 2.499999700000000000e+11
2.293599999999999909e+03 0.000000000000000000e+00 2.499999700000000000e+11
2.293800000000000182e+03 4.000000000000000000e+00 2.500000000000000000e+11
2.294000000000000000e+03 4.000000000000000000e+00 2.499999700000000000e+11
2.294200000000000273e+03 4.000000000000000000e+00 2.500000000000000000e+11
2.294400000000000091e+03 5.656854249492380582e+00 2.499999700000000000e+11
2.294599999999999909e+03 5.656854249492380582e+00 2.499999700000000000e+11
2.294800000000000182e+03 5.656854249492380582e+00 2.499999700000000000e+11
2.295000000000000000e+03 5.656854249492380582e+00 2.499999700000000000e+11
2.295200000000000273e+03 4.000000000000000000e+00 2.500000000000000000e+11
2.295400000000000091e+03 4.000000000000000000e+00 2.500000000000000000e+11
2.295599999999999909e+03 4.000000000000000000e+00 2.499999700000000000e+11
2.295800000000000182e+03 0.000000000000000000e+00 2.499999700000000000e+11
2.296000000000000000e+03 0.000000000000000000e+00 0.000000000000000000e+00
2.296200000000000273e+03 0.000000000000000000e+00 0.000000000000000000e+00
2.296400000000000091e+03 0.000000000000000000e+00 0.000000000000000000e+00
2.296599999999999909e+03 4.000000000000000000e+00 0.000000000000000000e+00
2.296800000000000182e+03 4.000000000000000000e+00 0.000000000000000000e+00
2.297000000000000000e+03 4.000000000000000000e+00 0.000000000000000000e+00
2.297200000000000273e+03 5.656854249492380582e+00 0.000000000000000000e+00
2.297400000000000091e+03 5.656854249492380582e+00 0.000000000000000000e+00
2.297599999999999909e+03 5.656854249492380582e+00 0.000000000000000000e+00
2.297800000000000182e+03 4.000000000000000000e+00 0.000000000000000000e+00
2.298000000000000000e+03 4.000000000000000000e+00 0.000000000000000000e+00
2.298200000000000273e+03 4.000000000000000000e+00 0.000000000000000000e+00
2.298400000000000091e+03 4.000000000000000000e+00 0.000000000000000000e+00
2.298599999999999909e+03 0.000000000000000000e+00 0.000000000000000000e+00
2.298800000000000182e+03 0.000000000000000000e+00 0.000000000000000000e+00
2.299000000000000000e+03 0.000000000000000000e+00 0.000000000000000000e+00
2.299200000000000273e+03 4.000000000000000000e+00 0.000000000000000000e+00
2.299400000000000091e+03 4.000000000000000000e+00 0.000000000000000000e+00
2.299599999999999909e+03 4.000000000000000000e+00 0.000000000000000000e+00
2.299800000000000182e+03 5.656854249492380582e+00 0.000000000000000000e+00
2.300000000000000000e+03 5.656854249492380582e+00 2.499999700000000000e+11
2.300200000000000273e+03 5.656854249492380582e+00 2.500000000000000000e+11
2.300400000000000091e+03 5.656854249492380582e+00 2.499999700000000000e+11
2.300599999999999909e+03 4.000000000000000000e+00 2.499999700000000000e+11
2.300800000000000182e+03 4.000000000000000000e+00 2.499999700000000000e+11
2.301000000000000000e+03 4.000000000000000000e+00 2.499999700000000000e+11
2.301200000000000273e+03 0.000000000000000000e+00 2.499999700000000000e+11
2.301400000000000091e+03 0.000000000000000000e+00 2.499999700000000000e+11
2.301599999999999909e+03 0.000000000000000000e+00 2.500000000000000000e+11
2.301800000000000182e+03 0.000000000000000000e+00 2.500000000000000000e+11
2.302000000000000000e+03 4.000000000000000000e+00 2.499999700000000000e+11
2.302200000000000273e+03 4.000000000000000000e+00 2.499999700000000000e+11
2.302400000000000091e+03 4.000000000000000000e+00 2.499999700000000000e+11
2.302599999999999909e+03 5.656854249492380582e+00 2.499999700000000000e+11
2.302800000000000182e+03 5.656854249492380582e+00 2.499999700000000000e+11
2.303000000000000000e+03 5.656854249492380582e+00 2.499999700000000000e+11
2.303200000000000273e+03 5.656854249492380582e+00 2.499999700000000000e+11
2.303400000000000091e+03 4.000000000000000000e+00 2.499999700000000000e+11
2.303599999999999909e+03 4.000000000000000000e+00 2.500000000000000000e+11
2.303800000000000182e+03 4.000000000000000000e+00 2.500000000000000000e+11
2.304000000000000000e+03 0.000000000000000000e+00 0.000000000000000000e+00
2.304200000000000273e+03 0.000000000000000000e+00 0.000000000000000000e+00
2.304400000000000091e+03 0.000000000000000000e+00 0.000000000000000000e+00
2.304599999999999909e+03 0.000000000000000000e+00 0.000000000000000000e+00
2.304800000000000182e+03 4.000000000000000000e+00 0.000000000000000000e+00
2.305000000000000000e+03 4.000000000000000000e+00 0.000000000000000000e+00
2.305200000000000273e+03 4.000000000000000000e+00 0.000000000000000000e+00
2.305400000000000091e+03 5.656854249492380582e+00 0.000000000000000000e+00
2.305599999999999909e+03 5.656854249492380582e+00 0.000000000000000000e+00
2.305800000000000182e+03 5.656854249492380582e+00 0.000000000000000000e+00
2.306000000000000000e+03 4.000000000000000000e+00 0.000000000000000000e+00
2.306200000000000273e+03 4.000000000000000000e+00 0.000000000000000000e+00
2.306400000000000091e+03 4.000000000000000000e+00 0.000000000000000000e+00
2.306599999999999909e+03 4.000000000000000000e+00 0.000000000000000000e+00
2.306800000000000182e+03 0.000000000000000000e+00 0.000000000000000000e+00
2.307000000000000000e+03 0.000000000000000000e+00 0.000000000000000000e+00
2.307200000000000273e+03 0.000000000000000000e+00 0.000000000000000000e+00
2.307400000000000091e+03 4.000000000000000000e+00 0.000000000000000000e+00
2.307599999999999909e+03 4.000000000000000000e+00 0.000000000000000000e+00
2.307800000000000182e+03 4.000000000000000000e+00 0.000000000000000000e+00
2.308000000000000000e+03 5.656854249492380582e+00 2.499999700000000000e+11
2.308200000000000273e+03 5.656854249492380582e+00 2.500000000000000000e+11
2.308400000000000091e+03 5.656854249492380582e+00 2.499999700000000000e+11
2.308599999999999909e+03 5.656854249492380582e+00 2.499999700000000000e+11
2.308800000000000182e+03 4.000000000000000000e+00 2.499999700000000000e+11
2.309000000000000000e+03 4.000000000000000000e+00 2.500000000000000000e+11
2.309200000000000273e+03 4.000000000000000000e+00 2.499999700000000000e+11
2.309400000000000091e+03 0.000000000000000000e+00 2.499999700000000000e+11
2.309599999999999909e+03 0.000000000000000000e+00 2.499999700000000000e+11
2.309800000000000182e+03 0.000000000000000000e+00 2.500000000000000000e+11
2.310000000000000000e+03 0.000000000000000000e+00 2.499999700000000000e+11
2.310200000000000273e+03 4.000000000000000000e+00 2.500000000000000000e+11
2.310400000000000091e+03 4.000000000000000000e+00 2.499999700000000000e+11
2.310599999999999909e+03 4.000000000000000000e+00 2.499999700000000000e+11
2.310800000000000182e+03 5.656854249492380582e+00 2.499999700000000000e+11
2.311000000000000000e+03 5.656854249492380582e+00 2.500000000000000000e+11
2.311200000000000273e+03 5.656854249492380582e+00 2.499999700000000000e+11
2.311400000000000091e+03 5.656854249492380582e+00 2.500000000000000000e+11
2.311599999999999909e+03 4.000000000000000000e+00 2.500000000000000000e+11
2.311800000000000182e+03 4.000000000000000000e+00 2.499999700000000000e+11
2.312000000000000000e+03 4.000000000000000000e+00 0.000000000000000000e+00
2.312200000000000273e+03 0.000000000000000000e+00 0.000000000000000000e+00
2.312400000000000091e+03 0.000000000000000000e+00 0.000000000000000000e+00
2.312599999999999909e+03 0.000000000000000000e+00 0.000000000000000000e+00
2.312800000000000182e+03 0.000000000000000000e+00 0.000000000000000000e+00
2.313000000000000000e+03 4.000000000000000000e+00 0.000000000000000000e+00
2.313200000000000273e+03 4.000000000000000000e+00 0.000000000000000000e+00
2.313400000000000091e+03 4.000000000000000000e+00 0.000000000000000000e+00
2.313599999999999909e+03 5.656854249492380582e+00 0.000000000000000000e+00
2.313800000000000182e+03 5.656854249492380582e+00 0.000000000000000000e+00
2.314000000000000000e+03 5.656854249492380582e+00 0.000000000000000000e+00
2.314200000000000273e+03 4.000000000000000000e+00 0.000000000000000000e+00
2.314400000000000091e+03 4.000000000000000000e+00 0.000000000000000000e+00
2.314599999999999909e+03 4.000000000000000000e+00 0.000000000000000000e+00
2.314800000000000182e+03 4.000000000000000000e+00 0.000000000000000000e+00
2.315000000000000000e+03 0.000000000000000000e+00 0.000000000000000000e+00
2.315200000000000273e+03 0.000000000000000000e+00 0.000000000000000000e+00
2.315400000000000091e+03 0.000000000000000000e+00 0.000000000000000000e+00
2.315599999999999909e+03 4.000000000000000000e+00 0.000000000000000000e+00
2.315800000000000182e+03 4.000000000000000000e+00 0.000000000000000000e+00
2.316000000000000000e+03 4.000000000000000000e+00 2.499999700000000000e+11
2.316200000000000273e+03 5.656854249492380582e+00 2.499999700000000000e+11
2.316400000000000091e+03 5.656854249492380582e+00 2.499999700000000000e+11
2.316599999999999909e+03 5.656854249492380582e+00 2.500000000000000000e+11
2.316800000000000182e+03 5.656854249492380582e+00 2.499999700000000000e+11
2.317000000000000000e+03 4.000000000000000000e+00 2.500000000000000000e+11
2.317200000000000273e+03 4.000000000000000000e+00 2.500000000000000000e+11
2.317400000000000091e+03 4.000000000000000000e+00 2.500000000000000000e+11
2.317599999999999909e+03 0.000000000000000000e+00 2.499999700000000000e+11
2.317800000000000182e+03 0.000000000000000000e+00 2.499999700000000000e+11
2.318000000000000000e+03 0.000000000000000000e+00 2.500000000000000000e+11
2.318200000000000273e+03 0.000000000000000000e+00 2.499999700000000000e+11
2.318400000000000091e+03 4.000000000000000000e+00 2.499999700000000000e+11
2.318599999999999909e+03 4.000000000000000000e+00 2.499999700000000000e+11
2.318800000000000182e+03 4.000000000000000000e+00 2.500000000000000000e+11
2.319000000000000000e+03 5.656854249492380582e+00 2.499999700000000000e+11
2.319200000000000273e+03 5.656854249492380582e+00 2.499999700000000000e+11
2.319400000000000091e+03 5.656854249492380582e+00 2.499999700000000000e+11
2.319599999999999909e+03 5.656854249492380582e+00 2.499999700000000000e+11
2.319800000000000182e+03 4.000000000000000000e+00 2.500000000000000000e+11
2.320000000000000000e+03 4.000000000000000000e+00 0.000000000000000000e+00
2.320200000000000273e+03 4.000000000000000000e+00 0.000000000000000000e+00
2.320400000000000091e+03 0.000000000000000000e+00 0.000000000000000000e+00
2.320599999999999909e+03 0.000000000000000000e+00 0.000000000000000000e+00
2.320800000000000182e+03 0.000000000000000000e+00 0.000000000000000000e+00
2.321000000000000000e+03 4.000000000000000000e+00 0.000000000000000000e+00
2.321200000000000273e+03 4.000000000000000000e+00 0.000000000000000000e+00
2.321400000000000091e+03 4.000000000000000000e+00 0.000000000000000000e+00
2.321599999999999909e+03 4.000000000000000000e+00 0.000000000000000000e+00
2.321800000000000182e+03 5.656854249492380582e+00 0.000000000000000000e+00
2.322000000000000000e+03 5.656854249492380582e+00 0.000000000000000000e+00
2.322200000000000273e+03 5.656854249492380582e+00 0.000000000000000000e+00
2.322400000000000091e+03 4.000000000000000000e+00 0.000000000000000000e+00
2.322599999999999909e+03 4.000000000000000000e+00 0.000000000000000000e+00
2.322800000000000182e+03 4.000000000000000000e+00 0.000000000000000000e+00
2.323000000000000000e+03 4.000000000000000000e+00 0.000000000000000000e+00
2.323200000000000273e+03 0.000000000000000000e+00 0.000000000000000000e+00
2.323400000000000091e+03 0.000000000000000000e+00 0.000000000000000000e+00
2.323599999999999909e+03 0.000000000000000000e+00 0.000000000000000000e+00
2.323800000000000182e+03 4.000000000000000000e+00 0.000000000000000000e+00
2.324000000000000000e+03 4.000000000000000000e+00 2.500000000000000000e+11
2.324200000000000273e+03 4.000000000000000000e+00 2.500000000000000000e+11
2.324400000000000091e+03 5.656854249492380582e+00 2.499999700000000000e+11
2.324599999999999909e+03 5.656854249492380582e+00 2.500000000000000000e+11
2.324800000000000182e+03 5.656854249492380582e+00 2.499999700000000000e+11
2.325000000000000000e+03 5.656854249492380582e+00 2.500000000000000000e+11
2.325200000000000273e+03 4.000000000000000000e+00 2.499999700000000000e+11
2.325400000000000091e+03 4.000000000000000000e+00 2.499999700000000000e+11
2.325599999999999909e+03 4.000000000000000000e+00 2.499999700000000000e+11
2.325800000000000182e+03 0.000000000000000000e+00 2.499999700000000000e+11
2.326000000000000000e+03 0.000000000000000000e+00 2.500000000000000000e+11
2.326200000000000273e+03 0.000000000000000000e+00 2.499999700000000000e+11
2.326400000000000091e+03 0.000000000000000000e+00 2.499999700000000000e+11
2.326599999999999909e+03 4.000000000000000000e+00 2.499999700000000000e+11
2.326800000000000182e+03 4.000000000000000000e+00 2.500000000000000000e+11
2.327000000000000000e+03 4.000000000000000000e+00 2.500000000000000000e+11
2.327200000000000273e+03 5.656854249492380582e+00 2.500000000000000000e+11
2.327400000000000091e+03 5.656854249492380582e+00 2.499999700000000000e+11
2.327599999999999909e+03 5.656854249492380582e+00 2.499999700000000000e+11
2.327800000000000182e+03 5.656854249492380582e+00 2.500000000000000000e+11
2.328000000000000000e+03 4.000000000000000000e+00 0.000000000000000000e+00
2.328200000000000273e+03 4.000000000000000000e+00 0.000000000000000000e+00
2.328400000000000091e+03 4.000000000000000000e+00 0.000000000000000000e+00
2.328599999999999909e+03 0.000000000000000000e+00 0.000000000000000000e+00
2.328800000000000182e+03 0.000000000000000000e+00 0.000000000000000000e+00
2.329000000000000000e+03 0.000000000000000000e+00 0.000000000000000000e+00
2.329200000000000273e+03 0.000000000000000000e+00 0.000000000000000000e+00
2.329400000000000091e+03 4.000000000000000000e+00 0.000000000000000000e+00
2.329599999999999909e+03 4.000000000000000000e+00 0.000000000000000000e+00
2.329800000000000182e+03 4.000000000000000000e+00 0.000000000000000000e+00
2.330000000000000000e+03 4.000000000000000000e+00 0.000000000000000000e+00
2.330200000000000273e+03 5.656854249492380582e+00 0.000000000000000000e+00
2.330400000000000091e+03 5.656854249492380582e+00 0.000000000000000000e+00
2.330599999999999909e+03 5.656854249492380582e+00 0.000000000000000000e+00
2.330800000000000182e+03 4.000000000000000000e+00 0.000000000000000000e+00
2.331000000000000000e+03 4.000000000000000000e+00 0.000000000000000000e+00
2.331200000000000273e+03 4.000000000000000000e+00 0.000000000000000000e+00
2.331400000000000091e+03 4.000000000000000000e+00 0.000000000000000000e+00
2.331599999999999909e+03 0.000000000000000000e+00 0.000000000000000000e+00
2.331800000000000182e+03 0.000000000000000000e+00 0.000000000000000000e+00
2.332000000000000000e+03 0.000000000000000000e+00 2.499999700000000000e+11
2.332200000000000273e+03 4.000000000000000000e+00 2.499999700000000000e+11
2.332400000000000091e+03 4.000000000000000000e+00 2.500000000000000000e+11
2.332599999999999909e+03 4.000000000000000000e+00 2.499999700000000000e+11
2.332800000000000182e+03 4.000000000000000000e+00 2.499999700000000000e+11
2.333000000000000000e+03 5.656854249492380582e+00 2.499999700000000000e+11
2.333200000000000273e+03 5.656854249492380582e+00 2.499999700000000000e+11
2.333400000000000091e+03 5.656854249492380582e+00 2.499999700000000000e+11
2.333599999999999909e+03 5.656854249492380582e+00 2.499999700000000000e+11
2.333800000000000182e+03 4.000000000000000000e+00 2.500000000000000000e+11
2.334000000000000000e+03 4.000000000000000000e+00 2.499999700000000000e+11
2.334200000000000273e+03 4.000000000000000000e+00 2.499999700000000000e+11
2.334400000000000091e+03 5.656854249492380582e+00 2.500000000000000000e+11
2.334599999999999909e+03 4.000000000000000000e+00 2.500000000000000000e+11
2.334800000000000182e+03 0.000000000000000000e+00 2.499999700000000000e+11
2.335000000000000000e+03 4.000000000000000000e+00 2.499999700000000000e+11
2.335200000000000273e+03 4.000000000000000000e+00 2.499999700000000000e+11
2.335400000000000091e+03 5.656854249492380582e+00 2.499999700000000000e+11
2.335599999999999909e+03 8.944271909999159220e+00 2.499999700000000000e+11
2.335800000000000182e+03 1.200000000000000000e+01 2.499999700000000000e+11
2.336000000000000000e+03 1.264911064067351809e+01 0.000000000000000000e+00
2.336200000000000273e+03 1.442220510185595650e+01 0.000000000000000000e+00
2.336400000000000091e+03 1.131370849898476116e+01 0.000000000000000000e+00
2.336599999999999909e+03 1.264911064067351809e+01 0.000000000000000000e+00
2.336800000000000182e+03 1.200000000000000000e+01 0.000000000000000000e+00
2.337000000000000000e+03 1.264911064067351809e+01 0.000000000000000000e+00
2.337200000000000273e+03 1.131370849898476116e+01 0.000000000000000000e+00
2.337400000000000091e+03 8.944271909999159220e+00 0.000000000000000000e+00
2.337599999999999909e+03 8.000000000000000000e+00 0.000000000000000000e+00
2.337800000000000182e+03 5.656854249492380582e+00 0.000000000000000000e+00
2.338000000000000000e+03 8.944271909999159220e+00 0.000000000000000000e+00
2.338200000000000273e+03 8.000000000000000000e+00 0.000000000000000000e+00
2.338400000000000091e+03 8.944271909999159220e+00 0.000000000000000000e+00
2.338599999999999909e+03 8.944271909999159220e+00 0.000000000000000000e+00
2.338800000000000182e+03 1.264911064067351809e+01 0.000000000000000000e+00
2.339000000000000000e+03 1.200000000000000000e+01 0.000000000000000000e+00
2.339200000000000273e+03 1.264911064067351809e+01 0.000000000000000000e+00
2.339400000000000091e+03 1.131370849898476116e+01 0.000000000000000000e+00
2.339599999999999909e+03 1.264911064067351809e+01 0.000000000000000000e+00
2.339800000000000182e+03 1.200000000000000000e+01 0.000000000000000000e+00
2.340000000000000000e+03 1.200000000000000000e+01 2.499999700000000000e+11
2.340200000000000273e+03 8.944271909999159220e+00 2.500000000000000000e+11
2.340400000000000091e+03 8.944271909999159220e+00 2.499999700000000000e+11
2.340599999999999909e+03 1.200000000000000000e+01 2.500000000000000000e+11
2.340800000000000182e+03 1.264911064067351809e+01 2.500000000000000000e+11
2.341000000000000000e+03 1.442220510185595650e+01 2.500000000000000000e+11
2.341200000000000273e+03 1.649242250247064234e+01 2.499999700000000000e+11
2.341400000000000091e+03 1.649242250247064234e+01 2.499999700000000000e+11
2.341599999999999909e+03 2.000000000000000000e+01 2.499999700000000000e+11
2.341800000000000182e+03 2.332380757938120297e+01 2.499999700000000000e+11
2.342000000000000000e+03 2.828427124746190202e+01 2.499999700000000000e+11
2.342200000000000273e+03 3.298484500494128469e+01 2.499999700000000000e+11
2.342400000000000091e+03 3.773592452822641263e+01 2.499999700000000000e+11
2.342599999999999909e+03 4.000000000000000000e+01 2.499999700000000000e+11
2.342800000000000182e+03 4.472135954999579610e+01 2.499999700000000000e+11
2.343000000000000000e+03 4.866210024238575471e+01 2.499999700000000000e+11
2.343200000000000273e+03 5.215361924162119323e+01 2.499999700000000000e+11
2.343400000000000091e+03 5.768882040742382600e+01 2.499999700000000000e+11
2.343599999999999909e+03 6.449806198638839305e+01 2.500000000000000000e+11
2.343800000000000182e+03 7.088018058667739751e+01 2.500000000000000000e+11
2.344000000000000000e+03 7.939773296511683043e+01 0.000000000000000000e+00
2.344200000000000273e+03 7.879086241436883142e+01 0.000000000000000000e+00
2.344400000000000091e+03 8.000000000000000000e+01 0.000000000000000000e+00
2.344599999999999909e+03 8.049844718999243298e+01 0.000000000000000000e+00
2.344800000000000182e+03 7.939773296511683043e+01 0.000000000000000000e+00
2.345000000000000000e+03 7.858753081755399705e+01 0.000000000000000000e+00
2.345200000000000273e+03 8.089499366462673891e+01 0.000000000000000000e+00
2.345400000000000091e+03 7.889233169326408301e+01 0.000000000000000000e+00
2.345599999999999909e+03 7.766595135579039777e+01 0.000000000000000000e+00
2.345800000000000182e+03 7.766595135579039777e+01 0.000000000000000000e+00
2.346000000000000000e+03 7.766595135579039777e+01 0.000000000000000000e+00
2.346200000000000273e+03 7.440430095095310037e+01 0.000000000000000000e+00
2.346400000000000091e+03 7.343023900274327787e+01 0.000000000000000000e+00
2.346599999999999909e+03 7.244308110509933840e+01 0.000000000000000000e+00
2.346800000000000182e+03 6.835202996254024299e+01 0.000000000000000000e+00
2.347000000000000000e+03 6.788225099390855632e+01 0.000000000000000000e+00
2.347200000000000273e+03 6.835202996254024299e+01 0.000000000000000000e+00
2.347400000000000091e+03 6.811754546370561059e+01 0.000000000000000000e+00
2.347599999999999909e+03 6.997142273814360180e+01 0.000000000000000000e+00
2.347800000000000182e+03 6.881860213634101342e+01 0.000000000000000000e+00
2.348000000000000000e+03 6.985699678629191567e+01 2.500000000000000000e+11
2.348200000000000273e+03 8.158431221748455187e+01 2.499999700000000000e+11
2.348400000000000091e+03 8.988882021697692437e+01 2.500000000000000000e+11
2.348599999999999909e+03 1.009554357129917008e+02 2.499999700000000000e+11
2.348800000000000182e+03 1.098362417419678536e+02 2.500000000000000000e+11
2.349000000000000000e+03 1.203328716519305885e+02 2.499999700000000000e+11
2.349200000000000273e+03 1.336861997365472234e+02 2.499999700000000000e+11
2.349400000000000091e+03 1.449965516831348680e+02 2.499999700000000000e+11
2.349599999999999909e+03 1.560512736250492765e+02 2.499999700000000000e+11
2.349800000000000182e+03 1.245792920191794906e+02 2.499999700000000000e+11
2.350000000000000000e+03 1.100545319375808333e+02 2.499999700000000000e+11
2.350200000000000273e+03 1.216552506059643974e+02 2.499999700000000000e+11
2.350400000000000091e+03 1.367040599250804860e+02 2.499999700000000000e+11
2.350599999999999909e+03 1.524729484203673451e+02 2.499999700000000000e+11
2.350800000000000182e+03 1.381593283133643411e+02 2.499999700000000000e+11
2.351000000000000000e+03 1.162755348299890699e+02 2.499999700000000000e+11
2.351200000000000273e+03 1.288099375048369382e+02 2.500000000000000000e+11
2.351400000000000091e+03 1.440000000000000000e+02 2.500000000000000000e+11
2.351599999999999909e+03 1.592482338991550535e+02 2.499999700000000000e+11
2.351800000000000182e+03 1.324235628579747868e+02 2.499999700000000000e+11
2.352000000000000000e+03 1.240644993541665855e+02 0.000000000000000000e+00
2.352200000000000273e+03 1.218523696938225385e+02 0.000000000000000000e+00
2.352400000000000091e+03 1.160000000000000000e+02 0.000000000000000000e+00
2.352599999999999909e+03 1.126410227226297849e+02 0.000000000000000000e+00
2.352800000000000182e+03 1.131370849898476081e+02 0.000000000000000000e+00
2.353000000000000000e+03 1.120714058089752001e+02 0.000000000000000000e+00
2.353200000000000273e+03 1.111395519155984317e+02 0.000000000000000000e+00
2.353400000000000091e+03 1.082958909654470716e+02 0.000000000000000000e+00
2.353599999999999909e+03 1.114271062174729536e+02 0.000000000000000000e+00
2.353800000000000182e+03 1.103449137930697788e+02 0.000000000000000000e+00
2.354000000000000000e+03 1.100545319375808333e+02 0.000000000000000000e+00
2.354200000000000273e+03 1.086646216576489934e+02 0.000000000000000000e+00
2.354400000000000091e+03 1.111395519155984317e+02 0.000000000000000000e+00
2.354599999999999909e+03 1.088117640698835515e+02 0.000000000000000000e+00
2.354800000000000182e+03 1.059056183589898126e+02 0.000000000000000000e+00
2.355000000000000000e+03 1.067333125130106737e+02 0.000000000000000000e+00
2.355200000000000273e+03 1.024499877989255765e+02 0.000000000000000000e+00
2.355400000000000091e+03 1.002397126891333414e+02 0.000000000000000000e+00
2.355599999999999909e+03 1.000799680255744306e+02 0.000000000000000000e+00
2.355800000000000182e+03 9.507891459203770523e+01 0.000000000000000000e+00
2.356000000000000000e+03 9.633275663033836622e+01 2.500000000000000000e+11
2.356200000000000273e+03 8.352245207128440541e+01 2.499999700000000000e+11
2.356400000000000091e+03 7.641989269817119634e+01 2.499999700000000000e+11
2.356599999999999909e+03 6.449806198638839305e+01 2.499999700000000000e+11
2.356800000000000182e+03 6.000000000000000000e+01 2.499999700000000000e+11
2.357000000000000000e+03 5.336665625650533684e+01 2.499999700000000000e+11
2.357200000000000273e+03 4.866210024238575471e+01 2.499999700000000000e+11
2.357400000000000091e+03 4.326661530556787483e+01 2.500000000000000000e+11
2.357599999999999909e+03 4.000000000000000000e+01 2.499999700000000000e+11
2.357800000000000182e+03 3.298484500494128469e+01 2.500000000000000000e+11
2.358000000000000000e+03 2.828427124746190202e+01 2.499999700000000000e+11
2.358200000000000273e+03 2.683281572999747766e+01 2.499999700000000000e+11
2.358400000000000091e+03 2.262741699796952233e+01 2.499999700000000000e+11
2.358599999999999909e+03 1.649242250247064234e+01 2.499999700000000000e+11
2.358800000000000182e+03 1.600000000000000000e+01 2.499999700000000000e+11
2.359000000000000000e+03 1.442220510185595650e+01 2.499999700000000000e+11
2.359200000000000273e+03 8.944271909999159220e+00 2.499999700000000000e+11
2.359400000000000091e+03 8.000000000000000000e+00 2.500000000000000000e+11
2.359599999999999909e+03 8.944271909999159220e+00 2.499999700000000000e+11
2.359800000000000182e+03 8.944271909999159220e+00 2.499999700000000000e+11
2.360000000000000000e+03 8.944271909999159220e+00 0.000000000000000000e+00
2.360200000000000273e+03 1.200000000000000000e+01 0.000000000000000000e+00
2.360400000000000091e+03 8.944271909999159220e+00 0.000000000000000000e+00
2.360599999999999909e+03 1.131370849898476116e+01 0.000000000000000000e+00
2.360800000000000182e+03 8.944271909999159220e+00 0.000000000000000000e+00
2.361000000000000000e+03 8.944271909999159220e+00 0.000000000000000000e+00
2.361200000000000273e+03 8.000000000000000000e+00 0.000000000000000000e+00
2.361400000000000091e+03 8.944271909999159220e+00 0.000000000000000000e+00
2.361599999999999909e+03 5.656854249492380582e+00 0.000000000000000000e+00
2.361800000000000182e+03 4.000000000000000000e+00 0.000000000000000000e+00
2.362000000000000000e+03 4.000000000000000000e+00 0.000000000000000000e+00
2.362200000000000273e+03 5.656854249492380582e+00 0.000000000000000000e+00
2.362400000000000091e+03 4.000000000000000000e+00 0.000000000000000000e+00
2.362599999999999909e+03 5.656854249492380582e+00 0.000000000000000000e+00
2.362800000000000182e+03 5.656854249492380582e+00 0.000000000000000000e+00
2.363000000000000000e+03 8.944271909999159220e+00 0.000000000000000000e+00
2.363200000000000273e+03 8.000000000000000000e+00 0.000000000000000000e+00
2.363400000000000091e+03 8.944271909999159220e+00 0.000000000000000000e+00
2.363599999999999909e+03 8.944271909999159220e+00 0.000000000000000000e+00
2.363800000000000182e+03 8.944271909999159220e+00 0.000000000000000000e+00
2.364000000000000000e+03 8.944271909999159220e+00 2.500000000000000000e+11
2.364200000000000273e+03 8.000000000000000000e+00 2.499999700000000000e+11
2.364400000000000091e+03 8.000000000000000000e+00 2.499999700000000000e+11
2.364599999999999909e+03 4.000000000000000000e+00 2.499999700000000000e+11
2.364800000000000182e+03 5.656854249492380582e+00 2.500000000000000000e+11
2.365000000000000000e+03 0.000000000000000000e+00 2.499999700000000000e+11
2.365200000000000273e+03 0.000000000000000000e+00 2.500000000000000000e+11
2.365400000000000091e+03 0.000000000000000000e+00 2.499999700000000000e+11
2.365599999999999909e+03 0.000000000000000000e+00 2.499999700000000000e+11
2.365800000000000182e+03 4.000000000000000000e+00 2.499999700000000000e+11
2.366000000000000000e+03 4.000000000000000000e+00 2.500000000000000000e+11
2.366200000000000273e+03 4.000000000000000000e+00 2.499999700000000000e+11
2.366400000000000091e+03 4.000000000000000000e+00 2.499999700000000000e+11
2.366599999999999909e+03 5.656854249492380582e+00 2.499999700000000000e+11
2.366800000000000182e+03 5.656854249492380582e+00 2.499999700000000000e+11
2.367000000000000000e+03 5.656854249492380582e+00 2.499999700000000000e+11
2.367200000000000273e+03 4.000000000000000000e+00 2.500000000000000000e+11
2.367400000000000091e+03 4.000000000000000000e+00 2.500000000000000000e+11
2.367599999999999909e+03 4.000000000000000000e+00 2.499999700000000000e+11
2.367800000000000182e+03 4.000000000000000000e+00 2.500000000000000000e+11
2.368000000000000000e+03 0.000000000000000000e+00 0.000000000000000000e+00
2.368200000000000273e+03 0.000000000000000000e+00 0.000000000000000000e+00
2.368400000000000091e+03 0.000000000000000000e+00 0.000000000000000000e+00
2.368599999999999909e+03 4.000000000000000000e+00 0.000000000000000000e+00
2.368800000000000182e+03 4.000000000000000000e+00 0.000000000000000000e+00
2.369000000000000000e+03 4.000000000000000000e+00 0.000000000000000000e+00
2.369200000000000273e+03 4.000000000000000000e+00 0.000000000000000000e+00
2.369400000000000091e+03 5.656854249492380582e+00 0.000000000000000000e+00
2.369599999999999909e+03 5.656854249492380582e+00 0.000000000000000000e+00
2.369800000000000182e+03 5.656854249492380582e+00 0.000000000000000000e+00
2.370000000000000000e+03 4.000000000000000000e+00 0.000000000000000000e+00
2.370200000000000273e+03 4.000000000000000000e+00 0.000000000000000000e+00
2.370400000000000091e+03 4.000000000000000000e+00 0.000000000000000000e+00
2.370599999999999909e+03 4.000000000000000000e+00 0.000000000000000000e+00
2.370800000000000182e+03 0.000000000000000000e+00 0.000000000000000000e+00
2.371000000000000000e+03 0.000000000000000000e+00 0.000000000000000000e+00
2.371200000000000273e+03 0.000000000000000000e+00 0.000000000000000000e+00
2.371400000000000091e+03 4.000000000000000000e+00 0.000000000000000000e+00
2.371599999999999909e+03 4.000000000000000000e+00 0.000000000000000000e+00
2.371800000000000182e+03 4.000000000000000000e+00 0.000000000000000000e+00
2.372000000000000000e+03 5.656854249492380582e+00 2.499999700000000000e+11
2.372200000000000273e+03 5.656854249492380582e+00 2.500000000000000000e+11
2.372400000000000091e+03 5.656854249492380582e+00 2.500000000000000000e+11
2.372599999999999909e+03 5.656854249492380582e+00 2.500000000000000000e+11
2.372800000000000182e+03 4.000000000000000000e+00 2.499999700000000000e+11
2.373000000000000000e+03 4.000000000000000000e+00 2.499999700000000000e+11
2.373200000000000273e+03 4.000000000000000000e+00 2.500000000000000000e+11
2.373400000000000091e+03 0.000000000000000000e+00 2.499999700000000000e+11
2.373599999999999909e+03 0.000000000000000000e+00 2.500000000000000000e+11
2.373800000000000182e+03 0.000000000000000000e+00 2.499999700000000000e+11
2.374000000000000000e+03 0.000000000000000000e+00 2.500000000000000000e+11
2.374200000000000273e+03 4.000000000000000000e+00 2.500000000000000000e+11
2.374400000000000091e+03 4.000000000000000000e+00 2.499999700000000000e+11
2.374599999999999909e+03 4.000000000000000000e+00 2.499999700000000000e+11
2.374800000000000182e+03 5.656854249492380582e+00 2.500000000000000000e+11
2.375000000000000000e+03 5.656854249492380582e+00 2.499999700000000000e+11
2.375200000000000273e+03 5.656854249492380582e+00 2.499999700000000000e+11
2.375400000000000091e+03 5.656854249492380582e+00 2.500000000000000000e+11
2.375599999999999909e+03 4.000000000000000000e+00 2.499999700000000000e+11
2.375800000000000182e+03 4.000000000000000000e+00 2.499999700000000000e+11
2.376000000000000000e+03 4.000000000000000000e+00 0.000000000000000000e+00
2.376200000000000273e+03 0.000000000000000000e+00 0.000000000000000000e+00
2.376400000000000091e+03 0.000000000000000000e+00 0.000000000000000000e+00
2.376599999999999909e+03 0.000000000000000000e+00 0.000000000000000000e+00
2.376800000000000182e+03 0.000000000000000000e+00 0.000000000000000000e+00
2.377000000000000000e+03 4.000000000000000000e+00 0.000000000000000000e+00
2.377200000000000273e+03 4.000000000000000000e+00 0.000000000000000000e+00
2.377400000000000091e+03 4.000000000000000000e+00 0.000000000000000000e+00
2.377599999999999909e+03 5.656854249492380582e+00 0.000000000000000000e+00
2.377800000000000182e+03 5.656854249492380582e+00 0.000000000000000000e+00
2.378000000000000000e+03 5.656854249492380582e+00 0.000000000000000000e+00
2.378200000000000273e+03 4.000000000000000000e+00 0.000000000000000000e+00
2.378400000000000091e+03 4.000000000000000000e+00 0.000000000000000000e+00
2.378599999999999909e+03 4.000000000000000000e+00 0.000000000000000000e+00
2.378800000000000182e+03 4.000000000000000000e+00 0.000000000000000000e+00
2.379000000000000000e+03 0.000000000000000000e+00 0.000000000000000000e+00
2.379200000000000273e+03 0.000000000000000000e+00 0.000000000000000000e+00
2.379400000000000091e+03 0.000000000000000000e+00 0.000000000000000000e+00
2.379599999999999909e+03 4.000000000000000000e+00 0.000000000000000000e+00
2.379800000000000182e+03 4.000000000000000000e+00 0.000000000000000000e+00
2.380000000000000000e+03 4.000000000000000000e+00 2.499999700000000000e+11
2.380200000000000273e+03 4.000000000000000000e+00 2.499999700000000000e+11
2.380400000000000091e+03 5.656854249492380582e+00 2.499999700000000000e+11
2.380599999999999909e+03 5.656854249492380582e+00 2.499999700000000000e+11
2.380800000000000182e+03 5.656854249492380582e+00 2.499999700000000000e+11
2.381000000000000000e+03 4.000000000000000000e+00 2.499999700000000000e+11
2.381200000000000273e+03 4.000000000000000000e+00 2.499999700000000000e+11
2.381400000000000091e+03 4.000000000000000000e+00 2.499999700000000000e+11
2.381599999999999909e+03 4.000000000000000000e+00 2.500000000000000000e+11
2.381800000000000182e+03 0.000000000000000000e+00 2.499999700000000000e+11
2.382000000000000000e+03 0.000000000000000000e+00 2.499999700000000000e+11
2.382200000000000273e+03 0.000000000000000000e+00 2.500000000000000000e+11
2.382400000000000091e+03 4.000000000000000000e+00 2.500000000000000000e+11
2.382599999999999909e+03 4.000000000000000000e+00 2.500000000000000000e+11
2.382800000000000182e+03 4.000000000000000000e+00 2.500000000000000000e+11
2.383000000000000000e+03 4.000000000000000000e+00 2.499999700000000000e+11
2.383200000000000273e+03 5.656854249492380582e+00 2.500000000000000000e+11
2.383400000000000091e+03 5.656854249492380582e+00 2.500000000000000000e+11
2.383599999999999909e+03 5.656854249492380582e+00 2.499999700000000000e+11
2.383800000000000182e+03 4.000000000000000000e+00 2.500000000000000000e+11
2.384000000000000000e+03 4.000000000000000000e+00 0.000000000000000000e+00
2.384200000000000273e+03 4.000000000000000000e+00 0.000000000000000000e+00
2.384400000000000091e+03 0.000000000000000000e+00 0.000000000000000000e+00
2.384599999999999909e+03 0.000000000000000000e+00 0.000000000000000000e+00
2.384800000000000182e+03 0.000000000000000000e+00 0.000000000000000000e+00
2.385000000000000000e+03 0.000000000000000000e+00 0.000000000000000000e+00
2.385200000000000273e+03 4.000000000000000000e+00 0.000000000000000000e+00
2.385400000000000091e+03 4.000000000000000000e+00 0.000000000000000000e+00
2.385599999999999909e+03 4.000000000000000000e+00 0.000000000000000000e+00
2.385800000000000182e+03 5.656854249492380582e+00 0.000000000000000000e+00
2.386000000000000000e+03 5.656854249492380582e+00 0.000000000000000000e+00
2.386200000000000273e+03 5.656854249492380582e+00 0.000000000000000000e+00
2.386400000000000091e+03 5.656854249492380582e+00 0.000000000000000000e+00
2.386599999999999909e+03 4.000000000000000000e+00 0.000000000000000000e+00
2.386800000000000182e+03 4.000000000000000000e+00 0.000000000000000000e+00
2.387000000000000000e+03 4.000000000000000000e+00 0.000000000000000000e+00
2.387200000000000273e+03 0.000000000000000000e+00 0.000000000000000000e+00
2.387400000000000091e+03 0.000000000000000000e+00 0.000000000000000000e+00
2.387599999999999909e+03 0.000000000000000000e+00 0.000000000000000000e+00
2.387800000000000182e+03 4.000000000000000000e+00 0.000000000000000000e+00
2.388000000000000000e+03 4.000000000000000000e+00 2.499999700000000000e+11
2.388200000000000273e+03 4.000000000000000000e+00 2.500000000000000000e+11
2.388400000000000091e+03 4.000000000000000000e+00 2.499999700000000000e+11
2.388599999999999909e+03 5.656854249492380582e+00 2.499999700000000000e+11
2.388800000000000182e+03 5.656854249492380582e+00 2.499999700000000000e+11
2.389000000000000000e+03 5.656854249492380582e+00 2.500000000000000000e+11
2.389200000000000273e+03 4.000000000000000000e+00 2.500000000000000000e+11
2.389400000000000091e+03 4.000000000000000000e+00 2.499999700000000000e+11
2.389599999999999909e+03 4.000000000000000000e+00 2.499999700000000000e+11
2.389800000000000182e+03 4.000000000000000000e+00 2.500000000000000000e+11
2.390000000000000000e+03 0.000000000000000000e+00 2.500000000000000000e+11
2.390200000000000273e+03 0.000000000000000000e+00 2.499999700000000000e+11
2.390400000000000091e+03 0.000000000000000000e+00 2.500000000000000000e+11
2.390599999999999909e+03 4.000000000000000000e+00 2.499999700000000000e+11
2.390800000000000182e+03 4.000000000000000000e+00 2.499999700000000000e+11
2.391000000000000000e+03 4.000000000000000000e+00 2.499999700000000000e+11
2.391200000000000273e+03 4.000000000000000000e+00 2.499999700000000000e+11
2.391400000000000091e+03 5.656854249492380582e+00 2.500000000000000000e+11
2.391599999999999909e+03 5.656854249492380582e+00 2.500000000000000000e+11
2.391800000000000182e+03 5.656854249492380582e+00 2.500000000000000000e+11
2.392000000000000000e+03 4.000000000000000000e+00 0.000000000000000000e+00
2.392200000000000273e+03 4.000000000000000000e+00 0.000000000000000000e+00
2.392400000000000091e+03 4.000000000000000000e+00 0.000000000000000000e+00
2.392599999999999909e+03 4.000000000000000000e+00 0.000000000000000000e+00
2.392800000000000182e+03 0.000000000000000000e+00 0.000000000000000000e+00
2.393000000000000000e+03 0.000000000000000000e+00 0.000000000000000000e+00
2.393200000000000273e+03 0.000000000000000000e+00 0.000000000000000000e+00
2.393400000000000091e+03 4.000000000000000000e+00 0.000000000000000000e+00
2.393599999999999909e+03 4.000000000000000000e+00 0.000000000000000000e+00
2.393800000000000182e+03 4.000000000000000000e+00 0.000000000000000000e+00
2.394000000000000000e+03 5.656854249492380582e+00 0.000000000000000000e+00
2.394200000000000273e+03 5.656854249492380582e+00 0.000000000000000000e+00
2.394400000000000091e+03 5.656854249492380582e+00 0.000000000000000000e+00
2.394599999999999909e+03 5.656854249492380582e+00 0.000000000000000000e+00
2.394800000000000182e+03 4.000000000000000000e+00 0.000000000000000000e+00
2.395000000000000000e+03 4.000000000000000000e+00 0.000000000000000000e+00
2.395200000000000273e+03 4.000000000000000000e+00 0.000000000000000000e+00
2.395400000000000091e+03 0.000000000000000000e+00 0.000000000000000000e+00
2.395599999999999909e+03 0.000000000000000000e+00 0.000000000000000000e+00
2.395800000000000182e+03 0.000000000000000000e+00 0.000000000000000000e+00
2.396000000000000000e+03 4.000000000000000000e+00 2.500000000000000000e+11
2.396200000000000273e+03 4.000000000000000000e+00 2.499999700000000000e+11
2.396400000000000091e+03 4.000000000000000000e+00 2.499999700000000000e+11
2.396599999999999909e+03 4.000000000000000000e+00 2.499999700000000000e+11
2.396800000000000182e+03 5.656854249492380582e+00 2.499999700000000000e+11
2.397000000000000000e+03 5.656854249492380582e+00 2.499999700000000000e+11
2.397200000000000273e+03 5.656854249492380582e+00 2.499999700000000000e+11
2.397400000000000091e+03 5.656854249492380582e+00 2.500000000000000000e+11
2.397599999999999909e+03 4.000000000000000000e+00 2.499999700000000000e+11
2.397800000000000182e+03 4.000000000000000000e+00 2.500000000000000000e+11
2.398000000000000000e+03 4.000000000000000000e+00 2.499999700000000000e+11
2.398200000000000273e+03 0.000000000000000000e+00 2.500000000000000000e+11
2.398400000000000091e+03 0.000000000000000000e+00 2.500000000000000000e+11
2.398599999999999909e+03 0.000000000000000000e+00 2.500000000000000000e+11
2.398800000000000182e+03 4.000000000000000000e+00 2.499999700000000000e+11
2.399000000000000000e+03 4.000000000000000000e+00 2.500000000000000000e+11
2.399200000000000273e+03 4.000000000000000000e+00 2.500000000000000000e+11
2.399400000000000091e+03 5.656854249492380582e+00 2.500000000000000000e+11
2.399599999999999909e+03 5.656854249492380582e+00 2.499999700000000000e+11
2.399800000000000182e+03 5.656854249492380582e+00 2.500000000000000000e+11
