2.400000000000000000e+03 5.656854249492380582e+00 0.000000000000000000e+00
2.400200000000000273e+03 4.000000000000000000e+00 0.000000000000000000e+00
2.400400000000000091e+03 5.656854249492380582e+00 0.000000000000000000e+00
2.400599999999999909e+03 5.656854249492380582e+00 0.000000000000000000e+00
2.400800000000000182e+03 5.656854249492380582e+00 0.000000000000000000e+00
2.401000000000000000e+03 5.656854249492380582e+00 0.000000000000000000e+00
2.401200000000000273e+03 5.656854249492380582e+00 0.000000000000000000e+00
2.401400000000000091e+03 5.656854249492380582e+00 0.000000000000000000e+00
2.401599999999999909e+03 5.656854249492380582e+00 0.000000000000000000e+00
2.401800000000000182e+03 4.000000000000000000e+00 0.000000000000000000e+00
2.402000000000000000e+03 5.656854249492380582e+00 0.000000000000000000e+00
2.402200000000000273e+03 5.656854249492380582e+00 0.000000000000000000e+00
2.402400000000000091e+03 4.000000000000000000e+00 0.000000000000000000e+00
2.402599999999999909e+03 0.000000000000000000e+00 0.000000000000000000e+00
2.402800000000000182e+03 0.000000000000000000e+00 0.000000000000000000e+00
2.403000000000000000e+03 5.656854249492380582e+00 0.000000000000000000e+00
2.403200000000000273e+03 5.656854249492380582e+00 0.000000000000000000e+00
2.403400000000000091e+03 5.656854249492380582e+00 0.000000000000000000e+00
2.403599999999999909e+03 5.656854249492380582e+00 0.000000000000000000e+00
2.403800000000000182e+03 5.656854249492380582e+00 0.000000000000000000e+00
2.404000000000000000e+03 5.656854249492380582e+00 2.525000000000000000e+11
2.404200000000000273e+03 5.656854249492380582e+00 2.525000000000000000e+11
2.404400000000000091e+03 5.656854249492380582e+00 2.525000000000000000e+11
2.404599999999999909e+03 4.000000000000000000e+00 2.525000000000000000e+11
2.404800000000000182e+03 4.000000000000000000e+00 2.525000000000000000e+11
2.405000000000000000e+03 4.000000000000000000e+00 2.525000000000000000e+11
2.405200000000000273e+03 4.000000000000000000e+00 2.525000000000000000e+11
2.405400000000000091e+03 0.000000000000000000e+00 2.525000000000000000e+11
2.405599999999999909e+03 0.000000000000000000e+00 2.525000000000000000e+11
2.405800000000000182e+03 0.000000000000000000e+00 2.525000000000000000e+11
2.406000000000000000e+03 4.000000000000000000e+00 2.525000000000000000e+11
2.406200000000000273e+03 4.000000000000000000e+00 2.525000000000000000e+11
2.406400000000000091e+03 4.000000000000000000e+00 2.525000000000000000e+11
2.406599999999999909e+03 5.656854249492380582e+00 2.525000000000000000e+11
2.406800000000000182e+03 5.656854249492380582e+00 2.525000000000000000e+11
2.407000000000000000e+03 5.656854249492380582e+00 2.525000000000000000e+11
2.407200000000000273e+03 5.656854249492380582e+00 2.525000000000000000e+11
2.407400000000000091e+03 4.000000000000000000e+00 2.525000000000000000e+11
2.407599999999999909e+03 4.000000000000000000e+00 2.525000000000000000e+11
2.407800000000000182e+03 4.000000000000000000e+00 2.525000000000000000e+11
2.408000000000000000e+03 0.000000000000000000e+00 0.000000000000000000e+00
2.408200000000000273e+03 0.000000000000000000e+00 0.000000000000000000e+00
2.408400000000000091e+03 0.000000000000000000e+00 0.000000000000000000e+00
2.408599999999999909e+03 4.000000000000000000e+00 0.000000000000000000e+00
2.408800000000000182e+03 4.000000000000000000e+00 0.000000000000000000e+00
2.409000000000000000e+03 4.000000000000000000e+00 0.000000000000000000e+00
2.409200000000000273e+03 5.656854249492380582e+00 0.000000000000000000e+00
2.409400000000000091e+03 5.656854249492380582e+00 0.000000000000000000e+00
2.409599999999999909e+03 5.656854249492380582e+00 0.000000000000000000e+00
2.409800000000000182e+03 5.656854249492380582e+00 0.000000000000000000e+00
2.410000000000000000e+03 4.000000000000000000e+00 0.000000000000000000e+00
2.410200000000000273e+03 4.000000000000000000e+00 0.000000000000000000e+00
2.410400000000000091e+03 4.000000000000000000e+00 0.000000000000000000e+00
2.410599999999999909e+03 0.000000000000000000e+00 0.000000000000000000e+00
2.410800000000000182e+03 0.000000000000000000e+00 0.000000000000000000e+00
2.411000000000000000e+03 0.000000000000000000e+00 0.000000000000000000e+00
2.411200000000000273e+03 0.000000000000000000e+00 0.000000000000000000e+00
2.411400000000000091e+03 4.000000000000000000e+00 0.000000000000000000e+00
2.411599999999999909e+03 4.000000000000000000e+00 0.000000000000000000e+00
2.411800000000000182e+03 4.000000000000000000e+00 0.000000000000000000e+00
2.412000000000000000e+03 5.656854249492380582e+00 2.525000000000000000e+11
2.412200000000000273e+03 5.656854249492380582e+00 2.525000000000000000e+11
2.412400000000000091e+03 5.656854249492380582e+00 2.525000000000000000e+11
2.412599999999999909e+03 5.656854249492380582e+00 2.525000000000000000e+11
2.412800000000000182e+03 4.000000000000000000e+00 2.525000000000000000e+11
2.413000000000000000e+03 4.000000000000000000e+00 2.525000000000000000e+11
2.413200000000000273e+03 4.000000000000000000e+00 2.525000000000000000e+11
2.413400000000000091e+03 0.000000000000000000e+00 2.525000000000000000e+11
2.413599999999999909e+03 0.000000000000000000e+00 2.525000000000000000e+11
2.413800000000000182e+03 0.000000000000000000e+00 2.525000000000000000e+11
2.414000000000000000e+03 4.000000000000000000e+00 2.525000000000000000e+11
2.414200000000000273e+03 4.000000000000000000e+00 2.525000000000000000e+11
2.414400000000000091e+03 4.000000000000000000e+00 2.525000000000000000e+11
2.414599999999999909e+03 4.000000000000000000e+00 2.525000000000000000e+11
2.414800000000000182e+03 5.656854249492380582e+00 2.525000000000000000e+11
2.415000000000000000e+03 5.656854249492380582e+00 2.525000000000000000e+11
2.415200000000000273e+03 5.656854249492380582e+00 2.525000000000000000e+11
2.415400000000000091e+03 4.000000000000000000e+00 2.525000000000000000e+11
2.415599999999999909e+03 4.000000000000000000e+00 2.525000000000000000e+11
2.415800000000000182e+03 4.000000000000000000e+00 2.525000000000000000e+11
2.416000000000000000e+03 4.000000000000000000e+00 0.000000000000000000e+00
2.416200000000000273e+03 0.000000000000000000e+00 0.000000000000000000e+00
2.416400000000000091e+03 0.000000000000000000e+00 0.000000000000000000e+00
2.416599999999999909e+03 0.000000000000000000e+00 0.000000000000000000e+00
2.416800000000000182e+03 4.000000000000000000e+00 0.000000000000000000e+00
2.417000000000000000e+03 4.000000000000000000e+00 0.000000000000000000e+00
2.417200000000000273e+03 4.000000000000000000e+00 0.000000000000000000e+00
2.417400000000000091e+03 4.000000000000000000e+00 0.000000000000000000e+00
2.417599999999999909e+03 5.656854249492380582e+00 0.000000000000000000e+00
2.417800000000000182e+03 5.656854249492380582e+00 0.000000000000000000e+00
2.418000000000000000e+03 5.656854249492380582e+00 0.000000000000000000e+00
2.418200000000000273e+03 4.000000000000000000e+00 0.000000000000000000e+00
2.418400000000000091e+03 4.000000000000000000e+00 0.000000000000000000e+00
2.418599999999999909e+03 4.000000000000000000e+00 0.000000000000000000e+00
2.418800000000000182e+03 0.000000000000000000e+00 0.000000000000000000e+00
2.419000000000000000e+03 0.000000000000000000e+00 0.000000000000000000e+00
2.419200000000000273e+03 0.000000000000000000e+00 0.000000000000000000e+00
2.419400000000000091e+03 0.000000000000000000e+00 0.000000000000000000e+00
2.419599999999999909e+03 4.000000000000000000e+00 0.000000000000000000e+00
2.419800000000000182e+03 4.000000000000000000e+00 0.000000000000000000e+00
2.420000000000000000e+03 4.000000000000000000e+00 2.525000000000000000e+11
2.420200000000000273e+03 5.656854249492380582e+00 2.525000000000000000e+11
2.420400000000000091e+03 5.656854249492380582e+00 2.525000000000000000e+11
2.420599999999999909e+03 5.656854249492380582e+00 2.525000000000000000e+11
2.420800000000000182e+03 5.656854249492380582e+00 2.525000000000000000e+11
2.421000000000000000e+03 4.000000000000000000e+00 2.525000000000000000e+11
2.421200000000000273e+03 4.000000000000000000e+00 2.525000000000000000e+11
2.421400000000000091e+03 4.000000000000000000e+00 2.525000000000000000e+11
2.421599999999999909e+03 0.000000000000000000e+00 2.525000000000000000e+11
2.421800000000000182e+03 0.000000000000000000e+00 2.525000000000000000e+11
2.422000000000000000e+03 0.000000000000000000e+00 2.525000000000000000e+11
2.422200000000000273e+03 4.000000000000000000e+00 2.525000000000000000e+11
2.422400000000000091e+03 4.000000000000000000e+00 2.525000000000000000e+11
2.422599999999999909e+03 4.000000000000000000e+00 2.525000000000000000e+11
2.422800000000000182e+03 4.000000000000000000e+00 2.525000000000000000e+11
2.423000000000000000e+03 5.656854249492380582e+00 2.525000000000000000e+11
2.423200000000000273e+03 5.656854249492380582e+00 2.525000000000000000e+11
2.423400000000000091e+03 5.656854249492380582e+00 2.525000000000000000e+11
2.423599999999999909e+03 4.000000000000000000e+00 2.525000000000000000e+11
2.423800000000000182e+03 4.000000000000000000e+00 2.525000000000000000e+11
2.424000000000000000e+03 4.000000000000000000e+00 0.000000000000000000e+00
2.424200000000000273e+03 4.000000000000000000e+00 0.000000000000000000e+00
2.424400000000000091e+03 0.000000000000000000e+00 0.000000000000000000e+00
2.424599999999999909e+03 0.000000000000000000e+00 0.000000000000000000e+00
2.424800000000000182e+03 0.000000000000000000e+00 0.000000000000000000e+00
2.425000000000000000e+03 4.000000000000000000e+00 0.000000000000000000e+00
2.425200000000000273e+03 4.000000000000000000e+00 0.000000000000000000e+00
2.425400000000000091e+03 4.000000000000000000e+00 0.000000000000000000e+00
2.425599999999999909e+03 4.000000000000000000e+00 0.000000000000000000e+00
2.425800000000000182e+03 5.656854249492380582e+00 0.000000000000000000e+00
2.426000000000000000e+03 5.656854249492380582e+00 0.000000000000000000e+00
2.426200000000000273e+03 5.656854249492380582e+00 0.000000000000000000e+00
2.426400000000000091e+03 4.000000000000000000e+00 0.000000000000000000e+00
2.426599999999999909e+03 4.000000000000000000e+00 0.000000000000000000e+00
2.426800000000000182e+03 4.000000000000000000e+00 0.000000000000000000e+00
2.427000000000000000e+03 0.000000000000000000e+00 0.000000000000000000e+00
2.427200000000000273e+03 0.000000000000000000e+00 0.000000000000000000e+00
2.427400000000000091e+03 0.000000000000000000e+00 0.000000000000000000e+00
2.427599999999999909e+03 0.000000000000000000e+00 0.000000000000000000e+00
2.427800000000000182e+03 4.000000000000000000e+00 0.000000000000000000e+00
2.428000000000000000e+03 4.000000000000000000e+00 2.525000000000000000e+11
2.428200000000000273e+03 4.000000000000000000e+00 2.525000000000000000e+11
2.428400000000000091e+03 5.656854249492380582e+00 2.525000000000000000e+11
2.428599999999999909e+03 5.656854249492380582e+00 2.525000000000000000e+11
2.428800000000000182e+03 5.656854249492380582e+00 2.525000000000000000e+11
2.429000000000000000e+03 5.656854249492380582e+00 2.525000000000000000e+11
2.429200000000000273e+03 4.000000000000000000e+00 2.525000000000000000e+11
2.429400000000000091e+03 4.000000000000000000e+00 2.525000000000000000e+11
2.429599999999999909e+03 4.000000000000000000e+00 2.525000000000000000e+11
2.429800000000000182e+03 0.000000000000000000e+00 2.525000000000000000e+11
2.430000000000000000e+03 0.000000000000000000e+00 2.525000000000000000e+11
2.430200000000000273e+03 0.000000000000000000e+00 2.525000000000000000e+11
2.430400000000000091e+03 4.000000000000000000e+00 2.525000000000000000e+11
2.430599999999999909e+03 4.000000000000000000e+00 2.525000000000000000e+11
2.430800000000000182e+03 4.000000000000000000e+00 2.525000000000000000e+11
2.431000000000000000e+03 4.000000000000000000e+00 2.525000000000000000e+11
2.431200000000000273e+03 5.656854249492380582e+00 2.525000000000000000e+11
2.431400000000000091e+03 5.656854249492380582e+00 2.525000000000000000e+11
2.431599999999999909e+03 5.656854249492380582e+00 2.525000000000000000e+11
2.431800000000000182e+03 4.000000000000000000e+00 2.525000000000000000e+11
2.432000000000000000e+03 4.000000000000000000e+00 0.000000000000000000e+00
2.432200000000000273e+03 4.000000000000000000e+00 0.000000000000000000e+00
2.432400000000000091e+03 4.000000000000000000e+00 0.000000000000000000e+00
2.432599999999999909e+03 0.000000000000000000e+00 0.000000000000000000e+00
2.432800000000000182e+03 0.000000000000000000e+00 0.000000000000000000e+00
2.433000000000000000e+03 0.000000000000000000e+00 0.000000000000000000e+00
2.433200000000000273e+03 4.000000000000000000e+00 0.000000000000000000e+00
2.433400000000000091e+03 4.000000000000000000e+00 0.000000000000000000e+00
2.433599999999999909e+03 4.000000000000000000e+00 0.000000000000000000e+00
2.433800000000000182e+03 4.000000000000000000e+00 0.000000000000000000e+00
2.434000000000000000e+03 5.656854249492380582e+00 0.000000000000000000e+00
2.434200000000000273e+03 5.656854249492380582e+00 0.000000000000000000e+00
2.434400000000000091e+03 5.656854249492380582e+00 0.000000000000000000e+00
2.434599999999999909e+03 4.000000000000000000e+00 0.000000000000000000e+00
2.434800000000000182e+03 4.000000000000000000e+00 0.000000000000000000e+00
2.435000000000000000e+03 4.000000000000000000e+00 0.000000000000000000e+00
2.435200000000000273e+03 0.000000000000000000e+00 0.000000000000000000e+00
2.435400000000000091e+03 0.000000000000000000e+00 0.000000000000000000e+00
2.435599999999999909e+03 0.000000000000000000e+00 0.000000000000000000e+00
2.435800000000000182e+03 0.000000000000000000e+00 0.000000000000000000e+00
2.436000000000000000e+03 4.000000000000000000e+00 2.525000000000000000e+11
2.436200000000000273e+03 4.000000000000000000e+00 2.525000000000000000e+11
2.436400000000000091e+03 4.000000000000000000e+00 2.525000000000000000e+11
2.436599999999999909e+03 5.656854249492380582e+00 2.525000000000000000e+11
2.436800000000000182e+03 5.656854249492380582e+00 2.525000000000000000e+11
2.437000000000000000e+03 5.656854249492380582e+00 2.525000000000000000e+11
2.437200000000000273e+03 5.656854249492380582e+00 2.525000000000000000e+11
2.437400000000000091e+03 4.000000000000000000e+00 2.525000000000000000e+11
2.437599999999999909e+03 4.000000000000000000e+00 2.525000000000000000e+11
2.437800000000000182e+03 4.000000000000000000e+00 2.525000000000000000e+11
2.438000000000000000e+03 0.000000000000000000e+00 2.525000000000000000e+11
2.438200000000000273e+03 0.000000000000000000e+00 2.525000000000000000e+11
2.438400000000000091e+03 0.000000000000000000e+00 2.525000000000000000e+11
2.438599999999999909e+03 4.000000000000000000e+00 2.525000000000000000e+11
2.438800000000000182e+03 4.000000000000000000e+00 2.525000000000000000e+11
2.439000000000000000e+03 4.000000000000000000e+00 2.525000000000000000e+11
2.439200000000000273e+03 4.000000000000000000e+00 2.525000000000000000e+11
2.439400000000000091e+03 5.656854249492380582e+00 2.525000000000000000e+11
2.439599999999999909e+03 5.656854249492380582e+00 2.525000000000000000e+11
2.439800000000000182e+03 5.656854249492380582e+00 2.525000000000000000e+11
2.440000000000000000e+03 4.000000000000000000e+00 0.000000000000000000e+00
2.440200000000000273e+03 4.000000000000000000e+00 0.000000000000000000e+00
2.440400000000000091e+03 4.000000000000000000e+00 0.000000000000000000e+00
2.440599999999999909e+03 4.000000000000000000e+00 0.000000000000000000e+00
2.440800000000000182e+03 0.000000000000000000e+00 0.000000000000000000e+00
2.441000000000000000e+03 0.000000000000000000e+00 0.000000000000000000e+00
2.441200000000000273e+03 0.000000000000000000e+00 0.000000000000000000e+00
2.441400000000000091e+03 4.000000000000000000e+00 0.000000000000000000e+00
2.441599999999999909e+03 4.000000000000000000e+00 0.000000000000000000e+00
2.441800000000000182e+03 4.000000000000000000e+00 0.000000000000000000e+00
2.442000000000000000e+03 4.000000000000000000e+00 0.000000000000000000e+00
2.442200000000000273e+03 5.656854249492380582e+00 0.000000000000000000e+00
2.442400000000000091e+03 5.656854249492380582e+00 0.000000000000000000e+00
2.442599999999999909e+03 5.656854249492380582e+00 0.000000000000000000e+00
2.442800000000000182e+03 4.000000000000000000e+00 0.000000000000000000e+00
2.443000000000000000e+03 4.000000000000000000e+00 0.000000000000000000e+00
2.443200000000000273e+03 4.000000000000000000e+00 0.000000000000000000e+00
2.443400000000000091e+03 0.000000000000000000e+00 0.000000000000000000e+00
2.443599999999999909e+03 0.000000000000000000e+00 0.000000000000000000e+00
2.443800000000000182e+03 0.000000000000000000e+00 0.000000000000000000e+00
2.444000000000000000e+03 0.000000000000000000e+00 2.525000000000000000e+11
2.444200000000000273e+03 4.000000000000000000e+00 2.525000000000000000e+11
2.444400000000000091e+03 4.000000000000000000e+00 2.525000000000000000e+11
2.444599999999999909e+03 4.000000000000000000e+00 2.525000000000000000e+11
2.444800000000000182e+03 5.656854249492380582e+00 2.525000000000000000e+11
2.445000000000000000e+03 5.656854249492380582e+00 2.525000000000000000e+11
2.445200000000000273e+03 5.656854249492380582e+00 2.525000000000000000e+11
2.445400000000000091e+03 5.656854249492380582e+00 2.525000000000000000e+11
2.445599999999999909e+03 4.000000000000000000e+00 2.525000000000000000e+11
2.445800000000000182e+03 4.000000000000000000e+00 2.525000000000000000e+11
2.446000000000000000e+03 4.000000000000000000e+00 2.525000000000000000e+11
2.446200000000000273e+03 0.000000000000000000e+00 2.525000000000000000e+11
2.446400000000000091e+03 0.000000000000000000e+00 2.525000000000000000e+11
2.446599999999999909e+03 0.000000000000000000e+00 2.525000000000000000e+11
2.446800000000000182e+03 0.000000000000000000e+00 2.525000000000000000e+11
2.447000000000000000e+03 4.000000000000000000e+00 2.525000000000000000e+11
2.447200000000000273e+03 4.000000000000000000e+00 2.525000000000000000e+11
2.447400000000000091e+03 4.000000000000000000e+00 2.525000000000000000e+11
2.447599999999999909e+03 5.656854249492380582e+00 2.525000000000000000e+11
2.447800000000000182e+03 5.656854249492380582e+00 2.525000000000000000e+11
2.448000000000000000e+03 5.656854249492380582e+00 0.000000000000000000e+00
2.448200000000000273e+03 5.656854249492380582e+00 0.000000000000000000e+00
2.448400000000000091e+03 4.000000000000000000e+00 0.000000000000000000e+00
2.448599999999999909e+03 4.000000000000000000e+00 0.000000000000000000e+00
2.448800000000000182e+03 4.000000000000000000e+00 0.000000000000000000e+00
2.449000000000000000e+03 4.000000000000000000e+00 0.000000000000000000e+00
2.449200000000000273e+03 0.000000000000000000e+00 0.000000000000000000e+00
2.449400000000000091e+03 0.000000000000000000e+00 0.000000000000000000e+00
2.449599999999999909e+03 0.000000000000000000e+00 0.000000000000000000e+00
2.449800000000000182e+03 4.000000000000000000e+00 0.000000000000000000e+00
2.450000000000000000e+03 4.000000000000000000e+00 0.000000000000000000e+00
2.450200000000000273e+03 4.000000000000000000e+00 0.000000000000000000e+00
2.450400000000000091e+03 4.000000000000000000e+00 0.000000000000000000e+00
2.450599999999999909e+03 5.656854249492380582e+00 0.000000000000000000e+00
2.450800000000000182e+03 5.656854249492380582e+00 0.000000000000000000e+00
2.451000000000000000e+03 5.656854249492380582e+00 0.000000000000000000e+00
2.451200000000000273e+03 4.000000000000000000e+00 0.000000000000000000e+00
2.451400000000000091e+03 4.000000000000000000e+00 0.000000000000000000e+00
2.451599999999999909e+03 4.000000000000000000e+00 0.000000000000000000e+00
2.451800000000000182e+03 4.000000000000000000e+00 0.000000000000000000e+00
2.452000000000000000e+03 0.000000000000000000e+00 2.525000000000000000e+11
2.452200000000000273e+03 0.000000000000000000e+00 2.525000000000000000e+11
2.452400000000000091e+03 0.000000000000000000e+00 2.525000000000000000e+11
2.452599999999999909e+03 0.000000000000000000e+00 2.525000000000000000e+11
2.452800000000000182e+03 4.000000000000000000e+00 2.525000000000000000e+11
2.453000000000000000e+03 4.000000000000000000e+00 2.525000000000000000e+11
2.453200000000000273e+03 4.000000000000000000e+00 2.525000000000000000e+11
2.453400000000000091e+03 4.000000000000000000e+00 2.525000000000000000e+11
2.453599999999999909e+03 5.656854249492380582e+00 2.525000000000000000e+11
2.453800000000000182e+03 5.656854249492380582e+00 2.525000000000000000e+11
2.454000000000000000e+03 8.944271909999159220e+00 2.525000000000000000e+11
2.454200000000000273e+03 8.944271909999159220e+00 2.525000000000000000e+11
2.454400000000000091e+03 8.000000000000000000e+00 2.525000000000000000e+11
2.454599999999999909e+03 8.944271909999159220e+00 2.525000000000000000e+11
2.454800000000000182e+03 5.656854249492380582e+00 2.525000000000000000e+11
2.455000000000000000e+03 8.944271909999159220e+00 2.525000000000000000e+11
2.455200000000000273e+03 8.000000000000000000e+00 2.525000000000000000e+11
2.455400000000000091e+03 5.656854249492380582e+00 2.525000000000000000e+11
2.455599999999999909e+03 8.944271909999159220e+00 2.525000000000000000e+11
2.455800000000000182e+03 1.264911064067351809e+01 2.525000000000000000e+11
2.456000000000000000e+03 1.442220510185595650e+01 0.000000000000000000e+00
2.456200000000000273e+03 1.442220510185595650e+01 0.000000000000000000e+00
2.456400000000000091e+03 1.649242250247064234e+01 0.000000000000000000e+00
2.456599999999999909e+03 1.649242250247064234e+01 0.000000000000000000e+00
2.456800000000000182e+03 1.788854381999831844e+01 0.000000000000000000e+00
2.457000000000000000e+03 1.697056274847713908e+01 0.000000000000000000e+00
2.457200000000000273e+03 1.649242250247064234e+01 0.000000000000000000e+00
2.457400000000000091e+03 1.600000000000000000e+01 0.000000000000000000e+00
2.457600000000000364e+03 1.264911064067351809e+01 0.000000000000000000e+00
2.457800000000000182e+03 1.131370849898476116e+01 0.000000000000000000e+00
2.458000000000000000e+03 1.264911064067351809e+01 0.000000000000000000e+00
2.458200000000000273e+03 1.200000000000000000e+01 0.000000000000000000e+00
2.458400000000000091e+03 1.131370849898476116e+01 0.000000000000000000e+00
2.458600000000000364e+03 8.944271909999159220e+00 0.000000000000000000e+00
2.458800000000000182e+03 1.200000000000000000e+01 0.000000000000000000e+00
2.459000000000000000e+03 1.442220510185595650e+01 0.000000000000000000e+00
2.459200000000000273e+03 1.442220510185595650e+01 0.000000000000000000e+00
2.459400000000000091e+03 1.264911064067351809e+01 0.000000000000000000e+00
2.459600000000000364e+03 1.649242250247064234e+01 0.000000000000000000e+00
2.459800000000000182e+03 1.442220510185595650e+01 0.000000000000000000e+00
2.460000000000000000e+03 1.697056274847713908e+01 2.525000000000000000e+11
2.460200000000000273e+03 1.788854381999831844e+01 2.525000000000000000e+11
2.460400000000000091e+03 1.600000000000000000e+01 2.525000000000000000e+11
2.460600000000000364e+03 1.788854381999831844e+01 2.525000000000000000e+11
2.460800000000000182e+03 2.000000000000000000e+01 2.525000000000000000e+11
2.461000000000000000e+03 2.154065922853801496e+01 2.525000000000000000e+11
2.461200000000000273e+03 2.000000000000000000e+01 2.525000000000000000e+11
2.461400000000000091e+03 2.332380757938120297e+01 2.525000000000000000e+11
2.461600000000000364e+03 2.884441020371191300e+01 2.525000000000000000e+11
2.461800000000000182e+03 3.224903099319419653e+01 2.525000000000000000e+11
2.462000000000000000e+03 3.687817782917154830e+01 2.525000000000000000e+11
2.462200000000000273e+03 4.000000000000000000e+01 2.525000000000000000e+11
2.462400000000000091e+03 4.664761515876240594e+01 2.525000000000000000e+11
2.462600000000000364e+03 5.656854249492380404e+01 2.525000000000000000e+11
2.462800000000000182e+03 6.209669878504009688e+01 2.525000000000000000e+11
2.463000000000000000e+03 7.121797525905942905e+01 2.525000000000000000e+11
2.463200000000000273e+03 7.889233169326408301e+01 2.525000000000000000e+11
2.463400000000000091e+03 8.485281374238570606e+01 2.525000000000000000e+11
2.463600000000000364e+03 9.234717104492156636e+01 2.525000000000000000e+11
2.463800000000000182e+03 1.049952379872535033e+02 2.525000000000000000e+11
2.464000000000000000e+03 1.145425685062108272e+02 0.000000000000000000e+00
2.464200000000000273e+03 1.120000000000000000e+02 0.000000000000000000e+00
2.464400000000000091e+03 1.109233969908963786e+02 0.000000000000000000e+00
2.464600000000000364e+03 1.112115101956627541e+02 0.000000000000000000e+00
2.464800000000000182e+03 1.067333125130106737e+02 0.000000000000000000e+00
2.465000000000000000e+03 1.067333125130106737e+02 0.000000000000000000e+00
2.465200000000000273e+03 1.080740486888503682e+02 0.000000000000000000e+00
2.465400000000000091e+03 1.073312629199899106e+02 0.000000000000000000e+00
2.465600000000000364e+03 1.080740486888503682e+02 0.000000000000000000e+00
2.465800000000000182e+03 1.077032961426900783e+02 0.000000000000000000e+00
2.466000000000000000e+03 1.103449137930697788e+02 0.000000000000000000e+00
2.466200000000000273e+03 1.062826420446913858e+02 0.000000000000000000e+00
2.466400000000000091e+03 1.043072384832423865e+02 0.000000000000000000e+00
2.466600000000000364e+03 1.022154587134451020e+02 0.000000000000000000e+00
2.466800000000000182e+03 1.000000000000000000e+02 0.000000000000000000e+00
2.467000000000000000e+03 9.806120537705010065e+01 0.000000000000000000e+00
2.467200000000000273e+03 9.507891459203770523e+01 0.000000000000000000e+00
2.467400000000000091e+03 9.372299611087984772e+01 0.000000000000000000e+00
2.467600000000000364e+03 9.666436778875657865e+01 0.000000000000000000e+00
2.467800000000000182e+03 9.600000000000000000e+01 0.000000000000000000e+00
2.468000000000000000e+03 9.303762679690406401e+01 2.525000000000000000e+11
2.468200000000000273e+03 1.049952379872535033e+02 2.525000000000000000e+11
2.468400000000000091e+03 1.203328716519305885e+02 2.525000000000000000e+11
2.468600000000000364e+03 1.335065541462290923e+02 2.525000000000000000e+11
2.468800000000000182e+03 1.475669339655737247e+02 2.525000000000000000e+11
2.469000000000000000e+03 1.632666530556683995e+02 2.525000000000000000e+11
2.469200000000000273e+03 1.145425685062108272e+02 2.525000000000000000e+11
2.469400000000000091e+03 1.240644993541665855e+02 2.525000000000000000e+11
2.469600000000000364e+03 1.344618905117728787e+02 2.525000000000000000e+11
2.469800000000000182e+03 1.471869559437927819e+02 2.525000000000000000e+11
2.470000000000000000e+03 1.582403235588198527e+02 2.525000000000000000e+11
2.470200000000000273e+03 1.073312629199899106e+02 2.525000000000000000e+11
2.470400000000000091e+03 1.162755348299890699e+02 2.525000000000000000e+11
2.470600000000000364e+03 1.292439553712280826e+02 2.525000000000000000e+11
2.470800000000000182e+03 1.444991349455075351e+02 2.525000000000000000e+11
2.471000000000000000e+03 1.582403235588198527e+02 2.525000000000000000e+11
2.471200000000000273e+03 1.310267148332735871e+02 2.525000000000000000e+11
2.471400000000000091e+03 1.170982493464355798e+02 2.525000000000000000e+11
2.471600000000000364e+03 1.297998459167036174e+02 2.525000000000000000e+11
2.471800000000000182e+03 1.454372717015827448e+02 2.525000000000000000e+11
2.472000000000000000e+03 1.607980099379342391e+02 0.000000000000000000e+00
2.472200000000000273e+03 1.205985074534506793e+02 0.000000000000000000e+00
2.472400000000000091e+03 1.227028932014237341e+02 0.000000000000000000e+00
2.472600000000000364e+03 1.244507934888323604e+02 0.000000000000000000e+00
2.472800000000000182e+03 1.203328716519305885e+02 0.000000000000000000e+00
2.473000000000000000e+03 1.202663710269832649e+02 0.000000000000000000e+00
2.473200000000000273e+03 1.181185844818672024e+02 0.000000000000000000e+00
2.473400000000000091e+03 1.144027971686007277e+02 0.000000000000000000e+00
2.473600000000000364e+03 1.137717012266231364e+02 0.000000000000000000e+00
2.473800000000000182e+03 1.115706054478508236e+02 0.000000000000000000e+00
2.474000000000000000e+03 1.106345334875146449e+02 0.000000000000000000e+00
2.474200000000000273e+03 1.092520022699813040e+02 0.000000000000000000e+00
2.474400000000000091e+03 1.080740486888503682e+02 0.000000000000000000e+00
2.474600000000000364e+03 1.073312629199899106e+02 0.000000000000000000e+00
2.474800000000000182e+03 1.112115101956627541e+02 0.000000000000000000e+00
2.475000000000000000e+03 1.106345334875146449e+02 0.000000000000000000e+00
2.475200000000000273e+03 1.106345334875146449e+02 0.000000000000000000e+00
2.475400000000000091e+03 1.088117640698835515e+02 0.000000000000000000e+00
2.475600000000000364e+03 1.056787585089832504e+02 0.000000000000000000e+00
2.475800000000000182e+03 1.046900186264192030e+02 0.000000000000000000e+00
2.476000000000000000e+03 1.049952379872535033e+02 2.525000000000000000e+11
2.476200000000000273e+03 1.160000000000000000e+02 2.525000000000000000e+11
2.476400000000000091e+03 1.255388386118017223e+02 2.525000000000000000e+11
2.476600000000000364e+03 1.402283851436648376e+02 2.525000000000000000e+11
2.476800000000000182e+03 1.523154621172781731e+02 2.525000000000000000e+11
2.477000000000000000e+03 1.312097557348538146e+02 2.525000000000000000e+11
2.477200000000000273e+03 1.193314711214103880e+02 2.525000000000000000e+11
2.477400000000000091e+03 1.059056183589898126e+02 2.525000000000000000e+11
2.477600000000000364e+03 9.208691546577070142e+01 2.525000000000000000e+11
2.477800000000000182e+03 8.438009243891595190e+01 2.525000000000000000e+11
2.478000000000000000e+03 7.641989269817119634e+01 2.525000000000000000e+11
2.478200000000000273e+03 6.596969000988256937e+01 2.525000000000000000e+11
2.478400000000000091e+03 6.000000000000000000e+01 2.525000000000000000e+11
2.478600000000000364e+03 5.215361924162119323e+01 2.525000000000000000e+11
2.478800000000000182e+03 4.472135954999579610e+01 2.525000000000000000e+11
2.479000000000000000e+03 4.079215610874227593e+01 2.525000000000000000e+11
2.479200000000000273e+03 3.440930106817050671e+01 2.525000000000000000e+11
2.479400000000000091e+03 2.884441020371191300e+01 2.525000000000000000e+11
2.479600000000000364e+03 2.433105012119287736e+01 2.525000000000000000e+11
2.479800000000000182e+03 2.039607805437113797e+01 2.525000000000000000e+11
2.480000000000000000e+03 1.697056274847713908e+01 0.000000000000000000e+00
2.480200000000000273e+03 1.788854381999831844e+01 0.000000000000000000e+00
2.480400000000000091e+03 2.000000000000000000e+01 0.000000000000000000e+00
2.480600000000000364e+03 1.788854381999831844e+01 0.000000000000000000e+00
2.480800000000000182e+03 2.000000000000000000e+01 0.000000000000000000e+00
2.481000000000000000e+03 2.039607805437113797e+01 0.000000000000000000e+00
2.481200000000000273e+03 2.039607805437113797e+01 0.000000000000000000e+00
2.481400000000000091e+03 2.332380757938120297e+01 0.000000000000000000e+00
2.481600000000000364e+03 2.262741699796952233e+01 0.000000000000000000e+00
2.481800000000000182e+03 2.154065922853801496e+01 0.000000000000000000e+00
2.482000000000000000e+03 2.000000000000000000e+01 0.000000000000000000e+00
2.482200000000000273e+03 2.154065922853801496e+01 0.000000000000000000e+00
2.482400000000000091e+03 1.697056274847713908e+01 0.000000000000000000e+00
2.482600000000000364e+03 1.649242250247064234e+01 0.000000000000000000e+00
2.482800000000000182e+03 1.649242250247064234e+01 0.000000000000000000e+00
2.483000000000000000e+03 1.442220510185595650e+01 0.000000000000000000e+00
2.483200000000000273e+03 1.442220510185595650e+01 0.000000000000000000e+00
2.483400000000000091e+03 1.600000000000000000e+01 0.000000000000000000e+00
2.483600000000000364e+03 1.788854381999831844e+01 0.000000000000000000e+00
2.483800000000000182e+03 1.697056274847713908e+01 0.000000000000000000e+00
2.484000000000000000e+03 2.039607805437113797e+01 2.525000000000000000e+11
2.484200000000000273e+03 1.600000000000000000e+01 2.525000000000000000e+11
2.484400000000000091e+03 1.788854381999831844e+01 2.525000000000000000e+11
2.484600000000000364e+03 1.697056274847713908e+01 2.525000000000000000e+11
2.484800000000000182e+03 1.442220510185595650e+01 2.525000000000000000e+11
2.485000000000000000e+03 1.200000000000000000e+01 2.525000000000000000e+11
2.485200000000000273e+03 8.000000000000000000e+00 2.525000000000000000e+11
2.485400000000000091e+03 8.944271909999159220e+00 2.525000000000000000e+11
2.485600000000000364e+03 5.656854249492380582e+00 2.525000000000000000e+11
2.485800000000000182e+03 4.000000000000000000e+00 2.525000000000000000e+11
2.486000000000000000e+03 4.000000000000000000e+00 2.525000000000000000e+11
2.486200000000000273e+03 0.000000000000000000e+00 2.525000000000000000e+11
2.486400000000000091e+03 0.000000000000000000e+00 2.525000000000000000e+11
2.486600000000000364e+03 4.000000000000000000e+00 2.525000000000000000e+11
2.486800000000000182e+03 4.000000000000000000e+00 2.525000000000000000e+11
2.487000000000000000e+03 4.000000000000000000e+00 2.525000000000000000e+11
2.487200000000000273e+03 4.000000000000000000e+00 2.525000000000000000e+11
2.487400000000000091e+03 5.656854249492380582e+00 2.525000000000000000e+11
2.487600000000000364e+03 5.656854249492380582e+00 2.525000000000000000e+11
2.487800000000000182e+03 5.656854249492380582e+00 2.525000000000000000e+11
2.488000000000000000e+03 5.656854249492380582e+00 0.000000000000000000e+00
2.488200000000000273e+03 4.000000000000000000e+00 0.000000000000000000e+00
2.488400000000000091e+03 4.000000000000000000e+00 0.000000000000000000e+00
2.488600000000000364e+03 4.000000000000000000e+00 0.000000000000000000e+00
2.488800000000000182e+03 4.000000000000000000e+00 0.000000000000000000e+00
2.489000000000000000e+03 0.000000000000000000e+00 0.000000000000000000e+00
2.489200000000000273e+03 0.000000000000000000e+00 0.000000000000000000e+00
2.489400000000000091e+03 0.000000000000000000e+00 0.000000000000000000e+00
2.489600000000000364e+03 4.000000000000000000e+00 0.000000000000000000e+00
2.489800000000000182e+03 4.000000000000000000e+00 0.000000000000000000e+00
2.490000000000000000e+03 4.000000000000000000e+00 0.000000000000000000e+00
2.490200000000000273e+03 4.000000000000000000e+00 0.000000000000000000e+00
2.490400000000000091e+03 5.656854249492380582e+00 0.000000000000000000e+00
2.490600000000000364e+03 5.656854249492380582e+00 0.000000000000000000e+00
2.490800000000000182e+03 5.656854249492380582e+00 0.000000000000000000e+00
2.491000000000000000e+03 4.000000000000000000e+00 0.000000000000000000e+00
2.491200000000000273e+03 4.000000000000000000e+00 0.000000000000000000e+00
2.491400000000000091e+03 4.000000000000000000e+00 0.000000000000000000e+00
2.491600000000000364e+03 4.000000000000000000e+00 0.000000000000000000e+00
2.491800000000000182e+03 0.000000000000000000e+00 0.000000000000000000e+00
2.492000000000000000e+03 0.000000000000000000e+00 2.525000000000000000e+11
2.492200000000000273e+03 0.000000000000000000e+00 2.525000000000000000e+11
2.492400000000000091e+03 4.000000000000000000e+00 2.525000000000000000e+11
2.492600000000000364e+03 4.000000000000000000e+00 2.525000000000000000e+11
2.492800000000000182e+03 4.000000000000000000e+00 2.525000000000000000e+11
2.493000000000000000e+03 4.000000000000000000e+00 2.525000000000000000e+11
2.493200000000000273e+03 5.656854249492380582e+00 2.525000000000000000e+11
2.493400000000000091e+03 5.656854249492380582e+00 2.525000000000000000e+11
2.493600000000000364e+03 5.656854249492380582e+00 2.525000000000000000e+11
2.493800000000000182e+03 4.000000000000000000e+00 2.525000000000000000e+11
2.494000000000000000e+03 4.000000000000000000e+00 2.525000000000000000e+11
2.494200000000000273e+03 4.000000000000000000e+00 2.525000000000000000e+11
2.494400000000000091e+03 4.000000000000000000e+00 2.525000000000000000e+11
2.494600000000000364e+03 0.000000000000000000e+00 2.525000000000000000e+11
2.494800000000000182e+03 0.000000000000000000e+00 2.525000000000000000e+11
2.495000000000000000e+03 0.000000000000000000e+00 2.525000000000000000e+11
2.495200000000000273e+03 4.000000000000000000e+00 2.525000000000000000e+11
2.495400000000000091e+03 4.000000000000000000e+00 2.525000000000000000e+11
2.495600000000000364e+03 4.000000000000000000e+00 2.525000000000000000e+11
2.495800000000000182e+03 4.000000000000000000e+00 2.525000000000000000e+11
2.496000000000000000e+03 5.656854249492380582e+00 0.000000000000000000e+00
2.496200000000000273e+03 5.656854249492380582e+00 0.000000000000000000e+00
2.496400000000000091e+03 5.656854249492380582e+00 0.000000000000000000e+00
2.496600000000000364e+03 4.000000000000000000e+00 0.000000000000000000e+00
2.496800000000000182e+03 4.000000000000000000e+00 0.000000000000000000e+00
2.497000000000000000e+03 4.000000000000000000e+00 0.000000000000000000e+00
2.497200000000000273e+03 4.000000000000000000e+00 0.000000000000000000e+00
2.497400000000000091e+03 0.000000000000000000e+00 0.000000000000000000e+00
2.497600000000000364e+03 0.000000000000000000e+00 0.000000000000000000e+00
2.497800000000000182e+03 0.000000000000000000e+00 0.000000000000000000e+00
2.498000000000000000e+03 4.000000000000000000e+00 0.000000000000000000e+00
2.498200000000000273e+03 4.000000000000000000e+00 0.000000000000000000e+00
2.498400000000000091e+03 4.000000000000000000e+00 0.000000000000000000e+00
2.498600000000000364e+03 4.000000000000000000e+00 0.000000000000000000e+00
2.498800000000000182e+03 5.656854249492380582e+00 0.000000000000000000e+00
2.499000000000000000e+03 5.656854249492380582e+00 0.000000000000000000e+00
2.499200000000000273e+03 5.656854249492380582e+00 0.000000000000000000e+00
2.499400000000000091e+03 4.000000000000000000e+00 0.000000000000000000e+00
2.499600000000000364e+03 4.000000000000000000e+00 0.000000000000000000e+00
2.499800000000000182e+03 4.000000000000000000e+00 0.000000000000000000e+00
2.500000000000000000e+03 0.000000000000000000e+00 2.525000000000000000e+11
2.500200000000000273e+03 0.000000000000000000e+00 2.525000000000000000e+11
2.500400000000000091e+03 0.000000000000000000e+00 2.525000000000000000e+11
2.500600000000000364e+03 0.000000000000000000e+00 2.525000000000000000e+11
2.500800000000000182e+03 4.000000000000000000e+00 2.525000000000000000e+11
2.501000000000000000e+03 4.000000000000000000e+00 2.525000000000000000e+11
2.501200000000000273e+03 4.000000000000000000e+00 2.525000000000000000e+11
2.501400000000000091e+03 5.656854249492380582e+00 2.525000000000000000e+11
2.501600000000000364e+03 5.656854249492380582e+00 2.525000000000000000e+11
2.501800000000000182e+03 5.656854249492380582e+00 2.525000000000000000e+11
2.502000000000000000e+03 5.656854249492380582e+00 2.525000000000000000e+11
2.502200000000000273e+03 4.000000000000000000e+00 2.525000000000000000e+11
2.502400000000000091e+03 4.000000000000000000e+00 2.525000000000000000e+11
2.502600000000000364e+03 4.000000000000000000e+00 2.525000000000000000e+11
2.502800000000000182e+03 0.000000000000000000e+00 2.525000000000000000e+11
2.503000000000000000e+03 0.000000000000000000e+00 2.525000000000000000e+11
2.503200000000000273e+03 0.000000000000000000e+00 2.525000000000000000e+11
2.503400000000000091e+03 0.000000000000000000e+00 2.525000000000000000e+11
2.503600000000000364e+03 4.000000000000000000e+00 2.525000000000000000e+11
2.503800000000000182e+03 4.000000000000000000e+00 2.525000000000000000e+11
2.504000000000000000e+03 4.000000000000000000e+00 0.000000000000000000e+00
2.504200000000000273e+03 5.656854249492380582e+00 0.000000000000000000e+00
2.504400000000000091e+03 5.656854249492380582e+00 0.000000000000000000e+00
2.504600000000000364e+03 5.656854249492380582e+00 0.000000000000000000e+00
2.504800000000000182e+03 4.000000000000000000e+00 0.000000000000000000e+00
2.505000000000000000e+03 4.000000000000000000e+00 0.000000000000000000e+00
2.505200000000000273e+03 4.000000000000000000e+00 0.000000000000000000e+00
2.505400000000000091e+03 4.000000000000000000e+00 0.000000000000000000e+00
2.505600000000000364e+03 0.000000000000000000e+00 0.000000000000000000e+00
2.505800000000000182e+03 0.000000000000000000e+00 0.000000000000000000e+00
2.506000000000000000e+03 0.000000000000000000e+00 0.000000000000000000e+00
2.506200000000000273e+03 4.000000000000000000e+00 0.000000000000000000e+00
2.506400000000000091e+03 4.000000000000000000e+00 0.000000000000000000e+00
2.506600000000000364e+03 4.000000000000000000e+00 0.000000000000000000e+00
2.506800000000000182e+03 4.000000000000000000e+00 0.000000000000000000e+00
2.507000000000000000e+03 5.656854249492380582e+00 0.000000000000000000e+00
2.507200000000000273e+03 5.656854249492380582e+00 0.000000000000000000e+00
2.507400000000000091e+03 5.656854249492380582e+00 0.000000000000000000e+00
2.507600000000000364e+03 4.000000000000000000e+00 0.000000000000000000e+00
2.507800000000000182e+03 4.000000000000000000e+00 0.000000000000000000e+00
2.508000000000000000e+03 4.000000000000000000e+00 2.525000000000000000e+11
2.508200000000000273e+03 4.000000000000000000e+00 2.525000000000000000e+11
2.508400000000000091e+03 0.000000000000000000e+00 2.525000000000000000e+11
2.508600000000000364e+03 0.000000000000000000e+00 2.525000000000000000e+11
2.508800000000000182e+03 0.000000000000000000e+00 2.525000000000000000e+11
2.509000000000000000e+03 4.000000000000000000e+00 2.525000000000000000e+11
2.509200000000000273e+03 4.000000000000000000e+00 2.525000000000000000e+11
2.509400000000000091e+03 4.000000000000000000e+00 2.525000000000000000e+11
2.509600000000000364e+03 5.656854249492380582e+00 2.525000000000000000e+11
2.509800000000000182e+03 5.656854249492380582e+00 2.525000000000000000e+11
2.510000000000000000e+03 5.656854249492380582e+00 2.525000000000000000e+11
2.510200000000000273e+03 5.656854249492380582e+00 2.525000000000000000e+11
2.510400000000000091e+03 4.000000000000000000e+00 2.525000000000000000e+11
2.510600000000000364e+03 4.000000000000000000e+00 2.525000000000000000e+11
2.510800000000000182e+03 4.000000000000000000e+00 2.525000000000000000e+11
2.511000000000000000e+03 0.000000000000000000e+00 2.525000000000000000e+11
2.511200000000000273e+03 0.000000000000000000e+00 2.525000000000000000e+11
2.511400000000000091e+03 0.000000000000000000e+00 2.525000000000000000e+11
2.511600000000000364e+03 0.000000000000000000e+00 2.525000000000000000e+11
2.511800000000000182e+03 4.000000000000000000e+00 2.525000000000000000e+11
2.512000000000000000e+03 4.000000000000000000e+00 0.000000000000000000e+00
2.512200000000000273e+03 4.000000000000000000e+00 0.000000000000000000e+00
2.512400000000000091e+03 5.656854249492380582e+00 0.000000000000000000e+00
2.512600000000000364e+03 5.656854249492380582e+00 0.000000000000000000e+00
2.512800000000000182e+03 5.656854249492380582e+00 0.000000000000000000e+00
2.513000000000000000e+03 5.656854249492380582e+00 0.000000000000000000e+00
2.513200000000000273e+03 4.000000000000000000e+00 0.000000000000000000e+00
2.513400000000000091e+03 4.000000000000000000e+00 0.000000000000000000e+00
2.513600000000000364e+03 4.000000000000000000e+00 0.000000000000000000e+00
2.513800000000000182e+03 0.000000000000000000e+00 0.000000000000000000e+00
2.514000000000000000e+03 0.000000000000000000e+00 0.000000000000000000e+00
2.514200000000000273e+03 0.000000000000000000e+00 0.000000000000000000e+00
2.514400000000000091e+03 4.000000000000000000e+00 0.000000000000000000e+00
2.514600000000000364e+03 4.000000000000000000e+00 0.000000000000000000e+00
2.514800000000000182e+03 4.000000000000000000e+00 0.000000000000000000e+00
2.515000000000000000e+03 4.000000000000000000e+00 0.000000000000000000e+00
2.515200000000000273e+03 5.656854249492380582e+00 0.000000000000000000e+00
2.515400000000000091e+03 5.656854249492380582e+00 0.000000000000000000e+00
2.515600000000000364e+03 5.656854249492380582e+00 0.000000000000000000e+00
2.515800000000000182e+03 4.000000000000000000e+00 0.000000000000000000e+00
2.516000000000000000e+03 4.000000000000000000e+00 2.525000000000000000e+11
2.516200000000000273e+03 4.000000000000000000e+00 2.525000000000000000e+11
2.516400000000000091e+03 4.000000000000000000e+00 2.525000000000000000e+11
2.516600000000000364e+03 0.000000000000000000e+00 2.525000000000000000e+11
2.516800000000000182e+03 0.000000000000000000e+00 2.525000000000000000e+11
2.517000000000000000e+03 0.000000000000000000e+00 2.525000000000000000e+11
2.517200000000000273e+03 4.000000000000000000e+00 2.525000000000000000e+11
2.517400000000000091e+03 4.000000000000000000e+00 2.525000000000000000e+11
2.517600000000000364e+03 4.000000000000000000e+00 2.525000000000000000e+11
2.517800000000000182e+03 4.000000000000000000e+00 2.525000000000000000e+11
2.518000000000000000e+03 5.656854249492380582e+00 2.525000000000000000e+11
2.518200000000000273e+03 5.656854249492380582e+00 2.525000000000000000e+11
2.518400000000000091e+03 5.656854249492380582e+00 2.525000000000000000e+11
2.518600000000000364e+03 4.000000000000000000e+00 2.525000000000000000e+11
2.518800000000000182e+03 4.000000000000000000e+00 2.525000000000000000e+11
2.519000000000000000e+03 4.000000000000000000e+00 2.525000000000000000e+11
2.519200000000000273e+03 4.000000000000000000e+00 2.525000000000000000e+11
2.519400000000000091e+03 0.000000000000000000e+00 2.525000000000000000e+11
2.519600000000000364e+03 0.000000000000000000e+00 2.525000000000000000e+11
2.519800000000000182e+03 0.000000000000000000e+00 2.525000000000000000e+11
