2.520000000000000000e+03 4.000000000000000000e+00 0.000000000000000000e+00
2.520200000000000273e+03 4.000000000000000000e+00 0.000000000000000000e+00
2.520400000000000091e+03 4.000000000000000000e+00 0.000000000000000000e+00
2.520600000000000364e+03 5.656854249492380582e+00 0.000000000000000000e+00
2.520800000000000182e+03 5.656854249492380582e+00 0.000000000000000000e+00
2.521000000000000000e+03 5.656854249492380582e+00 0.000000000000000000e+00
2.521200000000000273e+03 5.656854249492380582e+00 0.000000000000000000e+00
2.521400000000000091e+03 5.656854249492380582e+00 0.000000000000000000e+00
2.521600000000000364e+03 5.656854249492380582e+00 0.000000000000000000e+00
2.521800000000000182e+03 4.000000000000000000e+00 0.000000000000000000e+00
2.522000000000000000e+03 5.656854249492380582e+00 0.000000000000000000e+00
2.522200000000000273e+03 5.656854249492380582e+00 0.000000000000000000e+00
2.522400000000000091e+03 4.000000000000000000e+00 0.000000000000000000e+00
2.522600000000000364e+03 5.656854249492380582e+00 0.000000000000000000e+00
2.522800000000000182e+03 5.656854249492380582e+00 0.000000000000000000e+00
2.523000000000000000e+03 5.656854249492380582e+00 0.000000000000000000e+00
2.523200000000000273e+03 5.656854249492380582e+00 0.000000000000000000e+00
2.523400000000000091e+03 5.656854249492380582e+00 0.000000000000000000e+00
2.523600000000000364e+03 5.656854249492380582e+00 0.000000000000000000e+00
2.523800000000000182e+03 5.656854249492380582e+00 0.000000000000000000e+00
2.524000000000000000e+03 5.656854249492380582e+00 2.550000200000000000e+11
2.524200000000000273e+03 5.656854249492380582e+00 2.550000200000000000e+11
2.524400000000000091e+03 5.656854249492380582e+00 2.550000200000000000e+11
2.524600000000000364e+03 5.656854249492380582e+00 2.550000200000000000e+11
2.524800000000000182e+03 4.000000000000000000e+00 2.550000200000000000e+11
2.525000000000000000e+03 4.000000000000000000e+00 2.550000200000000000e+11
2.525200000000000273e+03 4.000000000000000000e+00 2.550000200000000000e+11
2.525400000000000091e+03 4.000000000000000000e+00 2.550000200000000000e+11
2.525600000000000364e+03 0.000000000000000000e+00 2.550000200000000000e+11
2.525800000000000182e+03 0.000000000000000000e+00 2.550000200000000000e+11
2.526000000000000000e+03 4.000000000000000000e+00 2.550000200000000000e+11
2.526200000000000273e+03 4.000000000000000000e+00 2.550000200000000000e+11
2.526400000000000091e+03 4.000000000000000000e+00 2.550000200000000000e+11
2.526600000000000364e+03 5.656854249492380582e+00 2.550000200000000000e+11
2.526800000000000182e+03 5.656854249492380582e+00 2.550000200000000000e+11
2.527000000000000000e+03 5.656854249492380582e+00 2.550000200000000000e+11
2.527200000000000273e+03 5.656854249492380582e+00 2.550000200000000000e+11
2.527400000000000091e+03 5.656854249492380582e+00 2.550000200000000000e+11
2.527600000000000364e+03 4.000000000000000000e+00 2.550000200000000000e+11
2.527800000000000182e+03 4.000000000000000000e+00 2.550000200000000000e+11
2.528000000000000000e+03 4.000000000000000000e+00 0.000000000000000000e+00
2.528200000000000273e+03 0.000000000000000000e+00 0.000000000000000000e+00
2.528400000000000091e+03 0.000000000000000000e+00 0.000000000000000000e+00
2.528600000000000364e+03 0.000000000000000000e+00 0.000000000000000000e+00
2.528800000000000182e+03 4.000000000000000000e+00 0.000000000000000000e+00
2.529000000000000000e+03 4.000000000000000000e+00 0.000000000000000000e+00
2.529200000000000273e+03 4.000000000000000000e+00 0.000000000000000000e+00
2.529400000000000091e+03 5.656854249492380582e+00 0.000000000000000000e+00
2.529600000000000364e+03 5.656854249492380582e+00 0.000000000000000000e+00
2.529800000000000182e+03 5.656854249492380582e+00 0.000000000000000000e+00
2.530000000000000000e+03 5.656854249492380582e+00 0.000000000000000000e+00
2.530200000000000273e+03 4.000000000000000000e+00 0.000000000000000000e+00
2.530400000000000091e+03 4.000000000000000000e+00 0.000000000000000000e+00
2.530600000000000364e+03 4.000000000000000000e+00 0.000000000000000000e+00
2.530800000000000182e+03 0.000000000000000000e+00 0.000000000000000000e+00
2.531000000000000000e+03 0.000000000000000000e+00 0.000000000000000000e+00
2.531200000000000273e+03 0.000000000000000000e+00 0.000000000000000000e+00
2.531400000000000091e+03 0.000000000000000000e+00 0.000000000000000000e+00
2.531600000000000364e+03 4.000000000000000000e+00 0.000000000000000000e+00
2.531800000000000182e+03 4.000000000000000000e+00 0.000000000000000000e+00
2.532000000000000000e+03 4.000000000000000000e+00 2.550000200000000000e+11
2.532200000000000273e+03 5.656854249492380582e+00 2.550000200000000000e+11
2.532400000000000091e+03 5.656854249492380582e+00 2.550000200000000000e+11
2.532600000000000364e+03 5.656854249492380582e+00 2.550000200000000000e+11
2.532800000000000182e+03 5.656854249492380582e+00 2.550000200000000000e+11
2.533000000000000000e+03 4.000000000000000000e+00 2.550000200000000000e+11
2.533200000000000273e+03 4.000000000000000000e+00 2.550000200000000000e+11
2.533400000000000091e+03 4.000000000000000000e+00 2.550000200000000000e+11
2.533600000000000364e+03 0.000000000000000000e+00 2.550000200000000000e+11
2.533800000000000182e+03 0.000000000000000000e+00 2.550000200000000000e+11
2.534000000000000000e+03 0.000000000000000000e+00 2.550000200000000000e+11
2.534200000000000273e+03 4.000000000000000000e+00 2.550000200000000000e+11
2.534400000000000091e+03 4.000000000000000000e+00 2.550000200000000000e+11
2.534600000000000364e+03 4.000000000000000000e+00 2.550000200000000000e+11
2.534800000000000182e+03 4.000000000000000000e+00 2.550000200000000000e+11
2.535000000000000000e+03 5.656854249492380582e+00 2.550000200000000000e+11
2.535200000000000273e+03 5.656854249492380582e+00 2.550000200000000000e+11
2.535400000000000091e+03 5.656854249492380582e+00 2.550000200000000000e+11
2.535600000000000364e+03 4.000000000000000000e+00 2.550000200000000000e+11
2.535800000000000182e+03 4.000000000000000000e+00 2.550000200000000000e+11
2.536000000000000000e+03 4.000000000000000000e+00 0.000000000000000000e+00
2.536200000000000273e+03 4.000000000000000000e+00 0.000000000000000000e+00
2.536400000000000091e+03 0.000000000000000000e+00 0.000000000000000000e+00
2.536600000000000364e+03 0.000000000000000000e+00 0.000000000000000000e+00
2.536800000000000182e+03 0.000000000000000000e+00 0.000000000000000000e+00
2.537000000000000000e+03 4.000000000000000000e+00 0.000000000000000000e+00
2.537200000000000273e+03 4.000000000000000000e+00 0.000000000000000000e+00
2.537400000000000091e+03 4.000000000000000000e+00 0.000000000000000000e+00
2.537600000000000364e+03 5.656854249492380582e+00 0.000000000000000000e+00
2.537800000000000182e+03 5.656854249492380582e+00 0.000000000000000000e+00
2.538000000000000000e+03 5.656854249492380582e+00 0.000000000000000000e+00
2.538200000000000273e+03 5.656854249492380582e+00 0.000000000000000000e+00
2.538400000000000091e+03 4.000000000000000000e+00 0.000000000000000000e+00
2.538600000000000364e+03 4.000000000000000000e+00 0.000000000000000000e+00
2.538800000000000182e+03 4.000000000000000000e+00 0.000000000000000000e+00
2.539000000000000000e+03 0.000000000000000000e+00 0.000000000000000000e+00
2.539200000000000273e+03 0.000000000000000000e+00 0.000000000000000000e+00
2.539400000000000091e+03 0.000000000000000000e+00 0.000000000000000000e+00
2.539600000000000364e+03 0.000000000000000000e+00 0.000000000000000000e+00
2.539800000000000182e+03 4.000000000000000000e+00 0.000000000000000000e+00
2.540000000000000000e+03 4.000000000000000000e+00 2.550000200000000000e+11
2.540200000000000273e+03 4.000000000000000000e+00 2.550000200000000000e+11
2.540400000000000091e+03 5.656854249492380582e+00 2.550000200000000000e+11
2.540600000000000364e+03 5.656854249492380582e+00 2.550000200000000000e+11
2.540800000000000182e+03 5.656854249492380582e+00 2.550000200000000000e+11
2.541000000000000000e+03 5.656854249492380582e+00 2.550000200000000000e+11
2.541200000000000273e+03 4.000000000000000000e+00 2.550000200000000000e+11
2.541400000000000091e+03 4.000000000000000000e+00 2.550000200000000000e+11
2.541600000000000364e+03 4.000000000000000000e+00 2.550000200000000000e+11
2.541800000000000182e+03 0.000000000000000000e+00 2.550000200000000000e+11
2.542000000000000000e+03 0.000000000000000000e+00 2.550000200000000000e+11
2.542200000000000273e+03 0.000000000000000000e+00 2.550000200000000000e+11
2.542400000000000091e+03 4.000000000000000000e+00 2.550000200000000000e+11
2.542600000000000364e+03 4.000000000000000000e+00 2.550000200000000000e+11
2.542800000000000182e+03 4.000000000000000000e+00 2.550000200000000000e+11
2.543000000000000000e+03 4.000000000000000000e+00 2.550000200000000000e+11
2.543200000000000273e+03 5.656854249492380582e+00 2.550000200000000000e+11
2.543400000000000091e+03 5.656854249492380582e+00 2.550000200000000000e+11
2.543600000000000364e+03 5.656854249492380582e+00 2.550000200000000000e+11
2.543800000000000182e+03 4.000000000000000000e+00 2.550000200000000000e+11
2.544000000000000000e+03 4.000000000000000000e+00 0.000000000000000000e+00
2.544200000000000273e+03 4.000000000000000000e+00 0.000000000000000000e+00
2.544400000000000091e+03 4.000000000000000000e+00 0.000000000000000000e+00
2.544600000000000364e+03 0.000000000000000000e+00 0.000000000000000000e+00
2.544800000000000182e+03 0.000000000000000000e+00 0.000000000000000000e+00
2.545000000000000000e+03 0.000000000000000000e+00 0.000000000000000000e+00
2.545200000000000273e+03 4.000000000000000000e+00 0.000000000000000000e+00
2.545400000000000091e+03 4.000000000000000000e+00 0.000000000000000000e+00
2.545600000000000364e+03 4.000000000000000000e+00 0.000000000000000000e+00
2.545800000000000182e+03 5.656854249492380582e+00 0.000000000000000000e+00
2.546000000000000000e+03 5.656854249492380582e+00 0.000000000000000000e+00
2.546200000000000273e+03 5.656854249492380582e+00 0.000000000000000000e+00
2.546400000000000091e+03 5.656854249492380582e+00 0.000000000000000000e+00
2.546600000000000364e+03 4.000000000000000000e+00 0.000000000000000000e+00
2.546800000000000182e+03 4.000000000000000000e+00 0.000000000000000000e+00
2.547000000000000000e+03 4.000000000000000000e+00 0.000000000000000000e+00
2.547200000000000273e+03 0.000000000000000000e+00 0.000000000000000000e+00
2.547400000000000091e+03 0.000000000000000000e+00 0.000000000000000000e+00
2.547600000000000364e+03 0.000000000000000000e+00 0.000000000000000000e+00
2.547800000000000182e+03 0.000000000000000000e+00 0.000000000000000000e+00
2.548000000000000000e+03 4.000000000000000000e+00 2.550000200000000000e+11
2.548200000000000273e+03 4.000000000000000000e+00 2.550000200000000000e+11
2.548400000000000091e+03 4.000000000000000000e+00 2.550000200000000000e+11
2.548600000000000364e+03 5.656854249492380582e+00 2.550000200000000000e+11
2.548800000000000182e+03 5.656854249492380582e+00 2.550000200000000000e+11
2.549000000000000000e+03 5.656854249492380582e+00 2.550000200000000000e+11
2.549200000000000273e+03 4.000000000000000000e+00 2.550000200000000000e+11
2.549400000000000091e+03 4.000000000000000000e+00 2.550000200000000000e+11
2.549600000000000364e+03 4.000000000000000000e+00 2.550000200000000000e+11
2.549800000000000182e+03 4.000000000000000000e+00 2.550000200000000000e+11
2.550000000000000000e+03 0.000000000000000000e+00 2.550000200000000000e+11
2.550200000000000273e+03 0.000000000000000000e+00 2.550000200000000000e+11
2.550400000000000091e+03 0.000000000000000000e+00 2.550000200000000000e+11
2.550600000000000364e+03 4.000000000000000000e+00 2.550000200000000000e+11
2.550800000000000182e+03 4.000000000000000000e+00 2.550000200000000000e+11
2.551000000000000000e+03 4.000000000000000000e+00 2.550000200000000000e+11
2.551200000000000273e+03 4.000000000000000000e+00 2.550000200000000000e+11
2.551400000000000091e+03 5.656854249492380582e+00 2.550000200000000000e+11
2.551600000000000364e+03 5.656854249492380582e+00 2.550000200000000000e+11
2.551800000000000182e+03 5.656854249492380582e+00 2.550000200000000000e+11
2.552000000000000000e+03 4.000000000000000000e+00 0.000000000000000000e+00
2.552200000000000273e+03 4.000000000000000000e+00 0.000000000000000000e+00
2.552400000000000091e+03 4.000000000000000000e+00 0.000000000000000000e+00
2.552600000000000364e+03 4.000000000000000000e+00 0.000000000000000000e+00
2.552800000000000182e+03 0.000000000000000000e+00 0.000000000000000000e+00
2.553000000000000000e+03 0.000000000000000000e+00 0.000000000000000000e+00
2.553200000000000273e+03 0.000000000000000000e+00 0.000000000000000000e+00
2.553400000000000091e+03 4.000000000000000000e+00 0.000000000000000000e+00
2.553600000000000364e+03 4.000000000000000000e+00 0.000000000000000000e+00
2.553800000000000182e+03 4.000000000000000000e+00 0.000000000000000000e+00
2.554000000000000000e+03 5.656854249492380582e+00 0.000000000000000000e+00
2.554200000000000273e+03 5.656854249492380582e+00 0.000000000000000000e+00
2.554400000000000091e+03 5.656854249492380582e+00 0.000000000000000000e+00
2.554600000000000364e+03 5.656854249492380582e+00 0.000000000000000000e+00
2.554800000000000182e+03 4.000000000000000000e+00 0.000000000000000000e+00
2.555000000000000000e+03 4.000000000000000000e+00 0.000000000000000000e+00
2.555200000000000273e+03 4.000000000000000000e+00 0.000000000000000000e+00
2.555400000000000091e+03 0.000000000000000000e+00 0.000000000000000000e+00
2.555600000000000364e+03 0.000000000000000000e+00 0.000000000000000000e+00
2.555800000000000182e+03 0.000000000000000000e+00 0.000000000000000000e+00
2.556000000000000000e+03 0.000000000000000000e+00 2.550000200000000000e+11
2.556200000000000273e+03 4.000000000000000000e+00 2.550000200000000000e+11
2.556400000000000091e+03 4.000000000000000000e+00 2.550000200000000000e+11
2.556600000000000364e+03 4.000000000000000000e+00 2.550000200000000000e+11
2.556800000000000182e+03 5.656854249492380582e+00 2.550000200000000000e+11
2.557000000000000000e+03 5.656854249492380582e+00 2.550000200000000000e+11
2.557200000000000273e+03 5.656854249492380582e+00 2.550000200000000000e+11
2.557400000000000091e+03 4.000000000000000000e+00 2.550000200000000000e+11
2.557600000000000364e+03 4.000000000000000000e+00 2.550000200000000000e+11
2.557800000000000182e+03 4.000000000000000000e+00 2.550000200000000000e+11
2.558000000000000000e+03 4.000000000000000000e+00 2.550000200000000000e+11
2.558200000000000273e+03 0.000000000000000000e+00 2.550000200000000000e+11
2.558400000000000091e+03 0.000000000000000000e+00 2.550000200000000000e+11
2.558600000000000364e+03 0.000000000000000000e+00 2.550000200000000000e+11
2.558800000000000182e+03 4.000000000000000000e+00 2.550000200000000000e+11
2.559000000000000000e+03 4.000000000000000000e+00 2.550000200000000000e+11
2.559200000000000273e+03 4.000000000000000000e+00 2.550000200000000000e+11
2.559400000000000091e+03 4.000000000000000000e+00 2.550000200000000000e+11
2.559600000000000364e+03 5.656854249492380582e+00 2.550000200000000000e+11
2.559800000000000182e+03 5.656854249492380582e+00 2.550000200000000000e+11
2.560000000000000000e+03 5.656854249492380582e+00 0.000000000000000000e+00
2.560200000000000273e+03 4.000000000000000000e+00 0.000000000000000000e+00
2.560400000000000091e+03 4.000000000000000000e+00 0.000000000000000000e+00
2.560600000000000364e+03 4.000000000000000000e+00 0.000000000000000000e+00
2.560800000000000182e+03 4.000000000000000000e+00 0.000000000000000000e+00
2.561000000000000000e+03 0.000000000000000000e+00 0.000000000000000000e+00
2.561200000000000273e+03 0.000000000000000000e+00 0.000000000000000000e+00
2.561400000000000091e+03 0.000000000000000000e+00 0.000000000000000000e+00
2.561600000000000364e+03 4.000000000000000000e+00 0.000000000000000000e+00
2.561800000000000182e+03 4.000000000000000000e+00 0.000000000000000000e+00
2.562000000000000000e+03 4.000000000000000000e+00 0.000000000000000000e+00
2.562200000000000273e+03 5.656854249492380582e+00 0.000000000000000000e+00
2.562400000000000091e+03 5.656854249492380582e+00 0.000000000000000000e+00
2.562600000000000364e+03 5.656854249492380582e+00 0.000000000000000000e+00
2.562800000000000182e+03 5.656854249492380582e+00 0.000000000000000000e+00
2.563000000000000000e+03 4.000000000000000000e+00 0.000000000000000000e+00
2.563200000000000273e+03 4.000000000000000000e+00 0.000000000000000000e+00
2.563400000000000091e+03 4.000000000000000000e+00 0.000000000000000000e+00
2.563600000000000364e+03 0.000000000000000000e+00 0.000000000000000000e+00
2.563800000000000182e+03 0.000000000000000000e+00 0.000000000000000000e+00
2.564000000000000000e+03 0.000000000000000000e+00 2.550000200000000000e+11
2.564200000000000273e+03 0.000000000000000000e+00 2.550000200000000000e+11
2.564400000000000091e+03 4.000000000000000000e+00 2.550000200000000000e+11
2.564600000000000364e+03 4.000000000000000000e+00 2.550000200000000000e+11
2.564800000000000182e+03 4.000000000000000000e+00 2.550000200000000000e+11
2.565000000000000000e+03 5.656854249492380582e+00 2.550000200000000000e+11
2.565200000000000273e+03 5.656854249492380582e+00 2.550000200000000000e+11
2.565400000000000091e+03 5.656854249492380582e+00 2.550000200000000000e+11
2.565600000000000364e+03 5.656854249492380582e+00 2.550000200000000000e+11
2.565800000000000182e+03 4.000000000000000000e+00 2.550000200000000000e+11
2.566000000000000000e+03 4.000000000000000000e+00 2.550000200000000000e+11
2.566200000000000273e+03 4.000000000000000000e+00 2.550000200000000000e+11
2.566400000000000091e+03 0.000000000000000000e+00 2.550000200000000000e+11
2.566600000000000364e+03 0.000000000000000000e+00 2.550000200000000000e+11
2.566800000000000182e+03 0.000000000000000000e+00 2.550000200000000000e+11
2.567000000000000000e+03 0.000000000000000000e+00 2.550000200000000000e+11
2.567200000000000273e+03 4.000000000000000000e+00 2.550000200000000000e+11
2.567400000000000091e+03 4.000000000000000000e+00 2.550000200000000000e+11
2.567600000000000364e+03 4.000000000000000000e+00 2.550000200000000000e+11
2.567800000000000182e+03 5.656854249492380582e+00 2.550000200000000000e+11
2.568000000000000000e+03 5.656854249492380582e+00 0.000000000000000000e+00
2.568200000000000273e+03 5.656854249492380582e+00 0.000000000000000000e+00
2.568400000000000091e+03 5.656854249492380582e+00 0.000000000000000000e+00
2.568600000000000364e+03 4.000000000000000000e+00 0.000000000000000000e+00
2.568800000000000182e+03 4.000000000000000000e+00 0.000000000000000000e+00
2.569000000000000000e+03 4.000000000000000000e+00 0.000000000000000000e+00
2.569200000000000273e+03 4.000000000000000000e+00 0.000000000000000000e+00
2.569400000000000091e+03 0.000000000000000000e+00 0.000000000000000000e+00
2.569600000000000364e+03 0.000000000000000000e+00 0.000000000000000000e+00
2.569800000000000182e+03 0.000000000000000000e+00 0.000000000000000000e+00
2.570000000000000000e+03 4.000000000000000000e+00 0.000000000000000000e+00
2.570200000000000273e+03 4.000000000000000000e+00 0.000000000000000000e+00
2.570400000000000091e+03 4.000000000000000000e+00 0.000000000000000000e+00
2.570600000000000364e+03 4.000000000000000000e+00 0.000000000000000000e+00
2.570800000000000182e+03 5.656854249492380582e+00 0.000000000000000000e+00
2.571000000000000000e+03 5.656854249492380582e+00 0.000000000000000000e+00
2.571200000000000273e+03 5.656854249492380582e+00 0.000000000000000000e+00
2.571400000000000091e+03 4.000000000000000000e+00 0.000000000000000000e+00
2.571600000000000364e+03 4.000000000000000000e+00 0.000000000000000000e+00
2.571800000000000182e+03 4.000000000000000000e+00 0.000000000000000000e+00
2.572000000000000000e+03 4.000000000000000000e+00 2.550000200000000000e+11
2.572200000000000273e+03 0.000000000000000000e+00 2.550000200000000000e+11
2.572400000000000091e+03 0.000000000000000000e+00 2.550000200000000000e+11
2.572600000000000364e+03 0.000000000000000000e+00 2.550000200000000000e+11
2.572800000000000182e+03 0.000000000000000000e+00 2.550000200000000000e+11
2.573000000000000000e+03 4.000000000000000000e+00 2.550000200000000000e+11
2.573200000000000273e+03 4.000000000000000000e+00 2.550000200000000000e+11
2.573400000000000091e+03 4.000000000000000000e+00 2.550000200000000000e+11
2.573600000000000364e+03 4.000000000000000000e+00 2.550000200000000000e+11
2.573800000000000182e+03 8.944271909999159220e+00 2.550000200000000000e+11
2.574000000000000000e+03 5.656854249492380582e+00 2.550000200000000000e+11
2.574200000000000273e+03 8.944271909999159220e+00 2.550000200000000000e+11
2.574400000000000091e+03 8.944271909999159220e+00 2.550000200000000000e+11
2.574600000000000364e+03 8.000000000000000000e+00 2.550000200000000000e+11
2.574800000000000182e+03 8.944271909999159220e+00 2.550000200000000000e+11
2.575000000000000000e+03 5.656854249492380582e+00 2.550000200000000000e+11
2.575200000000000273e+03 8.944271909999159220e+00 2.550000200000000000e+11
2.575400000000000091e+03 8.000000000000000000e+00 2.550000200000000000e+11
2.575600000000000364e+03 1.131370849898476116e+01 2.550000200000000000e+11
2.575800000000000182e+03 8.944271909999159220e+00 2.550000200000000000e+11
2.576000000000000000e+03 1.264911064067351809e+01 0.000000000000000000e+00
2.576200000000000273e+03 1.442220510185595650e+01 0.000000000000000000e+00
2.576400000000000091e+03 1.442220510185595650e+01 0.000000000000000000e+00
2.576600000000000364e+03 1.649242250247064234e+01 0.000000000000000000e+00
2.576800000000000182e+03 1.649242250247064234e+01 0.000000000000000000e+00
2.577000000000000000e+03 1.788854381999831844e+01 0.000000000000000000e+00
2.577200000000000273e+03 1.697056274847713908e+01 0.000000000000000000e+00
2.577400000000000091e+03 1.649242250247064234e+01 0.000000000000000000e+00
2.577600000000000364e+03 1.600000000000000000e+01 0.000000000000000000e+00
2.577800000000000182e+03 1.264911064067351809e+01 0.000000000000000000e+00
2.578000000000000000e+03 1.131370849898476116e+01 0.000000000000000000e+00
2.578200000000000273e+03 1.264911064067351809e+01 0.000000000000000000e+00
2.578400000000000091e+03 1.200000000000000000e+01 0.000000000000000000e+00
2.578600000000000364e+03 1.131370849898476116e+01 0.000000000000000000e+00
2.578800000000000182e+03 8.944271909999159220e+00 0.000000000000000000e+00
2.579000000000000000e+03 1.200000000000000000e+01 0.000000000000000000e+00
2.579200000000000273e+03 1.442220510185595650e+01 0.000000000000000000e+00
2.579400000000000091e+03 1.442220510185595650e+01 0.000000000000000000e+00
2.579600000000000364e+03 1.264911064067351809e+01 0.000000000000000000e+00
2.579800000000000182e+03 1.649242250247064234e+01 0.000000000000000000e+00
2.580000000000000000e+03 1.442220510185595650e+01 2.550000200000000000e+11
2.580200000000000273e+03 1.697056274847713908e+01 2.550000200000000000e+11
2.580400000000000091e+03 1.788854381999831844e+01 2.550000200000000000e+11
2.580600000000000364e+03 2.000000000000000000e+01 2.550000200000000000e+11
2.580800000000000182e+03 2.154065922853801496e+01 2.550000200000000000e+11
2.581000000000000000e+03 2.262741699796952233e+01 2.550000200000000000e+11
2.581200000000000273e+03 2.154065922853801496e+01 2.550000200000000000e+11
2.581400000000000091e+03 2.400000000000000000e+01 2.550000200000000000e+11
2.581600000000000364e+03 2.683281572999747766e+01 2.550000200000000000e+11
2.581800000000000182e+03 3.124099870362661591e+01 2.550000200000000000e+11
2.582000000000000000e+03 3.687817782917154830e+01 2.550000200000000000e+11
2.582200000000000273e+03 4.079215610874227593e+01 2.550000200000000000e+11
2.582400000000000091e+03 4.882622246293480828e+01 2.550000200000000000e+11
2.582600000000000364e+03 5.556977595779921586e+01 2.550000200000000000e+11
2.582800000000000182e+03 6.449806198638839305e+01 2.550000200000000000e+11
2.583000000000000000e+03 6.985699678629191567e+01 2.550000200000000000e+11
2.583200000000000273e+03 8.000000000000000000e+01 2.550000200000000000e+11
2.583400000000000091e+03 8.781799360040059810e+01 2.550000200000000000e+11
2.583600000000000364e+03 9.674709297958258958e+01 2.550000200000000000e+11
2.583800000000000182e+03 1.088117640698835515e+02 2.550000200000000000e+11
2.584000000000000000e+03 1.189285499785480482e+02 0.000000000000000000e+00
2.584200000000000273e+03 1.181862936215532613e+02 0.000000000000000000e+00
2.584400000000000091e+03 1.160689450283752677e+02 0.000000000000000000e+00
2.584600000000000364e+03 1.127120224288429711e+02 0.000000000000000000e+00
2.584800000000000182e+03 1.112115101956627541e+02 0.000000000000000000e+00
2.585000000000000000e+03 1.098362417419678536e+02 0.000000000000000000e+00
2.585200000000000273e+03 1.115706054478508236e+02 0.000000000000000000e+00
2.585400000000000091e+03 1.106345334875146449e+02 0.000000000000000000e+00
2.585600000000000364e+03 1.109233969908963786e+02 0.000000000000000000e+00
2.585800000000000182e+03 1.120000000000000000e+02 0.000000000000000000e+00
2.586000000000000000e+03 1.092520022699813040e+02 0.000000000000000000e+00
2.586200000000000273e+03 1.106345334875146449e+02 0.000000000000000000e+00
2.586400000000000091e+03 1.088117640698835515e+02 0.000000000000000000e+00
2.586600000000000364e+03 1.086646216576489934e+02 0.000000000000000000e+00
2.586800000000000182e+03 1.043072384832423865e+02 0.000000000000000000e+00
2.587000000000000000e+03 1.009554357129917008e+02 0.000000000000000000e+00
2.587200000000000273e+03 1.012719112093773077e+02 0.000000000000000000e+00
2.587400000000000091e+03 1.000000000000000000e+02 0.000000000000000000e+00
2.587600000000000364e+03 9.903534722511957966e+01 0.000000000000000000e+00
2.587800000000000182e+03 9.879271228182774678e+01 0.000000000000000000e+00
2.588000000000000000e+03 9.608329719571450767e+01 2.550000200000000000e+11
2.588200000000000273e+03 1.091787525116494493e+02 2.550000200000000000e+11
2.588400000000000091e+03 1.224418229201117327e+02 2.550000200000000000e+11
2.588600000000000364e+03 1.358234147707971715e+02 2.550000200000000000e+11
2.588800000000000182e+03 1.514199458459816015e+02 2.550000200000000000e+11
2.589000000000000000e+03 1.553319027115807955e+02 2.550000200000000000e+11
2.589200000000000273e+03 1.077032961426900783e+02 2.550000200000000000e+11
2.589400000000000091e+03 1.209297316626477965e+02 2.550000200000000000e+11
2.589600000000000364e+03 1.381014120130565459e+02 2.550000200000000000e+11
2.589800000000000182e+03 1.494523335381552442e+02 2.550000200000000000e+11
2.590000000000000000e+03 1.618394265931512734e+02 2.550000200000000000e+11
2.590200000000000273e+03 1.080740486888503682e+02 2.550000200000000000e+11
2.590400000000000091e+03 1.234827923234650484e+02 2.550000200000000000e+11
2.590600000000000364e+03 1.360000000000000000e+02 2.550000200000000000e+11
2.590800000000000182e+03 1.503063538244474842e+02 2.550000200000000000e+11
2.591000000000000000e+03 1.386217876093076597e+02 2.550000200000000000e+11
2.591200000000000273e+03 1.227028932014237341e+02 2.550000200000000000e+11
2.591400000000000091e+03 1.082958909654470716e+02 2.550000200000000000e+11
2.591600000000000364e+03 9.674709297958258958e+01 2.550000200000000000e+11
2.591800000000000182e+03 8.560373823613078059e+01 2.550000200000000000e+11
2.592000000000000000e+03 7.375635565834309659e+01 0.000000000000000000e+00
2.592200000000000273e+03 7.694153624668537361e+01 0.000000000000000000e+00
2.592400000000000091e+03 7.547184905645282527e+01 0.000000000000000000e+00
2.592600000000000364e+03 7.766595135579039777e+01 0.000000000000000000e+00
2.592800000000000182e+03 7.299315036357863562e+01 0.000000000000000000e+00
2.593000000000000000e+03 7.375635565834309659e+01 0.000000000000000000e+00
2.593200000000000273e+03 7.121797525905942905e+01 0.000000000000000000e+00
2.593400000000000091e+03 6.800000000000000000e+01 0.000000000000000000e+00
2.593600000000000364e+03 6.811754546370561059e+01 0.000000000000000000e+00
2.593800000000000182e+03 6.835202996254024299e+01 0.000000000000000000e+00
2.594000000000000000e+03 6.511528238439882443e+01 0.000000000000000000e+00
2.594200000000000273e+03 6.705221845696084415e+01 0.000000000000000000e+00
2.594400000000000091e+03 6.449806198638839305e+01 0.000000000000000000e+00
2.594600000000000364e+03 6.657326790837295505e+01 0.000000000000000000e+00
2.594800000000000182e+03 6.881860213634101342e+01 0.000000000000000000e+00
2.595000000000000000e+03 6.905070600652827295e+01 0.000000000000000000e+00
2.595200000000000273e+03 6.985699678629191567e+01 0.000000000000000000e+00
2.595400000000000091e+03 6.881860213634101342e+01 0.000000000000000000e+00
2.595600000000000364e+03 6.657326790837295505e+01 0.000000000000000000e+00
2.595800000000000182e+03 6.449806198638839305e+01 0.000000000000000000e+00
2.596000000000000000e+03 6.596969000988256937e+01 2.550000200000000000e+11
2.596200000000000273e+03 5.440588203494177577e+01 2.550000200000000000e+11
2.596400000000000091e+03 4.664761515876240594e+01 2.550000200000000000e+11
2.596600000000000364e+03 4.019950248448355978e+01 2.550000200000000000e+11
2.596800000000000182e+03 3.794733192202055250e+01 2.550000200000000000e+11
2.597000000000000000e+03 3.124099870362661591e+01 2.550000200000000000e+11
2.597200000000000273e+03 2.683281572999747766e+01 2.550000200000000000e+11
2.597400000000000091e+03 2.400000000000000000e+01 2.550000200000000000e+11
2.597600000000000364e+03 2.154065922853801496e+01 2.550000200000000000e+11
2.597800000000000182e+03 2.000000000000000000e+01 2.550000200000000000e+11
2.598000000000000000e+03 2.039607805437113797e+01 2.550000200000000000e+11
2.598200000000000273e+03 1.600000000000000000e+01 2.550000200000000000e+11
2.598400000000000091e+03 1.788854381999831844e+01 2.550000200000000000e+11
2.598600000000000364e+03 1.697056274847713908e+01 2.550000200000000000e+11
2.598800000000000182e+03 1.442220510185595650e+01 2.550000200000000000e+11
2.599000000000000000e+03 1.200000000000000000e+01 2.550000200000000000e+11
2.599200000000000273e+03 8.000000000000000000e+00 2.550000200000000000e+11
2.599400000000000091e+03 8.944271909999159220e+00 2.550000200000000000e+11
2.599600000000000364e+03 5.656854249492380582e+00 2.550000200000000000e+11
2.599800000000000182e+03 4.000000000000000000e+00 2.550000200000000000e+11
2.600000000000000000e+03 4.000000000000000000e+00 0.000000000000000000e+00
2.600200000000000273e+03 0.000000000000000000e+00 0.000000000000000000e+00
2.600400000000000091e+03 4.000000000000000000e+00 0.000000000000000000e+00
2.600600000000000364e+03 5.656854249492380582e+00 0.000000000000000000e+00
2.600800000000000182e+03 5.656854249492380582e+00 0.000000000000000000e+00
2.601000000000000000e+03 4.000000000000000000e+00 0.000000000000000000e+00
2.601200000000000273e+03 8.000000000000000000e+00 0.000000000000000000e+00
2.601400000000000091e+03 8.944271909999159220e+00 0.000000000000000000e+00
2.601600000000000364e+03 5.656854249492380582e+00 0.000000000000000000e+00
2.601800000000000182e+03 5.656854249492380582e+00 0.000000000000000000e+00
2.602000000000000000e+03 8.944271909999159220e+00 0.000000000000000000e+00
2.602200000000000273e+03 8.000000000000000000e+00 0.000000000000000000e+00
2.602400000000000091e+03 4.000000000000000000e+00 0.000000000000000000e+00
2.602600000000000364e+03 4.000000000000000000e+00 0.000000000000000000e+00
2.602800000000000182e+03 5.656854249492380582e+00 0.000000000000000000e+00
2.603000000000000000e+03 4.000000000000000000e+00 0.000000000000000000e+00
2.603200000000000273e+03 0.000000000000000000e+00 0.000000000000000000e+00
2.603400000000000091e+03 0.000000000000000000e+00 0.000000000000000000e+00
2.603600000000000364e+03 5.656854249492380582e+00 0.000000000000000000e+00
2.603800000000000182e+03 4.000000000000000000e+00 0.000000000000000000e+00
2.604000000000000000e+03 4.000000000000000000e+00 2.550000200000000000e+11
2.604200000000000273e+03 4.000000000000000000e+00 2.550000200000000000e+11
2.604400000000000091e+03 5.656854249492380582e+00 2.550000200000000000e+11
2.604600000000000364e+03 5.656854249492380582e+00 2.550000200000000000e+11
2.604800000000000182e+03 5.656854249492380582e+00 2.550000200000000000e+11
2.605000000000000000e+03 5.656854249492380582e+00 2.550000200000000000e+11
2.605200000000000273e+03 4.000000000000000000e+00 2.550000200000000000e+11
2.605400000000000091e+03 4.000000000000000000e+00 2.550000200000000000e+11
2.605600000000000364e+03 4.000000000000000000e+00 2.550000200000000000e+11
2.605800000000000182e+03 4.000000000000000000e+00 2.550000200000000000e+11
2.606000000000000000e+03 0.000000000000000000e+00 2.550000200000000000e+11
2.606200000000000273e+03 0.000000000000000000e+00 2.550000200000000000e+11
2.606400000000000091e+03 0.000000000000000000e+00 2.550000200000000000e+11
2.606600000000000364e+03 0.000000000000000000e+00 2.550000200000000000e+11
2.606800000000000182e+03 4.000000000000000000e+00 2.550000200000000000e+11
2.607000000000000000e+03 4.000000000000000000e+00 2.550000200000000000e+11
2.607200000000000273e+03 4.000000000000000000e+00 2.550000200000000000e+11
2.607400000000000091e+03 5.656854249492380582e+00 2.550000200000000000e+11
2.607600000000000364e+03 5.656854249492380582e+00 2.550000200000000000e+11
2.607800000000000182e+03 5.656854249492380582e+00 2.550000200000000000e+11
2.608000000000000000e+03 5.656854249492380582e+00 0.000000000000000000e+00
2.608200000000000273e+03 4.000000000000000000e+00 0.000000000000000000e+00
2.608400000000000091e+03 4.000000000000000000e+00 0.000000000000000000e+00
2.608600000000000364e+03 4.000000000000000000e+00 0.000000000000000000e+00
2.608800000000000182e+03 0.000000000000000000e+00 0.000000000000000000e+00
2.609000000000000000e+03 0.000000000000000000e+00 0.000000000000000000e+00
2.609200000000000273e+03 0.000000000000000000e+00 0.000000000000000000e+00
2.609400000000000091e+03 4.000000000000000000e+00 0.000000000000000000e+00
2.609600000000000364e+03 4.000000000000000000e+00 0.000000000000000000e+00
2.609800000000000182e+03 4.000000000000000000e+00 0.000000000000000000e+00
2.610000000000000000e+03 4.000000000000000000e+00 0.000000000000000000e+00
2.610200000000000273e+03 5.656854249492380582e+00 0.000000000000000000e+00
2.610400000000000091e+03 5.656854249492380582e+00 0.000000000000000000e+00
2.610600000000000364e+03 5.656854249492380582e+00 0.000000000000000000e+00
2.610800000000000182e+03 4.000000000000000000e+00 0.000000000000000000e+00
2.611000000000000000e+03 4.000000000000000000e+00 0.000000000000000000e+00
2.611200000000000273e+03 4.000000000000000000e+00 0.000000000000000000e+00
2.611400000000000091e+03 4.000000000000000000e+00 0.000000000000000000e+00
2.611600000000000364e+03 0.000000000000000000e+00 0.000000000000000000e+00
2.611800000000000182e+03 0.000000000000000000e+00 0.000000000000000000e+00
2.612000000000000000e+03 0.000000000000000000e+00 2.550000200000000000e+11
2.612200000000000273e+03 4.000000000000000000e+00 2.550000200000000000e+11
2.612400000000000091e+03 4.000000000000000000e+00 2.550000200000000000e+11
2.612600000000000364e+03 4.000000000000000000e+00 2.550000200000000000e+11
2.612800000000000182e+03 4.000000000000000000e+00 2.550000200000000000e+11
2.613000000000000000e+03 5.656854249492380582e+00 2.550000200000000000e+11
2.613200000000000273e+03 5.656854249492380582e+00 2.550000200000000000e+11
2.613400000000000091e+03 5.656854249492380582e+00 2.550000200000000000e+11
2.613600000000000364e+03 4.000000000000000000e+00 2.550000200000000000e+11
2.613800000000000182e+03 4.000000000000000000e+00 2.550000200000000000e+11
2.614000000000000000e+03 4.000000000000000000e+00 2.550000200000000000e+11
2.614200000000000273e+03 0.000000000000000000e+00 2.550000200000000000e+11
2.614400000000000091e+03 0.000000000000000000e+00 2.550000200000000000e+11
2.614600000000000364e+03 0.000000000000000000e+00 2.550000200000000000e+11
2.614800000000000182e+03 0.000000000000000000e+00 2.550000200000000000e+11
2.615000000000000000e+03 4.000000000000000000e+00 2.550000200000000000e+11
2.615200000000000273e+03 4.000000000000000000e+00 2.550000200000000000e+11
2.615400000000000091e+03 4.000000000000000000e+00 2.550000200000000000e+11
2.615600000000000364e+03 5.656854249492380582e+00 2.550000200000000000e+11
2.615800000000000182e+03 5.656854249492380582e+00 2.550000200000000000e+11
2.616000000000000000e+03 5.656854249492380582e+00 0.000000000000000000e+00
2.616200000000000273e+03 5.656854249492380582e+00 0.000000000000000000e+00
2.616400000000000091e+03 4.000000000000000000e+00 0.000000000000000000e+00
2.616600000000000364e+03 4.000000000000000000e+00 0.000000000000000000e+00
2.616800000000000182e+03 4.000000000000000000e+00 0.000000000000000000e+00
2.617000000000000000e+03 0.000000000000000000e+00 0.000000000000000000e+00
2.617200000000000273e+03 0.000000000000000000e+00 0.000000000000000000e+00
2.617400000000000091e+03 0.000000000000000000e+00 0.000000000000000000e+00
2.617600000000000364e+03 0.000000000000000000e+00 0.000000000000000000e+00
2.617800000000000182e+03 4.000000000000000000e+00 0.000000000000000000e+00
2.618000000000000000e+03 4.000000000000000000e+00 0.000000000000000000e+00
2.618200000000000273e+03 4.000000000000000000e+00 0.000000000000000000e+00
2.618400000000000091e+03 5.656854249492380582e+00 0.000000000000000000e+00
2.618600000000000364e+03 5.656854249492380582e+00 0.000000000000000000e+00
2.618800000000000182e+03 5.656854249492380582e+00 0.000000000000000000e+00
2.619000000000000000e+03 4.000000000000000000e+00 0.000000000000000000e+00
2.619200000000000273e+03 4.000000000000000000e+00 0.000000000000000000e+00
2.619400000000000091e+03 4.000000000000000000e+00 0.000000000000000000e+00
2.619600000000000364e+03 4.000000000000000000e+00 0.000000000000000000e+00
2.619800000000000182e+03 0.000000000000000000e+00 0.000000000000000000e+00
2.620000000000000000e+03 0.000000000000000000e+00 2.550000200000000000e+11
2.620200000000000273e+03 0.000000000000000000e+00 2.550000200000000000e+11
2.620400000000000091e+03 4.000000000000000000e+00 2.550000200000000000e+11
2.620600000000000364e+03 4.000000000000000000e+00 2.550000200000000000e+11
2.620800000000000182e+03 4.000000000000000000e+00 2.550000200000000000e+11
2.621000000000000000e+03 4.000000000000000000e+00 2.550000200000000000e+11
2.621200000000000273e+03 5.656854249492380582e+00 2.550000200000000000e+11
2.621400000000000091e+03 5.656854249492380582e+00 2.550000200000000000e+11
2.621600000000000364e+03 5.656854249492380582e+00 2.550000200000000000e+11
2.621800000000000182e+03 4.000000000000000000e+00 2.550000200000000000e+11
2.622000000000000000e+03 4.000000000000000000e+00 2.550000200000000000e+11
2.622200000000000273e+03 4.000000000000000000e+00 2.550000200000000000e+11
2.622400000000000091e+03 4.000000000000000000e+00 2.550000200000000000e+11
2.622600000000000364e+03 0.000000000000000000e+00 2.550000200000000000e+11
2.622800000000000182e+03 0.000000000000000000e+00 2.550000200000000000e+11
2.623000000000000000e+03 0.000000000000000000e+00 2.550000200000000000e+11
2.623200000000000273e+03 4.000000000000000000e+00 2.550000200000000000e+11
2.623400000000000091e+03 4.000000000000000000e+00 2.550000200000000000e+11
2.623600000000000364e+03 4.000000000000000000e+00 2.550000200000000000e+11
2.623800000000000182e+03 4.000000000000000000e+00 2.550000200000000000e+11
2.624000000000000000e+03 5.656854249492380582e+00 0.000000000000000000e+00
2.624200000000000273e+03 5.656854249492380582e+00 0.000000000000000000e+00
2.624400000000000091e+03 5.656854249492380582e+00 0.000000000000000000e+00
2.624600000000000364e+03 4.000000000000000000e+00 0.000000000000000000e+00
2.624800000000000182e+03 4.000000000000000000e+00 0.000000000000000000e+00
2.625000000000000000e+03 4.000000000000000000e+00 0.000000000000000000e+00
2.625200000000000273e+03 0.000000000000000000e+00 0.000000000000000000e+00
2.625400000000000091e+03 0.000000000000000000e+00 0.000000000000000000e+00
2.625600000000000364e+03 0.000000000000000000e+00 0.000000000000000000e+00
2.625800000000000182e+03 0.000000000000000000e+00 0.000000000000000000e+00
2.626000000000000000e+03 4.000000000000000000e+00 0.000000000000000000e+00
2.626200000000000273e+03 4.000000000000000000e+00 0.000000000000000000e+00
2.626400000000000091e+03 4.000000000000000000e+00 0.000000000000000000e+00
2.626600000000000364e+03 5.656854249492380582e+00 0.000000000000000000e+00
2.626800000000000182e+03 5.656854249492380582e+00 0.000000000000000000e+00
2.627000000000000000e+03 5.656854249492380582e+00 0.000000000000000000e+00
2.627200000000000273e+03 5.656854249492380582e+00 0.000000000000000000e+00
2.627400000000000091e+03 4.000000000000000000e+00 0.000000000000000000e+00
2.627600000000000364e+03 4.000000000000000000e+00 0.000000000000000000e+00
2.627800000000000182e+03 4.000000000000000000e+00 0.000000000000000000e+00
2.628000000000000000e+03 0.000000000000000000e+00 2.550000200000000000e+11
2.628200000000000273e+03 0.000000000000000000e+00 2.550000200000000000e+11
2.628400000000000091e+03 0.000000000000000000e+00 2.550000200000000000e+11
2.628600000000000364e+03 4.000000000000000000e+00 2.550000200000000000e+11
2.628800000000000182e+03 4.000000000000000000e+00 2.550000200000000000e+11
2.629000000000000000e+03 4.000000000000000000e+00 2.550000200000000000e+11
2.629200000000000273e+03 4.000000000000000000e+00 2.550000200000000000e+11
2.629400000000000091e+03 5.656854249492380582e+00 2.550000200000000000e+11
2.629600000000000364e+03 5.656854249492380582e+00 2.550000200000000000e+11
2.629800000000000182e+03 5.656854249492380582e+00 2.550000200000000000e+11
2.630000000000000000e+03 4.000000000000000000e+00 2.550000200000000000e+11
2.630200000000000273e+03 4.000000000000000000e+00 2.550000200000000000e+11
2.630400000000000091e+03 4.000000000000000000e+00 2.550000200000000000e+11
2.630600000000000364e+03 4.000000000000000000e+00 2.550000200000000000e+11
2.630800000000000182e+03 0.000000000000000000e+00 2.550000200000000000e+11
2.631000000000000000e+03 0.000000000000000000e+00 2.550000200000000000e+11
2.631200000000000273e+03 0.000000000000000000e+00 2.550000200000000000e+11
2.631400000000000091e+03 4.000000000000000000e+00 2.550000200000000000e+11
2.631600000000000364e+03 4.000000000000000000e+00 2.550000200000000000e+11
2.631800000000000182e+03 4.000000000000000000e+00 2.550000200000000000e+11
2.632000000000000000e+03 4.000000000000000000e+00 0.000000000000000000e+00
2.632200000000000273e+03 5.656854249492380582e+00 0.000000000000000000e+00
2.632400000000000091e+03 5.656854249492380582e+00 0.000000000000000000e+00
2.632600000000000364e+03 5.656854249492380582e+00 0.000000000000000000e+00
2.632800000000000182e+03 5.656854249492380582e+00 0.000000000000000000e+00
2.633000000000000000e+03 4.000000000000000000e+00 0.000000000000000000e+00
2.633200000000000273e+03 4.000000000000000000e+00 0.000000000000000000e+00
2.633400000000000091e+03 4.000000000000000000e+00 0.000000000000000000e+00
2.633600000000000364e+03 0.000000000000000000e+00 0.000000000000000000e+00
2.633800000000000182e+03 0.000000000000000000e+00 0.000000000000000000e+00
2.634000000000000000e+03 0.000000000000000000e+00 0.000000000000000000e+00
2.634200000000000273e+03 4.000000000000000000e+00 0.000000000000000000e+00
2.634400000000000091e+03 4.000000000000000000e+00 0.000000000000000000e+00
2.634600000000000364e+03 4.000000000000000000e+00 0.000000000000000000e+00
2.634800000000000182e+03 4.000000000000000000e+00 0.000000000000000000e+00
2.635000000000000000e+03 5.656854249492380582e+00 0.000000000000000000e+00
2.635200000000000273e+03 5.656854249492380582e+00 0.000000000000000000e+00
2.635400000000000091e+03 5.656854249492380582e+00 0.000000000000000000e+00
2.635600000000000364e+03 4.000000000000000000e+00 0.000000000000000000e+00
2.635800000000000182e+03 4.000000000000000000e+00 0.000000000000000000e+00
2.636000000000000000e+03 4.000000000000000000e+00 2.550000200000000000e+11
2.636200000000000273e+03 4.000000000000000000e+00 2.550000200000000000e+11
2.636400000000000091e+03 0.000000000000000000e+00 2.550000200000000000e+11
2.636600000000000364e+03 0.000000000000000000e+00 2.550000200000000000e+11
2.636800000000000182e+03 4.000000000000000000e+00 2.550000200000000000e+11
2.637000000000000000e+03 4.000000000000000000e+00 2.550000200000000000e+11
2.637200000000000273e+03 4.000000000000000000e+00 2.550000200000000000e+11
2.637400000000000091e+03 4.000000000000000000e+00 2.550000200000000000e+11
2.637600000000000364e+03 5.656854249492380582e+00 2.550000200000000000e+11
2.637800000000000182e+03 5.656854249492380582e+00 2.550000200000000000e+11
2.638000000000000000e+03 5.656854249492380582e+00 2.550000200000000000e+11
2.638200000000000273e+03 4.000000000000000000e+00 2.550000200000000000e+11
2.638400000000000091e+03 4.000000000000000000e+00 2.550000200000000000e+11
2.638600000000000364e+03 4.000000000000000000e+00 2.550000200000000000e+11
2.638800000000000182e+03 4.000000000000000000e+00 2.550000200000000000e+11
2.639000000000000000e+03 4.000000000000000000e+00 2.550000200000000000e+11
2.639200000000000273e+03 0.000000000000000000e+00 2.550000200000000000e+11
2.639400000000000091e+03 4.000000000000000000e+00 2.550000200000000000e+11
2.639600000000000364e+03 4.000000000000000000e+00 2.550000200000000000e+11
2.639800000000000182e+03 4.000000000000000000e+00 2.550000200000000000e+11
