2.640000000000000000e+03 4.000000000000000000e+00 0.000000000000000000e+00
2.640200000000000273e+03 4.000000000000000000e+00 0.000000000000000000e+00
2.640400000000000091e+03 4.000000000000000000e+00 0.000000000000000000e+00
2.640600000000000364e+03 5.656854249492380582e+00 0.000000000000000000e+00
2.640800000000000182e+03 5.656854249492380582e+00 0.000000000000000000e+00
2.641000000000000000e+03 5.656854249492380582e+00 0.000000000000000000e+00
2.641200000000000273e+03 5.656854249492380582e+00 0.000000000000000000e+00
2.641400000000000091e+03 5.656854249492380582e+00 0.000000000000000000e+00
2.641600000000000364e+03 5.656854249492380582e+00 0.000000000000000000e+00
2.641800000000000182e+03 4.000000000000000000e+00 0.000000000000000000e+00
2.642000000000000000e+03 4.000000000000000000e+00 0.000000000000000000e+00
2.642200000000000273e+03 0.000000000000000000e+00 0.000000000000000000e+00
2.642400000000000091e+03 4.000000000000000000e+00 0.000000000000000000e+00
2.642600000000000364e+03 0.000000000000000000e+00 0.000000000000000000e+00
2.642800000000000182e+03 4.000000000000000000e+00 0.000000000000000000e+00
2.643000000000000000e+03 5.656854249492380582e+00 0.000000000000000000e+00
2.643200000000000273e+03 5.656854249492380582e+00 0.000000000000000000e+00
2.643400000000000091e+03 5.656854249492380582e+00 0.000000000000000000e+00
2.643600000000000364e+03 5.656854249492380582e+00 0.000000000000000000e+00
2.643800000000000182e+03 5.656854249492380582e+00 0.000000000000000000e+00
2.644000000000000000e+03 5.656854249492380582e+00 2.575000200000000000e+11
2.644200000000000273e+03 5.656854249492380582e+00 2.575000200000000000e+11
2.644400000000000091e+03 4.000000000000000000e+00 2.575000200000000000e+11
2.644600000000000364e+03 4.000000000000000000e+00 2.575000200000000000e+11
2.644800000000000182e+03 4.000000000000000000e+00 2.575000200000000000e+11
2.645000000000000000e+03 0.000000000000000000e+00 2.575000000000000000e+11
2.645200000000000273e+03 0.000000000000000000e+00 2.575000200000000000e+11
2.645400000000000091e+03 0.000000000000000000e+00 2.575000000000000000e+11
2.645600000000000364e+03 4.000000000000000000e+00 2.575000200000000000e+11
2.645800000000000182e+03 4.000000000000000000e+00 2.575000200000000000e+11
2.646000000000000000e+03 4.000000000000000000e+00 2.575000200000000000e+11
2.646200000000000273e+03 5.656854249492380582e+00 2.575000200000000000e+11
2.646400000000000091e+03 5.656854249492380582e+00 2.575000000000000000e+11
2.646600000000000364e+03 5.656854249492380582e+00 2.575000200000000000e+11
2.646800000000000182e+03 5.656854249492380582e+00 2.575000200000000000e+11
2.647000000000000000e+03 4.000000000000000000e+00 2.575000200000000000e+11
2.647200000000000273e+03 4.000000000000000000e+00 2.575000200000000000e+11
2.647400000000000091e+03 4.000000000000000000e+00 2.575000200000000000e+11
2.647600000000000364e+03 0.000000000000000000e+00 2.575000000000000000e+11
2.647800000000000182e+03 0.000000000000000000e+00 2.575000200000000000e+11
2.648000000000000000e+03 0.000000000000000000e+00 0.000000000000000000e+00
2.648200000000000273e+03 0.000000000000000000e+00 0.000000000000000000e+00
2.648400000000000091e+03 4.000000000000000000e+00 0.000000000000000000e+00
2.648600000000000364e+03 4.000000000000000000e+00 0.000000000000000000e+00
2.648800000000000182e+03 4.000000000000000000e+00 0.000000000000000000e+00
2.649000000000000000e+03 5.656854249492380582e+00 0.000000000000000000e+00
2.649200000000000273e+03 5.656854249492380582e+00 0.000000000000000000e+00
2.649400000000000091e+03 5.656854249492380582e+00 0.000000000000000000e+00
2.649600000000000364e+03 5.656854249492380582e+00 0.000000000000000000e+00
2.649800000000000182e+03 4.000000000000000000e+00 0.000000000000000000e+00
2.650000000000000000e+03 4.000000000000000000e+00 0.000000000000000000e+00
2.650200000000000273e+03 4.000000000000000000e+00 0.000000000000000000e+00
2.650400000000000091e+03 0.000000000000000000e+00 0.000000000000000000e+00
2.650600000000000364e+03 0.000000000000000000e+00 0.000000000000000000e+00
2.650800000000000182e+03 0.000000000000000000e+00 0.000000000000000000e+00
2.651000000000000000e+03 4.000000000000000000e+00 0.000000000000000000e+00
2.651200000000000273e+03 4.000000000000000000e+00 0.000000000000000000e+00
2.651400000000000091e+03 4.000000000000000000e+00 0.000000000000000000e+00
2.651600000000000364e+03 4.000000000000000000e+00 0.000000000000000000e+00
2.651800000000000182e+03 5.656854249492380582e+00 0.000000000000000000e+00
2.652000000000000000e+03 5.656854249492380582e+00 2.575000000000000000e+11
2.652200000000000273e+03 5.656854249492380582e+00 2.575000000000000000e+11
2.652400000000000091e+03 4.000000000000000000e+00 2.575000200000000000e+11
2.652600000000000364e+03 4.000000000000000000e+00 2.575000200000000000e+11
2.652800000000000182e+03 4.000000000000000000e+00 2.575000200000000000e+11
2.653000000000000000e+03 4.000000000000000000e+00 2.575000000000000000e+11
2.653200000000000273e+03 0.000000000000000000e+00 2.575000200000000000e+11
2.653400000000000091e+03 0.000000000000000000e+00 2.575000000000000000e+11
2.653600000000000364e+03 0.000000000000000000e+00 2.575000000000000000e+11
2.653800000000000182e+03 4.000000000000000000e+00 2.575000200000000000e+11
2.654000000000000000e+03 4.000000000000000000e+00 2.575000000000000000e+11
2.654200000000000273e+03 4.000000000000000000e+00 2.575000200000000000e+11
2.654400000000000091e+03 5.656854249492380582e+00 2.575000000000000000e+11
2.654600000000000364e+03 5.656854249492380582e+00 2.575000200000000000e+11
2.654800000000000182e+03 5.656854249492380582e+00 2.575000200000000000e+11
2.655000000000000000e+03 5.656854249492380582e+00 2.575000200000000000e+11
2.655200000000000273e+03 4.000000000000000000e+00 2.575000200000000000e+11
2.655400000000000091e+03 4.000000000000000000e+00 2.575000000000000000e+11
2.655600000000000364e+03 4.000000000000000000e+00 2.575000200000000000e+11
2.655800000000000182e+03 0.000000000000000000e+00 2.575000200000000000e+11
2.656000000000000000e+03 0.000000000000000000e+00 0.000000000000000000e+00
2.656200000000000273e+03 0.000000000000000000e+00 0.000000000000000000e+00
2.656400000000000091e+03 0.000000000000000000e+00 0.000000000000000000e+00
2.656600000000000364e+03 4.000000000000000000e+00 0.000000000000000000e+00
2.656800000000000182e+03 4.000000000000000000e+00 0.000000000000000000e+00
2.657000000000000000e+03 4.000000000000000000e+00 0.000000000000000000e+00
2.657200000000000273e+03 5.656854249492380582e+00 0.000000000000000000e+00
2.657400000000000091e+03 5.656854249492380582e+00 0.000000000000000000e+00
2.657600000000000364e+03 5.656854249492380582e+00 0.000000000000000000e+00
2.657800000000000182e+03 5.656854249492380582e+00 0.000000000000000000e+00
2.658000000000000000e+03 4.000000000000000000e+00 0.000000000000000000e+00
2.658200000000000273e+03 4.000000000000000000e+00 0.000000000000000000e+00
2.658400000000000091e+03 4.000000000000000000e+00 0.000000000000000000e+00
2.658600000000000364e+03 0.000000000000000000e+00 0.000000000000000000e+00
2.658800000000000182e+03 0.000000000000000000e+00 0.000000000000000000e+00
2.659000000000000000e+03 0.000000000000000000e+00 0.000000000000000000e+00
2.659200000000000273e+03 4.000000000000000000e+00 0.000000000000000000e+00
2.659400000000000091e+03 4.000000000000000000e+00 0.000000000000000000e+00
2.659600000000000364e+03 4.000000000000000000e+00 0.000000000000000000e+00
2.659800000000000182e+03 4.000000000000000000e+00 0.000000000000000000e+00
2.660000000000000000e+03 5.656854249492380582e+00 2.575000200000000000e+11
2.660200000000000273e+03 5.656854249492380582e+00 2.575000000000000000e+11
2.660400000000000091e+03 5.656854249492380582e+00 2.575000000000000000e+11
2.660600000000000364e+03 4.000000000000000000e+00 2.575000200000000000e+11
2.660800000000000182e+03 4.000000000000000000e+00 2.575000200000000000e+11
2.661000000000000000e+03 4.000000000000000000e+00 2.575000000000000000e+11
2.661200000000000273e+03 4.000000000000000000e+00 2.575000200000000000e+11
2.661400000000000091e+03 0.000000000000000000e+00 2.575000200000000000e+11
2.661600000000000364e+03 0.000000000000000000e+00 2.575000200000000000e+11
2.661800000000000182e+03 0.000000000000000000e+00 2.575000000000000000e+11
2.662000000000000000e+03 4.000000000000000000e+00 2.575000200000000000e+11
2.662200000000000273e+03 4.000000000000000000e+00 2.575000200000000000e+11
2.662400000000000091e+03 4.000000000000000000e+00 2.575000200000000000e+11
2.662600000000000364e+03 4.000000000000000000e+00 2.575000200000000000e+11
2.662800000000000182e+03 5.656854249492380582e+00 2.575000200000000000e+11
2.663000000000000000e+03 5.656854249492380582e+00 2.575000200000000000e+11
2.663200000000000273e+03 5.656854249492380582e+00 2.575000000000000000e+11
2.663400000000000091e+03 4.000000000000000000e+00 2.575000200000000000e+11
2.663600000000000364e+03 4.000000000000000000e+00 2.575000000000000000e+11
2.663800000000000182e+03 4.000000000000000000e+00 2.575000000000000000e+11
2.664000000000000000e+03 0.000000000000000000e+00 0.000000000000000000e+00
2.664200000000000273e+03 0.000000000000000000e+00 0.000000000000000000e+00
2.664400000000000091e+03 0.000000000000000000e+00 0.000000000000000000e+00
2.664600000000000364e+03 0.000000000000000000e+00 0.000000000000000000e+00
2.664800000000000182e+03 4.000000000000000000e+00 0.000000000000000000e+00
2.665000000000000000e+03 4.000000000000000000e+00 0.000000000000000000e+00
2.665200000000000273e+03 4.000000000000000000e+00 0.000000000000000000e+00
2.665400000000000091e+03 5.656854249492380582e+00 0.000000000000000000e+00
2.665600000000000364e+03 5.656854249492380582e+00 0.000000000000000000e+00
2.665800000000000182e+03 5.656854249492380582e+00 0.000000000000000000e+00
2.666000000000000000e+03 5.656854249492380582e+00 0.000000000000000000e+00
2.666200000000000273e+03 4.000000000000000000e+00 0.000000000000000000e+00
2.666400000000000091e+03 4.000000000000000000e+00 0.000000000000000000e+00
2.666600000000000364e+03 4.000000000000000000e+00 0.000000000000000000e+00
2.666800000000000182e+03 0.000000000000000000e+00 0.000000000000000000e+00
2.667000000000000000e+03 0.000000000000000000e+00 0.000000000000000000e+00
2.667200000000000273e+03 0.000000000000000000e+00 0.000000000000000000e+00
2.667400000000000091e+03 4.000000000000000000e+00 0.000000000000000000e+00
2.667600000000000364e+03 4.000000000000000000e+00 0.000000000000000000e+00
2.667800000000000182e+03 4.000000000000000000e+00 0.000000000000000000e+00
2.668000000000000000e+03 4.000000000000000000e+00 2.575000200000000000e+11
2.668200000000000273e+03 5.656854249492380582e+00 2.575000200000000000e+11
2.668400000000000091e+03 5.656854249492380582e+00 2.575000200000000000e+11
2.668600000000000364e+03 5.656854249492380582e+00 2.575000000000000000e+11
2.668800000000000182e+03 4.000000000000000000e+00 2.575000200000000000e+11
2.669000000000000000e+03 4.000000000000000000e+00 2.575000000000000000e+11
2.669200000000000273e+03 4.000000000000000000e+00 2.575000200000000000e+11
2.669400000000000091e+03 4.000000000000000000e+00 2.575000000000000000e+11
2.669600000000000364e+03 0.000000000000000000e+00 2.575000200000000000e+11
2.669800000000000182e+03 0.000000000000000000e+00 2.575000200000000000e+11
2.670000000000000000e+03 0.000000000000000000e+00 2.575000200000000000e+11
2.670200000000000273e+03 4.000000000000000000e+00 2.575000200000000000e+11
2.670400000000000091e+03 4.000000000000000000e+00 2.575000200000000000e+11
2.670600000000000364e+03 4.000000000000000000e+00 2.575000000000000000e+11
2.670800000000000182e+03 4.000000000000000000e+00 2.575000200000000000e+11
2.671000000000000000e+03 5.656854249492380582e+00 2.575000200000000000e+11
2.671200000000000273e+03 5.656854249492380582e+00 2.575000000000000000e+11
2.671400000000000091e+03 5.656854249492380582e+00 2.575000200000000000e+11
2.671600000000000364e+03 4.000000000000000000e+00 2.575000000000000000e+11
2.671800000000000182e+03 4.000000000000000000e+00 2.575000000000000000e+11
2.672000000000000000e+03 4.000000000000000000e+00 0.000000000000000000e+00
2.672200000000000273e+03 0.000000000000000000e+00 0.000000000000000000e+00
2.672400000000000091e+03 0.000000000000000000e+00 0.000000000000000000e+00
2.672600000000000364e+03 0.000000000000000000e+00 0.000000000000000000e+00
2.672800000000000182e+03 0.000000000000000000e+00 0.000000000000000000e+00
2.673000000000000000e+03 4.000000000000000000e+00 0.000000000000000000e+00
2.673200000000000273e+03 4.000000000000000000e+00 0.000000000000000000e+00
2.673400000000000091e+03 4.000000000000000000e+00 0.000000000000000000e+00
2.673600000000000364e+03 5.656854249492380582e+00 0.000000000000000000e+00
2.673800000000000182e+03 5.656854249492380582e+00 0.000000000000000000e+00
2.674000000000000000e+03 5.656854249492380582e+00 0.000000000000000000e+00
2.674200000000000273e+03 5.656854249492380582e+00 0.000000000000000000e+00
2.674400000000000091e+03 4.000000000000000000e+00 0.000000000000000000e+00
2.674600000000000364e+03 4.000000000000000000e+00 0.000000000000000000e+00
2.674800000000000182e+03 4.000000000000000000e+00 0.000000000000000000e+00
2.675000000000000000e+03 0.000000000000000000e+00 0.000000000000000000e+00
2.675200000000000273e+03 0.000000000000000000e+00 0.000000000000000000e+00
2.675400000000000091e+03 0.000000000000000000e+00 0.000000000000000000e+00
2.675600000000000364e+03 4.000000000000000000e+00 0.000000000000000000e+00
2.675800000000000182e+03 4.000000000000000000e+00 0.000000000000000000e+00
2.676000000000000000e+03 4.000000000000000000e+00 2.575000200000000000e+11
2.676200000000000273e+03 4.000000000000000000e+00 2.575000000000000000e+11
2.676400000000000091e+03 5.656854249492380582e+00 2.575000000000000000e+11
2.676600000000000364e+03 5.656854249492380582e+00 2.575000200000000000e+11
2.676800000000000182e+03 5.656854249492380582e+00 2.575000200000000000e+11
2.677000000000000000e+03 4.000000000000000000e+00 2.575000200000000000e+11
2.677200000000000273e+03 4.000000000000000000e+00 2.575000000000000000e+11
2.677400000000000091e+03 4.000000000000000000e+00 2.575000200000000000e+11
2.677600000000000364e+03 4.000000000000000000e+00 2.575000000000000000e+11
2.677800000000000182e+03 0.000000000000000000e+00 2.575000200000000000e+11
2.678000000000000000e+03 0.000000000000000000e+00 2.575000000000000000e+11
2.678200000000000273e+03 0.000000000000000000e+00 2.575000000000000000e+11
2.678400000000000091e+03 4.000000000000000000e+00 2.575000200000000000e+11
2.678600000000000364e+03 4.000000000000000000e+00 2.575000000000000000e+11
2.678800000000000182e+03 4.000000000000000000e+00 2.575000200000000000e+11
2.679000000000000000e+03 4.000000000000000000e+00 2.575000200000000000e+11
2.679200000000000273e+03 5.656854249492380582e+00 2.575000000000000000e+11
2.679400000000000091e+03 5.656854249492380582e+00 2.575000200000000000e+11
2.679600000000000364e+03 5.656854249492380582e+00 2.575000200000000000e+11
2.679800000000000182e+03 4.000000000000000000e+00 2.575000200000000000e+11
2.680000000000000000e+03 4.000000000000000000e+00 0.000000000000000000e+00
2.680200000000000273e+03 4.000000000000000000e+00 0.000000000000000000e+00
2.680400000000000091e+03 0.000000000000000000e+00 0.000000000000000000e+00
2.680600000000000364e+03 0.000000000000000000e+00 0.000000000000000000e+00
2.680800000000000182e+03 0.000000000000000000e+00 0.000000000000000000e+00
2.681000000000000000e+03 0.000000000000000000e+00 0.000000000000000000e+00
2.681200000000000273e+03 4.000000000000000000e+00 0.000000000000000000e+00
2.681400000000000091e+03 4.000000000000000000e+00 0.000000000000000000e+00
2.681600000000000364e+03 4.000000000000000000e+00 0.000000000000000000e+00
2.681800000000000182e+03 5.656854249492380582e+00 0.000000000000000000e+00
2.682000000000000000e+03 5.656854249492380582e+00 0.000000000000000000e+00
2.682200000000000273e+03 5.656854249492380582e+00 0.000000000000000000e+00
2.682400000000000091e+03 5.656854249492380582e+00 0.000000000000000000e+00
2.682600000000000364e+03 4.000000000000000000e+00 0.000000000000000000e+00
2.682800000000000182e+03 4.000000000000000000e+00 0.000000000000000000e+00
2.683000000000000000e+03 4.000000000000000000e+00 0.000000000000000000e+00
2.683200000000000273e+03 0.000000000000000000e+00 0.000000000000000000e+00
2.683400000000000091e+03 0.000000000000000000e+00 0.000000000000000000e+00
2.683600000000000364e+03 0.000000000000000000e+00 0.000000000000000000e+00
2.683800000000000182e+03 0.000000000000000000e+00 0.000000000000000000e+00
2.684000000000000000e+03 4.000000000000000000e+00 2.575000200000000000e+11
2.684200000000000273e+03 4.000000000000000000e+00 2.575000200000000000e+11
2.684400000000000091e+03 4.000000000000000000e+00 2.575000200000000000e+11
2.684600000000000364e+03 5.656854249492380582e+00 2.575000200000000000e+11
2.684800000000000182e+03 5.656854249492380582e+00 2.575000000000000000e+11
2.685000000000000000e+03 5.656854249492380582e+00 2.575000200000000000e+11
2.685200000000000273e+03 4.000000000000000000e+00 2.575000200000000000e+11
2.685400000000000091e+03 4.000000000000000000e+00 2.575000200000000000e+11
2.685600000000000364e+03 4.000000000000000000e+00 2.575000000000000000e+11
2.685800000000000182e+03 4.000000000000000000e+00 2.575000200000000000e+11
2.686000000000000000e+03 0.000000000000000000e+00 2.575000000000000000e+11
2.686200000000000273e+03 0.000000000000000000e+00 2.575000000000000000e+11
2.686400000000000091e+03 0.000000000000000000e+00 2.575000200000000000e+11
2.686600000000000364e+03 0.000000000000000000e+00 2.575000200000000000e+11
2.686800000000000182e+03 4.000000000000000000e+00 2.575000200000000000e+11
2.687000000000000000e+03 4.000000000000000000e+00 2.575000000000000000e+11
2.687200000000000273e+03 4.000000000000000000e+00 2.575000200000000000e+11
2.687400000000000091e+03 4.000000000000000000e+00 2.575000200000000000e+11
2.687600000000000364e+03 5.656854249492380582e+00 2.575000200000000000e+11
2.687800000000000182e+03 5.656854249492380582e+00 2.575000000000000000e+11
2.688000000000000000e+03 5.656854249492380582e+00 0.000000000000000000e+00
2.688200000000000273e+03 5.656854249492380582e+00 0.000000000000000000e+00
2.688400000000000091e+03 4.000000000000000000e+00 0.000000000000000000e+00
2.688600000000000364e+03 4.000000000000000000e+00 0.000000000000000000e+00
2.688800000000000182e+03 4.000000000000000000e+00 0.000000000000000000e+00
2.689000000000000000e+03 0.000000000000000000e+00 0.000000000000000000e+00
2.689200000000000273e+03 0.000000000000000000e+00 0.000000000000000000e+00
2.689400000000000091e+03 0.000000000000000000e+00 0.000000000000000000e+00
2.689600000000000364e+03 0.000000000000000000e+00 0.000000000000000000e+00
2.689800000000000182e+03 4.000000000000000000e+00 0.000000000000000000e+00
2.690000000000000000e+03 4.000000000000000000e+00 0.000000000000000000e+00
2.690200000000000273e+03 4.000000000000000000e+00 0.000000000000000000e+00
2.690400000000000091e+03 4.000000000000000000e+00 0.000000000000000000e+00
2.690600000000000364e+03 5.656854249492380582e+00 0.000000000000000000e+00
2.690800000000000182e+03 5.656854249492380582e+00 0.000000000000000000e+00
2.691000000000000000e+03 5.656854249492380582e+00 0.000000000000000000e+00
2.691200000000000273e+03 5.656854249492380582e+00 0.000000000000000000e+00
2.691400000000000091e+03 4.000000000000000000e+00 0.000000000000000000e+00
2.691600000000000364e+03 4.000000000000000000e+00 0.000000000000000000e+00
2.691800000000000182e+03 4.000000000000000000e+00 0.000000000000000000e+00
2.692000000000000000e+03 4.000000000000000000e+00 2.575000200000000000e+11
2.692200000000000273e+03 0.000000000000000000e+00 2.575000200000000000e+11
2.692400000000000091e+03 0.000000000000000000e+00 2.575000200000000000e+11
2.692600000000000364e+03 4.000000000000000000e+00 2.575000200000000000e+11
2.692800000000000182e+03 4.000000000000000000e+00 2.575000200000000000e+11
2.693000000000000000e+03 5.656854249492380582e+00 2.575000000000000000e+11
2.693200000000000273e+03 8.944271909999159220e+00 2.575000200000000000e+11
2.693400000000000091e+03 8.000000000000000000e+00 2.575000200000000000e+11
2.693600000000000364e+03 1.200000000000000000e+01 2.575000000000000000e+11
2.693800000000000182e+03 1.264911064067351809e+01 2.575000200000000000e+11
2.694000000000000000e+03 1.131370849898476116e+01 2.575000000000000000e+11
2.694200000000000273e+03 1.442220510185595650e+01 2.575000200000000000e+11
2.694400000000000091e+03 1.649242250247064234e+01 2.575000200000000000e+11
2.694600000000000364e+03 1.649242250247064234e+01 2.575000200000000000e+11
2.694800000000000182e+03 1.697056274847713908e+01 2.575000200000000000e+11
2.695000000000000000e+03 1.788854381999831844e+01 2.575000200000000000e+11
2.695200000000000273e+03 2.000000000000000000e+01 2.575000000000000000e+11
2.695400000000000091e+03 2.154065922853801496e+01 2.575000200000000000e+11
2.695600000000000364e+03 2.561249694973139412e+01 2.575000200000000000e+11
2.695800000000000182e+03 2.912043955712207222e+01 2.575000200000000000e+11
2.696000000000000000e+03 3.224903099319419653e+01 0.000000000000000000e+00
2.696200000000000273e+03 3.224903099319419653e+01 0.000000000000000000e+00
2.696400000000000091e+03 3.440930106817050671e+01 0.000000000000000000e+00
2.696600000000000364e+03 3.687817782917154830e+01 0.000000000000000000e+00
2.696800000000000182e+03 3.687817782917154830e+01 0.000000000000000000e+00
2.697000000000000000e+03 3.440930106817050671e+01 0.000000000000000000e+00
2.697200000000000273e+03 3.440930106817050671e+01 0.000000000000000000e+00
2.697400000000000091e+03 3.298484500494128469e+01 0.000000000000000000e+00
2.697600000000000364e+03 3.298484500494128469e+01 0.000000000000000000e+00
2.697800000000000182e+03 3.224903099319419653e+01 0.000000000000000000e+00
2.698000000000000000e+03 2.884441020371191300e+01 0.000000000000000000e+00
2.698200000000000273e+03 2.828427124746190202e+01 0.000000000000000000e+00
2.698400000000000091e+03 2.912043955712207222e+01 0.000000000000000000e+00
2.698600000000000364e+03 2.828427124746190202e+01 0.000000000000000000e+00
2.698800000000000182e+03 3.046309242345563462e+01 0.000000000000000000e+00
2.699000000000000000e+03 2.828427124746190202e+01 0.000000000000000000e+00
2.699200000000000273e+03 2.884441020371191300e+01 0.000000000000000000e+00
2.699400000000000091e+03 3.124099870362661591e+01 0.000000000000000000e+00
2.699600000000000364e+03 3.298484500494128469e+01 0.000000000000000000e+00
2.699800000000000182e+03 3.224903099319419653e+01 0.000000000000000000e+00
2.700000000000000000e+03 3.224903099319419653e+01 2.575000000000000000e+11
2.700200000000000273e+03 3.687817782917154830e+01 2.575000200000000000e+11
2.700400000000000091e+03 3.794733192202055250e+01 2.575000000000000000e+11
2.700600000000000364e+03 4.418144406874904462e+01 2.575000200000000000e+11
2.700800000000000182e+03 4.664761515876240594e+01 2.575000200000000000e+11
2.701000000000000000e+03 5.122499389946278825e+01 2.575000200000000000e+11
2.701200000000000273e+03 5.727128425310541360e+01 2.575000200000000000e+11
2.701400000000000091e+03 6.118823416311342100e+01 2.575000200000000000e+11
2.701600000000000364e+03 6.881860213634101342e+01 2.575000000000000000e+11
2.701800000000000182e+03 7.889233169326408301e+01 2.575000200000000000e+11
2.702000000000000000e+03 8.836288813749808924e+01 2.575000000000000000e+11
2.702200000000000273e+03 1.011928851253881447e+02 2.575000200000000000e+11
2.702400000000000091e+03 1.160000000000000000e+02 2.575000000000000000e+11
2.702600000000000364e+03 1.292439553712280826e+02 2.575000200000000000e+11
2.702800000000000182e+03 1.442220510185595685e+02 2.575000000000000000e+11
2.703000000000000000e+03 1.574293492332354276e+02 2.575000200000000000e+11
2.703200000000000273e+03 1.400000000000000000e+02 2.575000200000000000e+11
2.703400000000000091e+03 1.176435293588219366e+02 2.575000000000000000e+11
2.703600000000000364e+03 1.310267148332735871e+02 2.575000200000000000e+11
2.703800000000000182e+03 1.436105845681299229e+02 2.575000000000000000e+11
2.704000000000000000e+03 1.536749816983883647e+02 0.000000000000000000e+00
2.704200000000000273e+03 1.324839612934335662e+02 0.000000000000000000e+00
2.704400000000000091e+03 1.344023809312915319e+02 0.000000000000000000e+00
2.704600000000000364e+03 1.349370223474639943e+02 0.000000000000000000e+00
2.704800000000000182e+03 1.319393800197651387e+02 0.000000000000000000e+00
2.705000000000000000e+03 1.336861997365472234e+02 0.000000000000000000e+00
2.705200000000000273e+03 1.288099375048369382e+02 0.000000000000000000e+00
2.705400000000000091e+03 1.280624847486569706e+02 0.000000000000000000e+00
2.705600000000000364e+03 1.271219886565656338e+02 0.000000000000000000e+00
2.705800000000000182e+03 1.219180052330253687e+02 0.000000000000000000e+00
2.706000000000000000e+03 1.203328716519305885e+02 0.000000000000000000e+00
2.706200000000000273e+03 1.177115117564972877e+02 0.000000000000000000e+00
2.706400000000000091e+03 1.176435293588219366e+02 0.000000000000000000e+00
2.706600000000000364e+03 1.162755348299890699e+02 0.000000000000000000e+00
2.706800000000000182e+03 1.160689450283752677e+02 0.000000000000000000e+00
2.707000000000000000e+03 1.145425685062108272e+02 0.000000000000000000e+00
2.707200000000000273e+03 1.162755348299890699e+02 0.000000000000000000e+00
2.707400000000000091e+03 1.164817582284882889e+02 0.000000000000000000e+00
2.707600000000000364e+03 1.170982493464355798e+02 0.000000000000000000e+00
2.707800000000000182e+03 1.153776408148476520e+02 0.000000000000000000e+00
2.708000000000000000e+03 1.132077735846792450e+02 2.575000000000000000e+11
2.708200000000000273e+03 1.012719112093773077e+02 2.575000200000000000e+11
2.708400000000000091e+03 8.634813257969160816e+01 2.575000200000000000e+11
2.708600000000000364e+03 7.440430095095310037e+01 2.575000000000000000e+11
2.708800000000000182e+03 6.449806198638839305e+01 2.575000200000000000e+11
2.709000000000000000e+03 5.656854249492380404e+01 2.575000200000000000e+11
2.709200000000000273e+03 4.947726750741192348e+01 2.575000000000000000e+11
2.709400000000000091e+03 4.252058325093859992e+01 2.575000200000000000e+11
2.709600000000000364e+03 3.577708763999663688e+01 2.575000200000000000e+11
2.709800000000000182e+03 3.200000000000000000e+01 2.575000200000000000e+11
2.710000000000000000e+03 3.046309242345563462e+01 2.575000200000000000e+11
2.710200000000000273e+03 2.561249694973139412e+01 2.575000000000000000e+11
2.710400000000000091e+03 2.529822128134703618e+01 2.575000000000000000e+11
2.710600000000000364e+03 2.400000000000000000e+01 2.575000200000000000e+11
2.710800000000000182e+03 2.154065922853801496e+01 2.575000200000000000e+11
2.711000000000000000e+03 1.697056274847713908e+01 2.575000200000000000e+11
2.711200000000000273e+03 1.788854381999831844e+01 2.575000200000000000e+11
2.711400000000000091e+03 1.600000000000000000e+01 2.575000200000000000e+11
2.711600000000000364e+03 1.264911064067351809e+01 2.575000000000000000e+11
2.711800000000000182e+03 8.944271909999159220e+00 2.575000000000000000e+11
2.712000000000000000e+03 5.656854249492380582e+00 0.000000000000000000e+00
2.712200000000000273e+03 8.000000000000000000e+00 0.000000000000000000e+00
2.712400000000000091e+03 4.000000000000000000e+00 0.000000000000000000e+00
2.712600000000000364e+03 5.656854249492380582e+00 0.000000000000000000e+00
2.712800000000000182e+03 4.000000000000000000e+00 0.000000000000000000e+00
2.713000000000000000e+03 8.944271909999159220e+00 0.000000000000000000e+00
2.713200000000000273e+03 8.944271909999159220e+00 0.000000000000000000e+00
2.713400000000000091e+03 8.944271909999159220e+00 0.000000000000000000e+00
2.713600000000000364e+03 8.000000000000000000e+00 0.000000000000000000e+00
2.713800000000000182e+03 8.944271909999159220e+00 0.000000000000000000e+00
2.714000000000000000e+03 1.131370849898476116e+01 0.000000000000000000e+00
2.714200000000000273e+03 1.131370849898476116e+01 0.000000000000000000e+00
2.714400000000000091e+03 8.944271909999159220e+00 0.000000000000000000e+00
2.714600000000000364e+03 8.000000000000000000e+00 0.000000000000000000e+00
2.714800000000000182e+03 8.944271909999159220e+00 0.000000000000000000e+00
2.715000000000000000e+03 5.656854249492380582e+00 0.000000000000000000e+00
2.715200000000000273e+03 5.656854249492380582e+00 0.000000000000000000e+00
2.715400000000000091e+03 4.000000000000000000e+00 0.000000000000000000e+00
2.715600000000000364e+03 5.656854249492380582e+00 0.000000000000000000e+00
2.715800000000000182e+03 4.000000000000000000e+00 0.000000000000000000e+00
2.716000000000000000e+03 4.000000000000000000e+00 2.575000000000000000e+11
2.716200000000000273e+03 5.656854249492380582e+00 2.575000200000000000e+11
2.716400000000000091e+03 8.000000000000000000e+00 2.575000000000000000e+11
2.716600000000000364e+03 8.000000000000000000e+00 2.575000200000000000e+11
2.716800000000000182e+03 8.944271909999159220e+00 2.575000000000000000e+11
2.717000000000000000e+03 5.656854249492380582e+00 2.575000000000000000e+11
2.717200000000000273e+03 5.656854249492380582e+00 2.575000000000000000e+11
2.717400000000000091e+03 5.656854249492380582e+00 2.575000200000000000e+11
2.717600000000000364e+03 4.000000000000000000e+00 2.575000000000000000e+11
2.717800000000000182e+03 4.000000000000000000e+00 2.575000200000000000e+11
2.718000000000000000e+03 4.000000000000000000e+00 2.575000200000000000e+11
2.718200000000000273e+03 4.000000000000000000e+00 2.575000000000000000e+11
2.718400000000000091e+03 0.000000000000000000e+00 2.575000200000000000e+11
2.718600000000000364e+03 0.000000000000000000e+00 2.575000200000000000e+11
2.718800000000000182e+03 0.000000000000000000e+00 2.575000200000000000e+11
2.719000000000000000e+03 0.000000000000000000e+00 2.575000200000000000e+11
2.719200000000000273e+03 4.000000000000000000e+00 2.575000000000000000e+11
2.719400000000000091e+03 4.000000000000000000e+00 2.575000200000000000e+11
2.719600000000000364e+03 4.000000000000000000e+00 2.575000200000000000e+11
2.719800000000000182e+03 4.000000000000000000e+00 2.575000200000000000e+11
2.720000000000000000e+03 5.656854249492380582e+00 0.000000000000000000e+00
2.720200000000000273e+03 5.656854249492380582e+00 0.000000000000000000e+00
2.720400000000000091e+03 5.656854249492380582e+00 0.000000000000000000e+00
2.720600000000000364e+03 4.000000000000000000e+00 0.000000000000000000e+00
2.720800000000000182e+03 4.000000000000000000e+00 0.000000000000000000e+00
2.721000000000000000e+03 4.000000000000000000e+00 0.000000000000000000e+00
2.721200000000000273e+03 0.000000000000000000e+00 0.000000000000000000e+00
2.721400000000000091e+03 0.000000000000000000e+00 0.000000000000000000e+00
2.721600000000000364e+03 0.000000000000000000e+00 0.000000000000000000e+00
2.721800000000000182e+03 0.000000000000000000e+00 0.000000000000000000e+00
2.722000000000000000e+03 4.000000000000000000e+00 0.000000000000000000e+00
2.722200000000000273e+03 4.000000000000000000e+00 0.000000000000000000e+00
2.722400000000000091e+03 4.000000000000000000e+00 0.000000000000000000e+00
2.722600000000000364e+03 5.656854249492380582e+00 0.000000000000000000e+00
2.722800000000000182e+03 5.656854249492380582e+00 0.000000000000000000e+00
2.723000000000000000e+03 5.656854249492380582e+00 0.000000000000000000e+00
2.723200000000000273e+03 5.656854249492380582e+00 0.000000000000000000e+00
2.723400000000000091e+03 4.000000000000000000e+00 0.000000000000000000e+00
2.723600000000000364e+03 4.000000000000000000e+00 0.000000000000000000e+00
2.723800000000000182e+03 4.000000000000000000e+00 0.000000000000000000e+00
2.724000000000000000e+03 0.000000000000000000e+00 2.575000000000000000e+11
2.724200000000000273e+03 0.000000000000000000e+00 2.575000200000000000e+11
2.724400000000000091e+03 0.000000000000000000e+00 2.575000200000000000e+11
2.724600000000000364e+03 4.000000000000000000e+00 2.575000200000000000e+11
2.724800000000000182e+03 4.000000000000000000e+00 2.575000200000000000e+11
2.725000000000000000e+03 4.000000000000000000e+00 2.575000200000000000e+11
2.725200000000000273e+03 4.000000000000000000e+00 2.575000200000000000e+11
2.725400000000000091e+03 5.656854249492380582e+00 2.575000000000000000e+11
2.725600000000000364e+03 5.656854249492380582e+00 2.575000200000000000e+11
2.725800000000000182e+03 5.656854249492380582e+00 2.575000200000000000e+11
2.726000000000000000e+03 4.000000000000000000e+00 2.575000200000000000e+11
2.726200000000000273e+03 4.000000000000000000e+00 2.575000000000000000e+11
2.726400000000000091e+03 4.000000000000000000e+00 2.575000200000000000e+11
2.726600000000000364e+03 4.000000000000000000e+00 2.575000200000000000e+11
2.726800000000000182e+03 0.000000000000000000e+00 2.575000000000000000e+11
2.727000000000000000e+03 0.000000000000000000e+00 2.575000200000000000e+11
2.727200000000000273e+03 0.000000000000000000e+00 2.575000200000000000e+11
2.727400000000000091e+03 4.000000000000000000e+00 2.575000200000000000e+11
2.727600000000000364e+03 4.000000000000000000e+00 2.575000000000000000e+11
2.727800000000000182e+03 4.000000000000000000e+00 2.575000200000000000e+11
2.728000000000000000e+03 4.000000000000000000e+00 0.000000000000000000e+00
2.728200000000000273e+03 5.656854249492380582e+00 0.000000000000000000e+00
2.728400000000000091e+03 5.656854249492380582e+00 0.000000000000000000e+00
2.728600000000000364e+03 5.656854249492380582e+00 0.000000000000000000e+00
2.728800000000000182e+03 4.000000000000000000e+00 0.000000000000000000e+00
2.729000000000000000e+03 4.000000000000000000e+00 0.000000000000000000e+00
2.729200000000000273e+03 4.000000000000000000e+00 0.000000000000000000e+00
2.729400000000000091e+03 4.000000000000000000e+00 0.000000000000000000e+00
2.729600000000000364e+03 0.000000000000000000e+00 0.000000000000000000e+00
2.729800000000000182e+03 0.000000000000000000e+00 0.000000000000000000e+00
2.730000000000000000e+03 0.000000000000000000e+00 0.000000000000000000e+00
2.730200000000000273e+03 4.000000000000000000e+00 0.000000000000000000e+00
2.730400000000000091e+03 4.000000000000000000e+00 0.000000000000000000e+00
2.730600000000000364e+03 4.000000000000000000e+00 0.000000000000000000e+00
2.730800000000000182e+03 5.656854249492380582e+00 0.000000000000000000e+00
2.731000000000000000e+03 5.656854249492380582e+00 0.000000000000000000e+00
2.731200000000000273e+03 5.656854249492380582e+00 0.000000000000000000e+00
2.731400000000000091e+03 5.656854249492380582e+00 0.000000000000000000e+00
2.731600000000000364e+03 4.000000000000000000e+00 0.000000000000000000e+00
2.731800000000000182e+03 4.000000000000000000e+00 0.000000000000000000e+00
2.732000000000000000e+03 4.000000000000000000e+00 2.575000200000000000e+11
2.732200000000000273e+03 0.000000000000000000e+00 2.575000200000000000e+11
2.732400000000000091e+03 0.000000000000000000e+00 2.575000200000000000e+11
2.732600000000000364e+03 0.000000000000000000e+00 2.575000000000000000e+11
2.732800000000000182e+03 0.000000000000000000e+00 2.575000200000000000e+11
2.733000000000000000e+03 4.000000000000000000e+00 2.575000200000000000e+11
2.733200000000000273e+03 4.000000000000000000e+00 2.575000200000000000e+11
2.733400000000000091e+03 4.000000000000000000e+00 2.575000000000000000e+11
2.733600000000000364e+03 5.656854249492380582e+00 2.575000200000000000e+11
2.733800000000000182e+03 5.656854249492380582e+00 2.575000000000000000e+11
2.734000000000000000e+03 5.656854249492380582e+00 2.575000200000000000e+11
2.734200000000000273e+03 5.656854249492380582e+00 2.575000200000000000e+11
2.734400000000000091e+03 4.000000000000000000e+00 2.575000200000000000e+11
2.734600000000000364e+03 4.000000000000000000e+00 2.575000200000000000e+11
2.734800000000000182e+03 4.000000000000000000e+00 2.575000200000000000e+11
2.735000000000000000e+03 0.000000000000000000e+00 2.575000200000000000e+11
2.735200000000000273e+03 0.000000000000000000e+00 2.575000000000000000e+11
2.735400000000000091e+03 0.000000000000000000e+00 2.575000000000000000e+11
2.735600000000000364e+03 0.000000000000000000e+00 2.575000200000000000e+11
2.735800000000000182e+03 4.000000000000000000e+00 2.575000200000000000e+11
2.736000000000000000e+03 4.000000000000000000e+00 0.000000000000000000e+00
2.736200000000000273e+03 4.000000000000000000e+00 0.000000000000000000e+00
2.736400000000000091e+03 5.656854249492380582e+00 0.000000000000000000e+00
2.736600000000000364e+03 5.656854249492380582e+00 0.000000000000000000e+00
2.736800000000000182e+03 5.656854249492380582e+00 0.000000000000000000e+00
2.737000000000000000e+03 4.000000000000000000e+00 0.000000000000000000e+00
2.737200000000000273e+03 4.000000000000000000e+00 0.000000000000000000e+00
2.737400000000000091e+03 4.000000000000000000e+00 0.000000000000000000e+00
2.737600000000000364e+03 4.000000000000000000e+00 0.000000000000000000e+00
2.737800000000000182e+03 0.000000000000000000e+00 0.000000000000000000e+00
2.738000000000000000e+03 0.000000000000000000e+00 0.000000000000000000e+00
2.738200000000000273e+03 0.000000000000000000e+00 0.000000000000000000e+00
2.738400000000000091e+03 4.000000000000000000e+00 0.000000000000000000e+00
2.738600000000000364e+03 4.000000000000000000e+00 0.000000000000000000e+00
2.738800000000000182e+03 4.000000000000000000e+00 0.000000000000000000e+00
2.739000000000000000e+03 4.000000000000000000e+00 0.000000000000000000e+00
2.739200000000000273e+03 5.656854249492380582e+00 0.000000000000000000e+00
2.739400000000000091e+03 5.656854249492380582e+00 0.000000000000000000e+00
2.739600000000000364e+03 5.656854249492380582e+00 0.000000000000000000e+00
2.739800000000000182e+03 4.000000000000000000e+00 0.000000000000000000e+00
2.740000000000000000e+03 4.000000000000000000e+00 2.575000200000000000e+11
2.740200000000000273e+03 4.000000000000000000e+00 2.575000200000000000e+11
2.740400000000000091e+03 0.000000000000000000e+00 2.575000200000000000e+11
2.740600000000000364e+03 0.000000000000000000e+00 2.575000200000000000e+11
2.740800000000000182e+03 0.000000000000000000e+00 2.575000000000000000e+11
2.741000000000000000e+03 0.000000000000000000e+00 2.575000200000000000e+11
2.741200000000000273e+03 4.000000000000000000e+00 2.575000200000000000e+11
2.741400000000000091e+03 4.000000000000000000e+00 2.575000200000000000e+11
2.741600000000000364e+03 4.000000000000000000e+00 2.575000200000000000e+11
2.741800000000000182e+03 5.656854249492380582e+00 2.575000000000000000e+11
2.742000000000000000e+03 5.656854249492380582e+00 2.575000200000000000e+11
2.742200000000000273e+03 5.656854249492380582e+00 2.575000200000000000e+11
2.742400000000000091e+03 5.656854249492380582e+00 2.575000200000000000e+11
2.742600000000000364e+03 4.000000000000000000e+00 2.575000200000000000e+11
2.742800000000000182e+03 4.000000000000000000e+00 2.575000200000000000e+11
2.743000000000000000e+03 4.000000000000000000e+00 2.575000000000000000e+11
2.743200000000000273e+03 4.000000000000000000e+00 2.575000000000000000e+11
2.743400000000000091e+03 0.000000000000000000e+00 2.575000200000000000e+11
2.743600000000000364e+03 0.000000000000000000e+00 2.575000000000000000e+11
2.743800000000000182e+03 0.000000000000000000e+00 2.575000000000000000e+11
2.744000000000000000e+03 4.000000000000000000e+00 0.000000000000000000e+00
2.744200000000000273e+03 4.000000000000000000e+00 0.000000000000000000e+00
2.744400000000000091e+03 4.000000000000000000e+00 0.000000000000000000e+00
2.744600000000000364e+03 5.656854249492380582e+00 0.000000000000000000e+00
2.744800000000000182e+03 5.656854249492380582e+00 0.000000000000000000e+00
2.745000000000000000e+03 5.656854249492380582e+00 0.000000000000000000e+00
2.745200000000000273e+03 5.656854249492380582e+00 0.000000000000000000e+00
2.745400000000000091e+03 4.000000000000000000e+00 0.000000000000000000e+00
2.745600000000000364e+03 4.000000000000000000e+00 0.000000000000000000e+00
2.745800000000000182e+03 4.000000000000000000e+00 0.000000000000000000e+00
2.746000000000000000e+03 0.000000000000000000e+00 0.000000000000000000e+00
2.746200000000000273e+03 0.000000000000000000e+00 0.000000000000000000e+00
2.746400000000000091e+03 0.000000000000000000e+00 0.000000000000000000e+00
2.746600000000000364e+03 4.000000000000000000e+00 0.000000000000000000e+00
2.746800000000000182e+03 4.000000000000000000e+00 0.000000000000000000e+00
2.747000000000000000e+03 4.000000000000000000e+00 0.000000000000000000e+00
2.747200000000000273e+03 4.000000000000000000e+00 0.000000000000000000e+00
2.747400000000000091e+03 5.656854249492380582e+00 0.000000000000000000e+00
2.747600000000000364e+03 5.656854249492380582e+00 0.000000000000000000e+00
2.747800000000000182e+03 5.656854249492380582e+00 0.000000000000000000e+00
2.748000000000000000e+03 4.000000000000000000e+00 2.575000200000000000e+11
2.748200000000000273e+03 4.000000000000000000e+00 2.575000200000000000e+11
2.748400000000000091e+03 4.000000000000000000e+00 2.575000200000000000e+11
2.748600000000000364e+03 4.000000000000000000e+00 2.575000200000000000e+11
2.748800000000000182e+03 0.000000000000000000e+00 2.575000200000000000e+11
2.749000000000000000e+03 0.000000000000000000e+00 2.575000000000000000e+11
2.749200000000000273e+03 0.000000000000000000e+00 2.575000000000000000e+11
2.749400000000000091e+03 4.000000000000000000e+00 2.575000000000000000e+11
2.749600000000000364e+03 4.000000000000000000e+00 2.575000200000000000e+11
2.749800000000000182e+03 4.000000000000000000e+00 2.575000200000000000e+11
2.750000000000000000e+03 4.000000000000000000e+00 2.575000200000000000e+11
2.750200000000000273e+03 5.656854249492380582e+00 2.575000000000000000e+11
2.750400000000000091e+03 5.656854249492380582e+00 2.575000000000000000e+11
2.750600000000000364e+03 5.656854249492380582e+00 2.575000000000000000e+11
2.750800000000000182e+03 4.000000000000000000e+00 2.575000200000000000e+11
2.751000000000000000e+03 4.000000000000000000e+00 2.575000000000000000e+11
2.751200000000000273e+03 4.000000000000000000e+00 2.575000200000000000e+11
2.751400000000000091e+03 0.000000000000000000e+00 2.575000200000000000e+11
2.751600000000000364e+03 0.000000000000000000e+00 2.575000000000000000e+11
2.751800000000000182e+03 4.000000000000000000e+00 2.575000200000000000e+11
2.752000000000000000e+03 4.000000000000000000e+00 0.000000000000000000e+00
2.752200000000000273e+03 4.000000000000000000e+00 0.000000000000000000e+00
2.752400000000000091e+03 4.000000000000000000e+00 0.000000000000000000e+00
2.752600000000000364e+03 4.000000000000000000e+00 0.000000000000000000e+00
2.752800000000000182e+03 5.656854249492380582e+00 0.000000000000000000e+00
2.753000000000000000e+03 4.000000000000000000e+00 0.000000000000000000e+00
2.753200000000000273e+03 5.656854249492380582e+00 0.000000000000000000e+00
2.753400000000000091e+03 5.656854249492380582e+00 0.000000000000000000e+00
2.753600000000000364e+03 5.656854249492380582e+00 0.000000000000000000e+00
2.753800000000000182e+03 5.656854249492380582e+00 0.000000000000000000e+00
2.754000000000000000e+03 5.656854249492380582e+00 0.000000000000000000e+00
2.754200000000000273e+03 4.000000000000000000e+00 0.000000000000000000e+00
2.754400000000000091e+03 4.000000000000000000e+00 0.000000000000000000e+00
2.754600000000000364e+03 4.000000000000000000e+00 0.000000000000000000e+00
2.754800000000000182e+03 4.000000000000000000e+00 0.000000000000000000e+00
2.755000000000000000e+03 4.000000000000000000e+00 0.000000000000000000e+00
2.755200000000000273e+03 4.000000000000000000e+00 0.000000000000000000e+00
2.755400000000000091e+03 4.000000000000000000e+00 0.000000000000000000e+00
2.755600000000000364e+03 4.000000000000000000e+00 0.000000000000000000e+00
2.755800000000000182e+03 5.656854249492380582e+00 0.000000000000000000e+00
2.756000000000000000e+03 5.656854249492380582e+00 2.575000000000000000e+11
2.756200000000000273e+03 5.656854249492380582e+00 2.575000000000000000e+11
2.756400000000000091e+03 5.656854249492380582e+00 2.575000200000000000e+11
2.756600000000000364e+03 4.000000000000000000e+00 2.575000000000000000e+11
2.756800000000000182e+03 4.000000000000000000e+00 2.575000000000000000e+11
2.757000000000000000e+03 4.000000000000000000e+00 2.575000200000000000e+11
2.757200000000000273e+03 0.000000000000000000e+00 2.575000000000000000e+11
2.757400000000000091e+03 0.000000000000000000e+00 2.575000000000000000e+11
2.757600000000000364e+03 4.000000000000000000e+00 2.575000200000000000e+11
2.757800000000000182e+03 4.000000000000000000e+00 2.575000200000000000e+11
2.758000000000000000e+03 4.000000000000000000e+00 2.575000200000000000e+11
2.758200000000000273e+03 4.000000000000000000e+00 2.575000200000000000e+11
2.758400000000000091e+03 4.000000000000000000e+00 2.575000200000000000e+11
2.758600000000000364e+03 5.656854249492380582e+00 2.575000200000000000e+11
2.758800000000000182e+03 5.656854249492380582e+00 2.575000000000000000e+11
2.759000000000000000e+03 4.000000000000000000e+00 2.575000000000000000e+11
2.759200000000000273e+03 4.000000000000000000e+00 2.575000000000000000e+11
2.759400000000000091e+03 4.000000000000000000e+00 2.575000000000000000e+11
2.759600000000000364e+03 4.000000000000000000e+00 2.575000000000000000e+11
2.759800000000000182e+03 5.656854249492380582e+00 2.575000200000000000e+11
