2.760000000000000000e+03 5.656854249492380582e+00 0.000000000000000000e+00
2.760200000000000273e+03 4.000000000000000000e+00 0.000000000000000000e+00
2.760400000000000091e+03 5.656854249492380582e+00 0.000000000000000000e+00
2.760600000000000364e+03 5.656854249492380582e+00 0.000000000000000000e+00
2.760800000000000182e+03 5.656854249492380582e+00 0.000000000000000000e+00
2.761000000000000000e+03 5.656854249492380582e+00 0.000000000000000000e+00
2.761200000000000273e+03 5.656854249492380582e+00 0.000000000000000000e+00
2.761400000000000091e+03 5.656854249492380582e+00 0.000000000000000000e+00
2.761600000000000364e+03 5.656854249492380582e+00 0.000000000000000000e+00
2.761800000000000182e+03 4.000000000000000000e+00 0.000000000000000000e+00
2.762000000000000000e+03 5.656854249492380582e+00 0.000000000000000000e+00
2.762200000000000273e+03 0.000000000000000000e+00 0.000000000000000000e+00
2.762400000000000091e+03 4.000000000000000000e+00 0.000000000000000000e+00
2.762600000000000364e+03 5.656854249492380582e+00 0.000000000000000000e+00
2.762800000000000182e+03 5.656854249492380582e+00 0.000000000000000000e+00
2.763000000000000000e+03 5.656854249492380582e+00 0.000000000000000000e+00
2.763200000000000273e+03 5.656854249492380582e+00 0.000000000000000000e+00
2.763400000000000091e+03 5.656854249492380582e+00 0.000000000000000000e+00
2.763600000000000364e+03 5.656854249492380582e+00 0.000000000000000000e+00
2.763800000000000182e+03 5.656854249492380582e+00 0.000000000000000000e+00
2.764000000000000000e+03 5.656854249492380582e+00 2.600000200000000000e+11
2.764200000000000273e+03 5.656854249492380582e+00 2.600000200000000000e+11
2.764400000000000091e+03 5.656854249492380582e+00 2.600000200000000000e+11
2.764600000000000364e+03 4.000000000000000000e+00 2.600000200000000000e+11
2.764800000000000182e+03 4.000000000000000000e+00 2.600000200000000000e+11
2.765000000000000000e+03 5.656854249492380582e+00 2.600000200000000000e+11
2.765200000000000273e+03 4.000000000000000000e+00 2.600000200000000000e+11
2.765400000000000091e+03 5.656854249492380582e+00 2.600000200000000000e+11
2.765600000000000364e+03 5.656854249492380582e+00 2.600000200000000000e+11
2.765800000000000182e+03 5.656854249492380582e+00 2.600000200000000000e+11
2.766000000000000000e+03 5.656854249492380582e+00 2.600000200000000000e+11
2.766200000000000273e+03 5.656854249492380582e+00 2.600000200000000000e+11
2.766400000000000091e+03 5.656854249492380582e+00 2.600000200000000000e+11
2.766600000000000364e+03 5.656854249492380582e+00 2.600000200000000000e+11
2.766800000000000182e+03 4.000000000000000000e+00 2.600000200000000000e+11
2.767000000000000000e+03 4.000000000000000000e+00 2.600000200000000000e+11
2.767200000000000273e+03 4.000000000000000000e+00 2.600000200000000000e+11
2.767400000000000091e+03 4.000000000000000000e+00 2.600000200000000000e+11
2.767600000000000364e+03 0.000000000000000000e+00 2.600000200000000000e+11
2.767800000000000182e+03 0.000000000000000000e+00 2.600000200000000000e+11
2.768000000000000000e+03 0.000000000000000000e+00 0.000000000000000000e+00
2.768200000000000273e+03 4.000000000000000000e+00 0.000000000000000000e+00
2.768400000000000091e+03 4.000000000000000000e+00 0.000000000000000000e+00
2.768600000000000364e+03 5.656854249492380582e+00 0.000000000000000000e+00
2.768800000000000182e+03 5.656854249492380582e+00 0.000000000000000000e+00
2.769000000000000000e+03 5.656854249492380582e+00 0.000000000000000000e+00
2.769200000000000273e+03 5.656854249492380582e+00 0.000000000000000000e+00
2.769400000000000091e+03 5.656854249492380582e+00 0.000000000000000000e+00
2.769600000000000364e+03 4.000000000000000000e+00 0.000000000000000000e+00
2.769800000000000182e+03 4.000000000000000000e+00 0.000000000000000000e+00
2.770000000000000000e+03 4.000000000000000000e+00 0.000000000000000000e+00
2.770200000000000273e+03 0.000000000000000000e+00 0.000000000000000000e+00
2.770400000000000091e+03 0.000000000000000000e+00 0.000000000000000000e+00
2.770600000000000364e+03 0.000000000000000000e+00 0.000000000000000000e+00
2.770800000000000182e+03 4.000000000000000000e+00 0.000000000000000000e+00
2.771000000000000000e+03 4.000000000000000000e+00 0.000000000000000000e+00
2.771200000000000273e+03 5.656854249492380582e+00 0.000000000000000000e+00
2.771400000000000091e+03 5.656854249492380582e+00 0.000000000000000000e+00
2.771600000000000364e+03 5.656854249492380582e+00 0.000000000000000000e+00
2.771800000000000182e+03 5.656854249492380582e+00 0.000000000000000000e+00
2.772000000000000000e+03 5.656854249492380582e+00 2.600000200000000000e+11
2.772200000000000273e+03 5.656854249492380582e+00 2.600000200000000000e+11
2.772400000000000091e+03 4.000000000000000000e+00 2.600000200000000000e+11
2.772600000000000364e+03 4.000000000000000000e+00 2.600000200000000000e+11
2.772800000000000182e+03 4.000000000000000000e+00 2.600000200000000000e+11
2.773000000000000000e+03 0.000000000000000000e+00 2.600000200000000000e+11
2.773200000000000273e+03 0.000000000000000000e+00 2.600000200000000000e+11
2.773400000000000091e+03 0.000000000000000000e+00 2.600000200000000000e+11
2.773600000000000364e+03 4.000000000000000000e+00 2.600000200000000000e+11
2.773800000000000182e+03 4.000000000000000000e+00 2.600000200000000000e+11
2.774000000000000000e+03 4.000000000000000000e+00 2.600000200000000000e+11
2.774200000000000273e+03 5.656854249492380582e+00 2.600000200000000000e+11
2.774400000000000091e+03 5.656854249492380582e+00 2.600000200000000000e+11
2.774600000000000364e+03 5.656854249492380582e+00 2.600000200000000000e+11
2.774800000000000182e+03 5.656854249492380582e+00 2.600000200000000000e+11
2.775000000000000000e+03 4.000000000000000000e+00 2.600000200000000000e+11
2.775200000000000273e+03 4.000000000000000000e+00 2.600000200000000000e+11
2.775400000000000091e+03 4.000000000000000000e+00 2.600000200000000000e+11
2.775600000000000364e+03 0.000000000000000000e+00 2.600000200000000000e+11
2.775800000000000182e+03 0.000000000000000000e+00 2.600000200000000000e+11
2.776000000000000000e+03 0.000000000000000000e+00 0.000000000000000000e+00
2.776200000000000273e+03 0.000000000000000000e+00 0.000000000000000000e+00
2.776400000000000091e+03 4.000000000000000000e+00 0.000000000000000000e+00
2.776600000000000364e+03 4.000000000000000000e+00 0.000000000000000000e+00
2.776800000000000182e+03 4.000000000000000000e+00 0.000000000000000000e+00
2.777000000000000000e+03 5.656854249492380582e+00 0.000000000000000000e+00
2.777200000000000273e+03 5.656854249492380582e+00 0.000000000000000000e+00
2.777400000000000091e+03 5.656854249492380582e+00 0.000000000000000000e+00
2.777600000000000364e+03 5.656854249492380582e+00 0.000000000000000000e+00
2.777800000000000182e+03 4.000000000000000000e+00 0.000000000000000000e+00
2.778000000000000000e+03 4.000000000000000000e+00 0.000000000000000000e+00
2.778200000000000273e+03 4.000000000000000000e+00 0.000000000000000000e+00
2.778400000000000091e+03 0.000000000000000000e+00 0.000000000000000000e+00
2.778600000000000364e+03 0.000000000000000000e+00 0.000000000000000000e+00
2.778800000000000182e+03 0.000000000000000000e+00 0.000000000000000000e+00
2.779000000000000000e+03 4.000000000000000000e+00 0.000000000000000000e+00
2.779200000000000273e+03 4.000000000000000000e+00 0.000000000000000000e+00
2.779400000000000091e+03 4.000000000000000000e+00 0.000000000000000000e+00
2.779600000000000364e+03 5.656854249492380582e+00 0.000000000000000000e+00
2.779800000000000182e+03 5.656854249492380582e+00 0.000000000000000000e+00
2.780000000000000000e+03 5.656854249492380582e+00 2.600000200000000000e+11
2.780200000000000273e+03 5.656854249492380582e+00 2.600000200000000000e+11
2.780400000000000091e+03 4.000000000000000000e+00 2.600000200000000000e+11
2.780600000000000364e+03 4.000000000000000000e+00 2.600000200000000000e+11
2.780800000000000182e+03 4.000000000000000000e+00 2.600000200000000000e+11
2.781000000000000000e+03 0.000000000000000000e+00 2.600000200000000000e+11
2.781200000000000273e+03 0.000000000000000000e+00 2.600000200000000000e+11
2.781400000000000091e+03 0.000000000000000000e+00 2.600000200000000000e+11
2.781600000000000364e+03 0.000000000000000000e+00 2.600000200000000000e+11
2.781800000000000182e+03 4.000000000000000000e+00 2.600000200000000000e+11
2.782000000000000000e+03 4.000000000000000000e+00 2.600000200000000000e+11
2.782200000000000273e+03 4.000000000000000000e+00 2.600000200000000000e+11
2.782400000000000091e+03 5.656854249492380582e+00 2.600000200000000000e+11
2.782600000000000364e+03 5.656854249492380582e+00 2.600000200000000000e+11
2.782800000000000182e+03 5.656854249492380582e+00 2.600000200000000000e+11
2.783000000000000000e+03 5.656854249492380582e+00 2.600000200000000000e+11
2.783200000000000273e+03 4.000000000000000000e+00 2.600000200000000000e+11
2.783400000000000091e+03 4.000000000000000000e+00 2.600000200000000000e+11
2.783600000000000364e+03 4.000000000000000000e+00 2.600000200000000000e+11
2.783800000000000182e+03 0.000000000000000000e+00 2.600000200000000000e+11
2.784000000000000000e+03 0.000000000000000000e+00 0.000000000000000000e+00
2.784200000000000273e+03 0.000000000000000000e+00 0.000000000000000000e+00
2.784400000000000091e+03 0.000000000000000000e+00 0.000000000000000000e+00
2.784600000000000364e+03 4.000000000000000000e+00 0.000000000000000000e+00
2.784800000000000182e+03 4.000000000000000000e+00 0.000000000000000000e+00
2.785000000000000000e+03 4.000000000000000000e+00 0.000000000000000000e+00
2.785200000000000273e+03 5.656854249492380582e+00 0.000000000000000000e+00
2.785400000000000091e+03 5.656854249492380582e+00 0.000000000000000000e+00
2.785600000000000364e+03 5.656854249492380582e+00 0.000000000000000000e+00
2.785800000000000182e+03 4.000000000000000000e+00 0.000000000000000000e+00
2.786000000000000000e+03 4.000000000000000000e+00 0.000000000000000000e+00
2.786200000000000273e+03 4.000000000000000000e+00 0.000000000000000000e+00
2.786400000000000091e+03 4.000000000000000000e+00 0.000000000000000000e+00
2.786600000000000364e+03 0.000000000000000000e+00 0.000000000000000000e+00
2.786800000000000182e+03 0.000000000000000000e+00 0.000000000000000000e+00
2.787000000000000000e+03 0.000000000000000000e+00 0.000000000000000000e+00
2.787200000000000273e+03 4.000000000000000000e+00 0.000000000000000000e+00
2.787400000000000091e+03 4.000000000000000000e+00 0.000000000000000000e+00
2.787600000000000364e+03 4.000000000000000000e+00 0.000000000000000000e+00
2.787800000000000182e+03 4.000000000000000000e+00 0.000000000000000000e+00
2.788000000000000000e+03 5.656854249492380582e+00 2.600000200000000000e+11
2.788200000000000273e+03 5.656854249492380582e+00 2.600000200000000000e+11
2.788400000000000091e+03 5.656854249492380582e+00 2.600000200000000000e+11
2.788600000000000364e+03 4.000000000000000000e+00 2.600000200000000000e+11
2.788800000000000182e+03 4.000000000000000000e+00 2.600000200000000000e+11
2.789000000000000000e+03 4.000000000000000000e+00 2.600000200000000000e+11
2.789200000000000273e+03 0.000000000000000000e+00 2.600000200000000000e+11
2.789400000000000091e+03 0.000000000000000000e+00 2.600000200000000000e+11
2.789600000000000364e+03 0.000000000000000000e+00 2.600000200000000000e+11
2.789800000000000182e+03 0.000000000000000000e+00 2.600000200000000000e+11
2.790000000000000000e+03 4.000000000000000000e+00 2.600000200000000000e+11
2.790200000000000273e+03 4.000000000000000000e+00 2.600000200000000000e+11
2.790400000000000091e+03 4.000000000000000000e+00 2.600000200000000000e+11
2.790600000000000364e+03 5.656854249492380582e+00 2.600000200000000000e+11
2.790800000000000182e+03 5.656854249492380582e+00 2.600000200000000000e+11
2.791000000000000000e+03 5.656854249492380582e+00 2.600000200000000000e+11
2.791200000000000273e+03 5.656854249492380582e+00 2.600000200000000000e+11
2.791400000000000091e+03 4.000000000000000000e+00 2.600000200000000000e+11
2.791600000000000364e+03 4.000000000000000000e+00 2.600000200000000000e+11
2.791800000000000182e+03 4.000000000000000000e+00 2.600000200000000000e+11
2.792000000000000000e+03 0.000000000000000000e+00 0.000000000000000000e+00
2.792200000000000273e+03 0.000000000000000000e+00 0.000000000000000000e+00
2.792400000000000091e+03 0.000000000000000000e+00 0.000000000000000000e+00
2.792600000000000364e+03 0.000000000000000000e+00 0.000000000000000000e+00
2.792800000000000182e+03 4.000000000000000000e+00 0.000000000000000000e+00
2.793000000000000000e+03 4.000000000000000000e+00 0.000000000000000000e+00
2.793200000000000273e+03 4.000000000000000000e+00 0.000000000000000000e+00
2.793400000000000091e+03 5.656854249492380582e+00 0.000000000000000000e+00
2.793600000000000364e+03 5.656854249492380582e+00 0.000000000000000000e+00
2.793800000000000182e+03 5.656854249492380582e+00 0.000000000000000000e+00
2.794000000000000000e+03 4.000000000000000000e+00 0.000000000000000000e+00
2.794200000000000273e+03 4.000000000000000000e+00 0.000000000000000000e+00
2.794400000000000091e+03 4.000000000000000000e+00 0.000000000000000000e+00
2.794600000000000364e+03 4.000000000000000000e+00 0.000000000000000000e+00
2.794800000000000182e+03 0.000000000000000000e+00 0.000000000000000000e+00
2.795000000000000000e+03 0.000000000000000000e+00 0.000000000000000000e+00
2.795200000000000273e+03 0.000000000000000000e+00 0.000000000000000000e+00
2.795400000000000091e+03 4.000000000000000000e+00 0.000000000000000000e+00
2.795600000000000364e+03 4.000000000000000000e+00 0.000000000000000000e+00
2.795800000000000182e+03 4.000000000000000000e+00 0.000000000000000000e+00
2.796000000000000000e+03 4.000000000000000000e+00 2.600000200000000000e+11
2.796200000000000273e+03 5.656854249492380582e+00 2.600000200000000000e+11
2.796400000000000091e+03 5.656854249492380582e+00 2.600000200000000000e+11
2.796600000000000364e+03 5.656854249492380582e+00 2.600000200000000000e+11
2.796800000000000182e+03 4.000000000000000000e+00 2.600000200000000000e+11
2.797000000000000000e+03 4.000000000000000000e+00 2.600000200000000000e+11
2.797200000000000273e+03 4.000000000000000000e+00 2.600000200000000000e+11
2.797400000000000091e+03 0.000000000000000000e+00 2.600000200000000000e+11
2.797600000000000364e+03 0.000000000000000000e+00 2.600000200000000000e+11
2.797800000000000182e+03 0.000000000000000000e+00 2.600000200000000000e+11
2.798000000000000000e+03 0.000000000000000000e+00 2.600000200000000000e+11
2.798200000000000273e+03 4.000000000000000000e+00 2.600000200000000000e+11
2.798400000000000091e+03 4.000000000000000000e+00 2.600000200000000000e+11
2.798600000000000364e+03 4.000000000000000000e+00 2.600000200000000000e+11
2.798800000000000182e+03 5.656854249492380582e+00 2.600000200000000000e+11
2.799000000000000000e+03 5.656854249492380582e+00 2.600000200000000000e+11
2.799200000000000273e+03 5.656854249492380582e+00 2.600000200000000000e+11
2.799400000000000091e+03 5.656854249492380582e+00 2.600000200000000000e+11
2.799600000000000364e+03 4.000000000000000000e+00 2.600000200000000000e+11
2.799800000000000182e+03 4.000000000000000000e+00 2.600000200000000000e+11
2.800000000000000000e+03 4.000000000000000000e+00 0.000000000000000000e+00
2.800200000000000273e+03 0.000000000000000000e+00 0.000000000000000000e+00
2.800400000000000091e+03 0.000000000000000000e+00 0.000000000000000000e+00
2.800600000000000364e+03 0.000000000000000000e+00 0.000000000000000000e+00
2.800800000000000182e+03 0.000000000000000000e+00 0.000000000000000000e+00
2.801000000000000000e+03 4.000000000000000000e+00 0.000000000000000000e+00
2.801200000000000273e+03 4.000000000000000000e+00 0.000000000000000000e+00
2.801400000000000091e+03 4.000000000000000000e+00 0.000000000000000000e+00
2.801600000000000364e+03 5.656854249492380582e+00 0.000000000000000000e+00
2.801800000000000182e+03 5.656854249492380582e+00 0.000000000000000000e+00
2.802000000000000000e+03 5.656854249492380582e+00 0.000000000000000000e+00
2.802200000000000273e+03 4.000000000000000000e+00 0.000000000000000000e+00
2.802400000000000091e+03 4.000000000000000000e+00 0.000000000000000000e+00
2.802600000000000364e+03 4.000000000000000000e+00 0.000000000000000000e+00
2.802800000000000182e+03 4.000000000000000000e+00 0.000000000000000000e+00
2.803000000000000000e+03 0.000000000000000000e+00 0.000000000000000000e+00
2.803200000000000273e+03 0.000000000000000000e+00 0.000000000000000000e+00
2.803400000000000091e+03 0.000000000000000000e+00 0.000000000000000000e+00
2.803600000000000364e+03 4.000000000000000000e+00 0.000000000000000000e+00
2.803800000000000182e+03 4.000000000000000000e+00 0.000000000000000000e+00
2.804000000000000000e+03 4.000000000000000000e+00 2.600000200000000000e+11
2.804200000000000273e+03 4.000000000000000000e+00 2.600000200000000000e+11
2.804400000000000091e+03 5.656854249492380582e+00 2.600000200000000000e+11
2.804600000000000364e+03 5.656854249492380582e+00 2.600000200000000000e+11
2.804800000000000182e+03 5.656854249492380582e+00 2.600000200000000000e+11
2.805000000000000000e+03 4.000000000000000000e+00 2.600000200000000000e+11
2.805200000000000273e+03 4.000000000000000000e+00 2.600000200000000000e+11
2.805400000000000091e+03 4.000000000000000000e+00 2.600000200000000000e+11
2.805600000000000364e+03 4.000000000000000000e+00 2.600000200000000000e+11
2.805800000000000182e+03 0.000000000000000000e+00 2.600000200000000000e+11
2.806000000000000000e+03 0.000000000000000000e+00 2.600000200000000000e+11
2.806200000000000273e+03 0.000000000000000000e+00 2.600000200000000000e+11
2.806400000000000091e+03 4.000000000000000000e+00 2.600000200000000000e+11
2.806600000000000364e+03 4.000000000000000000e+00 2.600000200000000000e+11
2.806800000000000182e+03 4.000000000000000000e+00 2.600000200000000000e+11
2.807000000000000000e+03 5.656854249492380582e+00 2.600000200000000000e+11
2.807200000000000273e+03 5.656854249492380582e+00 2.600000200000000000e+11
2.807400000000000091e+03 5.656854249492380582e+00 2.600000200000000000e+11
2.807600000000000364e+03 5.656854249492380582e+00 2.600000200000000000e+11
2.807800000000000182e+03 4.000000000000000000e+00 2.600000200000000000e+11
2.808000000000000000e+03 4.000000000000000000e+00 0.000000000000000000e+00
2.808200000000000273e+03 4.000000000000000000e+00 0.000000000000000000e+00
2.808400000000000091e+03 0.000000000000000000e+00 0.000000000000000000e+00
2.808600000000000364e+03 0.000000000000000000e+00 0.000000000000000000e+00
2.808800000000000182e+03 0.000000000000000000e+00 0.000000000000000000e+00
2.809000000000000000e+03 0.000000000000000000e+00 0.000000000000000000e+00
2.809200000000000273e+03 4.000000000000000000e+00 0.000000000000000000e+00
2.809400000000000091e+03 4.000000000000000000e+00 0.000000000000000000e+00
2.809600000000000364e+03 4.000000000000000000e+00 0.000000000000000000e+00
2.809800000000000182e+03 5.656854249492380582e+00 0.000000000000000000e+00
2.810000000000000000e+03 5.656854249492380582e+00 0.000000000000000000e+00
2.810200000000000273e+03 5.656854249492380582e+00 0.000000000000000000e+00
2.810400000000000091e+03 5.656854249492380582e+00 0.000000000000000000e+00
2.810600000000000364e+03 4.000000000000000000e+00 0.000000000000000000e+00
2.810800000000000182e+03 4.000000000000000000e+00 0.000000000000000000e+00
2.811000000000000000e+03 4.000000000000000000e+00 0.000000000000000000e+00
2.811200000000000273e+03 0.000000000000000000e+00 0.000000000000000000e+00
2.811400000000000091e+03 0.000000000000000000e+00 0.000000000000000000e+00
2.811600000000000364e+03 0.000000000000000000e+00 0.000000000000000000e+00
2.811800000000000182e+03 0.000000000000000000e+00 0.000000000000000000e+00
2.812000000000000000e+03 4.000000000000000000e+00 2.600000200000000000e+11
2.812200000000000273e+03 4.000000000000000000e+00 2.600000200000000000e+11
2.812400000000000091e+03 4.000000000000000000e+00 2.600000200000000000e+11
2.812600000000000364e+03 5.656854249492380582e+00 2.600000200000000000e+11
2.812800000000000182e+03 5.656854249492380582e+00 2.600000200000000000e+11
2.813000000000000000e+03 5.656854249492380582e+00 2.600000200000000000e+11
2.813200000000000273e+03 5.656854249492380582e+00 2.600000200000000000e+11
2.813400000000000091e+03 4.000000000000000000e+00 2.600000200000000000e+11
2.813600000000000364e+03 4.000000000000000000e+00 2.600000200000000000e+11
2.813800000000000182e+03 4.000000000000000000e+00 2.600000200000000000e+11
2.814000000000000000e+03 0.000000000000000000e+00 2.600000200000000000e+11
2.814200000000000273e+03 0.000000000000000000e+00 2.600000200000000000e+11
2.814400000000000091e+03 0.000000000000000000e+00 2.600000200000000000e+11
2.814600000000000364e+03 0.000000000000000000e+00 2.600000200000000000e+11
2.814800000000000182e+03 4.000000000000000000e+00 2.600000200000000000e+11
2.815000000000000000e+03 4.000000000000000000e+00 2.600000200000000000e+11
2.815200000000000273e+03 4.000000000000000000e+00 2.600000200000000000e+11
2.815400000000000091e+03 4.000000000000000000e+00 2.600000200000000000e+11
2.815600000000000364e+03 8.944271909999159220e+00 2.600000200000000000e+11
2.815800000000000182e+03 8.944271909999159220e+00 2.600000200000000000e+11
2.816000000000000000e+03 8.944271909999159220e+00 0.000000000000000000e+00
2.816200000000000273e+03 8.944271909999159220e+00 0.000000000000000000e+00
2.816400000000000091e+03 8.000000000000000000e+00 0.000000000000000000e+00
2.816600000000000364e+03 8.000000000000000000e+00 0.000000000000000000e+00
2.816800000000000182e+03 5.656854249492380582e+00 0.000000000000000000e+00
2.817000000000000000e+03 5.656854249492380582e+00 0.000000000000000000e+00
2.817200000000000273e+03 4.000000000000000000e+00 0.000000000000000000e+00
2.817400000000000091e+03 0.000000000000000000e+00 0.000000000000000000e+00
2.817600000000000364e+03 4.000000000000000000e+00 0.000000000000000000e+00
2.817800000000000182e+03 5.656854249492380582e+00 0.000000000000000000e+00
2.818000000000000000e+03 5.656854249492380582e+00 0.000000000000000000e+00
2.818200000000000273e+03 4.000000000000000000e+00 0.000000000000000000e+00
2.818400000000000091e+03 8.000000000000000000e+00 0.000000000000000000e+00
2.818600000000000364e+03 8.944271909999159220e+00 0.000000000000000000e+00
2.818800000000000182e+03 8.944271909999159220e+00 0.000000000000000000e+00
2.819000000000000000e+03 8.944271909999159220e+00 0.000000000000000000e+00
2.819200000000000273e+03 8.944271909999159220e+00 0.000000000000000000e+00
2.819400000000000091e+03 8.000000000000000000e+00 0.000000000000000000e+00
2.819600000000000364e+03 4.000000000000000000e+00 0.000000000000000000e+00
2.819800000000000182e+03 5.656854249492380582e+00 0.000000000000000000e+00
2.820000000000000000e+03 5.656854249492380582e+00 2.600000200000000000e+11
2.820200000000000273e+03 4.000000000000000000e+00 2.600000200000000000e+11
2.820400000000000091e+03 4.000000000000000000e+00 2.600000200000000000e+11
2.820600000000000364e+03 4.000000000000000000e+00 2.600000200000000000e+11
2.820800000000000182e+03 4.000000000000000000e+00 2.600000200000000000e+11
2.821000000000000000e+03 8.944271909999159220e+00 2.600000200000000000e+11
2.821200000000000273e+03 8.944271909999159220e+00 2.600000200000000000e+11
2.821400000000000091e+03 1.264911064067351809e+01 2.600000200000000000e+11
2.821600000000000364e+03 1.600000000000000000e+01 2.600000200000000000e+11
2.821800000000000182e+03 1.788854381999831844e+01 2.600000200000000000e+11
2.822000000000000000e+03 1.697056274847713908e+01 2.600000200000000000e+11
2.822200000000000273e+03 2.154065922853801496e+01 2.600000200000000000e+11
2.822400000000000091e+03 2.000000000000000000e+01 2.600000200000000000e+11
2.822600000000000364e+03 2.154065922853801496e+01 2.600000200000000000e+11
2.822800000000000182e+03 2.561249694973139412e+01 2.600000200000000000e+11
2.823000000000000000e+03 2.683281572999747766e+01 2.600000200000000000e+11
2.823200000000000273e+03 2.800000000000000000e+01 2.600000200000000000e+11
2.823400000000000091e+03 3.224903099319419653e+01 2.600000200000000000e+11
2.823600000000000364e+03 3.687817782917154830e+01 2.600000200000000000e+11
2.823800000000000182e+03 4.176122603564220270e+01 2.600000200000000000e+11
2.824000000000000000e+03 4.866210024238575471e+01 0.000000000000000000e+00
2.824200000000000273e+03 4.882622246293480828e+01 0.000000000000000000e+00
2.824400000000000091e+03 4.664761515876240594e+01 0.000000000000000000e+00
2.824600000000000364e+03 4.866210024238575471e+01 0.000000000000000000e+00
2.824800000000000182e+03 4.947726750741192348e+01 0.000000000000000000e+00
2.825000000000000000e+03 5.122499389946278825e+01 0.000000000000000000e+00
2.825200000000000273e+03 5.011985634456667071e+01 0.000000000000000000e+00
2.825400000000000091e+03 4.866210024238575471e+01 0.000000000000000000e+00
2.825600000000000364e+03 4.947726750741192348e+01 0.000000000000000000e+00
2.825800000000000182e+03 4.560701700396551672e+01 0.000000000000000000e+00
2.826000000000000000e+03 4.472135954999579610e+01 0.000000000000000000e+00
2.826200000000000273e+03 4.418144406874904462e+01 0.000000000000000000e+00
2.826400000000000091e+03 4.308131845707602992e+01 0.000000000000000000e+00
2.826600000000000364e+03 4.252058325093859992e+01 0.000000000000000000e+00
2.826800000000000182e+03 4.176122603564220270e+01 0.000000000000000000e+00
2.827000000000000000e+03 4.019950248448355978e+01 0.000000000000000000e+00
2.827200000000000273e+03 4.326661530556787483e+01 0.000000000000000000e+00
2.827400000000000091e+03 4.326661530556787483e+01 0.000000000000000000e+00
2.827600000000000364e+03 4.472135954999579610e+01 0.000000000000000000e+00
2.827800000000000182e+03 4.472135954999579610e+01 0.000000000000000000e+00
2.828000000000000000e+03 4.326661530556787483e+01 2.600000200000000000e+11
2.828200000000000273e+03 5.215361924162119323e+01 2.600000200000000000e+11
2.828400000000000091e+03 5.727128425310541360e+01 2.600000200000000000e+11
2.828600000000000364e+03 6.118823416311342100e+01 2.600000200000000000e+11
2.828800000000000182e+03 6.881860213634101342e+01 2.600000200000000000e+11
2.829000000000000000e+03 7.547184905645282527e+01 2.600000200000000000e+11
2.829200000000000273e+03 8.089499366462673891e+01 2.600000200000000000e+11
2.829400000000000091e+03 9.234717104492156636e+01 2.600000200000000000e+11
2.829600000000000364e+03 1.019803902718556969e+02 2.600000200000000000e+11
2.829800000000000182e+03 1.166190378969060077e+02 2.600000200000000000e+11
2.830000000000000000e+03 1.280624847486569706e+02 2.600000200000000000e+11
2.830200000000000273e+03 1.449413674559474998e+02 2.600000200000000000e+11
2.830400000000000091e+03 1.600000000000000000e+02 2.600000200000000000e+11
2.830600000000000364e+03 1.162755348299890699e+02 2.600000200000000000e+11
2.830800000000000182e+03 1.280624847486569706e+02 2.600000200000000000e+11
2.831000000000000000e+03 1.433875866314793655e+02 2.600000200000000000e+11
2.831200000000000273e+03 1.557947367532035798e+02 2.600000200000000000e+11
2.831400000000000091e+03 1.486472334084963620e+02 2.600000200000000000e+11
2.831600000000000364e+03 1.329661611087572908e+02 2.600000200000000000e+11
2.831800000000000182e+03 1.151694403911037483e+02 2.600000200000000000e+11
2.832000000000000000e+03 1.003194896318756264e+02 0.000000000000000000e+00
2.832200000000000273e+03 9.838699100999075142e+01 0.000000000000000000e+00
2.832400000000000091e+03 9.682974749528163727e+01 0.000000000000000000e+00
2.832600000000000364e+03 9.414881836751855815e+01 0.000000000000000000e+00
2.832800000000000182e+03 9.414881836751855815e+01 0.000000000000000000e+00
2.833000000000000000e+03 9.121403400793103344e+01 0.000000000000000000e+00
2.833200000000000273e+03 9.130169768410661391e+01 0.000000000000000000e+00
2.833400000000000091e+03 9.208691546577070142e+01 0.000000000000000000e+00
2.833600000000000364e+03 9.138927727036690385e+01 0.000000000000000000e+00
2.833800000000000182e+03 9.068627239003707530e+01 0.000000000000000000e+00
2.834000000000000000e+03 9.234717104492156636e+01 0.000000000000000000e+00
2.834200000000000273e+03 9.234717104492156636e+01 0.000000000000000000e+00
2.834400000000000091e+03 9.130169768410661391e+01 0.000000000000000000e+00
2.834600000000000364e+03 9.121403400793103344e+01 0.000000000000000000e+00
2.834800000000000182e+03 9.024411338142782313e+01 0.000000000000000000e+00
2.835000000000000000e+03 8.944271909999159220e+01 0.000000000000000000e+00
2.835200000000000273e+03 8.653323061113574965e+01 0.000000000000000000e+00
2.835400000000000091e+03 8.438009243891595190e+01 0.000000000000000000e+00
2.835600000000000364e+03 8.438009243891595190e+01 0.000000000000000000e+00
2.835800000000000182e+03 8.099382692526634742e+01 0.000000000000000000e+00
2.836000000000000000e+03 7.919595949289332282e+01 2.600000200000000000e+11
2.836200000000000273e+03 6.835202996254024299e+01 2.600000200000000000e+11
2.836400000000000091e+03 6.013318551349163243e+01 2.600000200000000000e+11
2.836600000000000364e+03 5.366563145999495532e+01 2.600000200000000000e+11
2.836800000000000182e+03 5.122499389946278825e+01 2.600000200000000000e+11
2.837000000000000000e+03 4.560701700396551672e+01 2.600000200000000000e+11
2.837200000000000273e+03 4.019950248448355978e+01 2.600000200000000000e+11
2.837400000000000091e+03 3.577708763999663688e+01 2.600000200000000000e+11
2.837600000000000364e+03 3.124099870362661591e+01 2.600000200000000000e+11
2.837800000000000182e+03 3.046309242345563462e+01 2.600000200000000000e+11
2.838000000000000000e+03 2.400000000000000000e+01 2.600000200000000000e+11
2.838200000000000273e+03 2.154065922853801496e+01 2.600000200000000000e+11
2.838400000000000091e+03 1.697056274847713908e+01 2.600000200000000000e+11
2.838600000000000364e+03 1.442220510185595650e+01 2.600000200000000000e+11
2.838800000000000182e+03 1.200000000000000000e+01 2.600000200000000000e+11
2.839000000000000000e+03 8.944271909999159220e+00 2.600000200000000000e+11
2.839200000000000273e+03 5.656854249492380582e+00 2.600000200000000000e+11
2.839400000000000091e+03 8.000000000000000000e+00 2.600000200000000000e+11
2.839600000000000364e+03 5.656854249492380582e+00 2.600000200000000000e+11
2.839800000000000182e+03 5.656854249492380582e+00 2.600000200000000000e+11
2.840000000000000000e+03 8.000000000000000000e+00 0.000000000000000000e+00
2.840200000000000273e+03 8.000000000000000000e+00 0.000000000000000000e+00
2.840400000000000091e+03 8.944271909999159220e+00 0.000000000000000000e+00
2.840600000000000364e+03 8.944271909999159220e+00 0.000000000000000000e+00
2.840800000000000182e+03 8.944271909999159220e+00 0.000000000000000000e+00
2.841000000000000000e+03 8.944271909999159220e+00 0.000000000000000000e+00
2.841200000000000273e+03 8.000000000000000000e+00 0.000000000000000000e+00
2.841400000000000091e+03 8.000000000000000000e+00 0.000000000000000000e+00
2.841600000000000364e+03 5.656854249492380582e+00 0.000000000000000000e+00
2.841800000000000182e+03 5.656854249492380582e+00 0.000000000000000000e+00
2.842000000000000000e+03 4.000000000000000000e+00 0.000000000000000000e+00
2.842200000000000273e+03 0.000000000000000000e+00 0.000000000000000000e+00
2.842400000000000091e+03 4.000000000000000000e+00 0.000000000000000000e+00
2.842600000000000364e+03 5.656854249492380582e+00 0.000000000000000000e+00
2.842800000000000182e+03 5.656854249492380582e+00 0.000000000000000000e+00
2.843000000000000000e+03 8.000000000000000000e+00 0.000000000000000000e+00
2.843200000000000273e+03 8.000000000000000000e+00 0.000000000000000000e+00
2.843400000000000091e+03 8.944271909999159220e+00 0.000000000000000000e+00
2.843600000000000364e+03 8.944271909999159220e+00 0.000000000000000000e+00
2.843800000000000182e+03 8.944271909999159220e+00 0.000000000000000000e+00
2.844000000000000000e+03 8.944271909999159220e+00 2.600000200000000000e+11
2.844200000000000273e+03 8.000000000000000000e+00 2.600000200000000000e+11
2.844400000000000091e+03 4.000000000000000000e+00 2.600000200000000000e+11
2.844600000000000364e+03 4.000000000000000000e+00 2.600000200000000000e+11
2.844800000000000182e+03 4.000000000000000000e+00 2.600000200000000000e+11
2.845000000000000000e+03 0.000000000000000000e+00 2.600000200000000000e+11
2.845200000000000273e+03 0.000000000000000000e+00 2.600000200000000000e+11
2.845400000000000091e+03 0.000000000000000000e+00 2.600000200000000000e+11
2.845600000000000364e+03 0.000000000000000000e+00 2.600000200000000000e+11
2.845800000000000182e+03 4.000000000000000000e+00 2.600000200000000000e+11
2.846000000000000000e+03 4.000000000000000000e+00 2.600000200000000000e+11
2.846200000000000273e+03 4.000000000000000000e+00 2.600000200000000000e+11
2.846400000000000091e+03 4.000000000000000000e+00 2.600000200000000000e+11
2.846600000000000364e+03 5.656854249492380582e+00 2.600000200000000000e+11
2.846800000000000182e+03 5.656854249492380582e+00 2.600000200000000000e+11
2.847000000000000000e+03 5.656854249492380582e+00 2.600000200000000000e+11
2.847200000000000273e+03 4.000000000000000000e+00 2.600000200000000000e+11
2.847400000000000091e+03 4.000000000000000000e+00 2.600000200000000000e+11
2.847600000000000364e+03 4.000000000000000000e+00 2.600000200000000000e+11
2.847800000000000182e+03 4.000000000000000000e+00 2.600000200000000000e+11
2.848000000000000000e+03 0.000000000000000000e+00 0.000000000000000000e+00
2.848200000000000273e+03 0.000000000000000000e+00 0.000000000000000000e+00
2.848400000000000091e+03 0.000000000000000000e+00 0.000000000000000000e+00
2.848600000000000364e+03 4.000000000000000000e+00 0.000000000000000000e+00
2.848800000000000182e+03 4.000000000000000000e+00 0.000000000000000000e+00
2.849000000000000000e+03 4.000000000000000000e+00 0.000000000000000000e+00
2.849200000000000273e+03 5.656854249492380582e+00 0.000000000000000000e+00
2.849400000000000091e+03 5.656854249492380582e+00 0.000000000000000000e+00
2.849600000000000364e+03 5.656854249492380582e+00 0.000000000000000000e+00
2.849800000000000182e+03 5.656854249492380582e+00 0.000000000000000000e+00
2.850000000000000000e+03 4.000000000000000000e+00 0.000000000000000000e+00
2.850200000000000273e+03 4.000000000000000000e+00 0.000000000000000000e+00
2.850400000000000091e+03 4.000000000000000000e+00 0.000000000000000000e+00
2.850600000000000364e+03 0.000000000000000000e+00 0.000000000000000000e+00
2.850800000000000182e+03 0.000000000000000000e+00 0.000000000000000000e+00
2.851000000000000000e+03 0.000000000000000000e+00 0.000000000000000000e+00
2.851200000000000273e+03 0.000000000000000000e+00 0.000000000000000000e+00
2.851400000000000091e+03 4.000000000000000000e+00 0.000000000000000000e+00
2.851600000000000364e+03 4.000000000000000000e+00 0.000000000000000000e+00
2.851800000000000182e+03 4.000000000000000000e+00 0.000000000000000000e+00
2.852000000000000000e+03 5.656854249492380582e+00 2.600000200000000000e+11
2.852200000000000273e+03 5.656854249492380582e+00 2.600000200000000000e+11
2.852400000000000091e+03 5.656854249492380582e+00 2.600000200000000000e+11
2.852600000000000364e+03 5.656854249492380582e+00 2.600000200000000000e+11
2.852800000000000182e+03 4.000000000000000000e+00 2.600000200000000000e+11
2.853000000000000000e+03 4.000000000000000000e+00 2.600000200000000000e+11
2.853200000000000273e+03 4.000000000000000000e+00 2.600000200000000000e+11
2.853400000000000091e+03 0.000000000000000000e+00 2.600000200000000000e+11
2.853600000000000364e+03 0.000000000000000000e+00 2.600000200000000000e+11
2.853800000000000182e+03 0.000000000000000000e+00 2.600000200000000000e+11
2.854000000000000000e+03 0.000000000000000000e+00 2.600000200000000000e+11
2.854200000000000273e+03 4.000000000000000000e+00 2.600000200000000000e+11
2.854400000000000091e+03 4.000000000000000000e+00 2.600000200000000000e+11
2.854600000000000364e+03 4.000000000000000000e+00 2.600000200000000000e+11
2.854800000000000182e+03 5.656854249492380582e+00 2.600000200000000000e+11
2.855000000000000000e+03 5.656854249492380582e+00 2.600000200000000000e+11
2.855200000000000273e+03 5.656854249492380582e+00 2.600000200000000000e+11
2.855400000000000091e+03 5.656854249492380582e+00 2.600000200000000000e+11
2.855600000000000364e+03 4.000000000000000000e+00 2.600000200000000000e+11
2.855800000000000182e+03 4.000000000000000000e+00 2.600000200000000000e+11
2.856000000000000000e+03 4.000000000000000000e+00 0.000000000000000000e+00
2.856200000000000273e+03 0.000000000000000000e+00 0.000000000000000000e+00
2.856400000000000091e+03 0.000000000000000000e+00 0.000000000000000000e+00
2.856600000000000364e+03 0.000000000000000000e+00 0.000000000000000000e+00
2.856800000000000182e+03 4.000000000000000000e+00 0.000000000000000000e+00
2.857000000000000000e+03 4.000000000000000000e+00 0.000000000000000000e+00
2.857200000000000273e+03 4.000000000000000000e+00 0.000000000000000000e+00
2.857400000000000091e+03 4.000000000000000000e+00 0.000000000000000000e+00
2.857600000000000364e+03 5.656854249492380582e+00 0.000000000000000000e+00
2.857800000000000182e+03 5.656854249492380582e+00 0.000000000000000000e+00
2.858000000000000000e+03 5.656854249492380582e+00 0.000000000000000000e+00
2.858200000000000273e+03 4.000000000000000000e+00 0.000000000000000000e+00
2.858400000000000091e+03 4.000000000000000000e+00 0.000000000000000000e+00
2.858600000000000364e+03 4.000000000000000000e+00 0.000000000000000000e+00
2.858800000000000182e+03 0.000000000000000000e+00 0.000000000000000000e+00
2.859000000000000000e+03 0.000000000000000000e+00 0.000000000000000000e+00
2.859200000000000273e+03 0.000000000000000000e+00 0.000000000000000000e+00
2.859400000000000091e+03 0.000000000000000000e+00 0.000000000000000000e+00
2.859600000000000364e+03 4.000000000000000000e+00 0.000000000000000000e+00
2.859800000000000182e+03 4.000000000000000000e+00 0.000000000000000000e+00
2.860000000000000000e+03 4.000000000000000000e+00 2.600000200000000000e+11
2.860200000000000273e+03 5.656854249492380582e+00 2.600000200000000000e+11
2.860400000000000091e+03 5.656854249492380582e+00 2.600000200000000000e+11
2.860600000000000364e+03 5.656854249492380582e+00 2.600000200000000000e+11
2.860800000000000182e+03 5.656854249492380582e+00 2.600000200000000000e+11
2.861000000000000000e+03 4.000000000000000000e+00 2.600000200000000000e+11
2.861200000000000273e+03 4.000000000000000000e+00 2.600000200000000000e+11
2.861400000000000091e+03 4.000000000000000000e+00 2.600000200000000000e+11
2.861600000000000364e+03 0.000000000000000000e+00 2.600000200000000000e+11
2.861800000000000182e+03 0.000000000000000000e+00 2.600000200000000000e+11
2.862000000000000000e+03 0.000000000000000000e+00 2.600000200000000000e+11
2.862200000000000273e+03 0.000000000000000000e+00 2.600000200000000000e+11
2.862400000000000091e+03 4.000000000000000000e+00 2.600000200000000000e+11
2.862600000000000364e+03 4.000000000000000000e+00 2.600000200000000000e+11
2.862800000000000182e+03 4.000000000000000000e+00 2.600000200000000000e+11
2.863000000000000000e+03 5.656854249492380582e+00 2.600000200000000000e+11
2.863200000000000273e+03 5.656854249492380582e+00 2.600000200000000000e+11
2.863400000000000091e+03 5.656854249492380582e+00 2.600000200000000000e+11
2.863600000000000364e+03 5.656854249492380582e+00 2.600000200000000000e+11
2.863800000000000182e+03 4.000000000000000000e+00 2.600000200000000000e+11
2.864000000000000000e+03 4.000000000000000000e+00 0.000000000000000000e+00
2.864200000000000273e+03 4.000000000000000000e+00 0.000000000000000000e+00
2.864400000000000091e+03 0.000000000000000000e+00 0.000000000000000000e+00
2.864600000000000364e+03 0.000000000000000000e+00 0.000000000000000000e+00
2.864800000000000182e+03 0.000000000000000000e+00 0.000000000000000000e+00
2.865000000000000000e+03 0.000000000000000000e+00 0.000000000000000000e+00
2.865200000000000273e+03 4.000000000000000000e+00 0.000000000000000000e+00
2.865400000000000091e+03 4.000000000000000000e+00 0.000000000000000000e+00
2.865600000000000364e+03 4.000000000000000000e+00 0.000000000000000000e+00
2.865800000000000182e+03 5.656854249492380582e+00 0.000000000000000000e+00
2.866000000000000000e+03 5.656854249492380582e+00 0.000000000000000000e+00
2.866200000000000273e+03 5.656854249492380582e+00 0.000000000000000000e+00
2.866400000000000091e+03 4.000000000000000000e+00 0.000000000000000000e+00
2.866600000000000364e+03 4.000000000000000000e+00 0.000000000000000000e+00
2.866800000000000182e+03 4.000000000000000000e+00 0.000000000000000000e+00
2.867000000000000000e+03 4.000000000000000000e+00 0.000000000000000000e+00
2.867200000000000273e+03 0.000000000000000000e+00 0.000000000000000000e+00
2.867400000000000091e+03 0.000000000000000000e+00 0.000000000000000000e+00
2.867600000000000364e+03 0.000000000000000000e+00 0.000000000000000000e+00
2.867800000000000182e+03 4.000000000000000000e+00 0.000000000000000000e+00
2.868000000000000000e+03 4.000000000000000000e+00 2.600000200000000000e+11
2.868200000000000273e+03 4.000000000000000000e+00 2.600000200000000000e+11
2.868400000000000091e+03 5.656854249492380582e+00 2.600000200000000000e+11
2.868600000000000364e+03 5.656854249492380582e+00 2.600000200000000000e+11
2.868800000000000182e+03 5.656854249492380582e+00 2.600000200000000000e+11
2.869000000000000000e+03 5.656854249492380582e+00 2.600000200000000000e+11
2.869200000000000273e+03 4.000000000000000000e+00 2.600000200000000000e+11
2.869400000000000091e+03 4.000000000000000000e+00 2.600000200000000000e+11
2.869600000000000364e+03 4.000000000000000000e+00 2.600000200000000000e+11
2.869800000000000182e+03 0.000000000000000000e+00 2.600000200000000000e+11
2.870000000000000000e+03 0.000000000000000000e+00 2.600000200000000000e+11
2.870200000000000273e+03 0.000000000000000000e+00 2.600000200000000000e+11
2.870400000000000091e+03 0.000000000000000000e+00 2.600000200000000000e+11
2.870600000000000364e+03 4.000000000000000000e+00 2.600000200000000000e+11
2.870800000000000182e+03 4.000000000000000000e+00 2.600000200000000000e+11
2.871000000000000000e+03 4.000000000000000000e+00 2.600000200000000000e+11
2.871200000000000273e+03 5.656854249492380582e+00 2.600000200000000000e+11
2.871400000000000091e+03 5.656854249492380582e+00 2.600000200000000000e+11
2.871600000000000364e+03 5.656854249492380582e+00 2.600000200000000000e+11
2.871800000000000182e+03 5.656854249492380582e+00 2.600000200000000000e+11
2.872000000000000000e+03 4.000000000000000000e+00 0.000000000000000000e+00
2.872200000000000273e+03 4.000000000000000000e+00 0.000000000000000000e+00
2.872400000000000091e+03 4.000000000000000000e+00 0.000000000000000000e+00
2.872600000000000364e+03 0.000000000000000000e+00 0.000000000000000000e+00
2.872800000000000182e+03 0.000000000000000000e+00 0.000000000000000000e+00
2.873000000000000000e+03 0.000000000000000000e+00 0.000000000000000000e+00
2.873200000000000273e+03 0.000000000000000000e+00 0.000000000000000000e+00
2.873400000000000091e+03 4.000000000000000000e+00 0.000000000000000000e+00
2.873600000000000364e+03 4.000000000000000000e+00 0.000000000000000000e+00
2.873800000000000182e+03 4.000000000000000000e+00 0.000000000000000000e+00
2.874000000000000000e+03 5.656854249492380582e+00 0.000000000000000000e+00
2.874200000000000273e+03 5.656854249492380582e+00 0.000000000000000000e+00
2.874400000000000091e+03 5.656854249492380582e+00 0.000000000000000000e+00
2.874600000000000364e+03 5.656854249492380582e+00 0.000000000000000000e+00
2.874800000000000182e+03 4.000000000000000000e+00 0.000000000000000000e+00
2.875000000000000000e+03 4.000000000000000000e+00 0.000000000000000000e+00
2.875200000000000273e+03 4.000000000000000000e+00 0.000000000000000000e+00
2.875400000000000091e+03 0.000000000000000000e+00 0.000000000000000000e+00
2.875600000000000364e+03 0.000000000000000000e+00 0.000000000000000000e+00
2.875800000000000182e+03 0.000000000000000000e+00 0.000000000000000000e+00
2.876000000000000000e+03 4.000000000000000000e+00 2.600000200000000000e+11
2.876200000000000273e+03 4.000000000000000000e+00 2.600000200000000000e+11
2.876400000000000091e+03 4.000000000000000000e+00 2.600000200000000000e+11
2.876600000000000364e+03 4.000000000000000000e+00 2.600000200000000000e+11
2.876800000000000182e+03 5.656854249492380582e+00 2.600000200000000000e+11
2.877000000000000000e+03 5.656854249492380582e+00 2.600000200000000000e+11
2.877200000000000273e+03 5.656854249492380582e+00 2.600000200000000000e+11
2.877400000000000091e+03 4.000000000000000000e+00 2.600000200000000000e+11
2.877600000000000364e+03 4.000000000000000000e+00 2.600000200000000000e+11
2.877800000000000182e+03 4.000000000000000000e+00 2.600000200000000000e+11
2.878000000000000000e+03 4.000000000000000000e+00 2.600000200000000000e+11
2.878200000000000273e+03 0.000000000000000000e+00 2.600000200000000000e+11
2.878400000000000091e+03 4.000000000000000000e+00 2.600000200000000000e+11
2.878600000000000364e+03 4.000000000000000000e+00 2.600000200000000000e+11
2.878800000000000182e+03 4.000000000000000000e+00 2.600000200000000000e+11
2.879000000000000000e+03 4.000000000000000000e+00 2.600000200000000000e+11
2.879200000000000273e+03 4.000000000000000000e+00 2.600000200000000000e+11
2.879400000000000091e+03 5.656854249492380582e+00 2.600000200000000000e+11
2.879600000000000364e+03 4.000000000000000000e+00 2.600000200000000000e+11
2.879800000000000182e+03 4.000000000000000000e+00 2.600000200000000000e+11
