3.000000000000000000e+03 4.000000000000000000e+00 0.000000000000000000e+00
3.000200000000000273e+03 4.000000000000000000e+00 0.000000000000000000e+00
3.000400000000000091e+03 5.656854249492380582e+00 0.000000000000000000e+00
3.000600000000000364e+03 5.656854249492380582e+00 0.000000000000000000e+00
3.000800000000000182e+03 5.656854249492380582e+00 0.000000000000000000e+00
3.001000000000000000e+03 5.656854249492380582e+00 0.000000000000000000e+00
3.001200000000000273e+03 5.656854249492380582e+00 0.000000000000000000e+00
3.001400000000000091e+03 5.656854249492380582e+00 0.000000000000000000e+00
3.001600000000000364e+03 5.656854249492380582e+00 0.000000000000000000e+00
3.001800000000000182e+03 5.656854249492380582e+00 0.000000000000000000e+00
3.002000000000000000e+03 5.656854249492380582e+00 0.000000000000000000e+00
3.002200000000000273e+03 0.000000000000000000e+00 0.000000000000000000e+00
3.002400000000000091e+03 4.000000000000000000e+00 0.000000000000000000e+00
3.002600000000000364e+03 5.656854249492380582e+00 0.000000000000000000e+00
3.002800000000000182e+03 0.000000000000000000e+00 0.000000000000000000e+00
3.003000000000000000e+03 5.656854249492380582e+00 0.000000000000000000e+00
3.003200000000000273e+03 5.656854249492380582e+00 0.000000000000000000e+00
3.003400000000000091e+03 5.656854249492380582e+00 0.000000000000000000e+00
3.003600000000000364e+03 5.656854249492380582e+00 0.000000000000000000e+00
3.003800000000000182e+03 5.656854249492380582e+00 0.000000000000000000e+00
3.004000000000000000e+03 5.656854249492380582e+00 2.650000100000000000e+11
3.004200000000000273e+03 5.656854249492380582e+00 2.650000300000000000e+11
3.004400000000000091e+03 5.656854249492380582e+00 2.650000100000000000e+11
3.004600000000000364e+03 4.000000000000000000e+00 2.650000300000000000e+11
3.004800000000000182e+03 4.000000000000000000e+00 2.650000300000000000e+11
3.005000000000000000e+03 4.000000000000000000e+00 2.650000300000000000e+11
3.005200000000000273e+03 0.000000000000000000e+00 2.650000100000000000e+11
3.005400000000000091e+03 0.000000000000000000e+00 2.650000300000000000e+11
3.005600000000000364e+03 0.000000000000000000e+00 2.650000300000000000e+11
3.005800000000000182e+03 0.000000000000000000e+00 2.650000100000000000e+11
3.006000000000000000e+03 4.000000000000000000e+00 2.650000300000000000e+11
3.006200000000000273e+03 4.000000000000000000e+00 2.650000300000000000e+11
3.006400000000000091e+03 5.656854249492380582e+00 2.650000100000000000e+11
3.006600000000000364e+03 5.656854249492380582e+00 2.650000300000000000e+11
3.006800000000000182e+03 5.656854249492380582e+00 2.650000100000000000e+11
3.007000000000000000e+03 5.656854249492380582e+00 2.650000100000000000e+11
3.007200000000000273e+03 4.000000000000000000e+00 2.650000100000000000e+11
3.007400000000000091e+03 4.000000000000000000e+00 2.650000300000000000e+11
3.007600000000000364e+03 4.000000000000000000e+00 2.650000100000000000e+11
3.007800000000000182e+03 4.000000000000000000e+00 2.650000300000000000e+11
3.008000000000000000e+03 0.000000000000000000e+00 0.000000000000000000e+00
3.008200000000000273e+03 0.000000000000000000e+00 0.000000000000000000e+00
3.008400000000000091e+03 0.000000000000000000e+00 0.000000000000000000e+00
3.008600000000000364e+03 4.000000000000000000e+00 0.000000000000000000e+00
3.008800000000000182e+03 4.000000000000000000e+00 0.000000000000000000e+00
3.009000000000000000e+03 4.000000000000000000e+00 0.000000000000000000e+00
3.009200000000000273e+03 5.656854249492380582e+00 0.000000000000000000e+00
3.009400000000000091e+03 5.656854249492380582e+00 0.000000000000000000e+00
3.009600000000000364e+03 5.656854249492380582e+00 0.000000000000000000e+00
3.009800000000000182e+03 5.656854249492380582e+00 0.000000000000000000e+00
3.010000000000000000e+03 4.000000000000000000e+00 0.000000000000000000e+00
3.010200000000000273e+03 4.000000000000000000e+00 0.000000000000000000e+00
3.010400000000000091e+03 4.000000000000000000e+00 0.000000000000000000e+00
3.010600000000000364e+03 0.000000000000000000e+00 0.000000000000000000e+00
3.010800000000000182e+03 0.000000000000000000e+00 0.000000000000000000e+00
3.011000000000000000e+03 0.000000000000000000e+00 0.000000000000000000e+00
3.011200000000000273e+03 0.000000000000000000e+00 0.000000000000000000e+00
3.011400000000000091e+03 4.000000000000000000e+00 0.000000000000000000e+00
3.011600000000000364e+03 4.000000000000000000e+00 0.000000000000000000e+00
3.011800000000000182e+03 4.000000000000000000e+00 0.000000000000000000e+00
3.012000000000000000e+03 5.656854249492380582e+00 2.650000300000000000e+11
3.012200000000000273e+03 5.656854249492380582e+00 2.650000300000000000e+11
3.012400000000000091e+03 5.656854249492380582e+00 2.650000100000000000e+11
3.012600000000000364e+03 5.656854249492380582e+00 2.650000300000000000e+11
3.012800000000000182e+03 4.000000000000000000e+00 2.650000100000000000e+11
3.013000000000000000e+03 4.000000000000000000e+00 2.650000300000000000e+11
3.013200000000000273e+03 4.000000000000000000e+00 2.650000300000000000e+11
3.013400000000000091e+03 0.000000000000000000e+00 2.650000300000000000e+11
3.013600000000000364e+03 0.000000000000000000e+00 2.650000300000000000e+11
3.013800000000000182e+03 0.000000000000000000e+00 2.650000100000000000e+11
3.014000000000000000e+03 0.000000000000000000e+00 2.650000300000000000e+11
3.014200000000000273e+03 4.000000000000000000e+00 2.650000300000000000e+11
3.014400000000000091e+03 4.000000000000000000e+00 2.650000300000000000e+11
3.014600000000000364e+03 4.000000000000000000e+00 2.650000100000000000e+11
3.014800000000000182e+03 5.656854249492380582e+00 2.650000100000000000e+11
3.015000000000000000e+03 5.656854249492380582e+00 2.650000300000000000e+11
3.015200000000000273e+03 5.656854249492380582e+00 2.650000100000000000e+11
3.015400000000000091e+03 4.000000000000000000e+00 2.650000300000000000e+11
3.015600000000000364e+03 4.000000000000000000e+00 2.650000100000000000e+11
3.015800000000000182e+03 4.000000000000000000e+00 2.650000300000000000e+11
3.016000000000000000e+03 4.000000000000000000e+00 0.000000000000000000e+00
3.016200000000000273e+03 0.000000000000000000e+00 0.000000000000000000e+00
3.016400000000000091e+03 0.000000000000000000e+00 0.000000000000000000e+00
3.016600000000000364e+03 0.000000000000000000e+00 0.000000000000000000e+00
3.016800000000000182e+03 4.000000000000000000e+00 0.000000000000000000e+00
3.017000000000000000e+03 4.000000000000000000e+00 0.000000000000000000e+00
3.017200000000000273e+03 4.000000000000000000e+00 0.000000000000000000e+00
3.017400000000000091e+03 4.000000000000000000e+00 0.000000000000000000e+00
3.017600000000000364e+03 5.656854249492380582e+00 0.000000000000000000e+00
3.017800000000000182e+03 5.656854249492380582e+00 0.000000000000000000e+00
3.018000000000000000e+03 5.656854249492380582e+00 0.000000000000000000e+00
3.018200000000000273e+03 4.000000000000000000e+00 0.000000000000000000e+00
3.018400000000000091e+03 4.000000000000000000e+00 0.000000000000000000e+00
3.018600000000000364e+03 4.000000000000000000e+00 0.000000000000000000e+00
3.018800000000000182e+03 0.000000000000000000e+00 0.000000000000000000e+00
3.019000000000000000e+03 0.000000000000000000e+00 0.000000000000000000e+00
3.019200000000000273e+03 0.000000000000000000e+00 0.000000000000000000e+00
3.019400000000000091e+03 0.000000000000000000e+00 0.000000000000000000e+00
3.019600000000000364e+03 4.000000000000000000e+00 0.000000000000000000e+00
3.019800000000000182e+03 4.000000000000000000e+00 0.000000000000000000e+00
3.020000000000000000e+03 4.000000000000000000e+00 2.650000100000000000e+11
3.020200000000000273e+03 5.656854249492380582e+00 2.650000100000000000e+11
3.020400000000000091e+03 5.656854249492380582e+00 2.650000300000000000e+11
3.020600000000000364e+03 5.656854249492380582e+00 2.650000100000000000e+11
3.020800000000000182e+03 5.656854249492380582e+00 2.650000300000000000e+11
3.021000000000000000e+03 4.000000000000000000e+00 2.650000100000000000e+11
3.021200000000000273e+03 4.000000000000000000e+00 2.650000300000000000e+11
3.021400000000000091e+03 4.000000000000000000e+00 2.650000300000000000e+11
3.021600000000000364e+03 0.000000000000000000e+00 2.650000300000000000e+11
3.021800000000000182e+03 0.000000000000000000e+00 2.650000300000000000e+11
3.022000000000000000e+03 0.000000000000000000e+00 2.650000100000000000e+11
3.022200000000000273e+03 0.000000000000000000e+00 2.650000300000000000e+11
3.022400000000000091e+03 4.000000000000000000e+00 2.650000300000000000e+11
3.022600000000000364e+03 4.000000000000000000e+00 2.650000300000000000e+11
3.022800000000000182e+03 4.000000000000000000e+00 2.650000300000000000e+11
3.023000000000000000e+03 5.656854249492380582e+00 2.650000100000000000e+11
3.023200000000000273e+03 5.656854249492380582e+00 2.650000100000000000e+11
3.023400000000000091e+03 5.656854249492380582e+00 2.650000300000000000e+11
3.023600000000000364e+03 5.656854249492380582e+00 2.650000300000000000e+11
3.023800000000000182e+03 4.000000000000000000e+00 2.650000300000000000e+11
3.024000000000000000e+03 4.000000000000000000e+00 0.000000000000000000e+00
3.024200000000000273e+03 4.000000000000000000e+00 0.000000000000000000e+00
3.024400000000000091e+03 0.000000000000000000e+00 0.000000000000000000e+00
3.024600000000000364e+03 0.000000000000000000e+00 0.000000000000000000e+00
3.024800000000000182e+03 0.000000000000000000e+00 0.000000000000000000e+00
3.025000000000000000e+03 4.000000000000000000e+00 0.000000000000000000e+00
3.025200000000000273e+03 4.000000000000000000e+00 0.000000000000000000e+00
3.025400000000000091e+03 4.000000000000000000e+00 0.000000000000000000e+00
3.025600000000000364e+03 4.000000000000000000e+00 0.000000000000000000e+00
3.025800000000000182e+03 5.656854249492380582e+00 0.000000000000000000e+00
3.026000000000000000e+03 5.656854249492380582e+00 0.000000000000000000e+00
3.026200000000000273e+03 5.656854249492380582e+00 0.000000000000000000e+00
3.026400000000000091e+03 4.000000000000000000e+00 0.000000000000000000e+00
3.026600000000000364e+03 4.000000000000000000e+00 0.000000000000000000e+00
3.026800000000000182e+03 4.000000000000000000e+00 0.000000000000000000e+00
3.027000000000000000e+03 0.000000000000000000e+00 0.000000000000000000e+00
3.027200000000000273e+03 0.000000000000000000e+00 0.000000000000000000e+00
3.027400000000000091e+03 0.000000000000000000e+00 0.000000000000000000e+00
3.027600000000000364e+03 0.000000000000000000e+00 0.000000000000000000e+00
3.027800000000000182e+03 4.000000000000000000e+00 0.000000000000000000e+00
3.028000000000000000e+03 4.000000000000000000e+00 2.650000300000000000e+11
3.028200000000000273e+03 4.000000000000000000e+00 2.650000300000000000e+11
3.028400000000000091e+03 5.656854249492380582e+00 2.650000300000000000e+11
3.028600000000000364e+03 5.656854249492380582e+00 2.650000100000000000e+11
3.028800000000000182e+03 5.656854249492380582e+00 2.650000300000000000e+11
3.029000000000000000e+03 5.656854249492380582e+00 2.650000300000000000e+11
3.029200000000000273e+03 4.000000000000000000e+00 2.650000300000000000e+11
3.029400000000000091e+03 4.000000000000000000e+00 2.650000300000000000e+11
3.029600000000000364e+03 4.000000000000000000e+00 2.650000300000000000e+11
3.029800000000000182e+03 0.000000000000000000e+00 2.650000100000000000e+11
3.030000000000000000e+03 0.000000000000000000e+00 2.650000300000000000e+11
3.030200000000000273e+03 0.000000000000000000e+00 2.650000300000000000e+11
3.030400000000000091e+03 0.000000000000000000e+00 2.650000100000000000e+11
3.030600000000000364e+03 4.000000000000000000e+00 2.650000100000000000e+11
3.030800000000000182e+03 4.000000000000000000e+00 2.650000300000000000e+11
3.031000000000000000e+03 4.000000000000000000e+00 2.650000100000000000e+11
3.031200000000000273e+03 5.656854249492380582e+00 2.650000300000000000e+11
3.031400000000000091e+03 5.656854249492380582e+00 2.650000100000000000e+11
3.031600000000000364e+03 5.656854249492380582e+00 2.650000300000000000e+11
3.031800000000000182e+03 5.656854249492380582e+00 2.650000300000000000e+11
3.032000000000000000e+03 4.000000000000000000e+00 0.000000000000000000e+00
3.032200000000000273e+03 4.000000000000000000e+00 0.000000000000000000e+00
3.032400000000000091e+03 4.000000000000000000e+00 0.000000000000000000e+00
3.032600000000000364e+03 0.000000000000000000e+00 0.000000000000000000e+00
3.032800000000000182e+03 0.000000000000000000e+00 0.000000000000000000e+00
3.033000000000000000e+03 0.000000000000000000e+00 0.000000000000000000e+00
3.033200000000000273e+03 4.000000000000000000e+00 0.000000000000000000e+00
3.033400000000000091e+03 4.000000000000000000e+00 0.000000000000000000e+00
3.033600000000000364e+03 4.000000000000000000e+00 0.000000000000000000e+00
3.033800000000000182e+03 4.000000000000000000e+00 0.000000000000000000e+00
3.034000000000000000e+03 5.656854249492380582e+00 0.000000000000000000e+00
3.034200000000000273e+03 5.656854249492380582e+00 0.000000000000000000e+00
3.034400000000000091e+03 5.656854249492380582e+00 0.000000000000000000e+00
3.034600000000000364e+03 4.000000000000000000e+00 0.000000000000000000e+00
3.034800000000000182e+03 4.000000000000000000e+00 0.000000000000000000e+00
3.035000000000000000e+03 4.000000000000000000e+00 0.000000000000000000e+00
3.035200000000000273e+03 0.000000000000000000e+00 0.000000000000000000e+00
3.035400000000000091e+03 0.000000000000000000e+00 0.000000000000000000e+00
3.035600000000000364e+03 0.000000000000000000e+00 0.000000000000000000e+00
3.035800000000000182e+03 0.000000000000000000e+00 0.000000000000000000e+00
3.036000000000000000e+03 4.000000000000000000e+00 2.650000300000000000e+11
3.036200000000000273e+03 4.000000000000000000e+00 2.650000300000000000e+11
3.036400000000000091e+03 4.000000000000000000e+00 2.650000300000000000e+11
3.036600000000000364e+03 5.656854249492380582e+00 2.650000300000000000e+11
3.036800000000000182e+03 5.656854249492380582e+00 2.650000300000000000e+11
3.037000000000000000e+03 5.656854249492380582e+00 2.650000100000000000e+11
3.037200000000000273e+03 5.656854249492380582e+00 2.650000300000000000e+11
3.037400000000000091e+03 4.000000000000000000e+00 2.650000100000000000e+11
3.037600000000000364e+03 4.000000000000000000e+00 2.650000300000000000e+11
3.037800000000000182e+03 4.000000000000000000e+00 2.650000300000000000e+11
3.038000000000000000e+03 0.000000000000000000e+00 2.650000300000000000e+11
3.038200000000000273e+03 0.000000000000000000e+00 2.650000300000000000e+11
3.038400000000000091e+03 0.000000000000000000e+00 2.650000300000000000e+11
3.038600000000000364e+03 0.000000000000000000e+00 2.650000100000000000e+11
3.038800000000000182e+03 4.000000000000000000e+00 2.650000100000000000e+11
3.039000000000000000e+03 4.000000000000000000e+00 2.650000100000000000e+11
3.039200000000000273e+03 4.000000000000000000e+00 2.650000300000000000e+11
3.039400000000000091e+03 5.656854249492380582e+00 2.650000100000000000e+11
3.039600000000000364e+03 5.656854249492380582e+00 2.650000300000000000e+11
3.039800000000000182e+03 5.656854249492380582e+00 2.650000300000000000e+11
3.040000000000000000e+03 5.656854249492380582e+00 0.000000000000000000e+00
3.040200000000000273e+03 4.000000000000000000e+00 0.000000000000000000e+00
3.040400000000000091e+03 4.000000000000000000e+00 0.000000000000000000e+00
3.040600000000000364e+03 4.000000000000000000e+00 0.000000000000000000e+00
3.040800000000000182e+03 0.000000000000000000e+00 0.000000000000000000e+00
3.041000000000000000e+03 0.000000000000000000e+00 0.000000000000000000e+00
3.041200000000000273e+03 0.000000000000000000e+00 0.000000000000000000e+00
3.041400000000000091e+03 4.000000000000000000e+00 0.000000000000000000e+00
3.041600000000000364e+03 4.000000000000000000e+00 0.000000000000000000e+00
3.041800000000000182e+03 4.000000000000000000e+00 0.000000000000000000e+00
3.042000000000000000e+03 4.000000000000000000e+00 0.000000000000000000e+00
3.042200000000000273e+03 5.656854249492380582e+00 0.000000000000000000e+00
3.042400000000000091e+03 5.656854249492380582e+00 0.000000000000000000e+00
3.042600000000000364e+03 5.656854249492380582e+00 0.000000000000000000e+00
3.042800000000000182e+03 4.000000000000000000e+00 0.000000000000000000e+00
3.043000000000000000e+03 4.000000000000000000e+00 0.000000000000000000e+00
3.043200000000000273e+03 4.000000000000000000e+00 0.000000000000000000e+00
3.043400000000000091e+03 4.000000000000000000e+00 0.000000000000000000e+00
3.043600000000000364e+03 0.000000000000000000e+00 0.000000000000000000e+00
3.043800000000000182e+03 0.000000000000000000e+00 0.000000000000000000e+00
3.044000000000000000e+03 0.000000000000000000e+00 2.650000100000000000e+11
3.044200000000000273e+03 4.000000000000000000e+00 2.650000100000000000e+11
3.044400000000000091e+03 4.000000000000000000e+00 2.650000100000000000e+11
3.044600000000000364e+03 4.000000000000000000e+00 2.650000300000000000e+11
3.044800000000000182e+03 4.000000000000000000e+00 2.650000100000000000e+11
3.045000000000000000e+03 5.656854249492380582e+00 2.650000100000000000e+11
3.045200000000000273e+03 5.656854249492380582e+00 2.650000300000000000e+11
3.045400000000000091e+03 5.656854249492380582e+00 2.650000300000000000e+11
3.045600000000000364e+03 4.000000000000000000e+00 2.650000100000000000e+11
3.045800000000000182e+03 4.000000000000000000e+00 2.650000100000000000e+11
3.046000000000000000e+03 4.000000000000000000e+00 2.650000300000000000e+11
3.046200000000000273e+03 4.000000000000000000e+00 2.650000100000000000e+11
3.046400000000000091e+03 0.000000000000000000e+00 2.650000300000000000e+11
3.046600000000000364e+03 0.000000000000000000e+00 2.650000300000000000e+11
3.046800000000000182e+03 0.000000000000000000e+00 2.650000300000000000e+11
3.047000000000000000e+03 0.000000000000000000e+00 2.650000300000000000e+11
3.047200000000000273e+03 4.000000000000000000e+00 2.650000300000000000e+11
3.047400000000000091e+03 4.000000000000000000e+00 2.650000300000000000e+11
3.047600000000000364e+03 4.000000000000000000e+00 2.650000300000000000e+11
3.047800000000000182e+03 8.000000000000000000e+00 2.650000100000000000e+11
3.048000000000000000e+03 8.944271909999159220e+00 0.000000000000000000e+00
3.048200000000000273e+03 5.656854249492380582e+00 0.000000000000000000e+00
3.048400000000000091e+03 8.944271909999159220e+00 0.000000000000000000e+00
3.048600000000000364e+03 8.000000000000000000e+00 0.000000000000000000e+00
3.048800000000000182e+03 4.000000000000000000e+00 0.000000000000000000e+00
3.049000000000000000e+03 4.000000000000000000e+00 0.000000000000000000e+00
3.049200000000000273e+03 5.656854249492380582e+00 0.000000000000000000e+00
3.049400000000000091e+03 4.000000000000000000e+00 0.000000000000000000e+00
3.049600000000000364e+03 0.000000000000000000e+00 0.000000000000000000e+00
3.049800000000000182e+03 0.000000000000000000e+00 0.000000000000000000e+00
3.050000000000000000e+03 4.000000000000000000e+00 0.000000000000000000e+00
3.050200000000000273e+03 5.656854249492380582e+00 0.000000000000000000e+00
3.050400000000000091e+03 4.000000000000000000e+00 0.000000000000000000e+00
3.050600000000000364e+03 4.000000000000000000e+00 0.000000000000000000e+00
3.050800000000000182e+03 8.000000000000000000e+00 0.000000000000000000e+00
3.051000000000000000e+03 5.656854249492380582e+00 0.000000000000000000e+00
3.051200000000000273e+03 5.656854249492380582e+00 0.000000000000000000e+00
3.051400000000000091e+03 5.656854249492380582e+00 0.000000000000000000e+00
3.051600000000000364e+03 5.656854249492380582e+00 0.000000000000000000e+00
3.051800000000000182e+03 4.000000000000000000e+00 0.000000000000000000e+00
3.052000000000000000e+03 4.000000000000000000e+00 2.650000100000000000e+11
3.052200000000000273e+03 5.656854249492380582e+00 2.650000300000000000e+11
3.052400000000000091e+03 5.656854249492380582e+00 2.650000100000000000e+11
3.052600000000000364e+03 4.000000000000000000e+00 2.650000300000000000e+11
3.052800000000000182e+03 5.656854249492380582e+00 2.650000300000000000e+11
3.053000000000000000e+03 4.000000000000000000e+00 2.650000100000000000e+11
3.053200000000000273e+03 5.656854249492380582e+00 2.650000100000000000e+11
3.053400000000000091e+03 8.944271909999159220e+00 2.650000100000000000e+11
3.053600000000000364e+03 8.944271909999159220e+00 2.650000100000000000e+11
3.053800000000000182e+03 1.200000000000000000e+01 2.650000300000000000e+11
3.054000000000000000e+03 1.649242250247064234e+01 2.650000300000000000e+11
3.054200000000000273e+03 1.788854381999831844e+01 2.650000300000000000e+11
3.054400000000000091e+03 2.000000000000000000e+01 2.650000100000000000e+11
3.054600000000000364e+03 2.154065922853801496e+01 2.650000300000000000e+11
3.054800000000000182e+03 2.400000000000000000e+01 2.650000300000000000e+11
3.055000000000000000e+03 2.529822128134703618e+01 2.650000300000000000e+11
3.055200000000000273e+03 2.561249694973139412e+01 2.650000300000000000e+11
3.055400000000000091e+03 2.912043955712207222e+01 2.650000300000000000e+11
3.055600000000000364e+03 3.224903099319419653e+01 2.650000100000000000e+11
3.055800000000000182e+03 3.224903099319419653e+01 2.650000100000000000e+11
3.056000000000000000e+03 3.773592452822641263e+01 0.000000000000000000e+00
3.056200000000000273e+03 3.687817782917154830e+01 0.000000000000000000e+00
3.056400000000000091e+03 3.794733192202055250e+01 0.000000000000000000e+00
3.056600000000000364e+03 4.252058325093859992e+01 0.000000000000000000e+00
3.056800000000000182e+03 4.118252056394800320e+01 0.000000000000000000e+00
3.057000000000000000e+03 4.019950248448355978e+01 0.000000000000000000e+00
3.057200000000000273e+03 4.308131845707602992e+01 0.000000000000000000e+00
3.057400000000000091e+03 4.252058325093859992e+01 0.000000000000000000e+00
3.057600000000000364e+03 4.118252056394800320e+01 0.000000000000000000e+00
3.057800000000000182e+03 4.019950248448355978e+01 0.000000000000000000e+00
3.058000000000000000e+03 3.794733192202055250e+01 0.000000000000000000e+00
3.058200000000000273e+03 3.687817782917154830e+01 0.000000000000000000e+00
3.058400000000000091e+03 3.577708763999663688e+01 0.000000000000000000e+00
3.058600000000000364e+03 3.600000000000000000e+01 0.000000000000000000e+00
3.058800000000000182e+03 3.577708763999663688e+01 0.000000000000000000e+00
3.059000000000000000e+03 3.440930106817050671e+01 0.000000000000000000e+00
3.059200000000000273e+03 3.298484500494128469e+01 0.000000000000000000e+00
3.059400000000000091e+03 3.687817782917154830e+01 0.000000000000000000e+00
3.059600000000000364e+03 3.440930106817050671e+01 0.000000000000000000e+00
3.059800000000000182e+03 3.577708763999663688e+01 0.000000000000000000e+00
3.060000000000000000e+03 3.622154055254966920e+01 2.650000300000000000e+11
3.060200000000000273e+03 4.176122603564220270e+01 2.650000300000000000e+11
3.060400000000000091e+03 4.882622246293480828e+01 2.650000300000000000e+11
3.060600000000000364e+03 5.215361924162119323e+01 2.650000100000000000e+11
3.060800000000000182e+03 6.053098380168622583e+01 2.650000300000000000e+11
3.061000000000000000e+03 6.596969000988256937e+01 2.650000100000000000e+11
3.061200000000000273e+03 7.121797525905942905e+01 2.650000300000000000e+11
3.061400000000000091e+03 8.049844718999243298e+01 2.650000300000000000e+11
3.061600000000000364e+03 8.809086218218095610e+01 2.650000300000000000e+11
3.061800000000000182e+03 9.879271228182774678e+01 2.650000100000000000e+11
3.062000000000000000e+03 1.103449137930697788e+02 2.650000100000000000e+11
3.062200000000000273e+03 1.264911064067351703e+02 2.650000300000000000e+11
3.062400000000000091e+03 1.409113196304682845e+02 2.650000300000000000e+11
3.062600000000000364e+03 1.564608577248635584e+02 2.650000300000000000e+11
3.062800000000000182e+03 1.344023809312915319e+02 2.650000100000000000e+11
3.063000000000000000e+03 1.200000000000000000e+02 2.650000300000000000e+11
3.063200000000000273e+03 1.310267148332735871e+02 2.650000300000000000e+11
3.063400000000000091e+03 1.475127113166861932e+02 2.650000300000000000e+11
3.063600000000000364e+03 1.624315240339756201e+02 2.650000300000000000e+11
3.063800000000000182e+03 1.307822617941745307e+02 2.650000100000000000e+11
3.064000000000000000e+03 1.120000000000000000e+02 0.000000000000000000e+00
3.064200000000000273e+03 1.109233969908963786e+02 0.000000000000000000e+00
3.064400000000000091e+03 1.106345334875146449e+02 0.000000000000000000e+00
3.064600000000000364e+03 1.077032961426900783e+02 0.000000000000000000e+00
3.064800000000000182e+03 1.059056183589898126e+02 0.000000000000000000e+00
3.065000000000000000e+03 1.032279032045115201e+02 0.000000000000000000e+00
3.065200000000000273e+03 1.002397126891333414e+02 0.000000000000000000e+00
3.065400000000000091e+03 1.043072384832423865e+02 0.000000000000000000e+00
3.065600000000000364e+03 1.025280449438103716e+02 0.000000000000000000e+00
3.065800000000000182e+03 1.046900186264192030e+02 0.000000000000000000e+00
3.066000000000000000e+03 1.011928851253881447e+02 0.000000000000000000e+00
3.066200000000000273e+03 1.046900186264192030e+02 0.000000000000000000e+00
3.066400000000000091e+03 1.022154587134451020e+02 0.000000000000000000e+00
3.066600000000000364e+03 1.032279032045115201e+02 0.000000000000000000e+00
3.066800000000000182e+03 1.019803902718556969e+02 0.000000000000000000e+00
3.067000000000000000e+03 9.806120537705010065e+01 0.000000000000000000e+00
3.067200000000000273e+03 9.682974749528163727e+01 0.000000000000000000e+00
3.067400000000000091e+03 9.482615672903757797e+01 0.000000000000000000e+00
3.067600000000000364e+03 9.208691546577070142e+01 0.000000000000000000e+00
3.067800000000000182e+03 8.988882021697692437e+01 0.000000000000000000e+00
3.068000000000000000e+03 9.068627239003707530e+01 2.650000300000000000e+11
3.068200000000000273e+03 7.969943538068510236e+01 2.650000100000000000e+11
3.068400000000000091e+03 6.846897107449476039e+01 2.650000100000000000e+11
3.068600000000000364e+03 5.905929224093360119e+01 2.650000100000000000e+11
3.068800000000000182e+03 5.440588203494177577e+01 2.650000100000000000e+11
3.069000000000000000e+03 4.947726750741192348e+01 2.650000300000000000e+11
3.069200000000000273e+03 4.472135954999579610e+01 2.650000300000000000e+11
3.069400000000000091e+03 4.118252056394800320e+01 2.650000100000000000e+11
3.069600000000000364e+03 3.440930106817050671e+01 2.650000100000000000e+11
3.069800000000000182e+03 2.912043955712207222e+01 2.650000300000000000e+11
3.070000000000000000e+03 2.800000000000000000e+01 2.650000300000000000e+11
3.070200000000000273e+03 2.154065922853801496e+01 2.650000300000000000e+11
3.070400000000000091e+03 1.697056274847713908e+01 2.650000300000000000e+11
3.070600000000000364e+03 1.442220510185595650e+01 2.650000100000000000e+11
3.070800000000000182e+03 1.200000000000000000e+01 2.650000100000000000e+11
3.071000000000000000e+03 8.944271909999159220e+00 2.650000300000000000e+11
3.071200000000000273e+03 8.944271909999159220e+00 2.650000100000000000e+11
3.071400000000000091e+03 8.000000000000000000e+00 2.650000100000000000e+11
3.071600000000000364e+03 8.944271909999159220e+00 2.650000100000000000e+11
3.071800000000000182e+03 5.656854249492380582e+00 2.650000300000000000e+11
3.072000000000000000e+03 8.000000000000000000e+00 0.000000000000000000e+00
3.072200000000000273e+03 8.000000000000000000e+00 0.000000000000000000e+00
3.072400000000000091e+03 8.944271909999159220e+00 0.000000000000000000e+00
3.072600000000000364e+03 8.944271909999159220e+00 0.000000000000000000e+00
3.072800000000000182e+03 8.944271909999159220e+00 0.000000000000000000e+00
3.073000000000000000e+03 8.944271909999159220e+00 0.000000000000000000e+00
3.073200000000000273e+03 8.000000000000000000e+00 0.000000000000000000e+00
3.073400000000000091e+03 8.944271909999159220e+00 0.000000000000000000e+00
3.073600000000000364e+03 5.656854249492380582e+00 0.000000000000000000e+00
3.073800000000000182e+03 5.656854249492380582e+00 0.000000000000000000e+00
3.074000000000000000e+03 4.000000000000000000e+00 0.000000000000000000e+00
3.074200000000000273e+03 5.656854249492380582e+00 0.000000000000000000e+00
3.074400000000000091e+03 4.000000000000000000e+00 0.000000000000000000e+00
3.074600000000000364e+03 5.656854249492380582e+00 0.000000000000000000e+00
3.074800000000000182e+03 5.656854249492380582e+00 0.000000000000000000e+00
3.075000000000000000e+03 8.000000000000000000e+00 0.000000000000000000e+00
3.075200000000000273e+03 8.000000000000000000e+00 0.000000000000000000e+00
3.075400000000000091e+03 8.944271909999159220e+00 0.000000000000000000e+00
3.075600000000000364e+03 8.944271909999159220e+00 0.000000000000000000e+00
3.075800000000000182e+03 8.944271909999159220e+00 0.000000000000000000e+00
3.076000000000000000e+03 8.944271909999159220e+00 2.650000100000000000e+11
3.076200000000000273e+03 8.000000000000000000e+00 2.650000300000000000e+11
3.076400000000000091e+03 4.000000000000000000e+00 2.650000300000000000e+11
3.076600000000000364e+03 4.000000000000000000e+00 2.650000300000000000e+11
3.076800000000000182e+03 4.000000000000000000e+00 2.650000100000000000e+11
3.077000000000000000e+03 0.000000000000000000e+00 2.650000300000000000e+11
3.077200000000000273e+03 0.000000000000000000e+00 2.650000100000000000e+11
3.077400000000000091e+03 0.000000000000000000e+00 2.650000100000000000e+11
3.077600000000000364e+03 0.000000000000000000e+00 2.650000300000000000e+11
3.077800000000000182e+03 4.000000000000000000e+00 2.650000100000000000e+11
3.078000000000000000e+03 4.000000000000000000e+00 2.650000300000000000e+11
3.078200000000000273e+03 4.000000000000000000e+00 2.650000300000000000e+11
3.078400000000000091e+03 4.000000000000000000e+00 2.650000100000000000e+11
3.078600000000000364e+03 5.656854249492380582e+00 2.650000100000000000e+11
3.078800000000000182e+03 5.656854249492380582e+00 2.650000300000000000e+11
3.079000000000000000e+03 5.656854249492380582e+00 2.650000100000000000e+11
3.079200000000000273e+03 4.000000000000000000e+00 2.650000100000000000e+11
3.079400000000000091e+03 4.000000000000000000e+00 2.650000300000000000e+11
3.079600000000000364e+03 4.000000000000000000e+00 2.650000100000000000e+11
3.079800000000000182e+03 4.000000000000000000e+00 2.650000100000000000e+11
3.080000000000000000e+03 0.000000000000000000e+00 0.000000000000000000e+00
3.080200000000000273e+03 0.000000000000000000e+00 0.000000000000000000e+00
3.080400000000000091e+03 0.000000000000000000e+00 0.000000000000000000e+00
3.080600000000000364e+03 4.000000000000000000e+00 0.000000000000000000e+00
3.080800000000000182e+03 4.000000000000000000e+00 0.000000000000000000e+00
3.081000000000000000e+03 4.000000000000000000e+00 0.000000000000000000e+00
3.081200000000000273e+03 5.656854249492380582e+00 0.000000000000000000e+00
3.081400000000000091e+03 5.656854249492380582e+00 0.000000000000000000e+00
3.081600000000000364e+03 5.656854249492380582e+00 0.000000000000000000e+00
3.081800000000000182e+03 5.656854249492380582e+00 0.000000000000000000e+00
3.082000000000000000e+03 4.000000000000000000e+00 0.000000000000000000e+00
3.082200000000000273e+03 4.000000000000000000e+00 0.000000000000000000e+00
3.082400000000000091e+03 4.000000000000000000e+00 0.000000000000000000e+00
3.082600000000000364e+03 0.000000000000000000e+00 0.000000000000000000e+00
3.082800000000000182e+03 0.000000000000000000e+00 0.000000000000000000e+00
3.083000000000000000e+03 0.000000000000000000e+00 0.000000000000000000e+00
3.083200000000000273e+03 0.000000000000000000e+00 0.000000000000000000e+00
3.083400000000000091e+03 4.000000000000000000e+00 0.000000000000000000e+00
3.083600000000000364e+03 4.000000000000000000e+00 0.000000000000000000e+00
3.083800000000000182e+03 4.000000000000000000e+00 0.000000000000000000e+00
3.084000000000000000e+03 5.656854249492380582e+00 2.650000300000000000e+11
3.084200000000000273e+03 5.656854249492380582e+00 2.650000100000000000e+11
3.084400000000000091e+03 5.656854249492380582e+00 2.650000100000000000e+11
3.084600000000000364e+03 5.656854249492380582e+00 2.650000100000000000e+11
3.084800000000000182e+03 4.000000000000000000e+00 2.650000100000000000e+11
3.085000000000000000e+03 4.000000000000000000e+00 2.650000100000000000e+11
3.085200000000000273e+03 4.000000000000000000e+00 2.650000300000000000e+11
3.085400000000000091e+03 0.000000000000000000e+00 2.650000300000000000e+11
3.085600000000000364e+03 0.000000000000000000e+00 2.650000300000000000e+11
3.085800000000000182e+03 0.000000000000000000e+00 2.650000300000000000e+11
3.086000000000000000e+03 0.000000000000000000e+00 2.650000300000000000e+11
3.086200000000000273e+03 4.000000000000000000e+00 2.650000300000000000e+11
3.086400000000000091e+03 4.000000000000000000e+00 2.650000300000000000e+11
3.086600000000000364e+03 4.000000000000000000e+00 2.650000100000000000e+11
3.086800000000000182e+03 5.656854249492380582e+00 2.650000300000000000e+11
3.087000000000000000e+03 5.656854249492380582e+00 2.650000100000000000e+11
3.087200000000000273e+03 5.656854249492380582e+00 2.650000100000000000e+11
3.087400000000000091e+03 5.656854249492380582e+00 2.650000100000000000e+11
3.087600000000000364e+03 4.000000000000000000e+00 2.650000300000000000e+11
3.087800000000000182e+03 4.000000000000000000e+00 2.650000300000000000e+11
3.088000000000000000e+03 4.000000000000000000e+00 0.000000000000000000e+00
3.088200000000000273e+03 0.000000000000000000e+00 0.000000000000000000e+00
3.088400000000000091e+03 0.000000000000000000e+00 0.000000000000000000e+00
3.088600000000000364e+03 0.000000000000000000e+00 0.000000000000000000e+00
3.088800000000000182e+03 4.000000000000000000e+00 0.000000000000000000e+00
3.089000000000000000e+03 4.000000000000000000e+00 0.000000000000000000e+00
3.089200000000000273e+03 4.000000000000000000e+00 0.000000000000000000e+00
3.089400000000000091e+03 4.000000000000000000e+00 0.000000000000000000e+00
3.089600000000000364e+03 5.656854249492380582e+00 0.000000000000000000e+00
3.089800000000000182e+03 5.656854249492380582e+00 0.000000000000000000e+00
3.090000000000000000e+03 5.656854249492380582e+00 0.000000000000000000e+00
3.090200000000000273e+03 4.000000000000000000e+00 0.000000000000000000e+00
3.090400000000000091e+03 4.000000000000000000e+00 0.000000000000000000e+00
3.090600000000000364e+03 4.000000000000000000e+00 0.000000000000000000e+00
3.090800000000000182e+03 4.000000000000000000e+00 0.000000000000000000e+00
3.091000000000000000e+03 0.000000000000000000e+00 0.000000000000000000e+00
3.091200000000000273e+03 0.000000000000000000e+00 0.000000000000000000e+00
3.091400000000000091e+03 0.000000000000000000e+00 0.000000000000000000e+00
3.091600000000000364e+03 4.000000000000000000e+00 0.000000000000000000e+00
3.091800000000000182e+03 4.000000000000000000e+00 0.000000000000000000e+00
3.092000000000000000e+03 4.000000000000000000e+00 2.650000300000000000e+11
3.092200000000000273e+03 5.656854249492380582e+00 2.650000300000000000e+11
3.092400000000000091e+03 5.656854249492380582e+00 2.650000300000000000e+11
3.092600000000000364e+03 5.656854249492380582e+00 2.650000100000000000e+11
3.092800000000000182e+03 5.656854249492380582e+00 2.650000300000000000e+11
3.093000000000000000e+03 4.000000000000000000e+00 2.650000100000000000e+11
3.093200000000000273e+03 4.000000000000000000e+00 2.650000300000000000e+11
3.093400000000000091e+03 4.000000000000000000e+00 2.650000100000000000e+11
3.093600000000000364e+03 0.000000000000000000e+00 2.650000100000000000e+11
3.093800000000000182e+03 0.000000000000000000e+00 2.650000300000000000e+11
3.094000000000000000e+03 0.000000000000000000e+00 2.650000300000000000e+11
3.094200000000000273e+03 0.000000000000000000e+00 2.650000300000000000e+11
3.094400000000000091e+03 4.000000000000000000e+00 2.650000300000000000e+11
3.094600000000000364e+03 4.000000000000000000e+00 2.650000100000000000e+11
3.094800000000000182e+03 4.000000000000000000e+00 2.650000300000000000e+11
3.095000000000000000e+03 5.656854249492380582e+00 2.650000100000000000e+11
3.095200000000000273e+03 5.656854249492380582e+00 2.650000100000000000e+11
3.095400000000000091e+03 5.656854249492380582e+00 2.650000300000000000e+11
3.095600000000000364e+03 5.656854249492380582e+00 2.650000300000000000e+11
3.095800000000000182e+03 4.000000000000000000e+00 2.650000100000000000e+11
3.096000000000000000e+03 4.000000000000000000e+00 0.000000000000000000e+00
3.096200000000000273e+03 4.000000000000000000e+00 0.000000000000000000e+00
3.096400000000000091e+03 0.000000000000000000e+00 0.000000000000000000e+00
3.096600000000000364e+03 0.000000000000000000e+00 0.000000000000000000e+00
3.096800000000000182e+03 0.000000000000000000e+00 0.000000000000000000e+00
3.097000000000000000e+03 0.000000000000000000e+00 0.000000000000000000e+00
3.097200000000000273e+03 4.000000000000000000e+00 0.000000000000000000e+00
3.097400000000000091e+03 4.000000000000000000e+00 0.000000000000000000e+00
3.097600000000000364e+03 4.000000000000000000e+00 0.000000000000000000e+00
3.097800000000000182e+03 5.656854249492380582e+00 0.000000000000000000e+00
3.098000000000000000e+03 5.656854249492380582e+00 0.000000000000000000e+00
3.098200000000000273e+03 5.656854249492380582e+00 0.000000000000000000e+00
3.098400000000000091e+03 4.000000000000000000e+00 0.000000000000000000e+00
3.098600000000000364e+03 4.000000000000000000e+00 0.000000000000000000e+00
3.098800000000000182e+03 4.000000000000000000e+00 0.000000000000000000e+00
3.099000000000000000e+03 4.000000000000000000e+00 0.000000000000000000e+00
3.099200000000000273e+03 0.000000000000000000e+00 0.000000000000000000e+00
3.099400000000000091e+03 0.000000000000000000e+00 0.000000000000000000e+00
3.099600000000000364e+03 0.000000000000000000e+00 0.000000000000000000e+00
3.099800000000000182e+03 4.000000000000000000e+00 0.000000000000000000e+00
3.100000000000000000e+03 4.000000000000000000e+00 2.650000300000000000e+11
3.100200000000000273e+03 4.000000000000000000e+00 2.650000300000000000e+11
3.100400000000000091e+03 4.000000000000000000e+00 2.650000100000000000e+11
3.100600000000000364e+03 5.656854249492380582e+00 2.650000100000000000e+11
3.100800000000000182e+03 5.656854249492380582e+00 2.650000300000000000e+11
3.101000000000000000e+03 5.656854249492380582e+00 2.650000100000000000e+11
3.101200000000000273e+03 4.000000000000000000e+00 2.650000100000000000e+11
3.101400000000000091e+03 4.000000000000000000e+00 2.650000300000000000e+11
3.101600000000000364e+03 4.000000000000000000e+00 2.650000300000000000e+11
3.101800000000000182e+03 4.000000000000000000e+00 2.650000300000000000e+11
3.102000000000000000e+03 0.000000000000000000e+00 2.650000300000000000e+11
3.102200000000000273e+03 0.000000000000000000e+00 2.650000300000000000e+11
3.102400000000000091e+03 0.000000000000000000e+00 2.650000100000000000e+11
3.102600000000000364e+03 4.000000000000000000e+00 2.650000300000000000e+11
3.102800000000000182e+03 4.000000000000000000e+00 2.650000100000000000e+11
3.103000000000000000e+03 4.000000000000000000e+00 2.650000300000000000e+11
3.103200000000000273e+03 4.000000000000000000e+00 2.650000300000000000e+11
3.103400000000000091e+03 5.656854249492380582e+00 2.650000300000000000e+11
3.103600000000000364e+03 5.656854249492380582e+00 2.650000300000000000e+11
3.103800000000000182e+03 5.656854249492380582e+00 2.650000300000000000e+11
3.104000000000000000e+03 4.000000000000000000e+00 0.000000000000000000e+00
3.104200000000000273e+03 4.000000000000000000e+00 0.000000000000000000e+00
3.104400000000000091e+03 4.000000000000000000e+00 0.000000000000000000e+00
3.104600000000000364e+03 0.000000000000000000e+00 0.000000000000000000e+00
3.104800000000000182e+03 0.000000000000000000e+00 0.000000000000000000e+00
3.105000000000000000e+03 0.000000000000000000e+00 0.000000000000000000e+00
3.105200000000000273e+03 4.000000000000000000e+00 0.000000000000000000e+00
3.105400000000000091e+03 4.000000000000000000e+00 0.000000000000000000e+00
3.105600000000000364e+03 4.000000000000000000e+00 0.000000000000000000e+00
3.105800000000000182e+03 4.000000000000000000e+00 0.000000000000000000e+00
3.106000000000000000e+03 5.656854249492380582e+00 0.000000000000000000e+00
3.106200000000000273e+03 5.656854249492380582e+00 0.000000000000000000e+00
3.106400000000000091e+03 5.656854249492380582e+00 0.000000000000000000e+00
3.106600000000000364e+03 4.000000000000000000e+00 0.000000000000000000e+00
3.106800000000000182e+03 4.000000000000000000e+00 0.000000000000000000e+00
3.107000000000000000e+03 4.000000000000000000e+00 0.000000000000000000e+00
3.107200000000000273e+03 4.000000000000000000e+00 0.000000000000000000e+00
3.107400000000000091e+03 0.000000000000000000e+00 0.000000000000000000e+00
3.107600000000000364e+03 0.000000000000000000e+00 0.000000000000000000e+00
3.107800000000000182e+03 0.000000000000000000e+00 0.000000000000000000e+00
3.108000000000000000e+03 4.000000000000000000e+00 2.650000300000000000e+11
3.108200000000000273e+03 4.000000000000000000e+00 2.650000100000000000e+11
3.108400000000000091e+03 4.000000000000000000e+00 2.650000300000000000e+11
3.108600000000000364e+03 4.000000000000000000e+00 2.650000300000000000e+11
3.108800000000000182e+03 4.000000000000000000e+00 2.650000100000000000e+11
3.109000000000000000e+03 5.656854249492380582e+00 2.650000100000000000e+11
3.109200000000000273e+03 5.656854249492380582e+00 2.650000300000000000e+11
3.109400000000000091e+03 5.656854249492380582e+00 2.650000100000000000e+11
3.109600000000000364e+03 5.656854249492380582e+00 2.650000300000000000e+11
3.109800000000000182e+03 4.000000000000000000e+00 2.650000300000000000e+11
3.110000000000000000e+03 4.000000000000000000e+00 2.650000100000000000e+11
3.110200000000000273e+03 4.000000000000000000e+00 2.650000100000000000e+11
3.110400000000000091e+03 4.000000000000000000e+00 2.650000300000000000e+11
3.110600000000000364e+03 4.000000000000000000e+00 2.650000100000000000e+11
3.110800000000000182e+03 4.000000000000000000e+00 2.650000100000000000e+11
3.111000000000000000e+03 4.000000000000000000e+00 2.650000100000000000e+11
3.111200000000000273e+03 4.000000000000000000e+00 2.650000300000000000e+11
3.111400000000000091e+03 4.000000000000000000e+00 2.650000100000000000e+11
3.111600000000000364e+03 4.000000000000000000e+00 2.650000300000000000e+11
3.111800000000000182e+03 5.656854249492380582e+00 2.650000300000000000e+11
3.112000000000000000e+03 5.656854249492380582e+00 0.000000000000000000e+00
3.112200000000000273e+03 5.656854249492380582e+00 0.000000000000000000e+00
3.112400000000000091e+03 5.656854249492380582e+00 0.000000000000000000e+00
3.112600000000000364e+03 4.000000000000000000e+00 0.000000000000000000e+00
3.112800000000000182e+03 4.000000000000000000e+00 0.000000000000000000e+00
3.113000000000000000e+03 5.656854249492380582e+00 0.000000000000000000e+00
3.113200000000000273e+03 5.656854249492380582e+00 0.000000000000000000e+00
3.113400000000000091e+03 5.656854249492380582e+00 0.000000000000000000e+00
3.113600000000000364e+03 4.000000000000000000e+00 0.000000000000000000e+00
3.113800000000000182e+03 4.000000000000000000e+00 0.000000000000000000e+00
3.114000000000000000e+03 4.000000000000000000e+00 0.000000000000000000e+00
3.114200000000000273e+03 4.000000000000000000e+00 0.000000000000000000e+00
3.114400000000000091e+03 5.656854249492380582e+00 0.000000000000000000e+00
3.114600000000000364e+03 5.656854249492380582e+00 0.000000000000000000e+00
3.114800000000000182e+03 4.000000000000000000e+00 0.000000000000000000e+00
3.115000000000000000e+03 5.656854249492380582e+00 0.000000000000000000e+00
3.115200000000000273e+03 4.000000000000000000e+00 0.000000000000000000e+00
3.115400000000000091e+03 5.656854249492380582e+00 0.000000000000000000e+00
3.115600000000000364e+03 5.656854249492380582e+00 0.000000000000000000e+00
3.115800000000000182e+03 5.656854249492380582e+00 0.000000000000000000e+00
3.116000000000000000e+03 5.656854249492380582e+00 2.650000300000000000e+11
3.116200000000000273e+03 4.000000000000000000e+00 2.650000300000000000e+11
3.116400000000000091e+03 4.000000000000000000e+00 2.650000300000000000e+11
3.116600000000000364e+03 4.000000000000000000e+00 2.650000100000000000e+11
3.116800000000000182e+03 4.000000000000000000e+00 2.650000300000000000e+11
3.117000000000000000e+03 5.656854249492380582e+00 2.650000100000000000e+11
3.117200000000000273e+03 4.000000000000000000e+00 2.650000300000000000e+11
3.117400000000000091e+03 4.000000000000000000e+00 2.650000100000000000e+11
3.117600000000000364e+03 4.000000000000000000e+00 2.650000100000000000e+11
3.117800000000000182e+03 4.000000000000000000e+00 2.650000300000000000e+11
3.118000000000000000e+03 4.000000000000000000e+00 2.650000100000000000e+11
3.118200000000000273e+03 5.656854249492380582e+00 2.650000300000000000e+11
3.118400000000000091e+03 5.656854249492380582e+00 2.650000100000000000e+11
3.118600000000000364e+03 4.000000000000000000e+00 2.650000300000000000e+11
3.118800000000000182e+03 4.000000000000000000e+00 2.650000300000000000e+11
3.119000000000000000e+03 4.000000000000000000e+00 2.650000100000000000e+11
3.119200000000000273e+03 4.000000000000000000e+00 2.650000100000000000e+11
3.119400000000000091e+03 5.656854249492380582e+00 2.650000300000000000e+11
3.119600000000000364e+03 4.000000000000000000e+00 2.650000100000000000e+11
3.119800000000000182e+03 4.000000000000000000e+00 2.650000300000000000e+11
