3.120000000000000000e+03 4.000000000000000000e+00 0.000000000000000000e+00
3.120200000000000273e+03 4.000000000000000000e+00 0.000000000000000000e+00
3.120400000000000091e+03 4.000000000000000000e+00 0.000000000000000000e+00
3.120600000000000364e+03 5.656854249492380582e+00 0.000000000000000000e+00
3.120800000000000182e+03 5.656854249492380582e+00 0.000000000000000000e+00
3.121000000000000000e+03 5.656854249492380582e+00 0.000000000000000000e+00
3.121200000000000273e+03 5.656854249492380582e+00 0.000000000000000000e+00
3.121400000000000091e+03 5.656854249492380582e+00 0.000000000000000000e+00
3.121600000000000364e+03 5.656854249492380582e+00 0.000000000000000000e+00
3.121800000000000182e+03 5.656854249492380582e+00 0.000000000000000000e+00
3.122000000000000000e+03 5.656854249492380582e+00 0.000000000000000000e+00
3.122200000000000273e+03 5.656854249492380582e+00 0.000000000000000000e+00
3.122400000000000091e+03 4.000000000000000000e+00 0.000000000000000000e+00
3.122600000000000364e+03 5.656854249492380582e+00 0.000000000000000000e+00
3.122800000000000182e+03 5.656854249492380582e+00 0.000000000000000000e+00
3.123000000000000000e+03 5.656854249492380582e+00 0.000000000000000000e+00
3.123200000000000273e+03 5.656854249492380582e+00 0.000000000000000000e+00
3.123400000000000091e+03 5.656854249492380582e+00 0.000000000000000000e+00
3.123600000000000364e+03 5.656854249492380582e+00 0.000000000000000000e+00
3.123800000000000182e+03 5.656854249492380582e+00 0.000000000000000000e+00
3.124000000000000000e+03 5.656854249492380582e+00 2.675000100000000000e+11
3.124200000000000273e+03 5.656854249492380582e+00 2.675000100000000000e+11
3.124400000000000091e+03 5.656854249492380582e+00 2.675000100000000000e+11
3.124600000000000364e+03 4.000000000000000000e+00 2.675000100000000000e+11
3.124800000000000182e+03 4.000000000000000000e+00 2.675000100000000000e+11
3.125000000000000000e+03 4.000000000000000000e+00 2.675000100000000000e+11
3.125200000000000273e+03 4.000000000000000000e+00 2.675000100000000000e+11
3.125400000000000091e+03 0.000000000000000000e+00 2.675000100000000000e+11
3.125600000000000364e+03 0.000000000000000000e+00 2.675000100000000000e+11
3.125800000000000182e+03 4.000000000000000000e+00 2.675000100000000000e+11
3.126000000000000000e+03 4.000000000000000000e+00 2.675000100000000000e+11
3.126200000000000273e+03 4.000000000000000000e+00 2.675000100000000000e+11
3.126400000000000091e+03 5.656854249492380582e+00 2.675000100000000000e+11
3.126600000000000364e+03 5.656854249492380582e+00 2.675000100000000000e+11
3.126800000000000182e+03 5.656854249492380582e+00 2.675000100000000000e+11
3.127000000000000000e+03 5.656854249492380582e+00 2.675000100000000000e+11
3.127200000000000273e+03 4.000000000000000000e+00 2.675000100000000000e+11
3.127400000000000091e+03 4.000000000000000000e+00 2.675000100000000000e+11
3.127600000000000364e+03 4.000000000000000000e+00 2.675000100000000000e+11
3.127800000000000182e+03 4.000000000000000000e+00 2.675000100000000000e+11
3.128000000000000000e+03 0.000000000000000000e+00 0.000000000000000000e+00
3.128200000000000273e+03 0.000000000000000000e+00 0.000000000000000000e+00
3.128400000000000091e+03 0.000000000000000000e+00 0.000000000000000000e+00
3.128600000000000364e+03 4.000000000000000000e+00 0.000000000000000000e+00
3.128800000000000182e+03 4.000000000000000000e+00 0.000000000000000000e+00
3.129000000000000000e+03 4.000000000000000000e+00 0.000000000000000000e+00
3.129200000000000273e+03 5.656854249492380582e+00 0.000000000000000000e+00
3.129400000000000091e+03 5.656854249492380582e+00 0.000000000000000000e+00
3.129600000000000364e+03 5.656854249492380582e+00 0.000000000000000000e+00
3.129800000000000182e+03 5.656854249492380582e+00 0.000000000000000000e+00
3.130000000000000000e+03 4.000000000000000000e+00 0.000000000000000000e+00
3.130200000000000273e+03 4.000000000000000000e+00 0.000000000000000000e+00
3.130400000000000091e+03 4.000000000000000000e+00 0.000000000000000000e+00
3.130600000000000364e+03 0.000000000000000000e+00 0.000000000000000000e+00
3.130800000000000182e+03 0.000000000000000000e+00 0.000000000000000000e+00
3.131000000000000000e+03 0.000000000000000000e+00 0.000000000000000000e+00
3.131200000000000273e+03 4.000000000000000000e+00 0.000000000000000000e+00
3.131400000000000091e+03 4.000000000000000000e+00 0.000000000000000000e+00
3.131600000000000364e+03 4.000000000000000000e+00 0.000000000000000000e+00
3.131800000000000182e+03 5.656854249492380582e+00 0.000000000000000000e+00
3.132000000000000000e+03 5.656854249492380582e+00 2.675000100000000000e+11
3.132200000000000273e+03 5.656854249492380582e+00 2.675000100000000000e+11
3.132400000000000091e+03 5.656854249492380582e+00 2.675000100000000000e+11
3.132600000000000364e+03 4.000000000000000000e+00 2.675000100000000000e+11
3.132800000000000182e+03 4.000000000000000000e+00 2.675000100000000000e+11
3.133000000000000000e+03 4.000000000000000000e+00 2.675000100000000000e+11
3.133200000000000273e+03 4.000000000000000000e+00 2.675000100000000000e+11
3.133400000000000091e+03 0.000000000000000000e+00 2.675000100000000000e+11
3.133600000000000364e+03 0.000000000000000000e+00 2.675000100000000000e+11
3.133800000000000182e+03 0.000000000000000000e+00 2.675000100000000000e+11
3.134000000000000000e+03 4.000000000000000000e+00 2.675000100000000000e+11
3.134200000000000273e+03 4.000000000000000000e+00 2.675000100000000000e+11
3.134400000000000091e+03 4.000000000000000000e+00 2.675000100000000000e+11
3.134600000000000364e+03 4.000000000000000000e+00 2.675000100000000000e+11
3.134800000000000182e+03 5.656854249492380582e+00 2.675000100000000000e+11
3.135000000000000000e+03 5.656854249492380582e+00 2.675000100000000000e+11
3.135200000000000273e+03 5.656854249492380582e+00 2.675000100000000000e+11
3.135400000000000091e+03 4.000000000000000000e+00 2.675000100000000000e+11
3.135600000000000364e+03 4.000000000000000000e+00 2.675000100000000000e+11
3.135800000000000182e+03 4.000000000000000000e+00 2.675000100000000000e+11
3.136000000000000000e+03 4.000000000000000000e+00 0.000000000000000000e+00
3.136200000000000273e+03 0.000000000000000000e+00 0.000000000000000000e+00
3.136400000000000091e+03 0.000000000000000000e+00 0.000000000000000000e+00
3.136600000000000364e+03 0.000000000000000000e+00 0.000000000000000000e+00
3.136800000000000182e+03 4.000000000000000000e+00 0.000000000000000000e+00
3.137000000000000000e+03 4.000000000000000000e+00 0.000000000000000000e+00
3.137200000000000273e+03 4.000000000000000000e+00 0.000000000000000000e+00
3.137400000000000091e+03 5.656854249492380582e+00 0.000000000000000000e+00
3.137600000000000364e+03 5.656854249492380582e+00 0.000000000000000000e+00
3.137800000000000182e+03 5.656854249492380582e+00 0.000000000000000000e+00
3.138000000000000000e+03 5.656854249492380582e+00 0.000000000000000000e+00
3.138200000000000273e+03 4.000000000000000000e+00 0.000000000000000000e+00
3.138400000000000091e+03 4.000000000000000000e+00 0.000000000000000000e+00
3.138600000000000364e+03 4.000000000000000000e+00 0.000000000000000000e+00
3.138800000000000182e+03 0.000000000000000000e+00 0.000000000000000000e+00
3.139000000000000000e+03 0.000000000000000000e+00 0.000000000000000000e+00
3.139200000000000273e+03 0.000000000000000000e+00 0.000000000000000000e+00
3.139400000000000091e+03 4.000000000000000000e+00 0.000000000000000000e+00
3.139600000000000364e+03 4.000000000000000000e+00 0.000000000000000000e+00
3.139800000000000182e+03 4.000000000000000000e+00 0.000000000000000000e+00
3.140000000000000000e+03 4.000000000000000000e+00 2.675000100000000000e+11
3.140200000000000273e+03 5.656854249492380582e+00 2.675000100000000000e+11
3.140400000000000091e+03 5.656854249492380582e+00 2.675000100000000000e+11
3.140600000000000364e+03 5.656854249492380582e+00 2.675000100000000000e+11
3.140800000000000182e+03 4.000000000000000000e+00 2.675000100000000000e+11
3.141000000000000000e+03 4.000000000000000000e+00 2.675000100000000000e+11
3.141200000000000273e+03 4.000000000000000000e+00 2.675000100000000000e+11
3.141400000000000091e+03 4.000000000000000000e+00 2.675000100000000000e+11
3.141600000000000364e+03 0.000000000000000000e+00 2.675000100000000000e+11
3.141800000000000182e+03 0.000000000000000000e+00 2.675000100000000000e+11
3.142000000000000000e+03 0.000000000000000000e+00 2.675000100000000000e+11
3.142200000000000273e+03 4.000000000000000000e+00 2.675000100000000000e+11
3.142400000000000091e+03 4.000000000000000000e+00 2.675000100000000000e+11
3.142600000000000364e+03 4.000000000000000000e+00 2.675000100000000000e+11
3.142800000000000182e+03 4.000000000000000000e+00 2.675000100000000000e+11
3.143000000000000000e+03 5.656854249492380582e+00 2.675000100000000000e+11
3.143200000000000273e+03 5.656854249492380582e+00 2.675000100000000000e+11
3.143400000000000091e+03 5.656854249492380582e+00 2.675000100000000000e+11
3.143600000000000364e+03 4.000000000000000000e+00 2.675000100000000000e+11
3.143800000000000182e+03 4.000000000000000000e+00 2.675000100000000000e+11
3.144000000000000000e+03 4.000000000000000000e+00 0.000000000000000000e+00
3.144200000000000273e+03 4.000000000000000000e+00 0.000000000000000000e+00
3.144400000000000091e+03 0.000000000000000000e+00 0.000000000000000000e+00
3.144600000000000364e+03 0.000000000000000000e+00 0.000000000000000000e+00
3.144800000000000182e+03 0.000000000000000000e+00 0.000000000000000000e+00
3.145000000000000000e+03 4.000000000000000000e+00 0.000000000000000000e+00
3.145200000000000273e+03 4.000000000000000000e+00 0.000000000000000000e+00
3.145400000000000091e+03 4.000000000000000000e+00 0.000000000000000000e+00
3.145600000000000364e+03 5.656854249492380582e+00 0.000000000000000000e+00
3.145800000000000182e+03 5.656854249492380582e+00 0.000000000000000000e+00
3.146000000000000000e+03 5.656854249492380582e+00 0.000000000000000000e+00
3.146200000000000273e+03 5.656854249492380582e+00 0.000000000000000000e+00
3.146400000000000091e+03 4.000000000000000000e+00 0.000000000000000000e+00
3.146600000000000364e+03 4.000000000000000000e+00 0.000000000000000000e+00
3.146800000000000182e+03 4.000000000000000000e+00 0.000000000000000000e+00
3.147000000000000000e+03 0.000000000000000000e+00 0.000000000000000000e+00
3.147200000000000273e+03 0.000000000000000000e+00 0.000000000000000000e+00
3.147400000000000091e+03 0.000000000000000000e+00 0.000000000000000000e+00
3.147600000000000364e+03 0.000000000000000000e+00 0.000000000000000000e+00
3.147800000000000182e+03 4.000000000000000000e+00 0.000000000000000000e+00
3.148000000000000000e+03 4.000000000000000000e+00 2.675000100000000000e+11
3.148200000000000273e+03 4.000000000000000000e+00 2.675000100000000000e+11
3.148400000000000091e+03 5.656854249492380582e+00 2.675000100000000000e+11
3.148600000000000364e+03 5.656854249492380582e+00 2.675000100000000000e+11
3.148800000000000182e+03 5.656854249492380582e+00 2.675000100000000000e+11
3.149000000000000000e+03 4.000000000000000000e+00 2.675000100000000000e+11
3.149200000000000273e+03 4.000000000000000000e+00 2.675000100000000000e+11
3.149400000000000091e+03 4.000000000000000000e+00 2.675000100000000000e+11
3.149600000000000364e+03 4.000000000000000000e+00 2.675000100000000000e+11
3.149800000000000182e+03 0.000000000000000000e+00 2.675000100000000000e+11
3.150000000000000000e+03 0.000000000000000000e+00 2.675000100000000000e+11
3.150200000000000273e+03 0.000000000000000000e+00 2.675000100000000000e+11
3.150400000000000091e+03 4.000000000000000000e+00 2.675000100000000000e+11
3.150600000000000364e+03 4.000000000000000000e+00 2.675000100000000000e+11
3.150800000000000182e+03 4.000000000000000000e+00 2.675000100000000000e+11
3.151000000000000000e+03 4.000000000000000000e+00 2.675000100000000000e+11
3.151200000000000273e+03 5.656854249492380582e+00 2.675000100000000000e+11
3.151400000000000091e+03 5.656854249492380582e+00 2.675000100000000000e+11
3.151600000000000364e+03 5.656854249492380582e+00 2.675000100000000000e+11
3.151800000000000182e+03 4.000000000000000000e+00 2.675000100000000000e+11
3.152000000000000000e+03 4.000000000000000000e+00 0.000000000000000000e+00
3.152200000000000273e+03 4.000000000000000000e+00 0.000000000000000000e+00
3.152400000000000091e+03 4.000000000000000000e+00 0.000000000000000000e+00
3.152600000000000364e+03 0.000000000000000000e+00 0.000000000000000000e+00
3.152800000000000182e+03 0.000000000000000000e+00 0.000000000000000000e+00
3.153000000000000000e+03 0.000000000000000000e+00 0.000000000000000000e+00
3.153200000000000273e+03 4.000000000000000000e+00 0.000000000000000000e+00
3.153400000000000091e+03 4.000000000000000000e+00 0.000000000000000000e+00
3.153600000000000364e+03 4.000000000000000000e+00 0.000000000000000000e+00
3.153800000000000182e+03 5.656854249492380582e+00 0.000000000000000000e+00
3.154000000000000000e+03 5.656854249492380582e+00 0.000000000000000000e+00
3.154200000000000273e+03 5.656854249492380582e+00 0.000000000000000000e+00
3.154400000000000091e+03 5.656854249492380582e+00 0.000000000000000000e+00
3.154600000000000364e+03 4.000000000000000000e+00 0.000000000000000000e+00
3.154800000000000182e+03 4.000000000000000000e+00 0.000000000000000000e+00
3.155000000000000000e+03 4.000000000000000000e+00 0.000000000000000000e+00
3.155200000000000273e+03 0.000000000000000000e+00 0.000000000000000000e+00
3.155400000000000091e+03 0.000000000000000000e+00 0.000000000000000000e+00
3.155600000000000364e+03 0.000000000000000000e+00 0.000000000000000000e+00
3.155800000000000182e+03 0.000000000000000000e+00 0.000000000000000000e+00
3.156000000000000000e+03 4.000000000000000000e+00 2.675000100000000000e+11
3.156200000000000273e+03 4.000000000000000000e+00 2.675000100000000000e+11
3.156400000000000091e+03 4.000000000000000000e+00 2.675000100000000000e+11
3.156600000000000364e+03 5.656854249492380582e+00 2.675000100000000000e+11
3.156800000000000182e+03 5.656854249492380582e+00 2.675000100000000000e+11
3.157000000000000000e+03 5.656854249492380582e+00 2.675000100000000000e+11
3.157200000000000273e+03 4.000000000000000000e+00 2.675000100000000000e+11
3.157400000000000091e+03 4.000000000000000000e+00 2.675000100000000000e+11
3.157600000000000364e+03 4.000000000000000000e+00 2.675000100000000000e+11
3.157800000000000182e+03 4.000000000000000000e+00 2.675000100000000000e+11
3.158000000000000000e+03 0.000000000000000000e+00 2.675000100000000000e+11
3.158200000000000273e+03 0.000000000000000000e+00 2.675000100000000000e+11
3.158400000000000091e+03 0.000000000000000000e+00 2.675000100000000000e+11
3.158600000000000364e+03 4.000000000000000000e+00 2.675000100000000000e+11
3.158800000000000182e+03 4.000000000000000000e+00 2.675000100000000000e+11
3.159000000000000000e+03 4.000000000000000000e+00 2.675000100000000000e+11
3.159200000000000273e+03 4.000000000000000000e+00 2.675000100000000000e+11
3.159400000000000091e+03 5.656854249492380582e+00 2.675000100000000000e+11
3.159600000000000364e+03 5.656854249492380582e+00 2.675000100000000000e+11
3.159800000000000182e+03 5.656854249492380582e+00 2.675000100000000000e+11
3.160000000000000000e+03 4.000000000000000000e+00 0.000000000000000000e+00
3.160200000000000273e+03 4.000000000000000000e+00 0.000000000000000000e+00
3.160400000000000091e+03 4.000000000000000000e+00 0.000000000000000000e+00
3.160600000000000364e+03 4.000000000000000000e+00 0.000000000000000000e+00
3.160800000000000182e+03 0.000000000000000000e+00 0.000000000000000000e+00
3.161000000000000000e+03 0.000000000000000000e+00 0.000000000000000000e+00
3.161200000000000273e+03 0.000000000000000000e+00 0.000000000000000000e+00
3.161400000000000091e+03 4.000000000000000000e+00 0.000000000000000000e+00
3.161600000000000364e+03 4.000000000000000000e+00 0.000000000000000000e+00
3.161800000000000182e+03 4.000000000000000000e+00 0.000000000000000000e+00
3.162000000000000000e+03 5.656854249492380582e+00 0.000000000000000000e+00
3.162200000000000273e+03 5.656854249492380582e+00 0.000000000000000000e+00
3.162400000000000091e+03 5.656854249492380582e+00 0.000000000000000000e+00
3.162600000000000364e+03 5.656854249492380582e+00 0.000000000000000000e+00
3.162800000000000182e+03 4.000000000000000000e+00 0.000000000000000000e+00
3.163000000000000000e+03 4.000000000000000000e+00 0.000000000000000000e+00
3.163200000000000273e+03 4.000000000000000000e+00 0.000000000000000000e+00
3.163400000000000091e+03 0.000000000000000000e+00 0.000000000000000000e+00
3.163600000000000364e+03 0.000000000000000000e+00 0.000000000000000000e+00
3.163800000000000182e+03 0.000000000000000000e+00 0.000000000000000000e+00
3.164000000000000000e+03 0.000000000000000000e+00 2.675000100000000000e+11
3.164200000000000273e+03 4.000000000000000000e+00 2.675000100000000000e+11
3.164400000000000091e+03 4.000000000000000000e+00 2.675000100000000000e+11
3.164600000000000364e+03 4.000000000000000000e+00 2.675000100000000000e+11
3.164800000000000182e+03 5.656854249492380582e+00 2.675000100000000000e+11
3.165000000000000000e+03 5.656854249492380582e+00 2.675000100000000000e+11
3.165200000000000273e+03 5.656854249492380582e+00 2.675000100000000000e+11
3.165400000000000091e+03 5.656854249492380582e+00 2.675000100000000000e+11
3.165600000000000364e+03 4.000000000000000000e+00 2.675000100000000000e+11
3.165800000000000182e+03 4.000000000000000000e+00 2.675000100000000000e+11
3.166000000000000000e+03 4.000000000000000000e+00 2.675000100000000000e+11
3.166200000000000273e+03 0.000000000000000000e+00 2.675000100000000000e+11
3.166400000000000091e+03 0.000000000000000000e+00 2.675000100000000000e+11
3.166600000000000364e+03 0.000000000000000000e+00 2.675000100000000000e+11
3.166800000000000182e+03 0.000000000000000000e+00 2.675000100000000000e+11
3.167000000000000000e+03 4.000000000000000000e+00 2.675000100000000000e+11
3.167200000000000273e+03 4.000000000000000000e+00 2.675000100000000000e+11
3.167400000000000091e+03 4.000000000000000000e+00 2.675000100000000000e+11
3.167600000000000364e+03 4.000000000000000000e+00 2.675000100000000000e+11
3.167800000000000182e+03 5.656854249492380582e+00 2.675000100000000000e+11
3.168000000000000000e+03 5.656854249492380582e+00 0.000000000000000000e+00
3.168200000000000273e+03 5.656854249492380582e+00 0.000000000000000000e+00
3.168400000000000091e+03 5.656854249492380582e+00 0.000000000000000000e+00
3.168600000000000364e+03 4.000000000000000000e+00 0.000000000000000000e+00
3.168800000000000182e+03 4.000000000000000000e+00 0.000000000000000000e+00
3.169000000000000000e+03 4.000000000000000000e+00 0.000000000000000000e+00
3.169200000000000273e+03 4.000000000000000000e+00 0.000000000000000000e+00
3.169400000000000091e+03 0.000000000000000000e+00 0.000000000000000000e+00
3.169600000000000364e+03 0.000000000000000000e+00 0.000000000000000000e+00
3.169800000000000182e+03 0.000000000000000000e+00 0.000000000000000000e+00
3.170000000000000000e+03 0.000000000000000000e+00 0.000000000000000000e+00
3.170200000000000273e+03 4.000000000000000000e+00 0.000000000000000000e+00
3.170400000000000091e+03 4.000000000000000000e+00 0.000000000000000000e+00
3.170600000000000364e+03 4.000000000000000000e+00 0.000000000000000000e+00
3.170800000000000182e+03 5.656854249492380582e+00 0.000000000000000000e+00
3.171000000000000000e+03 5.656854249492380582e+00 0.000000000000000000e+00
3.171200000000000273e+03 5.656854249492380582e+00 0.000000000000000000e+00
3.171400000000000091e+03 5.656854249492380582e+00 0.000000000000000000e+00
3.171600000000000364e+03 4.000000000000000000e+00 0.000000000000000000e+00
3.171800000000000182e+03 4.000000000000000000e+00 0.000000000000000000e+00
3.172000000000000000e+03 4.000000000000000000e+00 2.675000100000000000e+11
3.172200000000000273e+03 4.000000000000000000e+00 2.675000100000000000e+11
3.172400000000000091e+03 4.000000000000000000e+00 2.675000100000000000e+11
3.172600000000000364e+03 4.000000000000000000e+00 2.675000100000000000e+11
3.172800000000000182e+03 4.000000000000000000e+00 2.675000100000000000e+11
3.173000000000000000e+03 4.000000000000000000e+00 2.675000100000000000e+11
3.173200000000000273e+03 5.656854249492380582e+00 2.675000100000000000e+11
3.173400000000000091e+03 8.944271909999159220e+00 2.675000100000000000e+11
3.173600000000000364e+03 8.944271909999159220e+00 2.675000100000000000e+11
3.173800000000000182e+03 1.200000000000000000e+01 2.675000100000000000e+11
3.174000000000000000e+03 1.264911064067351809e+01 2.675000100000000000e+11
3.174200000000000273e+03 1.442220510185595650e+01 2.675000100000000000e+11
3.174400000000000091e+03 1.442220510185595650e+01 2.675000100000000000e+11
3.174600000000000364e+03 1.649242250247064234e+01 2.675000100000000000e+11
3.174800000000000182e+03 2.039607805437113797e+01 2.675000100000000000e+11
3.175000000000000000e+03 2.000000000000000000e+01 2.675000100000000000e+11
3.175200000000000273e+03 2.000000000000000000e+01 2.675000100000000000e+11
3.175400000000000091e+03 2.433105012119287736e+01 2.675000100000000000e+11
3.175600000000000364e+03 2.529822128134703618e+01 2.675000100000000000e+11
3.175800000000000182e+03 3.124099870362661591e+01 2.675000100000000000e+11
3.176000000000000000e+03 3.577708763999663688e+01 0.000000000000000000e+00
3.176200000000000273e+03 3.200000000000000000e+01 0.000000000000000000e+00
3.176400000000000091e+03 3.577708763999663688e+01 0.000000000000000000e+00
3.176600000000000364e+03 3.687817782917154830e+01 0.000000000000000000e+00
3.176800000000000182e+03 3.794733192202055250e+01 0.000000000000000000e+00
3.177000000000000000e+03 3.622154055254966920e+01 0.000000000000000000e+00
3.177200000000000273e+03 3.577708763999663688e+01 0.000000000000000000e+00
3.177400000000000091e+03 3.687817782917154830e+01 0.000000000000000000e+00
3.177600000000000364e+03 3.794733192202055250e+01 0.000000000000000000e+00
3.177800000000000182e+03 3.600000000000000000e+01 0.000000000000000000e+00
3.178000000000000000e+03 3.577708763999663688e+01 0.000000000000000000e+00
3.178200000000000273e+03 3.124099870362661591e+01 0.000000000000000000e+00
3.178400000000000091e+03 3.298484500494128469e+01 0.000000000000000000e+00
3.178600000000000364e+03 3.224903099319419653e+01 0.000000000000000000e+00
3.178800000000000182e+03 2.884441020371191300e+01 0.000000000000000000e+00
3.179000000000000000e+03 2.884441020371191300e+01 0.000000000000000000e+00
3.179200000000000273e+03 3.224903099319419653e+01 0.000000000000000000e+00
3.179400000000000091e+03 3.046309242345563462e+01 0.000000000000000000e+00
3.179600000000000364e+03 3.394112549695427816e+01 0.000000000000000000e+00
3.179800000000000182e+03 3.417601498127012150e+01 0.000000000000000000e+00
3.180000000000000000e+03 3.200000000000000000e+01 2.675000100000000000e+11
3.180200000000000273e+03 3.939543120718441571e+01 2.675000100000000000e+11
3.180400000000000091e+03 4.252058325093859992e+01 2.675000100000000000e+11
3.180600000000000364e+03 4.833218389437828932e+01 2.675000100000000000e+11
3.180800000000000182e+03 5.200000000000000000e+01 2.675000100000000000e+11
3.181000000000000000e+03 5.571355310873647682e+01 2.675000100000000000e+11
3.181200000000000273e+03 6.222539674441618018e+01 2.675000100000000000e+11
3.181400000000000091e+03 7.211102550927978427e+01 2.675000100000000000e+11
3.181600000000000364e+03 8.009993757800314995e+01 2.675000100000000000e+11
3.181800000000000182e+03 8.944271909999159220e+01 2.675000100000000000e+11
3.182000000000000000e+03 1.000000000000000000e+02 2.675000100000000000e+11
3.182200000000000273e+03 1.106345334875146449e+02 2.675000100000000000e+11
3.182400000000000091e+03 1.271219886565656338e+02 2.675000100000000000e+11
3.182600000000000364e+03 1.424359505181188581e+02 2.675000100000000000e+11
3.182800000000000182e+03 1.609968943799848660e+02 2.675000100000000000e+11
3.183000000000000000e+03 1.360588108135596030e+02 2.675000100000000000e+11
3.183200000000000273e+03 1.162755348299890699e+02 2.675000100000000000e+11
3.183400000000000091e+03 1.322422020385323265e+02 2.675000100000000000e+11
3.183600000000000364e+03 1.507846145997661154e+02 2.675000100000000000e+11
3.183800000000000182e+03 1.641462762294655420e+02 2.675000100000000000e+11
3.184000000000000000e+03 1.166190378969060077e+02 0.000000000000000000e+00
3.184200000000000273e+03 1.205985074534506793e+02 0.000000000000000000e+00
3.184400000000000091e+03 1.189285499785480482e+02 0.000000000000000000e+00
3.184600000000000364e+03 1.131370849898476081e+02 0.000000000000000000e+00
3.184800000000000182e+03 1.114271062174729536e+02 0.000000000000000000e+00
3.185000000000000000e+03 1.082958909654470716e+02 0.000000000000000000e+00
3.185200000000000273e+03 1.077032961426900783e+02 0.000000000000000000e+00
3.185400000000000091e+03 1.065082156455547846e+02 0.000000000000000000e+00
3.185600000000000364e+03 1.052235715037272428e+02 0.000000000000000000e+00
3.185800000000000182e+03 1.049952379872535033e+02 0.000000000000000000e+00
3.186000000000000000e+03 1.076289923765896788e+02 0.000000000000000000e+00
3.186200000000000273e+03 1.077032961426900783e+02 0.000000000000000000e+00
3.186400000000000091e+03 1.080740486888503682e+02 0.000000000000000000e+00
3.186600000000000364e+03 1.073312629199899106e+02 0.000000000000000000e+00
3.186800000000000182e+03 1.049952379872535033e+02 0.000000000000000000e+00
3.187000000000000000e+03 1.038460398859773619e+02 0.000000000000000000e+00
3.187200000000000273e+03 1.012719112093773077e+02 0.000000000000000000e+00
3.187400000000000091e+03 1.009554357129917008e+02 0.000000000000000000e+00
3.187600000000000364e+03 9.879271228182774678e+01 0.000000000000000000e+00
3.187800000000000182e+03 9.674709297958258958e+01 0.000000000000000000e+00
3.188000000000000000e+03 9.616652224137045835e+01 2.675000100000000000e+11
3.188200000000000273e+03 1.046900186264192030e+02 2.675000100000000000e+11
3.188400000000000091e+03 1.203328716519305885e+02 2.675000100000000000e+11
3.188600000000000364e+03 1.322422020385323265e+02 2.675000100000000000e+11
3.188800000000000182e+03 1.503595690337000121e+02 2.675000100000000000e+11
3.189000000000000000e+03 1.505722417977496832e+02 2.675000100000000000e+11
3.189200000000000273e+03 1.153776408148476520e+02 2.675000100000000000e+11
3.189400000000000091e+03 1.295530779256131666e+02 2.675000100000000000e+11
3.189600000000000364e+03 1.456021977856103717e+02 2.675000100000000000e+11
3.189800000000000182e+03 1.618394265931512734e+02 2.675000100000000000e+11
3.190000000000000000e+03 1.332066064427737047e+02 2.675000100000000000e+11
3.190200000000000273e+03 1.214578116055118073e+02 2.675000100000000000e+11
3.190400000000000091e+03 1.043072384832423865e+02 2.675000100000000000e+11
3.190600000000000364e+03 9.130169768410661391e+01 2.675000100000000000e+11
3.190800000000000182e+03 7.683749084919418237e+01 2.675000100000000000e+11
3.191000000000000000e+03 6.985699678629191567e+01 2.675000100000000000e+11
3.191200000000000273e+03 5.656854249492380404e+01 2.675000100000000000e+11
3.191400000000000091e+03 5.215361924162119323e+01 2.675000100000000000e+11
3.191600000000000364e+03 4.326661530556787483e+01 2.675000100000000000e+11
3.191800000000000182e+03 3.622154055254966920e+01 2.675000100000000000e+11
3.192000000000000000e+03 3.298484500494128469e+01 0.000000000000000000e+00
3.192200000000000273e+03 3.687817782917154830e+01 0.000000000000000000e+00
3.192400000000000091e+03 3.577708763999663688e+01 0.000000000000000000e+00
3.192600000000000364e+03 3.600000000000000000e+01 0.000000000000000000e+00
3.192800000000000182e+03 3.794733192202055250e+01 0.000000000000000000e+00
3.193000000000000000e+03 3.687817782917154830e+01 0.000000000000000000e+00
3.193200000000000273e+03 3.577708763999663688e+01 0.000000000000000000e+00
3.193400000000000091e+03 3.622154055254966920e+01 0.000000000000000000e+00
3.193600000000000364e+03 3.417601498127012150e+01 0.000000000000000000e+00
3.193800000000000182e+03 3.124099870362661591e+01 0.000000000000000000e+00
3.194000000000000000e+03 3.046309242345563462e+01 0.000000000000000000e+00
3.194200000000000273e+03 3.200000000000000000e+01 0.000000000000000000e+00
3.194400000000000091e+03 3.046309242345563462e+01 0.000000000000000000e+00
3.194600000000000364e+03 3.124099870362661591e+01 0.000000000000000000e+00
3.194800000000000182e+03 2.912043955712207222e+01 0.000000000000000000e+00
3.195000000000000000e+03 2.912043955712207222e+01 0.000000000000000000e+00
3.195200000000000273e+03 3.124099870362661591e+01 0.000000000000000000e+00
3.195400000000000091e+03 3.224903099319419653e+01 0.000000000000000000e+00
3.195600000000000364e+03 3.224903099319419653e+01 0.000000000000000000e+00
3.195800000000000182e+03 3.298484500494128469e+01 0.000000000000000000e+00
3.196000000000000000e+03 3.440930106817050671e+01 2.675000100000000000e+11
3.196200000000000273e+03 2.884441020371191300e+01 2.675000100000000000e+11
3.196400000000000091e+03 2.433105012119287736e+01 2.675000100000000000e+11
3.196600000000000364e+03 2.039607805437113797e+01 2.675000100000000000e+11
3.196800000000000182e+03 1.788854381999831844e+01 2.675000100000000000e+11
3.197000000000000000e+03 1.442220510185595650e+01 2.675000100000000000e+11
3.197200000000000273e+03 1.264911064067351809e+01 2.675000100000000000e+11
3.197400000000000091e+03 8.000000000000000000e+00 2.675000100000000000e+11
3.197600000000000364e+03 8.944271909999159220e+00 2.675000100000000000e+11
3.197800000000000182e+03 8.944271909999159220e+00 2.675000100000000000e+11
3.198000000000000000e+03 4.000000000000000000e+00 2.675000100000000000e+11
3.198200000000000273e+03 5.656854249492380582e+00 2.675000100000000000e+11
3.198400000000000091e+03 5.656854249492380582e+00 2.675000100000000000e+11
3.198600000000000364e+03 8.000000000000000000e+00 2.675000100000000000e+11
3.198800000000000182e+03 8.000000000000000000e+00 2.675000100000000000e+11
3.199000000000000000e+03 5.656854249492380582e+00 2.675000100000000000e+11
3.199200000000000273e+03 5.656854249492380582e+00 2.675000100000000000e+11
3.199400000000000091e+03 5.656854249492380582e+00 2.675000100000000000e+11
3.199600000000000364e+03 5.656854249492380582e+00 2.675000100000000000e+11
3.199800000000000182e+03 4.000000000000000000e+00 2.675000100000000000e+11
3.200000000000000000e+03 4.000000000000000000e+00 0.000000000000000000e+00
3.200200000000000273e+03 4.000000000000000000e+00 0.000000000000000000e+00
3.200400000000000091e+03 4.000000000000000000e+00 0.000000000000000000e+00
3.200600000000000364e+03 0.000000000000000000e+00 0.000000000000000000e+00
3.200800000000000182e+03 0.000000000000000000e+00 0.000000000000000000e+00
3.201000000000000000e+03 0.000000000000000000e+00 0.000000000000000000e+00
3.201200000000000273e+03 4.000000000000000000e+00 0.000000000000000000e+00
3.201400000000000091e+03 4.000000000000000000e+00 0.000000000000000000e+00
3.201600000000000364e+03 4.000000000000000000e+00 0.000000000000000000e+00
3.201800000000000182e+03 4.000000000000000000e+00 0.000000000000000000e+00
3.202000000000000000e+03 5.656854249492380582e+00 0.000000000000000000e+00
3.202200000000000273e+03 5.656854249492380582e+00 0.000000000000000000e+00
3.202400000000000091e+03 5.656854249492380582e+00 0.000000000000000000e+00
3.202600000000000364e+03 5.656854249492380582e+00 0.000000000000000000e+00
3.202800000000000182e+03 4.000000000000000000e+00 0.000000000000000000e+00
3.203000000000000000e+03 4.000000000000000000e+00 0.000000000000000000e+00
3.203200000000000273e+03 4.000000000000000000e+00 0.000000000000000000e+00
3.203400000000000091e+03 0.000000000000000000e+00 0.000000000000000000e+00
3.203600000000000364e+03 0.000000000000000000e+00 0.000000000000000000e+00
3.203800000000000182e+03 0.000000000000000000e+00 0.000000000000000000e+00
3.204000000000000000e+03 0.000000000000000000e+00 2.675000100000000000e+11
3.204200000000000273e+03 4.000000000000000000e+00 2.675000100000000000e+11
3.204400000000000091e+03 4.000000000000000000e+00 2.675000100000000000e+11
3.204600000000000364e+03 4.000000000000000000e+00 2.675000100000000000e+11
3.204800000000000182e+03 4.000000000000000000e+00 2.675000100000000000e+11
3.205000000000000000e+03 5.656854249492380582e+00 2.675000100000000000e+11
3.205200000000000273e+03 5.656854249492380582e+00 2.675000100000000000e+11
3.205400000000000091e+03 5.656854249492380582e+00 2.675000100000000000e+11
3.205600000000000364e+03 4.000000000000000000e+00 2.675000100000000000e+11
3.205800000000000182e+03 4.000000000000000000e+00 2.675000100000000000e+11
3.206000000000000000e+03 4.000000000000000000e+00 2.675000100000000000e+11
3.206200000000000273e+03 4.000000000000000000e+00 2.675000100000000000e+11
3.206400000000000091e+03 0.000000000000000000e+00 2.675000100000000000e+11
3.206600000000000364e+03 0.000000000000000000e+00 2.675000100000000000e+11
3.206800000000000182e+03 0.000000000000000000e+00 2.675000100000000000e+11
3.207000000000000000e+03 4.000000000000000000e+00 2.675000100000000000e+11
3.207200000000000273e+03 4.000000000000000000e+00 2.675000100000000000e+11
3.207400000000000091e+03 4.000000000000000000e+00 2.675000100000000000e+11
3.207600000000000364e+03 4.000000000000000000e+00 2.675000100000000000e+11
3.207800000000000182e+03 5.656854249492380582e+00 2.675000100000000000e+11
3.208000000000000000e+03 5.656854249492380582e+00 0.000000000000000000e+00
3.208200000000000273e+03 5.656854249492380582e+00 0.000000000000000000e+00
3.208400000000000091e+03 4.000000000000000000e+00 0.000000000000000000e+00
3.208600000000000364e+03 4.000000000000000000e+00 0.000000000000000000e+00
3.208800000000000182e+03 4.000000000000000000e+00 0.000000000000000000e+00
3.209000000000000000e+03 4.000000000000000000e+00 0.000000000000000000e+00
3.209200000000000273e+03 0.000000000000000000e+00 0.000000000000000000e+00
3.209400000000000091e+03 0.000000000000000000e+00 0.000000000000000000e+00
3.209600000000000364e+03 0.000000000000000000e+00 0.000000000000000000e+00
3.209800000000000182e+03 4.000000000000000000e+00 0.000000000000000000e+00
3.210000000000000000e+03 4.000000000000000000e+00 0.000000000000000000e+00
3.210200000000000273e+03 4.000000000000000000e+00 0.000000000000000000e+00
3.210400000000000091e+03 5.656854249492380582e+00 0.000000000000000000e+00
3.210600000000000364e+03 5.656854249492380582e+00 0.000000000000000000e+00
3.210800000000000182e+03 5.656854249492380582e+00 0.000000000000000000e+00
3.211000000000000000e+03 5.656854249492380582e+00 0.000000000000000000e+00
3.211200000000000273e+03 4.000000000000000000e+00 0.000000000000000000e+00
3.211400000000000091e+03 4.000000000000000000e+00 0.000000000000000000e+00
3.211600000000000364e+03 4.000000000000000000e+00 0.000000000000000000e+00
3.211800000000000182e+03 0.000000000000000000e+00 0.000000000000000000e+00
3.212000000000000000e+03 0.000000000000000000e+00 2.675000100000000000e+11
3.212200000000000273e+03 0.000000000000000000e+00 2.675000100000000000e+11
3.212400000000000091e+03 0.000000000000000000e+00 2.675000100000000000e+11
3.212600000000000364e+03 4.000000000000000000e+00 2.675000100000000000e+11
3.212800000000000182e+03 4.000000000000000000e+00 2.675000100000000000e+11
3.213000000000000000e+03 4.000000000000000000e+00 2.675000100000000000e+11
3.213200000000000273e+03 5.656854249492380582e+00 2.675000100000000000e+11
3.213400000000000091e+03 5.656854249492380582e+00 2.675000100000000000e+11
3.213600000000000364e+03 5.656854249492380582e+00 2.675000100000000000e+11
3.213800000000000182e+03 5.656854249492380582e+00 2.675000100000000000e+11
3.214000000000000000e+03 4.000000000000000000e+00 2.675000100000000000e+11
3.214200000000000273e+03 4.000000000000000000e+00 2.675000100000000000e+11
3.214400000000000091e+03 4.000000000000000000e+00 2.675000100000000000e+11
3.214600000000000364e+03 0.000000000000000000e+00 2.675000100000000000e+11
3.214800000000000182e+03 0.000000000000000000e+00 2.675000100000000000e+11
3.215000000000000000e+03 0.000000000000000000e+00 2.675000100000000000e+11
3.215200000000000273e+03 0.000000000000000000e+00 2.675000100000000000e+11
3.215400000000000091e+03 4.000000000000000000e+00 2.675000100000000000e+11
3.215600000000000364e+03 4.000000000000000000e+00 2.675000100000000000e+11
3.215800000000000182e+03 4.000000000000000000e+00 2.675000100000000000e+11
3.216000000000000000e+03 5.656854249492380582e+00 0.000000000000000000e+00
3.216200000000000273e+03 5.656854249492380582e+00 0.000000000000000000e+00
3.216400000000000091e+03 5.656854249492380582e+00 0.000000000000000000e+00
3.216600000000000364e+03 4.000000000000000000e+00 0.000000000000000000e+00
3.216800000000000182e+03 4.000000000000000000e+00 0.000000000000000000e+00
3.217000000000000000e+03 4.000000000000000000e+00 0.000000000000000000e+00
3.217200000000000273e+03 4.000000000000000000e+00 0.000000000000000000e+00
3.217400000000000091e+03 0.000000000000000000e+00 0.000000000000000000e+00
3.217600000000000364e+03 0.000000000000000000e+00 0.000000000000000000e+00
3.217800000000000182e+03 0.000000000000000000e+00 0.000000000000000000e+00
3.218000000000000000e+03 4.000000000000000000e+00 0.000000000000000000e+00
3.218200000000000273e+03 4.000000000000000000e+00 0.000000000000000000e+00
3.218400000000000091e+03 4.000000000000000000e+00 0.000000000000000000e+00
3.218600000000000364e+03 4.000000000000000000e+00 0.000000000000000000e+00
3.218800000000000182e+03 5.656854249492380582e+00 0.000000000000000000e+00
3.219000000000000000e+03 5.656854249492380582e+00 0.000000000000000000e+00
3.219200000000000273e+03 5.656854249492380582e+00 0.000000000000000000e+00
3.219400000000000091e+03 4.000000000000000000e+00 0.000000000000000000e+00
3.219600000000000364e+03 4.000000000000000000e+00 0.000000000000000000e+00
3.219800000000000182e+03 4.000000000000000000e+00 0.000000000000000000e+00
3.220000000000000000e+03 0.000000000000000000e+00 2.675000100000000000e+11
3.220200000000000273e+03 0.000000000000000000e+00 2.675000100000000000e+11
3.220400000000000091e+03 0.000000000000000000e+00 2.675000100000000000e+11
3.220600000000000364e+03 0.000000000000000000e+00 2.675000100000000000e+11
3.220800000000000182e+03 4.000000000000000000e+00 2.675000100000000000e+11
3.221000000000000000e+03 4.000000000000000000e+00 2.675000100000000000e+11
3.221200000000000273e+03 4.000000000000000000e+00 2.675000100000000000e+11
3.221400000000000091e+03 5.656854249492380582e+00 2.675000100000000000e+11
3.221600000000000364e+03 5.656854249492380582e+00 2.675000100000000000e+11
3.221800000000000182e+03 5.656854249492380582e+00 2.675000100000000000e+11
3.222000000000000000e+03 5.656854249492380582e+00 2.675000100000000000e+11
3.222200000000000273e+03 4.000000000000000000e+00 2.675000100000000000e+11
3.222400000000000091e+03 4.000000000000000000e+00 2.675000100000000000e+11
3.222600000000000364e+03 4.000000000000000000e+00 2.675000100000000000e+11
3.222800000000000182e+03 0.000000000000000000e+00 2.675000100000000000e+11
3.223000000000000000e+03 0.000000000000000000e+00 2.675000100000000000e+11
3.223200000000000273e+03 0.000000000000000000e+00 2.675000100000000000e+11
3.223400000000000091e+03 0.000000000000000000e+00 2.675000100000000000e+11
3.223600000000000364e+03 4.000000000000000000e+00 2.675000100000000000e+11
3.223800000000000182e+03 4.000000000000000000e+00 2.675000100000000000e+11
3.224000000000000000e+03 4.000000000000000000e+00 0.000000000000000000e+00
3.224200000000000273e+03 5.656854249492380582e+00 0.000000000000000000e+00
3.224400000000000091e+03 5.656854249492380582e+00 0.000000000000000000e+00
3.224600000000000364e+03 5.656854249492380582e+00 0.000000000000000000e+00
3.224800000000000182e+03 5.656854249492380582e+00 0.000000000000000000e+00
3.225000000000000000e+03 4.000000000000000000e+00 0.000000000000000000e+00
3.225200000000000273e+03 4.000000000000000000e+00 0.000000000000000000e+00
3.225400000000000091e+03 4.000000000000000000e+00 0.000000000000000000e+00
3.225600000000000364e+03 0.000000000000000000e+00 0.000000000000000000e+00
3.225800000000000182e+03 0.000000000000000000e+00 0.000000000000000000e+00
3.226000000000000000e+03 0.000000000000000000e+00 0.000000000000000000e+00
3.226200000000000273e+03 4.000000000000000000e+00 0.000000000000000000e+00
3.226400000000000091e+03 4.000000000000000000e+00 0.000000000000000000e+00
3.226600000000000364e+03 4.000000000000000000e+00 0.000000000000000000e+00
3.226800000000000182e+03 4.000000000000000000e+00 0.000000000000000000e+00
3.227000000000000000e+03 5.656854249492380582e+00 0.000000000000000000e+00
3.227200000000000273e+03 5.656854249492380582e+00 0.000000000000000000e+00
3.227400000000000091e+03 5.656854249492380582e+00 0.000000000000000000e+00
3.227600000000000364e+03 4.000000000000000000e+00 0.000000000000000000e+00
3.227800000000000182e+03 4.000000000000000000e+00 0.000000000000000000e+00
3.228000000000000000e+03 4.000000000000000000e+00 2.675000100000000000e+11
3.228200000000000273e+03 4.000000000000000000e+00 2.675000100000000000e+11
3.228400000000000091e+03 0.000000000000000000e+00 2.675000100000000000e+11
3.228600000000000364e+03 0.000000000000000000e+00 2.675000100000000000e+11
3.228800000000000182e+03 0.000000000000000000e+00 2.675000100000000000e+11
3.229000000000000000e+03 4.000000000000000000e+00 2.675000100000000000e+11
3.229200000000000273e+03 4.000000000000000000e+00 2.675000100000000000e+11
3.229400000000000091e+03 4.000000000000000000e+00 2.675000100000000000e+11
3.229600000000000364e+03 4.000000000000000000e+00 2.675000100000000000e+11
3.229800000000000182e+03 5.656854249492380582e+00 2.675000100000000000e+11
3.230000000000000000e+03 5.656854249492380582e+00 2.675000100000000000e+11
3.230200000000000273e+03 5.656854249492380582e+00 2.675000100000000000e+11
3.230400000000000091e+03 4.000000000000000000e+00 2.675000100000000000e+11
3.230600000000000364e+03 4.000000000000000000e+00 2.675000100000000000e+11
3.230800000000000182e+03 4.000000000000000000e+00 2.675000100000000000e+11
3.231000000000000000e+03 4.000000000000000000e+00 2.675000100000000000e+11
3.231200000000000273e+03 0.000000000000000000e+00 2.675000100000000000e+11
3.231400000000000091e+03 0.000000000000000000e+00 2.675000100000000000e+11
3.231600000000000364e+03 0.000000000000000000e+00 2.675000100000000000e+11
3.231800000000000182e+03 4.000000000000000000e+00 2.675000100000000000e+11
3.232000000000000000e+03 4.000000000000000000e+00 0.000000000000000000e+00
3.232200000000000273e+03 4.000000000000000000e+00 0.000000000000000000e+00
3.232400000000000091e+03 5.656854249492380582e+00 0.000000000000000000e+00
3.232600000000000364e+03 5.656854249492380582e+00 0.000000000000000000e+00
3.232800000000000182e+03 5.656854249492380582e+00 0.000000000000000000e+00
3.233000000000000000e+03 5.656854249492380582e+00 0.000000000000000000e+00
3.233200000000000273e+03 4.000000000000000000e+00 0.000000000000000000e+00
3.233400000000000091e+03 4.000000000000000000e+00 0.000000000000000000e+00
3.233600000000000364e+03 4.000000000000000000e+00 0.000000000000000000e+00
3.233800000000000182e+03 0.000000000000000000e+00 0.000000000000000000e+00
3.234000000000000000e+03 0.000000000000000000e+00 0.000000000000000000e+00
3.234200000000000273e+03 0.000000000000000000e+00 0.000000000000000000e+00
3.234400000000000091e+03 4.000000000000000000e+00 0.000000000000000000e+00
3.234600000000000364e+03 4.000000000000000000e+00 0.000000000000000000e+00
3.234800000000000182e+03 4.000000000000000000e+00 0.000000000000000000e+00
3.235000000000000000e+03 5.656854249492380582e+00 0.000000000000000000e+00
3.235200000000000273e+03 5.656854249492380582e+00 0.000000000000000000e+00
3.235400000000000091e+03 5.656854249492380582e+00 0.000000000000000000e+00
3.235600000000000364e+03 5.656854249492380582e+00 0.000000000000000000e+00
3.235800000000000182e+03 4.000000000000000000e+00 0.000000000000000000e+00
3.236000000000000000e+03 5.656854249492380582e+00 2.675000100000000000e+11
3.236200000000000273e+03 4.000000000000000000e+00 2.675000100000000000e+11
3.236400000000000091e+03 4.000000000000000000e+00 2.675000100000000000e+11
3.236600000000000364e+03 4.000000000000000000e+00 2.675000100000000000e+11
3.236800000000000182e+03 4.000000000000000000e+00 2.675000100000000000e+11
3.237000000000000000e+03 4.000000000000000000e+00 2.675000100000000000e+11
3.237200000000000273e+03 4.000000000000000000e+00 2.675000100000000000e+11
3.237400000000000091e+03 4.000000000000000000e+00 2.675000100000000000e+11
3.237600000000000364e+03 5.656854249492380582e+00 2.675000100000000000e+11
3.237800000000000182e+03 4.000000000000000000e+00 2.675000100000000000e+11
3.238000000000000000e+03 4.000000000000000000e+00 2.675000100000000000e+11
3.238200000000000273e+03 4.000000000000000000e+00 2.675000100000000000e+11
3.238400000000000091e+03 4.000000000000000000e+00 2.675000100000000000e+11
3.238600000000000364e+03 5.656854249492380582e+00 2.675000100000000000e+11
3.238800000000000182e+03 5.656854249492380582e+00 2.675000100000000000e+11
3.239000000000000000e+03 4.000000000000000000e+00 2.675000100000000000e+11
3.239200000000000273e+03 4.000000000000000000e+00 2.675000100000000000e+11
3.239400000000000091e+03 4.000000000000000000e+00 2.675000100000000000e+11
3.239600000000000364e+03 4.000000000000000000e+00 2.675000100000000000e+11
3.239800000000000182e+03 4.000000000000000000e+00 2.675000100000000000e+11
