3.240000000000000000e+03 4.000000000000000000e+00 0.000000000000000000e+00
3.240200000000000273e+03 4.000000000000000000e+00 0.000000000000000000e+00
3.240400000000000091e+03 4.000000000000000000e+00 0.000000000000000000e+00
3.240600000000000364e+03 5.656854249492380582e+00 0.000000000000000000e+00
3.240800000000000182e+03 5.656854249492380582e+00 0.000000000000000000e+00
3.241000000000000000e+03 5.656854249492380582e+00 0.000000000000000000e+00
3.241200000000000273e+03 5.656854249492380582e+00 0.000000000000000000e+00
3.241400000000000091e+03 5.656854249492380582e+00 0.000000000000000000e+00
3.241600000000000364e+03 5.656854249492380582e+00 0.000000000000000000e+00
3.241800000000000182e+03 5.656854249492380582e+00 0.000000000000000000e+00
3.242000000000000000e+03 5.656854249492380582e+00 0.000000000000000000e+00
3.242200000000000273e+03 0.000000000000000000e+00 0.000000000000000000e+00
3.242400000000000091e+03 4.000000000000000000e+00 0.000000000000000000e+00
3.242600000000000364e+03 0.000000000000000000e+00 0.000000000000000000e+00
3.242800000000000182e+03 5.656854249492380582e+00 0.000000000000000000e+00
3.243000000000000000e+03 5.656854249492380582e+00 0.000000000000000000e+00
3.243200000000000273e+03 5.656854249492380582e+00 0.000000000000000000e+00
3.243400000000000091e+03 5.656854249492380582e+00 0.000000000000000000e+00
3.243600000000000364e+03 5.656854249492380582e+00 0.000000000000000000e+00
3.243800000000000182e+03 5.656854249492380582e+00 0.000000000000000000e+00
3.244000000000000000e+03 5.656854249492380582e+00 2.699999800000000000e+11
3.244200000000000273e+03 5.656854249492380582e+00 2.699999800000000000e+11
3.244400000000000091e+03 4.000000000000000000e+00 2.700000100000000000e+11
3.244600000000000364e+03 4.000000000000000000e+00 2.699999800000000000e+11
3.244800000000000182e+03 4.000000000000000000e+00 2.700000100000000000e+11
3.245000000000000000e+03 4.000000000000000000e+00 2.700000100000000000e+11
3.245200000000000273e+03 0.000000000000000000e+00 2.699999800000000000e+11
3.245400000000000091e+03 0.000000000000000000e+00 2.700000100000000000e+11
3.245600000000000364e+03 0.000000000000000000e+00 2.699999800000000000e+11
3.245800000000000182e+03 0.000000000000000000e+00 2.699999800000000000e+11
3.246000000000000000e+03 4.000000000000000000e+00 2.699999800000000000e+11
3.246200000000000273e+03 5.656854249492380582e+00 2.699999800000000000e+11
3.246400000000000091e+03 5.656854249492380582e+00 2.699999800000000000e+11
3.246600000000000364e+03 5.656854249492380582e+00 2.700000100000000000e+11
3.246800000000000182e+03 5.656854249492380582e+00 2.699999800000000000e+11
3.247000000000000000e+03 5.656854249492380582e+00 2.700000100000000000e+11
3.247200000000000273e+03 4.000000000000000000e+00 2.699999800000000000e+11
3.247400000000000091e+03 4.000000000000000000e+00 2.699999800000000000e+11
3.247600000000000364e+03 4.000000000000000000e+00 2.699999800000000000e+11
3.247800000000000182e+03 0.000000000000000000e+00 2.699999800000000000e+11
3.248000000000000000e+03 0.000000000000000000e+00 0.000000000000000000e+00
3.248200000000000273e+03 0.000000000000000000e+00 0.000000000000000000e+00
3.248400000000000091e+03 0.000000000000000000e+00 0.000000000000000000e+00
3.248600000000000364e+03 4.000000000000000000e+00 0.000000000000000000e+00
3.248800000000000182e+03 4.000000000000000000e+00 0.000000000000000000e+00
3.249000000000000000e+03 4.000000000000000000e+00 0.000000000000000000e+00
3.249200000000000273e+03 5.656854249492380582e+00 0.000000000000000000e+00
3.249400000000000091e+03 5.656854249492380582e+00 0.000000000000000000e+00
3.249600000000000364e+03 5.656854249492380582e+00 0.000000000000000000e+00
3.249800000000000182e+03 5.656854249492380582e+00 0.000000000000000000e+00
3.250000000000000000e+03 4.000000000000000000e+00 0.000000000000000000e+00
3.250200000000000273e+03 4.000000000000000000e+00 0.000000000000000000e+00
3.250400000000000091e+03 4.000000000000000000e+00 0.000000000000000000e+00
3.250600000000000364e+03 0.000000000000000000e+00 0.000000000000000000e+00
3.250800000000000182e+03 0.000000000000000000e+00 0.000000000000000000e+00
3.251000000000000000e+03 0.000000000000000000e+00 0.000000000000000000e+00
3.251200000000000273e+03 0.000000000000000000e+00 0.000000000000000000e+00
3.251400000000000091e+03 4.000000000000000000e+00 0.000000000000000000e+00
3.251600000000000364e+03 4.000000000000000000e+00 0.000000000000000000e+00
3.251800000000000182e+03 5.656854249492380582e+00 0.000000000000000000e+00
3.252000000000000000e+03 5.656854249492380582e+00 2.699999800000000000e+11
3.252200000000000273e+03 5.656854249492380582e+00 2.699999800000000000e+11
3.252400000000000091e+03 5.656854249492380582e+00 2.699999800000000000e+11
3.252600000000000364e+03 4.000000000000000000e+00 2.699999800000000000e+11
3.252800000000000182e+03 4.000000000000000000e+00 2.699999800000000000e+11
3.253000000000000000e+03 4.000000000000000000e+00 2.699999800000000000e+11
3.253200000000000273e+03 4.000000000000000000e+00 2.699999800000000000e+11
3.253400000000000091e+03 0.000000000000000000e+00 2.700000100000000000e+11
3.253600000000000364e+03 0.000000000000000000e+00 2.699999800000000000e+11
3.253800000000000182e+03 0.000000000000000000e+00 2.699999800000000000e+11
3.254000000000000000e+03 4.000000000000000000e+00 2.699999800000000000e+11
3.254200000000000273e+03 4.000000000000000000e+00 2.699999800000000000e+11
3.254400000000000091e+03 4.000000000000000000e+00 2.700000100000000000e+11
3.254600000000000364e+03 5.656854249492380582e+00 2.699999800000000000e+11
3.254800000000000182e+03 5.656854249492380582e+00 2.699999800000000000e+11
3.255000000000000000e+03 5.656854249492380582e+00 2.699999800000000000e+11
3.255200000000000273e+03 5.656854249492380582e+00 2.699999800000000000e+11
3.255400000000000091e+03 4.000000000000000000e+00 2.699999800000000000e+11
3.255600000000000364e+03 4.000000000000000000e+00 2.699999800000000000e+11
3.255800000000000182e+03 4.000000000000000000e+00 2.699999800000000000e+11
3.256000000000000000e+03 0.000000000000000000e+00 0.000000000000000000e+00
3.256200000000000273e+03 0.000000000000000000e+00 0.000000000000000000e+00
3.256400000000000091e+03 0.000000000000000000e+00 0.000000000000000000e+00
3.256600000000000364e+03 0.000000000000000000e+00 0.000000000000000000e+00
3.256800000000000182e+03 4.000000000000000000e+00 0.000000000000000000e+00
3.257000000000000000e+03 4.000000000000000000e+00 0.000000000000000000e+00
3.257200000000000273e+03 4.000000000000000000e+00 0.000000000000000000e+00
3.257400000000000091e+03 5.656854249492380582e+00 0.000000000000000000e+00
3.257600000000000364e+03 5.656854249492380582e+00 0.000000000000000000e+00
3.257800000000000182e+03 5.656854249492380582e+00 0.000000000000000000e+00
3.258000000000000000e+03 5.656854249492380582e+00 0.000000000000000000e+00
3.258200000000000273e+03 4.000000000000000000e+00 0.000000000000000000e+00
3.258400000000000091e+03 4.000000000000000000e+00 0.000000000000000000e+00
3.258600000000000364e+03 4.000000000000000000e+00 0.000000000000000000e+00
3.258800000000000182e+03 0.000000000000000000e+00 0.000000000000000000e+00
3.259000000000000000e+03 0.000000000000000000e+00 0.000000000000000000e+00
3.259200000000000273e+03 0.000000000000000000e+00 0.000000000000000000e+00
3.259400000000000091e+03 4.000000000000000000e+00 0.000000000000000000e+00
3.259600000000000364e+03 4.000000000000000000e+00 0.000000000000000000e+00
3.259800000000000182e+03 4.000000000000000000e+00 0.000000000000000000e+00
3.260000000000000000e+03 4.000000000000000000e+00 2.699999800000000000e+11
3.260200000000000273e+03 5.656854249492380582e+00 2.699999800000000000e+11
3.260400000000000091e+03 5.656854249492380582e+00 2.699999800000000000e+11
3.260600000000000364e+03 5.656854249492380582e+00 2.699999800000000000e+11
3.260800000000000182e+03 4.000000000000000000e+00 2.699999800000000000e+11
3.261000000000000000e+03 4.000000000000000000e+00 2.699999800000000000e+11
3.261200000000000273e+03 4.000000000000000000e+00 2.699999800000000000e+11
3.261400000000000091e+03 4.000000000000000000e+00 2.699999800000000000e+11
3.261600000000000364e+03 0.000000000000000000e+00 2.699999800000000000e+11
3.261800000000000182e+03 0.000000000000000000e+00 2.699999800000000000e+11
3.262000000000000000e+03 0.000000000000000000e+00 2.699999800000000000e+11
3.262200000000000273e+03 4.000000000000000000e+00 2.699999800000000000e+11
3.262400000000000091e+03 4.000000000000000000e+00 2.699999800000000000e+11
3.262600000000000364e+03 4.000000000000000000e+00 2.699999800000000000e+11
3.262800000000000182e+03 5.656854249492380582e+00 2.699999800000000000e+11
3.263000000000000000e+03 5.656854249492380582e+00 2.700000100000000000e+11
3.263200000000000273e+03 5.656854249492380582e+00 2.699999800000000000e+11
3.263400000000000091e+03 5.656854249492380582e+00 2.700000100000000000e+11
3.263600000000000364e+03 4.000000000000000000e+00 2.700000100000000000e+11
3.263800000000000182e+03 4.000000000000000000e+00 2.699999800000000000e+11
3.264000000000000000e+03 4.000000000000000000e+00 0.000000000000000000e+00
3.264200000000000273e+03 0.000000000000000000e+00 0.000000000000000000e+00
3.264400000000000091e+03 0.000000000000000000e+00 0.000000000000000000e+00
3.264600000000000364e+03 0.000000000000000000e+00 0.000000000000000000e+00
3.264800000000000182e+03 0.000000000000000000e+00 0.000000000000000000e+00
3.265000000000000000e+03 4.000000000000000000e+00 0.000000000000000000e+00
3.265200000000000273e+03 4.000000000000000000e+00 0.000000000000000000e+00
3.265400000000000091e+03 4.000000000000000000e+00 0.000000000000000000e+00
3.265600000000000364e+03 5.656854249492380582e+00 0.000000000000000000e+00
3.265800000000000182e+03 5.656854249492380582e+00 0.000000000000000000e+00
3.266000000000000000e+03 5.656854249492380582e+00 0.000000000000000000e+00
3.266200000000000273e+03 5.656854249492380582e+00 0.000000000000000000e+00
3.266400000000000091e+03 4.000000000000000000e+00 0.000000000000000000e+00
3.266600000000000364e+03 4.000000000000000000e+00 0.000000000000000000e+00
3.266800000000000182e+03 4.000000000000000000e+00 0.000000000000000000e+00
3.267000000000000000e+03 0.000000000000000000e+00 0.000000000000000000e+00
3.267200000000000273e+03 0.000000000000000000e+00 0.000000000000000000e+00
3.267400000000000091e+03 0.000000000000000000e+00 0.000000000000000000e+00
3.267600000000000364e+03 4.000000000000000000e+00 0.000000000000000000e+00
3.267800000000000182e+03 4.000000000000000000e+00 0.000000000000000000e+00
3.268000000000000000e+03 4.000000000000000000e+00 2.700000100000000000e+11
3.268200000000000273e+03 4.000000000000000000e+00 2.699999800000000000e+11
3.268400000000000091e+03 5.656854249492380582e+00 2.699999800000000000e+11
3.268600000000000364e+03 5.656854249492380582e+00 2.699999800000000000e+11
3.268800000000000182e+03 5.656854249492380582e+00 2.699999800000000000e+11
3.269000000000000000e+03 4.000000000000000000e+00 2.700000100000000000e+11
3.269200000000000273e+03 4.000000000000000000e+00 2.699999800000000000e+11
3.269400000000000091e+03 4.000000000000000000e+00 2.700000100000000000e+11
3.269600000000000364e+03 4.000000000000000000e+00 2.699999800000000000e+11
3.269800000000000182e+03 0.000000000000000000e+00 2.699999800000000000e+11
3.270000000000000000e+03 0.000000000000000000e+00 2.699999800000000000e+11
3.270200000000000273e+03 0.000000000000000000e+00 2.699999800000000000e+11
3.270400000000000091e+03 4.000000000000000000e+00 2.699999800000000000e+11
3.270600000000000364e+03 4.000000000000000000e+00 2.699999800000000000e+11
3.270800000000000182e+03 4.000000000000000000e+00 2.700000100000000000e+11
3.271000000000000000e+03 4.000000000000000000e+00 2.699999800000000000e+11
3.271200000000000273e+03 5.656854249492380582e+00 2.699999800000000000e+11
3.271400000000000091e+03 5.656854249492380582e+00 2.699999800000000000e+11
3.271600000000000364e+03 5.656854249492380582e+00 2.699999800000000000e+11
3.271800000000000182e+03 4.000000000000000000e+00 2.699999800000000000e+11
3.272000000000000000e+03 4.000000000000000000e+00 0.000000000000000000e+00
3.272200000000000273e+03 4.000000000000000000e+00 0.000000000000000000e+00
3.272400000000000091e+03 0.000000000000000000e+00 0.000000000000000000e+00
3.272600000000000364e+03 0.000000000000000000e+00 0.000000000000000000e+00
3.272800000000000182e+03 0.000000000000000000e+00 0.000000000000000000e+00
3.273000000000000000e+03 0.000000000000000000e+00 0.000000000000000000e+00
3.273200000000000273e+03 4.000000000000000000e+00 0.000000000000000000e+00
3.273400000000000091e+03 4.000000000000000000e+00 0.000000000000000000e+00
3.273600000000000364e+03 4.000000000000000000e+00 0.000000000000000000e+00
3.273800000000000182e+03 5.656854249492380582e+00 0.000000000000000000e+00
3.274000000000000000e+03 5.656854249492380582e+00 0.000000000000000000e+00
3.274200000000000273e+03 5.656854249492380582e+00 0.000000000000000000e+00
3.274400000000000091e+03 5.656854249492380582e+00 0.000000000000000000e+00
3.274600000000000364e+03 4.000000000000000000e+00 0.000000000000000000e+00
3.274800000000000182e+03 4.000000000000000000e+00 0.000000000000000000e+00
3.275000000000000000e+03 4.000000000000000000e+00 0.000000000000000000e+00
3.275200000000000273e+03 0.000000000000000000e+00 0.000000000000000000e+00
3.275400000000000091e+03 0.000000000000000000e+00 0.000000000000000000e+00
3.275600000000000364e+03 0.000000000000000000e+00 0.000000000000000000e+00
3.275800000000000182e+03 4.000000000000000000e+00 0.000000000000000000e+00
3.276000000000000000e+03 4.000000000000000000e+00 2.699999800000000000e+11
3.276200000000000273e+03 4.000000000000000000e+00 2.699999800000000000e+11
3.276400000000000091e+03 4.000000000000000000e+00 2.699999800000000000e+11
3.276600000000000364e+03 5.656854249492380582e+00 2.700000100000000000e+11
3.276800000000000182e+03 5.656854249492380582e+00 2.700000100000000000e+11
3.277000000000000000e+03 5.656854249492380582e+00 2.700000100000000000e+11
3.277200000000000273e+03 4.000000000000000000e+00 2.700000100000000000e+11
3.277400000000000091e+03 4.000000000000000000e+00 2.699999800000000000e+11
3.277600000000000364e+03 4.000000000000000000e+00 2.700000100000000000e+11
3.277800000000000182e+03 4.000000000000000000e+00 2.699999800000000000e+11
3.278000000000000000e+03 0.000000000000000000e+00 2.700000100000000000e+11
3.278200000000000273e+03 0.000000000000000000e+00 2.699999800000000000e+11
3.278400000000000091e+03 0.000000000000000000e+00 2.699999800000000000e+11
3.278600000000000364e+03 4.000000000000000000e+00 2.699999800000000000e+11
3.278800000000000182e+03 4.000000000000000000e+00 2.699999800000000000e+11
3.279000000000000000e+03 4.000000000000000000e+00 2.699999800000000000e+11
3.279200000000000273e+03 4.000000000000000000e+00 2.699999800000000000e+11
3.279400000000000091e+03 5.656854249492380582e+00 2.699999800000000000e+11
3.279600000000000364e+03 5.656854249492380582e+00 2.699999800000000000e+11
3.279800000000000182e+03 5.656854249492380582e+00 2.699999800000000000e+11
3.280000000000000000e+03 4.000000000000000000e+00 0.000000000000000000e+00
3.280200000000000273e+03 4.000000000000000000e+00 0.000000000000000000e+00
3.280400000000000091e+03 4.000000000000000000e+00 0.000000000000000000e+00
3.280600000000000364e+03 0.000000000000000000e+00 0.000000000000000000e+00
3.280800000000000182e+03 0.000000000000000000e+00 0.000000000000000000e+00
3.281000000000000000e+03 0.000000000000000000e+00 0.000000000000000000e+00
3.281200000000000273e+03 0.000000000000000000e+00 0.000000000000000000e+00
3.281400000000000091e+03 4.000000000000000000e+00 0.000000000000000000e+00
3.281600000000000364e+03 4.000000000000000000e+00 0.000000000000000000e+00
3.281800000000000182e+03 4.000000000000000000e+00 0.000000000000000000e+00
3.282000000000000000e+03 5.656854249492380582e+00 0.000000000000000000e+00
3.282200000000000273e+03 5.656854249492380582e+00 0.000000000000000000e+00
3.282400000000000091e+03 5.656854249492380582e+00 0.000000000000000000e+00
3.282600000000000364e+03 5.656854249492380582e+00 0.000000000000000000e+00
3.282800000000000182e+03 4.000000000000000000e+00 0.000000000000000000e+00
3.283000000000000000e+03 4.000000000000000000e+00 0.000000000000000000e+00
3.283200000000000273e+03 4.000000000000000000e+00 0.000000000000000000e+00
3.283400000000000091e+03 0.000000000000000000e+00 0.000000000000000000e+00
3.283600000000000364e+03 0.000000000000000000e+00 0.000000000000000000e+00
3.283800000000000182e+03 0.000000000000000000e+00 0.000000000000000000e+00
3.284000000000000000e+03 4.000000000000000000e+00 2.699999800000000000e+11
3.284200000000000273e+03 4.000000000000000000e+00 2.699999800000000000e+11
3.284400000000000091e+03 4.000000000000000000e+00 2.699999800000000000e+11
3.284600000000000364e+03 4.000000000000000000e+00 2.699999800000000000e+11
3.284800000000000182e+03 5.656854249492380582e+00 2.699999800000000000e+11
3.285000000000000000e+03 5.656854249492380582e+00 2.699999800000000000e+11
3.285200000000000273e+03 5.656854249492380582e+00 2.699999800000000000e+11
3.285400000000000091e+03 4.000000000000000000e+00 2.700000100000000000e+11
3.285600000000000364e+03 4.000000000000000000e+00 2.699999800000000000e+11
3.285800000000000182e+03 4.000000000000000000e+00 2.699999800000000000e+11
3.286000000000000000e+03 4.000000000000000000e+00 2.699999800000000000e+11
3.286200000000000273e+03 0.000000000000000000e+00 2.699999800000000000e+11
3.286400000000000091e+03 0.000000000000000000e+00 2.700000100000000000e+11
3.286600000000000364e+03 0.000000000000000000e+00 2.699999800000000000e+11
3.286800000000000182e+03 0.000000000000000000e+00 2.699999800000000000e+11
3.287000000000000000e+03 4.000000000000000000e+00 2.699999800000000000e+11
3.287200000000000273e+03 4.000000000000000000e+00 2.699999800000000000e+11
3.287400000000000091e+03 4.000000000000000000e+00 2.699999800000000000e+11
3.287600000000000364e+03 4.000000000000000000e+00 2.699999800000000000e+11
3.287800000000000182e+03 5.656854249492380582e+00 2.700000100000000000e+11
3.288000000000000000e+03 5.656854249492380582e+00 0.000000000000000000e+00
3.288200000000000273e+03 5.656854249492380582e+00 0.000000000000000000e+00
3.288400000000000091e+03 4.000000000000000000e+00 0.000000000000000000e+00
3.288600000000000364e+03 4.000000000000000000e+00 0.000000000000000000e+00
3.288800000000000182e+03 4.000000000000000000e+00 0.000000000000000000e+00
3.289000000000000000e+03 4.000000000000000000e+00 0.000000000000000000e+00
3.289200000000000273e+03 0.000000000000000000e+00 0.000000000000000000e+00
3.289400000000000091e+03 0.000000000000000000e+00 0.000000000000000000e+00
3.289600000000000364e+03 0.000000000000000000e+00 0.000000000000000000e+00
3.289800000000000182e+03 0.000000000000000000e+00 0.000000000000000000e+00
3.290000000000000000e+03 4.000000000000000000e+00 0.000000000000000000e+00
3.290200000000000273e+03 4.000000000000000000e+00 0.000000000000000000e+00
3.290400000000000091e+03 4.000000000000000000e+00 0.000000000000000000e+00
3.290600000000000364e+03 4.000000000000000000e+00 0.000000000000000000e+00
3.290800000000000182e+03 5.656854249492380582e+00 0.000000000000000000e+00
3.291000000000000000e+03 5.656854249492380582e+00 0.000000000000000000e+00
3.291200000000000273e+03 5.656854249492380582e+00 0.000000000000000000e+00
3.291400000000000091e+03 5.656854249492380582e+00 0.000000000000000000e+00
3.291600000000000364e+03 4.000000000000000000e+00 0.000000000000000000e+00
3.291800000000000182e+03 4.000000000000000000e+00 0.000000000000000000e+00
3.292000000000000000e+03 4.000000000000000000e+00 2.699999800000000000e+11
3.292200000000000273e+03 4.000000000000000000e+00 2.699999800000000000e+11
3.292400000000000091e+03 0.000000000000000000e+00 2.699999800000000000e+11
3.292600000000000364e+03 0.000000000000000000e+00 2.699999800000000000e+11
3.292800000000000182e+03 4.000000000000000000e+00 2.699999800000000000e+11
3.293000000000000000e+03 4.000000000000000000e+00 2.699999800000000000e+11
3.293200000000000273e+03 5.656854249492380582e+00 2.700000100000000000e+11
3.293400000000000091e+03 8.944271909999159220e+00 2.699999800000000000e+11
3.293600000000000364e+03 8.000000000000000000e+00 2.700000100000000000e+11
3.293800000000000182e+03 1.200000000000000000e+01 2.699999800000000000e+11
3.294000000000000000e+03 1.264911064067351809e+01 2.699999800000000000e+11
3.294200000000000273e+03 1.442220510185595650e+01 2.700000100000000000e+11
3.294400000000000091e+03 1.442220510185595650e+01 2.699999800000000000e+11
3.294600000000000364e+03 1.649242250247064234e+01 2.699999800000000000e+11
3.294800000000000182e+03 1.649242250247064234e+01 2.700000100000000000e+11
3.295000000000000000e+03 2.000000000000000000e+01 2.699999800000000000e+11
3.295200000000000273e+03 1.788854381999831844e+01 2.699999800000000000e+11
3.295400000000000091e+03 2.000000000000000000e+01 2.700000100000000000e+11
3.295600000000000364e+03 2.154065922853801496e+01 2.700000100000000000e+11
3.295800000000000182e+03 2.561249694973139412e+01 2.699999800000000000e+11
3.296000000000000000e+03 2.912043955712207222e+01 0.000000000000000000e+00
3.296200000000000273e+03 3.224903099319419653e+01 0.000000000000000000e+00
3.296400000000000091e+03 3.224903099319419653e+01 0.000000000000000000e+00
3.296600000000000364e+03 3.440930106817050671e+01 0.000000000000000000e+00
3.296800000000000182e+03 3.224903099319419653e+01 0.000000000000000000e+00
3.297000000000000000e+03 3.298484500494128469e+01 0.000000000000000000e+00
3.297200000000000273e+03 3.440930106817050671e+01 0.000000000000000000e+00
3.297400000000000091e+03 3.440930106817050671e+01 0.000000000000000000e+00
3.297600000000000364e+03 3.298484500494128469e+01 0.000000000000000000e+00
3.297800000000000182e+03 3.224903099319419653e+01 0.000000000000000000e+00
3.298000000000000000e+03 3.224903099319419653e+01 0.000000000000000000e+00
3.298200000000000273e+03 2.884441020371191300e+01 0.000000000000000000e+00
3.298400000000000091e+03 2.828427124746190202e+01 0.000000000000000000e+00
3.298600000000000364e+03 2.912043955712207222e+01 0.000000000000000000e+00
3.298800000000000182e+03 2.828427124746190202e+01 0.000000000000000000e+00
3.299000000000000000e+03 2.529822128134703618e+01 0.000000000000000000e+00
3.299200000000000273e+03 2.828427124746190202e+01 0.000000000000000000e+00
3.299400000000000091e+03 2.884441020371191300e+01 0.000000000000000000e+00
3.299600000000000364e+03 2.884441020371191300e+01 0.000000000000000000e+00
3.299800000000000182e+03 2.912043955712207222e+01 0.000000000000000000e+00
3.300000000000000000e+03 3.224903099319419653e+01 2.699999800000000000e+11
3.300200000000000273e+03 3.577708763999663688e+01 2.699999800000000000e+11
3.300400000000000091e+03 4.000000000000000000e+01 2.699999800000000000e+11
3.300600000000000364e+03 4.176122603564220270e+01 2.700000100000000000e+11
3.300800000000000182e+03 4.816637831516918311e+01 2.699999800000000000e+11
3.301000000000000000e+03 5.366563145999495532e+01 2.699999800000000000e+11
3.301200000000000273e+03 6.000000000000000000e+01 2.699999800000000000e+11
3.301400000000000091e+03 6.596969000988256937e+01 2.700000100000000000e+11
3.301600000000000364e+03 7.299315036357863562e+01 2.699999800000000000e+11
3.301800000000000182e+03 8.323460818673925132e+01 2.699999800000000000e+11
3.302000000000000000e+03 9.329523031752481188e+01 2.700000100000000000e+11
3.302200000000000273e+03 1.046900186264192030e+02 2.699999800000000000e+11
3.302400000000000091e+03 1.189285499785480482e+02 2.699999800000000000e+11
3.302600000000000364e+03 1.329661611087572908e+02 2.699999800000000000e+11
3.302800000000000182e+03 1.507846145997661154e+02 2.699999800000000000e+11
3.303000000000000000e+03 1.644384383287557228e+02 2.699999800000000000e+11
3.303200000000000273e+03 1.080740486888503682e+02 2.699999800000000000e+11
3.303400000000000091e+03 1.203328716519305885e+02 2.699999800000000000e+11
3.303600000000000364e+03 1.386217876093076597e+02 2.699999800000000000e+11
3.303800000000000182e+03 1.517893276880822100e+02 2.699999800000000000e+11
3.304000000000000000e+03 1.402283851436648376e+02 0.000000000000000000e+00
3.304200000000000273e+03 1.077032961426900783e+02 0.000000000000000000e+00
3.304400000000000091e+03 1.052235715037272428e+02 0.000000000000000000e+00
3.304600000000000364e+03 1.065082156455547846e+02 0.000000000000000000e+00
3.304800000000000182e+03 1.022154587134451020e+02 0.000000000000000000e+00
3.305000000000000000e+03 1.007174264961133758e+02 0.000000000000000000e+00
3.305200000000000273e+03 9.740636529508736885e+01 0.000000000000000000e+00
3.305400000000000091e+03 9.616652224137045835e+01 0.000000000000000000e+00
3.305600000000000364e+03 9.363759928575700542e+01 0.000000000000000000e+00
3.305800000000000182e+03 9.633275663033836622e+01 0.000000000000000000e+00
3.306000000000000000e+03 9.674709297958258958e+01 0.000000000000000000e+00
3.306200000000000273e+03 9.765244492586961655e+01 0.000000000000000000e+00
3.306400000000000091e+03 9.732420048477150942e+01 0.000000000000000000e+00
3.306600000000000364e+03 9.895453501482384695e+01 0.000000000000000000e+00
3.306800000000000182e+03 9.682974749528163727e+01 0.000000000000000000e+00
3.307000000000000000e+03 9.482615672903757797e+01 0.000000000000000000e+00
3.307200000000000273e+03 9.234717104492156636e+01 0.000000000000000000e+00
3.307400000000000091e+03 9.363759928575700542e+01 0.000000000000000000e+00
3.307600000000000364e+03 9.050966799187808931e+01 0.000000000000000000e+00
3.307800000000000182e+03 8.988882021697692437e+01 0.000000000000000000e+00
3.308000000000000000e+03 8.809086218218095610e+01 2.700000100000000000e+11
3.308200000000000273e+03 9.482615672903757797e+01 2.699999800000000000e+11
3.308400000000000091e+03 1.088117640698835515e+02 2.699999800000000000e+11
3.308600000000000364e+03 1.223764683262268420e+02 2.699999800000000000e+11
3.308800000000000182e+03 1.397139935725838313e+02 2.699999800000000000e+11
3.309000000000000000e+03 1.536749816983883647e+02 2.700000100000000000e+11
3.309200000000000273e+03 1.329661611087572908e+02 2.699999800000000000e+11
3.309400000000000091e+03 1.214578116055118073e+02 2.699999800000000000e+11
3.309600000000000364e+03 1.374627222195166496e+02 2.699999800000000000e+11
3.309800000000000182e+03 1.509436981129056505e+02 2.699999800000000000e+11
3.310000000000000000e+03 1.653602128687550987e+02 2.699999800000000000e+11
3.310200000000000273e+03 1.305986217385160728e+02 2.699999800000000000e+11
3.310400000000000091e+03 1.138419957660616575e+02 2.699999800000000000e+11
3.310600000000000364e+03 1.007174264961133758e+02 2.699999800000000000e+11
3.310800000000000182e+03 8.588364221433555201e+01 2.700000100000000000e+11
3.311000000000000000e+03 7.683749084919418237e+01 2.699999800000000000e+11
3.311200000000000273e+03 6.596969000988256937e+01 2.699999800000000000e+11
3.311400000000000091e+03 5.656854249492380404e+01 2.700000100000000000e+11
3.311600000000000364e+03 4.664761515876240594e+01 2.699999800000000000e+11
3.311800000000000182e+03 4.326661530556787483e+01 2.699999800000000000e+11
3.312000000000000000e+03 3.622154055254966920e+01 0.000000000000000000e+00
3.312200000000000273e+03 3.794733192202055250e+01 0.000000000000000000e+00
3.312400000000000091e+03 3.687817782917154830e+01 0.000000000000000000e+00
3.312600000000000364e+03 3.939543120718441571e+01 0.000000000000000000e+00
3.312800000000000182e+03 4.000000000000000000e+01 0.000000000000000000e+00
3.313000000000000000e+03 3.794733192202055250e+01 0.000000000000000000e+00
3.313200000000000273e+03 3.959797974644666141e+01 0.000000000000000000e+00
3.313400000000000091e+03 3.939543120718441571e+01 0.000000000000000000e+00
3.313600000000000364e+03 4.019950248448355978e+01 0.000000000000000000e+00
3.313800000000000182e+03 3.794733192202055250e+01 0.000000000000000000e+00
3.314000000000000000e+03 3.687817782917154830e+01 0.000000000000000000e+00
3.314200000000000273e+03 3.577708763999663688e+01 0.000000000000000000e+00
3.314400000000000091e+03 3.200000000000000000e+01 0.000000000000000000e+00
3.314600000000000364e+03 3.224903099319419653e+01 0.000000000000000000e+00
3.314800000000000182e+03 3.124099870362661591e+01 0.000000000000000000e+00
3.315000000000000000e+03 3.298484500494128469e+01 0.000000000000000000e+00
3.315200000000000273e+03 3.298484500494128469e+01 0.000000000000000000e+00
3.315400000000000091e+03 3.440930106817050671e+01 0.000000000000000000e+00
3.315600000000000364e+03 3.224903099319419653e+01 0.000000000000000000e+00
3.315800000000000182e+03 3.622154055254966920e+01 0.000000000000000000e+00
3.316000000000000000e+03 3.687817782917154830e+01 2.699999800000000000e+11
3.316200000000000273e+03 3.124099870362661591e+01 2.699999800000000000e+11
3.316400000000000091e+03 2.884441020371191300e+01 2.699999800000000000e+11
3.316600000000000364e+03 2.433105012119287736e+01 2.699999800000000000e+11
3.316800000000000182e+03 2.039607805437113797e+01 2.700000100000000000e+11
3.317000000000000000e+03 1.788854381999831844e+01 2.699999800000000000e+11
3.317200000000000273e+03 1.442220510185595650e+01 2.699999800000000000e+11
3.317400000000000091e+03 1.264911064067351809e+01 2.699999800000000000e+11
3.317600000000000364e+03 8.000000000000000000e+00 2.699999800000000000e+11
3.317800000000000182e+03 5.656854249492380582e+00 2.699999800000000000e+11
3.318000000000000000e+03 5.656854249492380582e+00 2.699999800000000000e+11
3.318200000000000273e+03 4.000000000000000000e+00 2.699999800000000000e+11
3.318400000000000091e+03 5.656854249492380582e+00 2.700000100000000000e+11
3.318600000000000364e+03 5.656854249492380582e+00 2.700000100000000000e+11
3.318800000000000182e+03 8.000000000000000000e+00 2.699999800000000000e+11
3.319000000000000000e+03 8.000000000000000000e+00 2.699999800000000000e+11
3.319200000000000273e+03 5.656854249492380582e+00 2.699999800000000000e+11
3.319400000000000091e+03 5.656854249492380582e+00 2.700000100000000000e+11
3.319600000000000364e+03 5.656854249492380582e+00 2.700000100000000000e+11
3.319800000000000182e+03 5.656854249492380582e+00 2.700000100000000000e+11
3.320000000000000000e+03 4.000000000000000000e+00 0.000000000000000000e+00
3.320200000000000273e+03 4.000000000000000000e+00 0.000000000000000000e+00
3.320400000000000091e+03 4.000000000000000000e+00 0.000000000000000000e+00
3.320600000000000364e+03 0.000000000000000000e+00 0.000000000000000000e+00
3.320800000000000182e+03 0.000000000000000000e+00 0.000000000000000000e+00
3.321000000000000000e+03 0.000000000000000000e+00 0.000000000000000000e+00
3.321200000000000273e+03 0.000000000000000000e+00 0.000000000000000000e+00
3.321400000000000091e+03 4.000000000000000000e+00 0.000000000000000000e+00
3.321600000000000364e+03 4.000000000000000000e+00 0.000000000000000000e+00
3.321800000000000182e+03 4.000000000000000000e+00 0.000000000000000000e+00
3.322000000000000000e+03 4.000000000000000000e+00 0.000000000000000000e+00
3.322200000000000273e+03 5.656854249492380582e+00 0.000000000000000000e+00
3.322400000000000091e+03 5.656854249492380582e+00 0.000000000000000000e+00
3.322600000000000364e+03 5.656854249492380582e+00 0.000000000000000000e+00
3.322800000000000182e+03 5.656854249492380582e+00 0.000000000000000000e+00
3.323000000000000000e+03 4.000000000000000000e+00 0.000000000000000000e+00
3.323200000000000273e+03 4.000000000000000000e+00 0.000000000000000000e+00
3.323400000000000091e+03 4.000000000000000000e+00 0.000000000000000000e+00
3.323600000000000364e+03 0.000000000000000000e+00 0.000000000000000000e+00
3.323800000000000182e+03 0.000000000000000000e+00 0.000000000000000000e+00
3.324000000000000000e+03 0.000000000000000000e+00 2.699999800000000000e+11
3.324200000000000273e+03 0.000000000000000000e+00 2.699999800000000000e+11
3.324400000000000091e+03 4.000000000000000000e+00 2.699999800000000000e+11
3.324600000000000364e+03 4.000000000000000000e+00 2.699999800000000000e+11
3.324800000000000182e+03 4.000000000000000000e+00 2.699999800000000000e+11
3.325000000000000000e+03 4.000000000000000000e+00 2.699999800000000000e+11
3.325200000000000273e+03 5.656854249492380582e+00 2.699999800000000000e+11
3.325400000000000091e+03 5.656854249492380582e+00 2.699999800000000000e+11
3.325600000000000364e+03 5.656854249492380582e+00 2.699999800000000000e+11
3.325800000000000182e+03 4.000000000000000000e+00 2.699999800000000000e+11
3.326000000000000000e+03 4.000000000000000000e+00 2.700000100000000000e+11
3.326200000000000273e+03 4.000000000000000000e+00 2.699999800000000000e+11
3.326400000000000091e+03 4.000000000000000000e+00 2.700000100000000000e+11
3.326600000000000364e+03 0.000000000000000000e+00 2.699999800000000000e+11
3.326800000000000182e+03 0.000000000000000000e+00 2.700000100000000000e+11
3.327000000000000000e+03 0.000000000000000000e+00 2.700000100000000000e+11
3.327200000000000273e+03 4.000000000000000000e+00 2.699999800000000000e+11
3.327400000000000091e+03 4.000000000000000000e+00 2.699999800000000000e+11
3.327600000000000364e+03 4.000000000000000000e+00 2.699999800000000000e+11
3.327800000000000182e+03 4.000000000000000000e+00 2.699999800000000000e+11
3.328000000000000000e+03 5.656854249492380582e+00 0.000000000000000000e+00
3.328200000000000273e+03 5.656854249492380582e+00 0.000000000000000000e+00
3.328400000000000091e+03 5.656854249492380582e+00 0.000000000000000000e+00
3.328600000000000364e+03 4.000000000000000000e+00 0.000000000000000000e+00
3.328800000000000182e+03 4.000000000000000000e+00 0.000000000000000000e+00
3.329000000000000000e+03 4.000000000000000000e+00 0.000000000000000000e+00
3.329200000000000273e+03 4.000000000000000000e+00 0.000000000000000000e+00
3.329400000000000091e+03 0.000000000000000000e+00 0.000000000000000000e+00
3.329600000000000364e+03 0.000000000000000000e+00 0.000000000000000000e+00
3.329800000000000182e+03 0.000000000000000000e+00 0.000000000000000000e+00
3.330000000000000000e+03 4.000000000000000000e+00 0.000000000000000000e+00
3.330200000000000273e+03 4.000000000000000000e+00 0.000000000000000000e+00
3.330400000000000091e+03 4.000000000000000000e+00 0.000000000000000000e+00
3.330600000000000364e+03 5.656854249492380582e+00 0.000000000000000000e+00
3.330800000000000182e+03 5.656854249492380582e+00 0.000000000000000000e+00
3.331000000000000000e+03 5.656854249492380582e+00 0.000000000000000000e+00
3.331200000000000273e+03 5.656854249492380582e+00 0.000000000000000000e+00
3.331400000000000091e+03 4.000000000000000000e+00 0.000000000000000000e+00
3.331600000000000364e+03 4.000000000000000000e+00 0.000000000000000000e+00
3.331800000000000182e+03 4.000000000000000000e+00 0.000000000000000000e+00
3.332000000000000000e+03 0.000000000000000000e+00 2.700000100000000000e+11
3.332200000000000273e+03 0.000000000000000000e+00 2.699999800000000000e+11
3.332400000000000091e+03 0.000000000000000000e+00 2.699999800000000000e+11
3.332600000000000364e+03 0.000000000000000000e+00 2.699999800000000000e+11
3.332800000000000182e+03 4.000000000000000000e+00 2.700000100000000000e+11
3.333000000000000000e+03 4.000000000000000000e+00 2.699999800000000000e+11
3.333200000000000273e+03 4.000000000000000000e+00 2.699999800000000000e+11
3.333400000000000091e+03 5.656854249492380582e+00 2.700000100000000000e+11
3.333600000000000364e+03 5.656854249492380582e+00 2.699999800000000000e+11
3.333800000000000182e+03 5.656854249492380582e+00 2.700000100000000000e+11
3.334000000000000000e+03 5.656854249492380582e+00 2.699999800000000000e+11
3.334200000000000273e+03 4.000000000000000000e+00 2.700000100000000000e+11
3.334400000000000091e+03 4.000000000000000000e+00 2.699999800000000000e+11
3.334600000000000364e+03 4.000000000000000000e+00 2.699999800000000000e+11
3.334800000000000182e+03 0.000000000000000000e+00 2.699999800000000000e+11
3.335000000000000000e+03 0.000000000000000000e+00 2.699999800000000000e+11
3.335200000000000273e+03 0.000000000000000000e+00 2.700000100000000000e+11
3.335400000000000091e+03 0.000000000000000000e+00 2.700000100000000000e+11
3.335600000000000364e+03 4.000000000000000000e+00 2.699999800000000000e+11
3.335800000000000182e+03 4.000000000000000000e+00 2.699999800000000000e+11
3.336000000000000000e+03 4.000000000000000000e+00 0.000000000000000000e+00
3.336200000000000273e+03 5.656854249492380582e+00 0.000000000000000000e+00
3.336400000000000091e+03 5.656854249492380582e+00 0.000000000000000000e+00
3.336600000000000364e+03 5.656854249492380582e+00 0.000000000000000000e+00
3.336800000000000182e+03 5.656854249492380582e+00 0.000000000000000000e+00
3.337000000000000000e+03 4.000000000000000000e+00 0.000000000000000000e+00
3.337200000000000273e+03 4.000000000000000000e+00 0.000000000000000000e+00
3.337400000000000091e+03 4.000000000000000000e+00 0.000000000000000000e+00
3.337600000000000364e+03 0.000000000000000000e+00 0.000000000000000000e+00
3.337800000000000182e+03 0.000000000000000000e+00 0.000000000000000000e+00
3.338000000000000000e+03 0.000000000000000000e+00 0.000000000000000000e+00
3.338200000000000273e+03 4.000000000000000000e+00 0.000000000000000000e+00
3.338400000000000091e+03 4.000000000000000000e+00 0.000000000000000000e+00
3.338600000000000364e+03 4.000000000000000000e+00 0.000000000000000000e+00
3.338800000000000182e+03 4.000000000000000000e+00 0.000000000000000000e+00
3.339000000000000000e+03 5.656854249492380582e+00 0.000000000000000000e+00
3.339200000000000273e+03 5.656854249492380582e+00 0.000000000000000000e+00
3.339400000000000091e+03 5.656854249492380582e+00 0.000000000000000000e+00
3.339600000000000364e+03 4.000000000000000000e+00 0.000000000000000000e+00
3.339800000000000182e+03 4.000000000000000000e+00 0.000000000000000000e+00
3.340000000000000000e+03 4.000000000000000000e+00 2.699999800000000000e+11
3.340200000000000273e+03 4.000000000000000000e+00 2.699999800000000000e+11
3.340400000000000091e+03 0.000000000000000000e+00 2.700000100000000000e+11
3.340600000000000364e+03 0.000000000000000000e+00 2.699999800000000000e+11
3.340800000000000182e+03 0.000000000000000000e+00 2.699999800000000000e+11
3.341000000000000000e+03 4.000000000000000000e+00 2.699999800000000000e+11
3.341200000000000273e+03 4.000000000000000000e+00 2.699999800000000000e+11
3.341400000000000091e+03 4.000000000000000000e+00 2.699999800000000000e+11
3.341600000000000364e+03 5.656854249492380582e+00 2.699999800000000000e+11
3.341800000000000182e+03 5.656854249492380582e+00 2.699999800000000000e+11
3.342000000000000000e+03 5.656854249492380582e+00 2.699999800000000000e+11
3.342200000000000273e+03 5.656854249492380582e+00 2.699999800000000000e+11
3.342400000000000091e+03 4.000000000000000000e+00 2.699999800000000000e+11
3.342600000000000364e+03 4.000000000000000000e+00 2.699999800000000000e+11
3.342800000000000182e+03 4.000000000000000000e+00 2.699999800000000000e+11
3.343000000000000000e+03 0.000000000000000000e+00 2.699999800000000000e+11
3.343200000000000273e+03 0.000000000000000000e+00 2.699999800000000000e+11
3.343400000000000091e+03 0.000000000000000000e+00 2.699999800000000000e+11
3.343600000000000364e+03 0.000000000000000000e+00 2.699999800000000000e+11
3.343800000000000182e+03 4.000000000000000000e+00 2.699999800000000000e+11
3.344000000000000000e+03 4.000000000000000000e+00 0.000000000000000000e+00
3.344200000000000273e+03 4.000000000000000000e+00 0.000000000000000000e+00
3.344400000000000091e+03 5.656854249492380582e+00 0.000000000000000000e+00
3.344600000000000364e+03 5.656854249492380582e+00 0.000000000000000000e+00
3.344800000000000182e+03 5.656854249492380582e+00 0.000000000000000000e+00
3.345000000000000000e+03 5.656854249492380582e+00 0.000000000000000000e+00
3.345200000000000273e+03 4.000000000000000000e+00 0.000000000000000000e+00
3.345400000000000091e+03 4.000000000000000000e+00 0.000000000000000000e+00
3.345600000000000364e+03 4.000000000000000000e+00 0.000000000000000000e+00
3.345800000000000182e+03 0.000000000000000000e+00 0.000000000000000000e+00
3.346000000000000000e+03 0.000000000000000000e+00 0.000000000000000000e+00
3.346200000000000273e+03 0.000000000000000000e+00 0.000000000000000000e+00
3.346400000000000091e+03 4.000000000000000000e+00 0.000000000000000000e+00
3.346600000000000364e+03 4.000000000000000000e+00 0.000000000000000000e+00
3.346800000000000182e+03 4.000000000000000000e+00 0.000000000000000000e+00
3.347000000000000000e+03 4.000000000000000000e+00 0.000000000000000000e+00
3.347200000000000273e+03 5.656854249492380582e+00 0.000000000000000000e+00
3.347400000000000091e+03 5.656854249492380582e+00 0.000000000000000000e+00
3.347600000000000364e+03 5.656854249492380582e+00 0.000000000000000000e+00
3.347800000000000182e+03 4.000000000000000000e+00 0.000000000000000000e+00
3.348000000000000000e+03 4.000000000000000000e+00 2.699999800000000000e+11
3.348200000000000273e+03 4.000000000000000000e+00 2.699999800000000000e+11
3.348400000000000091e+03 4.000000000000000000e+00 2.699999800000000000e+11
3.348600000000000364e+03 0.000000000000000000e+00 2.700000100000000000e+11
3.348800000000000182e+03 0.000000000000000000e+00 2.699999800000000000e+11
3.349000000000000000e+03 0.000000000000000000e+00 2.699999800000000000e+11
3.349200000000000273e+03 4.000000000000000000e+00 2.699999800000000000e+11
3.349400000000000091e+03 4.000000000000000000e+00 2.699999800000000000e+11
3.349600000000000364e+03 4.000000000000000000e+00 2.699999800000000000e+11
3.349800000000000182e+03 4.000000000000000000e+00 2.699999800000000000e+11
3.350000000000000000e+03 5.656854249492380582e+00 2.699999800000000000e+11
3.350200000000000273e+03 5.656854249492380582e+00 2.699999800000000000e+11
3.350400000000000091e+03 5.656854249492380582e+00 2.699999800000000000e+11
3.350600000000000364e+03 4.000000000000000000e+00 2.699999800000000000e+11
3.350800000000000182e+03 4.000000000000000000e+00 2.700000100000000000e+11
3.351000000000000000e+03 4.000000000000000000e+00 2.699999800000000000e+11
3.351200000000000273e+03 4.000000000000000000e+00 2.699999800000000000e+11
3.351400000000000091e+03 4.000000000000000000e+00 2.699999800000000000e+11
3.351600000000000364e+03 0.000000000000000000e+00 2.699999800000000000e+11
3.351800000000000182e+03 4.000000000000000000e+00 2.699999800000000000e+11
3.352000000000000000e+03 4.000000000000000000e+00 0.000000000000000000e+00
3.352200000000000273e+03 4.000000000000000000e+00 0.000000000000000000e+00
3.352400000000000091e+03 4.000000000000000000e+00 0.000000000000000000e+00
3.352600000000000364e+03 4.000000000000000000e+00 0.000000000000000000e+00
3.352800000000000182e+03 5.656854249492380582e+00 0.000000000000000000e+00
3.353000000000000000e+03 5.656854249492380582e+00 0.000000000000000000e+00
3.353200000000000273e+03 5.656854249492380582e+00 0.000000000000000000e+00
3.353400000000000091e+03 5.656854249492380582e+00 0.000000000000000000e+00
3.353600000000000364e+03 4.000000000000000000e+00 0.000000000000000000e+00
3.353800000000000182e+03 4.000000000000000000e+00 0.000000000000000000e+00
3.354000000000000000e+03 4.000000000000000000e+00 0.000000000000000000e+00
3.354200000000000273e+03 0.000000000000000000e+00 0.000000000000000000e+00
3.354400000000000091e+03 0.000000000000000000e+00 0.000000000000000000e+00
3.354600000000000364e+03 4.000000000000000000e+00 0.000000000000000000e+00
3.354800000000000182e+03 4.000000000000000000e+00 0.000000000000000000e+00
3.355000000000000000e+03 4.000000000000000000e+00 0.000000000000000000e+00
3.355200000000000273e+03 4.000000000000000000e+00 0.000000000000000000e+00
3.355400000000000091e+03 5.656854249492380582e+00 0.000000000000000000e+00
3.355600000000000364e+03 5.656854249492380582e+00 0.000000000000000000e+00
3.355800000000000182e+03 5.656854249492380582e+00 0.000000000000000000e+00
3.356000000000000000e+03 4.000000000000000000e+00 2.699999800000000000e+11
3.356200000000000273e+03 4.000000000000000000e+00 2.699999800000000000e+11
3.356400000000000091e+03 4.000000000000000000e+00 2.700000100000000000e+11
3.356600000000000364e+03 4.000000000000000000e+00 2.699999800000000000e+11
3.356800000000000182e+03 0.000000000000000000e+00 2.699999800000000000e+11
3.357000000000000000e+03 0.000000000000000000e+00 2.700000100000000000e+11
3.357200000000000273e+03 4.000000000000000000e+00 2.699999800000000000e+11
3.357400000000000091e+03 4.000000000000000000e+00 2.699999800000000000e+11
3.357600000000000364e+03 4.000000000000000000e+00 2.700000100000000000e+11
3.357800000000000182e+03 4.000000000000000000e+00 2.699999800000000000e+11
3.358000000000000000e+03 5.656854249492380582e+00 2.700000100000000000e+11
3.358200000000000273e+03 5.656854249492380582e+00 2.699999800000000000e+11
3.358400000000000091e+03 5.656854249492380582e+00 2.699999800000000000e+11
3.358600000000000364e+03 4.000000000000000000e+00 2.699999800000000000e+11
3.358800000000000182e+03 4.000000000000000000e+00 2.699999800000000000e+11
3.359000000000000000e+03 5.656854249492380582e+00 2.700000100000000000e+11
3.359200000000000273e+03 5.656854249492380582e+00 2.699999800000000000e+11
3.359400000000000091e+03 4.000000000000000000e+00 2.699999800000000000e+11
3.359600000000000364e+03 4.000000000000000000e+00 2.699999800000000000e+11
3.359800000000000182e+03 4.000000000000000000e+00 2.699999800000000000e+11
