3.360000000000000000e+03 4.000000000000000000e+00 0.000000000000000000e+00
3.360200000000000273e+03 4.000000000000000000e+00 0.000000000000000000e+00
3.360400000000000091e+03 5.656854249492380582e+00 0.000000000000000000e+00
3.360600000000000364e+03 5.656854249492380582e+00 0.000000000000000000e+00
3.360800000000000182e+03 5.656854249492380582e+00 0.000000000000000000e+00
3.361000000000000000e+03 5.656854249492380582e+00 0.000000000000000000e+00
3.361200000000000273e+03 5.656854249492380582e+00 0.000000000000000000e+00
3.361400000000000091e+03 5.656854249492380582e+00 0.000000000000000000e+00
3.361600000000000364e+03 5.656854249492380582e+00 0.000000000000000000e+00
3.361800000000000182e+03 4.000000000000000000e+00 0.000000000000000000e+00
3.362000000000000000e+03 5.656854249492380582e+00 0.000000000000000000e+00
3.362200000000000273e+03 5.656854249492380582e+00 0.000000000000000000e+00
3.362400000000000091e+03 4.000000000000000000e+00 0.000000000000000000e+00
3.362600000000000364e+03 5.656854249492380582e+00 0.000000000000000000e+00
3.362800000000000182e+03 5.656854249492380582e+00 0.000000000000000000e+00
3.363000000000000000e+03 5.656854249492380582e+00 0.000000000000000000e+00
3.363200000000000273e+03 5.656854249492380582e+00 0.000000000000000000e+00
3.363400000000000091e+03 5.656854249492380582e+00 0.000000000000000000e+00
3.363600000000000364e+03 5.656854249492380582e+00 0.000000000000000000e+00
3.363800000000000182e+03 5.656854249492380582e+00 0.000000000000000000e+00
3.364000000000000000e+03 5.656854249492380582e+00 2.725000200000000000e+11
3.364200000000000273e+03 5.656854249492380582e+00 2.725000300000000000e+11
3.364400000000000091e+03 4.000000000000000000e+00 2.725000300000000000e+11
3.364600000000000364e+03 4.000000000000000000e+00 2.725000200000000000e+11
3.364800000000000182e+03 4.000000000000000000e+00 2.725000200000000000e+11
3.365000000000000000e+03 4.000000000000000000e+00 2.725000300000000000e+11
3.365200000000000273e+03 0.000000000000000000e+00 2.725000300000000000e+11
3.365400000000000091e+03 0.000000000000000000e+00 2.725000300000000000e+11
3.365600000000000364e+03 0.000000000000000000e+00 2.725000200000000000e+11
3.365800000000000182e+03 4.000000000000000000e+00 2.725000300000000000e+11
3.366000000000000000e+03 4.000000000000000000e+00 2.725000300000000000e+11
3.366200000000000273e+03 4.000000000000000000e+00 2.725000300000000000e+11
3.366400000000000091e+03 5.656854249492380582e+00 2.725000200000000000e+11
3.366600000000000364e+03 5.656854249492380582e+00 2.725000300000000000e+11
3.366800000000000182e+03 5.656854249492380582e+00 2.725000300000000000e+11
3.367000000000000000e+03 5.656854249492380582e+00 2.725000300000000000e+11
3.367200000000000273e+03 4.000000000000000000e+00 2.725000300000000000e+11
3.367400000000000091e+03 4.000000000000000000e+00 2.725000300000000000e+11
3.367600000000000364e+03 4.000000000000000000e+00 2.725000200000000000e+11
3.367800000000000182e+03 4.000000000000000000e+00 2.725000300000000000e+11
3.368000000000000000e+03 0.000000000000000000e+00 0.000000000000000000e+00
3.368200000000000273e+03 0.000000000000000000e+00 0.000000000000000000e+00
3.368400000000000091e+03 0.000000000000000000e+00 0.000000000000000000e+00
3.368600000000000364e+03 4.000000000000000000e+00 0.000000000000000000e+00
3.368800000000000182e+03 4.000000000000000000e+00 0.000000000000000000e+00
3.369000000000000000e+03 4.000000000000000000e+00 0.000000000000000000e+00
3.369200000000000273e+03 5.656854249492380582e+00 0.000000000000000000e+00
3.369400000000000091e+03 5.656854249492380582e+00 0.000000000000000000e+00
3.369600000000000364e+03 5.656854249492380582e+00 0.000000000000000000e+00
3.369800000000000182e+03 5.656854249492380582e+00 0.000000000000000000e+00
3.370000000000000000e+03 4.000000000000000000e+00 0.000000000000000000e+00
3.370200000000000273e+03 4.000000000000000000e+00 0.000000000000000000e+00
3.370400000000000091e+03 4.000000000000000000e+00 0.000000000000000000e+00
3.370600000000000364e+03 0.000000000000000000e+00 0.000000000000000000e+00
3.370800000000000182e+03 0.000000000000000000e+00 0.000000000000000000e+00
3.371000000000000000e+03 0.000000000000000000e+00 0.000000000000000000e+00
3.371200000000000273e+03 4.000000000000000000e+00 0.000000000000000000e+00
3.371400000000000091e+03 4.000000000000000000e+00 0.000000000000000000e+00
3.371600000000000364e+03 4.000000000000000000e+00 0.000000000000000000e+00
3.371800000000000182e+03 5.656854249492380582e+00 0.000000000000000000e+00
3.372000000000000000e+03 5.656854249492380582e+00 2.725000200000000000e+11
3.372200000000000273e+03 5.656854249492380582e+00 2.725000200000000000e+11
3.372400000000000091e+03 5.656854249492380582e+00 2.725000300000000000e+11
3.372600000000000364e+03 4.000000000000000000e+00 2.725000300000000000e+11
3.372800000000000182e+03 4.000000000000000000e+00 2.725000300000000000e+11
3.373000000000000000e+03 4.000000000000000000e+00 2.725000200000000000e+11
3.373200000000000273e+03 4.000000000000000000e+00 2.725000300000000000e+11
3.373400000000000091e+03 0.000000000000000000e+00 2.725000300000000000e+11
3.373600000000000364e+03 0.000000000000000000e+00 2.725000300000000000e+11
3.373800000000000182e+03 0.000000000000000000e+00 2.725000200000000000e+11
3.374000000000000000e+03 4.000000000000000000e+00 2.725000200000000000e+11
3.374200000000000273e+03 4.000000000000000000e+00 2.725000300000000000e+11
3.374400000000000091e+03 4.000000000000000000e+00 2.725000300000000000e+11
3.374600000000000364e+03 5.656854249492380582e+00 2.725000200000000000e+11
3.374800000000000182e+03 5.656854249492380582e+00 2.725000300000000000e+11
3.375000000000000000e+03 5.656854249492380582e+00 2.725000300000000000e+11
3.375200000000000273e+03 5.656854249492380582e+00 2.725000300000000000e+11
3.375400000000000091e+03 4.000000000000000000e+00 2.725000200000000000e+11
3.375600000000000364e+03 4.000000000000000000e+00 2.725000300000000000e+11
3.375800000000000182e+03 4.000000000000000000e+00 2.725000200000000000e+11
3.376000000000000000e+03 4.000000000000000000e+00 0.000000000000000000e+00
3.376200000000000273e+03 0.000000000000000000e+00 0.000000000000000000e+00
3.376400000000000091e+03 0.000000000000000000e+00 0.000000000000000000e+00
3.376600000000000364e+03 0.000000000000000000e+00 0.000000000000000000e+00
3.376800000000000182e+03 4.000000000000000000e+00 0.000000000000000000e+00
3.377000000000000000e+03 4.000000000000000000e+00 0.000000000000000000e+00
3.377200000000000273e+03 4.000000000000000000e+00 0.000000000000000000e+00
3.377400000000000091e+03 5.656854249492380582e+00 0.000000000000000000e+00
3.377600000000000364e+03 5.656854249492380582e+00 0.000000000000000000e+00
3.377800000000000182e+03 5.656854249492380582e+00 0.000000000000000000e+00
3.378000000000000000e+03 5.656854249492380582e+00 0.000000000000000000e+00
3.378200000000000273e+03 4.000000000000000000e+00 0.000000000000000000e+00
3.378400000000000091e+03 4.000000000000000000e+00 0.000000000000000000e+00
3.378600000000000364e+03 4.000000000000000000e+00 0.000000000000000000e+00
3.378800000000000182e+03 0.000000000000000000e+00 0.000000000000000000e+00
3.379000000000000000e+03 0.000000000000000000e+00 0.000000000000000000e+00
3.379200000000000273e+03 0.000000000000000000e+00 0.000000000000000000e+00
3.379400000000000091e+03 4.000000000000000000e+00 0.000000000000000000e+00
3.379600000000000364e+03 4.000000000000000000e+00 0.000000000000000000e+00
3.379800000000000182e+03 4.000000000000000000e+00 0.000000000000000000e+00
3.380000000000000000e+03 4.000000000000000000e+00 2.725000200000000000e+11
3.380200000000000273e+03 5.656854249492380582e+00 2.725000300000000000e+11
3.380400000000000091e+03 5.656854249492380582e+00 2.725000300000000000e+11
3.380600000000000364e+03 5.656854249492380582e+00 2.725000300000000000e+11
3.380800000000000182e+03 4.000000000000000000e+00 2.725000200000000000e+11
3.381000000000000000e+03 4.000000000000000000e+00 2.725000200000000000e+11
3.381200000000000273e+03 4.000000000000000000e+00 2.725000300000000000e+11
3.381400000000000091e+03 4.000000000000000000e+00 2.725000200000000000e+11
3.381600000000000364e+03 0.000000000000000000e+00 2.725000300000000000e+11
3.381800000000000182e+03 0.000000000000000000e+00 2.725000300000000000e+11
3.382000000000000000e+03 0.000000000000000000e+00 2.725000300000000000e+11
3.382200000000000273e+03 4.000000000000000000e+00 2.725000300000000000e+11
3.382400000000000091e+03 4.000000000000000000e+00 2.725000200000000000e+11
3.382600000000000364e+03 4.000000000000000000e+00 2.725000200000000000e+11
3.382800000000000182e+03 4.000000000000000000e+00 2.725000300000000000e+11
3.383000000000000000e+03 5.656854249492380582e+00 2.725000200000000000e+11
3.383200000000000273e+03 5.656854249492380582e+00 2.725000300000000000e+11
3.383400000000000091e+03 5.656854249492380582e+00 2.725000200000000000e+11
3.383600000000000364e+03 4.000000000000000000e+00 2.725000300000000000e+11
3.383800000000000182e+03 4.000000000000000000e+00 2.725000200000000000e+11
3.384000000000000000e+03 4.000000000000000000e+00 0.000000000000000000e+00
3.384200000000000273e+03 4.000000000000000000e+00 0.000000000000000000e+00
3.384400000000000091e+03 0.000000000000000000e+00 0.000000000000000000e+00
3.384600000000000364e+03 0.000000000000000000e+00 0.000000000000000000e+00
3.384800000000000182e+03 0.000000000000000000e+00 0.000000000000000000e+00
3.385000000000000000e+03 4.000000000000000000e+00 0.000000000000000000e+00
3.385200000000000273e+03 4.000000000000000000e+00 0.000000000000000000e+00
3.385400000000000091e+03 4.000000000000000000e+00 0.000000000000000000e+00
3.385600000000000364e+03 5.656854249492380582e+00 0.000000000000000000e+00
3.385800000000000182e+03 5.656854249492380582e+00 0.000000000000000000e+00
3.386000000000000000e+03 5.656854249492380582e+00 0.000000000000000000e+00
3.386200000000000273e+03 5.656854249492380582e+00 0.000000000000000000e+00
3.386400000000000091e+03 4.000000000000000000e+00 0.000000000000000000e+00
3.386600000000000364e+03 4.000000000000000000e+00 0.000000000000000000e+00
3.386800000000000182e+03 4.000000000000000000e+00 0.000000000000000000e+00
3.387000000000000000e+03 0.000000000000000000e+00 0.000000000000000000e+00
3.387200000000000273e+03 0.000000000000000000e+00 0.000000000000000000e+00
3.387400000000000091e+03 0.000000000000000000e+00 0.000000000000000000e+00
3.387600000000000364e+03 4.000000000000000000e+00 0.000000000000000000e+00
3.387800000000000182e+03 4.000000000000000000e+00 0.000000000000000000e+00
3.388000000000000000e+03 4.000000000000000000e+00 2.725000300000000000e+11
3.388200000000000273e+03 4.000000000000000000e+00 2.725000300000000000e+11
3.388400000000000091e+03 5.656854249492380582e+00 2.725000200000000000e+11
3.388600000000000364e+03 5.656854249492380582e+00 2.725000300000000000e+11
3.388800000000000182e+03 5.656854249492380582e+00 2.725000200000000000e+11
3.389000000000000000e+03 4.000000000000000000e+00 2.725000300000000000e+11
3.389200000000000273e+03 4.000000000000000000e+00 2.725000300000000000e+11
3.389400000000000091e+03 4.000000000000000000e+00 2.725000300000000000e+11
3.389600000000000364e+03 4.000000000000000000e+00 2.725000300000000000e+11
3.389800000000000182e+03 0.000000000000000000e+00 2.725000200000000000e+11
3.390000000000000000e+03 0.000000000000000000e+00 2.725000200000000000e+11
3.390200000000000273e+03 0.000000000000000000e+00 2.725000300000000000e+11
3.390400000000000091e+03 4.000000000000000000e+00 2.725000300000000000e+11
3.390600000000000364e+03 4.000000000000000000e+00 2.725000200000000000e+11
3.390800000000000182e+03 4.000000000000000000e+00 2.725000200000000000e+11
3.391000000000000000e+03 4.000000000000000000e+00 2.725000200000000000e+11
3.391200000000000273e+03 5.656854249492380582e+00 2.725000200000000000e+11
3.391400000000000091e+03 5.656854249492380582e+00 2.725000200000000000e+11
3.391600000000000364e+03 5.656854249492380582e+00 2.725000200000000000e+11
3.391800000000000182e+03 4.000000000000000000e+00 2.725000300000000000e+11
3.392000000000000000e+03 4.000000000000000000e+00 0.000000000000000000e+00
3.392200000000000273e+03 4.000000000000000000e+00 0.000000000000000000e+00
3.392400000000000091e+03 4.000000000000000000e+00 0.000000000000000000e+00
3.392600000000000364e+03 0.000000000000000000e+00 0.000000000000000000e+00
3.392800000000000182e+03 0.000000000000000000e+00 0.000000000000000000e+00
3.393000000000000000e+03 0.000000000000000000e+00 0.000000000000000000e+00
3.393200000000000273e+03 4.000000000000000000e+00 0.000000000000000000e+00
3.393400000000000091e+03 4.000000000000000000e+00 0.000000000000000000e+00
3.393600000000000364e+03 4.000000000000000000e+00 0.000000000000000000e+00
3.393800000000000182e+03 5.656854249492380582e+00 0.000000000000000000e+00
3.394000000000000000e+03 5.656854249492380582e+00 0.000000000000000000e+00
3.394200000000000273e+03 5.656854249492380582e+00 0.000000000000000000e+00
3.394400000000000091e+03 5.656854249492380582e+00 0.000000000000000000e+00
3.394600000000000364e+03 4.000000000000000000e+00 0.000000000000000000e+00
3.394800000000000182e+03 4.000000000000000000e+00 0.000000000000000000e+00
3.395000000000000000e+03 4.000000000000000000e+00 0.000000000000000000e+00
3.395200000000000273e+03 0.000000000000000000e+00 0.000000000000000000e+00
3.395400000000000091e+03 0.000000000000000000e+00 0.000000000000000000e+00
3.395600000000000364e+03 0.000000000000000000e+00 0.000000000000000000e+00
3.395800000000000182e+03 4.000000000000000000e+00 0.000000000000000000e+00
3.396000000000000000e+03 4.000000000000000000e+00 2.725000200000000000e+11
3.396200000000000273e+03 4.000000000000000000e+00 2.725000300000000000e+11
3.396400000000000091e+03 4.000000000000000000e+00 2.725000300000000000e+11
3.396600000000000364e+03 5.656854249492380582e+00 2.725000300000000000e+11
3.396800000000000182e+03 5.656854249492380582e+00 2.725000300000000000e+11
3.397000000000000000e+03 5.656854249492380582e+00 2.725000200000000000e+11
3.397200000000000273e+03 4.000000000000000000e+00 2.725000200000000000e+11
3.397400000000000091e+03 4.000000000000000000e+00 2.725000200000000000e+11
3.397600000000000364e+03 4.000000000000000000e+00 2.725000300000000000e+11
3.397800000000000182e+03 4.000000000000000000e+00 2.725000200000000000e+11
3.398000000000000000e+03 0.000000000000000000e+00 2.725000200000000000e+11
3.398200000000000273e+03 0.000000000000000000e+00 2.725000300000000000e+11
3.398400000000000091e+03 0.000000000000000000e+00 2.725000200000000000e+11
3.398600000000000364e+03 4.000000000000000000e+00 2.725000300000000000e+11
3.398800000000000182e+03 4.000000000000000000e+00 2.725000300000000000e+11
3.399000000000000000e+03 4.000000000000000000e+00 2.725000300000000000e+11
3.399200000000000273e+03 4.000000000000000000e+00 2.725000300000000000e+11
3.399400000000000091e+03 5.656854249492380582e+00 2.725000200000000000e+11
3.399600000000000364e+03 5.656854249492380582e+00 2.725000300000000000e+11
3.399800000000000182e+03 5.656854249492380582e+00 2.725000300000000000e+11
3.400000000000000000e+03 4.000000000000000000e+00 0.000000000000000000e+00
3.400200000000000273e+03 4.000000000000000000e+00 0.000000000000000000e+00
3.400400000000000091e+03 4.000000000000000000e+00 0.000000000000000000e+00
3.400600000000000364e+03 4.000000000000000000e+00 0.000000000000000000e+00
3.400800000000000182e+03 0.000000000000000000e+00 0.000000000000000000e+00
3.401000000000000000e+03 0.000000000000000000e+00 0.000000000000000000e+00
3.401200000000000273e+03 0.000000000000000000e+00 0.000000000000000000e+00
3.401400000000000091e+03 4.000000000000000000e+00 0.000000000000000000e+00
3.401600000000000364e+03 4.000000000000000000e+00 0.000000000000000000e+00
3.401800000000000182e+03 4.000000000000000000e+00 0.000000000000000000e+00
3.402000000000000000e+03 4.000000000000000000e+00 0.000000000000000000e+00
3.402200000000000273e+03 5.656854249492380582e+00 0.000000000000000000e+00
3.402400000000000091e+03 5.656854249492380582e+00 0.000000000000000000e+00
3.402600000000000364e+03 5.656854249492380582e+00 0.000000000000000000e+00
3.402800000000000182e+03 4.000000000000000000e+00 0.000000000000000000e+00
3.403000000000000000e+03 4.000000000000000000e+00 0.000000000000000000e+00
3.403200000000000273e+03 4.000000000000000000e+00 0.000000000000000000e+00
3.403400000000000091e+03 0.000000000000000000e+00 0.000000000000000000e+00
3.403600000000000364e+03 0.000000000000000000e+00 0.000000000000000000e+00
3.403800000000000182e+03 0.000000000000000000e+00 0.000000000000000000e+00
3.404000000000000000e+03 0.000000000000000000e+00 2.725000300000000000e+11
3.404200000000000273e+03 4.000000000000000000e+00 2.725000300000000000e+11
3.404400000000000091e+03 4.000000000000000000e+00 2.725000300000000000e+11
3.404600000000000364e+03 4.000000000000000000e+00 2.725000200000000000e+11
3.404800000000000182e+03 5.656854249492380582e+00 2.725000300000000000e+11
3.405000000000000000e+03 5.656854249492380582e+00 2.725000300000000000e+11
3.405200000000000273e+03 5.656854249492380582e+00 2.725000300000000000e+11
3.405400000000000091e+03 5.656854249492380582e+00 2.725000300000000000e+11
3.405600000000000364e+03 4.000000000000000000e+00 2.725000300000000000e+11
3.405800000000000182e+03 4.000000000000000000e+00 2.725000200000000000e+11
3.406000000000000000e+03 4.000000000000000000e+00 2.725000200000000000e+11
3.406200000000000273e+03 0.000000000000000000e+00 2.725000300000000000e+11
3.406400000000000091e+03 0.000000000000000000e+00 2.725000300000000000e+11
3.406600000000000364e+03 0.000000000000000000e+00 2.725000300000000000e+11
3.406800000000000182e+03 0.000000000000000000e+00 2.725000300000000000e+11
3.407000000000000000e+03 4.000000000000000000e+00 2.725000300000000000e+11
3.407200000000000273e+03 4.000000000000000000e+00 2.725000300000000000e+11
3.407400000000000091e+03 4.000000000000000000e+00 2.725000300000000000e+11
3.407600000000000364e+03 4.000000000000000000e+00 2.725000200000000000e+11
3.407800000000000182e+03 8.944271909999159220e+00 2.725000200000000000e+11
3.408000000000000000e+03 8.944271909999159220e+00 0.000000000000000000e+00
3.408200000000000273e+03 8.944271909999159220e+00 0.000000000000000000e+00
3.408400000000000091e+03 8.944271909999159220e+00 0.000000000000000000e+00
3.408600000000000364e+03 8.000000000000000000e+00 0.000000000000000000e+00
3.408800000000000182e+03 8.000000000000000000e+00 0.000000000000000000e+00
3.409000000000000000e+03 5.656854249492380582e+00 0.000000000000000000e+00
3.409200000000000273e+03 5.656854249492380582e+00 0.000000000000000000e+00
3.409400000000000091e+03 4.000000000000000000e+00 0.000000000000000000e+00
3.409600000000000364e+03 0.000000000000000000e+00 0.000000000000000000e+00
3.409800000000000182e+03 4.000000000000000000e+00 0.000000000000000000e+00
3.410000000000000000e+03 4.000000000000000000e+00 0.000000000000000000e+00
3.410200000000000273e+03 5.656854249492380582e+00 0.000000000000000000e+00
3.410400000000000091e+03 4.000000000000000000e+00 0.000000000000000000e+00
3.410600000000000364e+03 8.000000000000000000e+00 0.000000000000000000e+00
3.410800000000000182e+03 8.944271909999159220e+00 0.000000000000000000e+00
3.411000000000000000e+03 8.944271909999159220e+00 0.000000000000000000e+00
3.411200000000000273e+03 5.656854249492380582e+00 0.000000000000000000e+00
3.411400000000000091e+03 8.944271909999159220e+00 0.000000000000000000e+00
3.411600000000000364e+03 8.000000000000000000e+00 0.000000000000000000e+00
3.411800000000000182e+03 8.000000000000000000e+00 0.000000000000000000e+00
3.412000000000000000e+03 4.000000000000000000e+00 2.725000300000000000e+11
3.412200000000000273e+03 5.656854249492380582e+00 2.725000300000000000e+11
3.412400000000000091e+03 4.000000000000000000e+00 2.725000200000000000e+11
3.412600000000000364e+03 4.000000000000000000e+00 2.725000300000000000e+11
3.412800000000000182e+03 5.656854249492380582e+00 2.725000300000000000e+11
3.413000000000000000e+03 8.000000000000000000e+00 2.725000300000000000e+11
3.413200000000000273e+03 8.944271909999159220e+00 2.725000300000000000e+11
3.413400000000000091e+03 1.131370849898476116e+01 2.725000200000000000e+11
3.413600000000000364e+03 1.264911064067351809e+01 2.725000300000000000e+11
3.413800000000000182e+03 1.600000000000000000e+01 2.725000300000000000e+11
3.414000000000000000e+03 1.649242250247064234e+01 2.725000300000000000e+11
3.414200000000000273e+03 2.000000000000000000e+01 2.725000200000000000e+11
3.414400000000000091e+03 2.332380757938120297e+01 2.725000200000000000e+11
3.414600000000000364e+03 2.433105012119287736e+01 2.725000300000000000e+11
3.414800000000000182e+03 2.828427124746190202e+01 2.725000300000000000e+11
3.415000000000000000e+03 2.884441020371191300e+01 2.725000200000000000e+11
3.415200000000000273e+03 3.224903099319419653e+01 2.725000200000000000e+11
3.415400000000000091e+03 3.622154055254966920e+01 2.725000200000000000e+11
3.415600000000000364e+03 3.794733192202055250e+01 2.725000300000000000e+11
3.415800000000000182e+03 4.252058325093859992e+01 2.725000300000000000e+11
3.416000000000000000e+03 5.200000000000000000e+01 0.000000000000000000e+00
3.416200000000000273e+03 4.800000000000000000e+01 0.000000000000000000e+00
3.416400000000000091e+03 5.011985634456667071e+01 0.000000000000000000e+00
3.416600000000000364e+03 5.122499389946278825e+01 0.000000000000000000e+00
3.416800000000000182e+03 5.440588203494177577e+01 0.000000000000000000e+00
3.417000000000000000e+03 5.215361924162119323e+01 0.000000000000000000e+00
3.417200000000000273e+03 5.366563145999495532e+01 0.000000000000000000e+00
3.417400000000000091e+03 5.122499389946278825e+01 0.000000000000000000e+00
3.417600000000000364e+03 5.440588203494177577e+01 0.000000000000000000e+00
3.417800000000000182e+03 5.261178575186362139e+01 0.000000000000000000e+00
3.418000000000000000e+03 5.011985634456667071e+01 0.000000000000000000e+00
3.418200000000000273e+03 4.882622246293480828e+01 0.000000000000000000e+00
3.418400000000000091e+03 4.472135954999579610e+01 0.000000000000000000e+00
3.418600000000000364e+03 4.560701700396551672e+01 0.000000000000000000e+00
3.418800000000000182e+03 4.560701700396551672e+01 0.000000000000000000e+00
3.419000000000000000e+03 4.472135954999579610e+01 0.000000000000000000e+00
3.419200000000000273e+03 4.400000000000000000e+01 0.000000000000000000e+00
3.419400000000000091e+03 4.472135954999579610e+01 0.000000000000000000e+00
3.419600000000000364e+03 4.816637831516918311e+01 0.000000000000000000e+00
3.419800000000000182e+03 4.681879964287850271e+01 0.000000000000000000e+00
3.420000000000000000e+03 4.816637831516918311e+01 2.725000300000000000e+11
3.420200000000000273e+03 5.366563145999495532e+01 2.725000300000000000e+11
3.420400000000000091e+03 5.946427498927402411e+01 2.725000200000000000e+11
3.420600000000000364e+03 6.835202996254024299e+01 2.725000300000000000e+11
3.420800000000000182e+03 7.610519036176178531e+01 2.725000300000000000e+11
3.421000000000000000e+03 8.588364221433555201e+01 2.725000300000000000e+11
3.421200000000000273e+03 9.372299611087984772e+01 2.725000200000000000e+11
3.421400000000000091e+03 1.038460398859773619e+02 2.725000200000000000e+11
3.421600000000000364e+03 1.177115117564972877e+02 2.725000300000000000e+11
3.421800000000000182e+03 1.288099375048369382e+02 2.725000300000000000e+11
3.422000000000000000e+03 1.449413674559474998e+02 2.725000200000000000e+11
3.422200000000000273e+03 1.601998751560062999e+02 2.725000200000000000e+11
3.422400000000000091e+03 1.240644993541665855e+02 2.725000200000000000e+11
3.422600000000000364e+03 1.103449137930697788e+02 2.725000300000000000e+11
3.422800000000000182e+03 9.740636529508736885e+01 2.725000300000000000e+11
3.423000000000000000e+03 8.409518416651455652e+01 2.725000200000000000e+11
3.423200000000000273e+03 7.694153624668537361e+01 2.725000300000000000e+11
3.423400000000000091e+03 6.560487786742690730e+01 2.725000300000000000e+11
3.423600000000000364e+03 5.824087911424414443e+01 2.725000300000000000e+11
3.423800000000000182e+03 5.261178575186362139e+01 2.725000300000000000e+11
3.424000000000000000e+03 4.664761515876240594e+01 0.000000000000000000e+00
3.424200000000000273e+03 4.560701700396551672e+01 0.000000000000000000e+00
3.424400000000000091e+03 4.560701700396551672e+01 0.000000000000000000e+00
3.424600000000000364e+03 4.418144406874904462e+01 0.000000000000000000e+00
3.424800000000000182e+03 4.118252056394800320e+01 0.000000000000000000e+00
3.425000000000000000e+03 4.000000000000000000e+01 0.000000000000000000e+00
3.425200000000000273e+03 4.079215610874227593e+01 0.000000000000000000e+00
3.425400000000000091e+03 4.079215610874227593e+01 0.000000000000000000e+00
3.425600000000000364e+03 4.000000000000000000e+01 0.000000000000000000e+00
3.425800000000000182e+03 3.939543120718441571e+01 0.000000000000000000e+00
3.426000000000000000e+03 4.000000000000000000e+01 0.000000000000000000e+00
3.426200000000000273e+03 3.939543120718441571e+01 0.000000000000000000e+00
3.426400000000000091e+03 3.959797974644666141e+01 0.000000000000000000e+00
3.426600000000000364e+03 4.176122603564220270e+01 0.000000000000000000e+00
3.426800000000000182e+03 4.019950248448355978e+01 0.000000000000000000e+00
3.427000000000000000e+03 4.118252056394800320e+01 0.000000000000000000e+00
3.427200000000000273e+03 4.252058325093859992e+01 0.000000000000000000e+00
3.427400000000000091e+03 4.176122603564220270e+01 0.000000000000000000e+00
3.427600000000000364e+03 4.019950248448355978e+01 0.000000000000000000e+00
3.427800000000000182e+03 3.939543120718441571e+01 0.000000000000000000e+00
3.428000000000000000e+03 3.687817782917154830e+01 2.725000200000000000e+11
3.428200000000000273e+03 2.912043955712207222e+01 2.725000200000000000e+11
3.428400000000000091e+03 2.433105012119287736e+01 2.725000300000000000e+11
3.428600000000000364e+03 2.332380757938120297e+01 2.725000300000000000e+11
3.428800000000000182e+03 2.000000000000000000e+01 2.725000300000000000e+11
3.429000000000000000e+03 1.600000000000000000e+01 2.725000200000000000e+11
3.429200000000000273e+03 1.649242250247064234e+01 2.725000300000000000e+11
3.429400000000000091e+03 1.697056274847713908e+01 2.725000300000000000e+11
3.429600000000000364e+03 1.264911064067351809e+01 2.725000200000000000e+11
3.429800000000000182e+03 1.200000000000000000e+01 2.725000300000000000e+11
3.430000000000000000e+03 1.264911064067351809e+01 2.725000300000000000e+11
3.430200000000000273e+03 1.131370849898476116e+01 2.725000300000000000e+11
3.430400000000000091e+03 8.944271909999159220e+00 2.725000300000000000e+11
3.430600000000000364e+03 8.944271909999159220e+00 2.725000300000000000e+11
3.430800000000000182e+03 8.000000000000000000e+00 2.725000200000000000e+11
3.431000000000000000e+03 4.000000000000000000e+00 2.725000200000000000e+11
3.431200000000000273e+03 4.000000000000000000e+00 2.725000200000000000e+11
3.431400000000000091e+03 4.000000000000000000e+00 2.725000300000000000e+11
3.431600000000000364e+03 0.000000000000000000e+00 2.725000300000000000e+11
3.431800000000000182e+03 0.000000000000000000e+00 2.725000300000000000e+11
3.432000000000000000e+03 0.000000000000000000e+00 0.000000000000000000e+00
3.432200000000000273e+03 0.000000000000000000e+00 0.000000000000000000e+00
3.432400000000000091e+03 4.000000000000000000e+00 0.000000000000000000e+00
3.432600000000000364e+03 4.000000000000000000e+00 0.000000000000000000e+00
3.432800000000000182e+03 4.000000000000000000e+00 0.000000000000000000e+00
3.433000000000000000e+03 4.000000000000000000e+00 0.000000000000000000e+00
3.433200000000000273e+03 5.656854249492380582e+00 0.000000000000000000e+00
3.433400000000000091e+03 5.656854249492380582e+00 0.000000000000000000e+00
3.433600000000000364e+03 5.656854249492380582e+00 0.000000000000000000e+00
3.433800000000000182e+03 4.000000000000000000e+00 0.000000000000000000e+00
3.434000000000000000e+03 4.000000000000000000e+00 0.000000000000000000e+00
3.434200000000000273e+03 4.000000000000000000e+00 0.000000000000000000e+00
3.434400000000000091e+03 4.000000000000000000e+00 0.000000000000000000e+00
3.434600000000000364e+03 0.000000000000000000e+00 0.000000000000000000e+00
3.434800000000000182e+03 0.000000000000000000e+00 0.000000000000000000e+00
3.435000000000000000e+03 0.000000000000000000e+00 0.000000000000000000e+00
3.435200000000000273e+03 0.000000000000000000e+00 0.000000000000000000e+00
3.435400000000000091e+03 4.000000000000000000e+00 0.000000000000000000e+00
3.435600000000000364e+03 4.000000000000000000e+00 0.000000000000000000e+00
3.435800000000000182e+03 4.000000000000000000e+00 0.000000000000000000e+00
3.436000000000000000e+03 4.000000000000000000e+00 2.725000200000000000e+11
3.436200000000000273e+03 5.656854249492380582e+00 2.725000300000000000e+11
3.436400000000000091e+03 5.656854249492380582e+00 2.725000300000000000e+11
3.436600000000000364e+03 5.656854249492380582e+00 2.725000200000000000e+11
3.436800000000000182e+03 5.656854249492380582e+00 2.725000300000000000e+11
3.437000000000000000e+03 4.000000000000000000e+00 2.725000300000000000e+11
3.437200000000000273e+03 4.000000000000000000e+00 2.725000300000000000e+11
3.437400000000000091e+03 4.000000000000000000e+00 2.725000200000000000e+11
3.437600000000000364e+03 0.000000000000000000e+00 2.725000300000000000e+11
3.437800000000000182e+03 0.000000000000000000e+00 2.725000200000000000e+11
3.438000000000000000e+03 0.000000000000000000e+00 2.725000300000000000e+11
3.438200000000000273e+03 0.000000000000000000e+00 2.725000300000000000e+11
3.438400000000000091e+03 4.000000000000000000e+00 2.725000300000000000e+11
3.438600000000000364e+03 4.000000000000000000e+00 2.725000300000000000e+11
3.438800000000000182e+03 4.000000000000000000e+00 2.725000300000000000e+11
3.439000000000000000e+03 5.656854249492380582e+00 2.725000300000000000e+11
3.439200000000000273e+03 5.656854249492380582e+00 2.725000300000000000e+11
3.439400000000000091e+03 5.656854249492380582e+00 2.725000200000000000e+11
3.439600000000000364e+03 5.656854249492380582e+00 2.725000200000000000e+11
3.439800000000000182e+03 4.000000000000000000e+00 2.725000200000000000e+11
3.440000000000000000e+03 4.000000000000000000e+00 0.000000000000000000e+00
3.440200000000000273e+03 4.000000000000000000e+00 0.000000000000000000e+00
3.440400000000000091e+03 0.000000000000000000e+00 0.000000000000000000e+00
3.440600000000000364e+03 0.000000000000000000e+00 0.000000000000000000e+00
3.440800000000000182e+03 0.000000000000000000e+00 0.000000000000000000e+00
3.441000000000000000e+03 4.000000000000000000e+00 0.000000000000000000e+00
3.441200000000000273e+03 4.000000000000000000e+00 0.000000000000000000e+00
3.441400000000000091e+03 4.000000000000000000e+00 0.000000000000000000e+00
3.441600000000000364e+03 4.000000000000000000e+00 0.000000000000000000e+00
3.441800000000000182e+03 5.656854249492380582e+00 0.000000000000000000e+00
3.442000000000000000e+03 5.656854249492380582e+00 0.000000000000000000e+00
3.442200000000000273e+03 5.656854249492380582e+00 0.000000000000000000e+00
3.442400000000000091e+03 4.000000000000000000e+00 0.000000000000000000e+00
3.442600000000000364e+03 4.000000000000000000e+00 0.000000000000000000e+00
3.442800000000000182e+03 4.000000000000000000e+00 0.000000000000000000e+00
3.443000000000000000e+03 4.000000000000000000e+00 0.000000000000000000e+00
3.443200000000000273e+03 0.000000000000000000e+00 0.000000000000000000e+00
3.443400000000000091e+03 0.000000000000000000e+00 0.000000000000000000e+00
3.443600000000000364e+03 0.000000000000000000e+00 0.000000000000000000e+00
3.443800000000000182e+03 4.000000000000000000e+00 0.000000000000000000e+00
3.444000000000000000e+03 4.000000000000000000e+00 2.725000300000000000e+11
3.444200000000000273e+03 4.000000000000000000e+00 2.725000300000000000e+11
3.444400000000000091e+03 5.656854249492380582e+00 2.725000300000000000e+11
3.444600000000000364e+03 5.656854249492380582e+00 2.725000300000000000e+11
3.444800000000000182e+03 5.656854249492380582e+00 2.725000300000000000e+11
3.445000000000000000e+03 5.656854249492380582e+00 2.725000300000000000e+11
3.445200000000000273e+03 4.000000000000000000e+00 2.725000300000000000e+11
3.445400000000000091e+03 4.000000000000000000e+00 2.725000300000000000e+11
3.445600000000000364e+03 4.000000000000000000e+00 2.725000300000000000e+11
3.445800000000000182e+03 0.000000000000000000e+00 2.725000200000000000e+11
3.446000000000000000e+03 0.000000000000000000e+00 2.725000200000000000e+11
3.446200000000000273e+03 0.000000000000000000e+00 2.725000300000000000e+11
3.446400000000000091e+03 0.000000000000000000e+00 2.725000200000000000e+11
3.446600000000000364e+03 4.000000000000000000e+00 2.725000300000000000e+11
3.446800000000000182e+03 4.000000000000000000e+00 2.725000300000000000e+11
3.447000000000000000e+03 4.000000000000000000e+00 2.725000200000000000e+11
3.447200000000000273e+03 5.656854249492380582e+00 2.725000300000000000e+11
3.447400000000000091e+03 5.656854249492380582e+00 2.725000300000000000e+11
3.447600000000000364e+03 5.656854249492380582e+00 2.725000300000000000e+11
3.447800000000000182e+03 5.656854249492380582e+00 2.725000200000000000e+11
3.448000000000000000e+03 4.000000000000000000e+00 0.000000000000000000e+00
3.448200000000000273e+03 4.000000000000000000e+00 0.000000000000000000e+00
3.448400000000000091e+03 4.000000000000000000e+00 0.000000000000000000e+00
3.448600000000000364e+03 0.000000000000000000e+00 0.000000000000000000e+00
3.448800000000000182e+03 0.000000000000000000e+00 0.000000000000000000e+00
3.449000000000000000e+03 0.000000000000000000e+00 0.000000000000000000e+00
3.449200000000000273e+03 0.000000000000000000e+00 0.000000000000000000e+00
3.449400000000000091e+03 4.000000000000000000e+00 0.000000000000000000e+00
3.449600000000000364e+03 4.000000000000000000e+00 0.000000000000000000e+00
3.449800000000000182e+03 4.000000000000000000e+00 0.000000000000000000e+00
3.450000000000000000e+03 5.656854249492380582e+00 0.000000000000000000e+00
3.450200000000000273e+03 5.656854249492380582e+00 0.000000000000000000e+00
3.450400000000000091e+03 5.656854249492380582e+00 0.000000000000000000e+00
3.450600000000000364e+03 4.000000000000000000e+00 0.000000000000000000e+00
3.450800000000000182e+03 4.000000000000000000e+00 0.000000000000000000e+00
3.451000000000000000e+03 4.000000000000000000e+00 0.000000000000000000e+00
3.451200000000000273e+03 4.000000000000000000e+00 0.000000000000000000e+00
3.451400000000000091e+03 0.000000000000000000e+00 0.000000000000000000e+00
3.451600000000000364e+03 0.000000000000000000e+00 0.000000000000000000e+00
3.451800000000000182e+03 0.000000000000000000e+00 0.000000000000000000e+00
3.452000000000000000e+03 4.000000000000000000e+00 2.725000300000000000e+11
3.452200000000000273e+03 4.000000000000000000e+00 2.725000200000000000e+11
3.452400000000000091e+03 4.000000000000000000e+00 2.725000200000000000e+11
3.452600000000000364e+03 4.000000000000000000e+00 2.725000200000000000e+11
3.452800000000000182e+03 5.656854249492380582e+00 2.725000200000000000e+11
3.453000000000000000e+03 5.656854249492380582e+00 2.725000300000000000e+11
3.453200000000000273e+03 5.656854249492380582e+00 2.725000300000000000e+11
3.453400000000000091e+03 4.000000000000000000e+00 2.725000300000000000e+11
3.453600000000000364e+03 4.000000000000000000e+00 2.725000300000000000e+11
3.453800000000000182e+03 4.000000000000000000e+00 2.725000300000000000e+11
3.454000000000000000e+03 4.000000000000000000e+00 2.725000300000000000e+11
3.454200000000000273e+03 0.000000000000000000e+00 2.725000300000000000e+11
3.454400000000000091e+03 0.000000000000000000e+00 2.725000300000000000e+11
3.454600000000000364e+03 0.000000000000000000e+00 2.725000300000000000e+11
3.454800000000000182e+03 4.000000000000000000e+00 2.725000200000000000e+11
3.455000000000000000e+03 4.000000000000000000e+00 2.725000200000000000e+11
3.455200000000000273e+03 4.000000000000000000e+00 2.725000300000000000e+11
3.455400000000000091e+03 4.000000000000000000e+00 2.725000300000000000e+11
3.455600000000000364e+03 5.656854249492380582e+00 2.725000200000000000e+11
3.455800000000000182e+03 5.656854249492380582e+00 2.725000300000000000e+11
3.456000000000000000e+03 5.656854249492380582e+00 0.000000000000000000e+00
3.456200000000000273e+03 4.000000000000000000e+00 0.000000000000000000e+00
3.456400000000000091e+03 4.000000000000000000e+00 0.000000000000000000e+00
3.456600000000000364e+03 4.000000000000000000e+00 0.000000000000000000e+00
3.456800000000000182e+03 4.000000000000000000e+00 0.000000000000000000e+00
3.457000000000000000e+03 0.000000000000000000e+00 0.000000000000000000e+00
3.457200000000000273e+03 0.000000000000000000e+00 0.000000000000000000e+00
3.457400000000000091e+03 0.000000000000000000e+00 0.000000000000000000e+00
3.457600000000000364e+03 4.000000000000000000e+00 0.000000000000000000e+00
3.457800000000000182e+03 4.000000000000000000e+00 0.000000000000000000e+00
3.458000000000000000e+03 4.000000000000000000e+00 0.000000000000000000e+00
3.458200000000000273e+03 5.656854249492380582e+00 0.000000000000000000e+00
3.458400000000000091e+03 5.656854249492380582e+00 0.000000000000000000e+00
3.458600000000000364e+03 5.656854249492380582e+00 0.000000000000000000e+00
3.458800000000000182e+03 5.656854249492380582e+00 0.000000000000000000e+00
3.459000000000000000e+03 4.000000000000000000e+00 0.000000000000000000e+00
3.459200000000000273e+03 4.000000000000000000e+00 0.000000000000000000e+00
3.459400000000000091e+03 4.000000000000000000e+00 0.000000000000000000e+00
3.459600000000000364e+03 0.000000000000000000e+00 0.000000000000000000e+00
3.459800000000000182e+03 0.000000000000000000e+00 0.000000000000000000e+00
3.460000000000000000e+03 0.000000000000000000e+00 2.725000200000000000e+11
3.460200000000000273e+03 0.000000000000000000e+00 2.725000200000000000e+11
3.460400000000000091e+03 4.000000000000000000e+00 2.725000300000000000e+11
3.460600000000000364e+03 4.000000000000000000e+00 2.725000300000000000e+11
3.460800000000000182e+03 4.000000000000000000e+00 2.725000300000000000e+11
3.461000000000000000e+03 5.656854249492380582e+00 2.725000300000000000e+11
3.461200000000000273e+03 5.656854249492380582e+00 2.725000200000000000e+11
3.461400000000000091e+03 5.656854249492380582e+00 2.725000200000000000e+11
3.461600000000000364e+03 4.000000000000000000e+00 2.725000300000000000e+11
3.461800000000000182e+03 4.000000000000000000e+00 2.725000200000000000e+11
3.462000000000000000e+03 4.000000000000000000e+00 2.725000300000000000e+11
3.462200000000000273e+03 4.000000000000000000e+00 2.725000300000000000e+11
3.462400000000000091e+03 0.000000000000000000e+00 2.725000300000000000e+11
3.462600000000000364e+03 0.000000000000000000e+00 2.725000200000000000e+11
3.462800000000000182e+03 0.000000000000000000e+00 2.725000300000000000e+11
3.463000000000000000e+03 4.000000000000000000e+00 2.725000300000000000e+11
3.463200000000000273e+03 4.000000000000000000e+00 2.725000200000000000e+11
3.463400000000000091e+03 4.000000000000000000e+00 2.725000300000000000e+11
3.463600000000000364e+03 4.000000000000000000e+00 2.725000300000000000e+11
3.463800000000000182e+03 5.656854249492380582e+00 2.725000300000000000e+11
3.464000000000000000e+03 5.656854249492380582e+00 0.000000000000000000e+00
3.464200000000000273e+03 5.656854249492380582e+00 0.000000000000000000e+00
3.464400000000000091e+03 4.000000000000000000e+00 0.000000000000000000e+00
3.464600000000000364e+03 4.000000000000000000e+00 0.000000000000000000e+00
3.464800000000000182e+03 4.000000000000000000e+00 0.000000000000000000e+00
3.465000000000000000e+03 4.000000000000000000e+00 0.000000000000000000e+00
3.465200000000000273e+03 0.000000000000000000e+00 0.000000000000000000e+00
3.465400000000000091e+03 4.000000000000000000e+00 0.000000000000000000e+00
3.465600000000000364e+03 4.000000000000000000e+00 0.000000000000000000e+00
3.465800000000000182e+03 4.000000000000000000e+00 0.000000000000000000e+00
3.466000000000000000e+03 4.000000000000000000e+00 0.000000000000000000e+00
3.466200000000000273e+03 4.000000000000000000e+00 0.000000000000000000e+00
3.466400000000000091e+03 5.656854249492380582e+00 0.000000000000000000e+00
3.466600000000000364e+03 5.656854249492380582e+00 0.000000000000000000e+00
3.466800000000000182e+03 5.656854249492380582e+00 0.000000000000000000e+00
3.467000000000000000e+03 5.656854249492380582e+00 0.000000000000000000e+00
3.467200000000000273e+03 5.656854249492380582e+00 0.000000000000000000e+00
3.467400000000000091e+03 4.000000000000000000e+00 0.000000000000000000e+00
3.467600000000000364e+03 4.000000000000000000e+00 0.000000000000000000e+00
3.467800000000000182e+03 4.000000000000000000e+00 0.000000000000000000e+00
3.468000000000000000e+03 4.000000000000000000e+00 2.725000300000000000e+11
3.468200000000000273e+03 4.000000000000000000e+00 2.725000300000000000e+11
3.468400000000000091e+03 4.000000000000000000e+00 2.725000200000000000e+11
3.468600000000000364e+03 4.000000000000000000e+00 2.725000300000000000e+11
3.468800000000000182e+03 4.000000000000000000e+00 2.725000200000000000e+11
3.469000000000000000e+03 5.656854249492380582e+00 2.725000300000000000e+11
3.469200000000000273e+03 4.000000000000000000e+00 2.725000300000000000e+11
3.469400000000000091e+03 4.000000000000000000e+00 2.725000300000000000e+11
3.469600000000000364e+03 5.656854249492380582e+00 2.725000300000000000e+11
3.469800000000000182e+03 4.000000000000000000e+00 2.725000300000000000e+11
3.470000000000000000e+03 5.656854249492380582e+00 2.725000300000000000e+11
3.470200000000000273e+03 5.656854249492380582e+00 2.725000300000000000e+11
3.470400000000000091e+03 4.000000000000000000e+00 2.725000200000000000e+11
3.470600000000000364e+03 4.000000000000000000e+00 2.725000300000000000e+11
3.470800000000000182e+03 4.000000000000000000e+00 2.725000200000000000e+11
3.471000000000000000e+03 5.656854249492380582e+00 2.725000200000000000e+11
3.471200000000000273e+03 5.656854249492380582e+00 2.725000200000000000e+11
3.471400000000000091e+03 4.000000000000000000e+00 2.725000300000000000e+11
3.471600000000000364e+03 4.000000000000000000e+00 2.725000200000000000e+11
3.471800000000000182e+03 4.000000000000000000e+00 2.725000300000000000e+11
3.472000000000000000e+03 4.000000000000000000e+00 0.000000000000000000e+00
3.472200000000000273e+03 4.000000000000000000e+00 0.000000000000000000e+00
3.472400000000000091e+03 5.656854249492380582e+00 0.000000000000000000e+00
3.472600000000000364e+03 5.656854249492380582e+00 0.000000000000000000e+00
3.472800000000000182e+03 4.000000000000000000e+00 0.000000000000000000e+00
3.473000000000000000e+03 4.000000000000000000e+00 0.000000000000000000e+00
3.473200000000000273e+03 5.656854249492380582e+00 0.000000000000000000e+00
3.473400000000000091e+03 4.000000000000000000e+00 0.000000000000000000e+00
3.473600000000000364e+03 5.656854249492380582e+00 0.000000000000000000e+00
3.473800000000000182e+03 5.656854249492380582e+00 0.000000000000000000e+00
3.474000000000000000e+03 4.000000000000000000e+00 0.000000000000000000e+00
3.474200000000000273e+03 4.000000000000000000e+00 0.000000000000000000e+00
3.474400000000000091e+03 4.000000000000000000e+00 0.000000000000000000e+00
3.474600000000000364e+03 4.000000000000000000e+00 0.000000000000000000e+00
3.474800000000000182e+03 5.656854249492380582e+00 0.000000000000000000e+00
3.475000000000000000e+03 5.656854249492380582e+00 0.000000000000000000e+00
3.475200000000000273e+03 4.000000000000000000e+00 0.000000000000000000e+00
3.475400000000000091e+03 4.000000000000000000e+00 0.000000000000000000e+00
3.475600000000000364e+03 4.000000000000000000e+00 0.000000000000000000e+00
3.475800000000000182e+03 5.656854249492380582e+00 0.000000000000000000e+00
3.476000000000000000e+03 5.656854249492380582e+00 2.725000300000000000e+11
3.476200000000000273e+03 5.656854249492380582e+00 2.725000300000000000e+11
3.476400000000000091e+03 4.000000000000000000e+00 2.725000200000000000e+11
3.476600000000000364e+03 4.000000000000000000e+00 2.725000300000000000e+11
3.476800000000000182e+03 4.000000000000000000e+00 2.725000200000000000e+11
3.477000000000000000e+03 5.656854249492380582e+00 2.725000300000000000e+11
3.477200000000000273e+03 5.656854249492380582e+00 2.725000300000000000e+11
3.477400000000000091e+03 5.656854249492380582e+00 2.725000300000000000e+11
3.477600000000000364e+03 4.000000000000000000e+00 2.725000300000000000e+11
3.477800000000000182e+03 4.000000000000000000e+00 2.725000200000000000e+11
3.478000000000000000e+03 4.000000000000000000e+00 2.725000300000000000e+11
3.478200000000000273e+03 4.000000000000000000e+00 2.725000300000000000e+11
3.478400000000000091e+03 5.656854249492380582e+00 2.725000300000000000e+11
3.478600000000000364e+03 5.656854249492380582e+00 2.725000200000000000e+11
3.478800000000000182e+03 4.000000000000000000e+00 2.725000300000000000e+11
3.479000000000000000e+03 4.000000000000000000e+00 2.725000200000000000e+11
3.479200000000000273e+03 4.000000000000000000e+00 2.725000300000000000e+11
3.479400000000000091e+03 4.000000000000000000e+00 2.725000300000000000e+11
3.479600000000000364e+03 5.656854249492380582e+00 2.725000200000000000e+11
3.479800000000000182e+03 5.656854249492380582e+00 2.725000300000000000e+11
