3.600000000000000000e+03 4.000000000000000000e+00 0.000000000000000000e+00
3.600200000000000273e+03 4.000000000000000000e+00 0.000000000000000000e+00
3.600400000000000091e+03 5.656854249492380582e+00 0.000000000000000000e+00
3.600600000000000364e+03 5.656854249492380582e+00 0.000000000000000000e+00
3.600800000000000182e+03 5.656854249492380582e+00 0.000000000000000000e+00
3.601000000000000000e+03 5.656854249492380582e+00 0.000000000000000000e+00
3.601200000000000273e+03 5.656854249492380582e+00 0.000000000000000000e+00
3.601400000000000091e+03 5.656854249492380582e+00 0.000000000000000000e+00
3.601600000000000364e+03 5.656854249492380582e+00 0.000000000000000000e+00
3.601800000000000182e+03 5.656854249492380582e+00 0.000000000000000000e+00
3.602000000000000000e+03 5.656854249492380582e+00 0.000000000000000000e+00
3.602200000000000273e+03 5.656854249492380582e+00 0.000000000000000000e+00
3.602400000000000091e+03 4.000000000000000000e+00 0.000000000000000000e+00
3.602600000000000364e+03 5.656854249492380582e+00 0.000000000000000000e+00
3.602800000000000182e+03 5.656854249492380582e+00 0.000000000000000000e+00
3.603000000000000000e+03 5.656854249492380582e+00 0.000000000000000000e+00
3.603200000000000273e+03 5.656854249492380582e+00 0.000000000000000000e+00
3.603400000000000091e+03 5.656854249492380582e+00 0.000000000000000000e+00
3.603600000000000364e+03 5.656854249492380582e+00 0.000000000000000000e+00
3.603800000000000182e+03 5.656854249492380582e+00 0.000000000000000000e+00
3.604000000000000000e+03 5.656854249492380582e+00 2.775000000000000000e+11
3.604200000000000273e+03 5.656854249492380582e+00 2.775000000000000000e+11
3.604400000000000091e+03 5.656854249492380582e+00 2.775000000000000000e+11
3.604600000000000364e+03 5.656854249492380582e+00 2.775000000000000000e+11
3.604800000000000182e+03 4.000000000000000000e+00 2.775000000000000000e+11
3.605000000000000000e+03 4.000000000000000000e+00 2.775000000000000000e+11
3.605200000000000273e+03 4.000000000000000000e+00 2.775000000000000000e+11
3.605400000000000091e+03 4.000000000000000000e+00 2.775000000000000000e+11
3.605600000000000364e+03 0.000000000000000000e+00 2.775000000000000000e+11
3.605800000000000182e+03 0.000000000000000000e+00 2.775000000000000000e+11
3.606000000000000000e+03 0.000000000000000000e+00 2.775000000000000000e+11
3.606200000000000273e+03 4.000000000000000000e+00 2.775000000000000000e+11
3.606400000000000091e+03 4.000000000000000000e+00 2.775000000000000000e+11
3.606600000000000364e+03 4.000000000000000000e+00 2.775000000000000000e+11
3.606800000000000182e+03 5.656854249492380582e+00 2.775000000000000000e+11
3.607000000000000000e+03 5.656854249492380582e+00 2.775000000000000000e+11
3.607200000000000273e+03 5.656854249492380582e+00 2.775000000000000000e+11
3.607400000000000091e+03 5.656854249492380582e+00 2.775000000000000000e+11
3.607600000000000364e+03 4.000000000000000000e+00 2.775000000000000000e+11
3.607800000000000182e+03 4.000000000000000000e+00 2.775000000000000000e+11
3.608000000000000000e+03 4.000000000000000000e+00 0.000000000000000000e+00
3.608200000000000273e+03 0.000000000000000000e+00 0.000000000000000000e+00
3.608400000000000091e+03 0.000000000000000000e+00 0.000000000000000000e+00
3.608600000000000364e+03 0.000000000000000000e+00 0.000000000000000000e+00
3.608800000000000182e+03 4.000000000000000000e+00 0.000000000000000000e+00
3.609000000000000000e+03 4.000000000000000000e+00 0.000000000000000000e+00
3.609200000000000273e+03 4.000000000000000000e+00 0.000000000000000000e+00
3.609400000000000091e+03 5.656854249492380582e+00 0.000000000000000000e+00
3.609600000000000364e+03 5.656854249492380582e+00 0.000000000000000000e+00
3.609800000000000182e+03 5.656854249492380582e+00 0.000000000000000000e+00
3.610000000000000000e+03 5.656854249492380582e+00 0.000000000000000000e+00
3.610200000000000273e+03 4.000000000000000000e+00 0.000000000000000000e+00
3.610400000000000091e+03 4.000000000000000000e+00 0.000000000000000000e+00
3.610600000000000364e+03 4.000000000000000000e+00 0.000000000000000000e+00
3.610800000000000182e+03 0.000000000000000000e+00 0.000000000000000000e+00
3.611000000000000000e+03 0.000000000000000000e+00 0.000000000000000000e+00
3.611200000000000273e+03 0.000000000000000000e+00 0.000000000000000000e+00
3.611400000000000091e+03 0.000000000000000000e+00 0.000000000000000000e+00
3.611600000000000364e+03 4.000000000000000000e+00 0.000000000000000000e+00
3.611800000000000182e+03 4.000000000000000000e+00 0.000000000000000000e+00
3.612000000000000000e+03 4.000000000000000000e+00 2.775000000000000000e+11
3.612200000000000273e+03 5.656854249492380582e+00 2.775000000000000000e+11
3.612400000000000091e+03 5.656854249492380582e+00 2.775000000000000000e+11
3.612600000000000364e+03 5.656854249492380582e+00 2.775000000000000000e+11
3.612800000000000182e+03 5.656854249492380582e+00 2.775000000000000000e+11
3.613000000000000000e+03 4.000000000000000000e+00 2.775000000000000000e+11
3.613200000000000273e+03 4.000000000000000000e+00 2.775000000000000000e+11
3.613400000000000091e+03 4.000000000000000000e+00 2.775000000000000000e+11
3.613600000000000364e+03 0.000000000000000000e+00 2.775000000000000000e+11
3.613800000000000182e+03 0.000000000000000000e+00 2.775000000000000000e+11
3.614000000000000000e+03 0.000000000000000000e+00 2.775000000000000000e+11
3.614200000000000273e+03 0.000000000000000000e+00 2.775000000000000000e+11
3.614400000000000091e+03 4.000000000000000000e+00 2.775000000000000000e+11
3.614600000000000364e+03 4.000000000000000000e+00 2.775000000000000000e+11
3.614800000000000182e+03 4.000000000000000000e+00 2.775000000000000000e+11
3.615000000000000000e+03 5.656854249492380582e+00 2.775000000000000000e+11
3.615200000000000273e+03 5.656854249492380582e+00 2.775000000000000000e+11
3.615400000000000091e+03 5.656854249492380582e+00 2.775000000000000000e+11
3.615600000000000364e+03 5.656854249492380582e+00 2.775000000000000000e+11
3.615800000000000182e+03 4.000000000000000000e+00 2.775000000000000000e+11
3.616000000000000000e+03 4.000000000000000000e+00 0.000000000000000000e+00
3.616200000000000273e+03 4.000000000000000000e+00 0.000000000000000000e+00
3.616400000000000091e+03 0.000000000000000000e+00 0.000000000000000000e+00
3.616600000000000364e+03 0.000000000000000000e+00 0.000000000000000000e+00
3.616800000000000182e+03 0.000000000000000000e+00 0.000000000000000000e+00
3.617000000000000000e+03 4.000000000000000000e+00 0.000000000000000000e+00
3.617200000000000273e+03 4.000000000000000000e+00 0.000000000000000000e+00
3.617400000000000091e+03 4.000000000000000000e+00 0.000000000000000000e+00
3.617600000000000364e+03 4.000000000000000000e+00 0.000000000000000000e+00
3.617800000000000182e+03 5.656854249492380582e+00 0.000000000000000000e+00
3.618000000000000000e+03 5.656854249492380582e+00 0.000000000000000000e+00
3.618200000000000273e+03 5.656854249492380582e+00 0.000000000000000000e+00
3.618400000000000091e+03 4.000000000000000000e+00 0.000000000000000000e+00
3.618600000000000364e+03 4.000000000000000000e+00 0.000000000000000000e+00
3.618800000000000182e+03 4.000000000000000000e+00 0.000000000000000000e+00
3.619000000000000000e+03 4.000000000000000000e+00 0.000000000000000000e+00
3.619200000000000273e+03 0.000000000000000000e+00 0.000000000000000000e+00
3.619400000000000091e+03 0.000000000000000000e+00 0.000000000000000000e+00
3.619600000000000364e+03 0.000000000000000000e+00 0.000000000000000000e+00
3.619800000000000182e+03 4.000000000000000000e+00 0.000000000000000000e+00
3.620000000000000000e+03 4.000000000000000000e+00 2.775000000000000000e+11
3.620200000000000273e+03 4.000000000000000000e+00 2.775000000000000000e+11
3.620400000000000091e+03 5.656854249492380582e+00 2.775000000000000000e+11
3.620600000000000364e+03 5.656854249492380582e+00 2.775000000000000000e+11
3.620800000000000182e+03 5.656854249492380582e+00 2.775000000000000000e+11
3.621000000000000000e+03 5.656854249492380582e+00 2.775000000000000000e+11
3.621200000000000273e+03 4.000000000000000000e+00 2.775000000000000000e+11
3.621400000000000091e+03 4.000000000000000000e+00 2.775000000000000000e+11
3.621600000000000364e+03 4.000000000000000000e+00 2.775000000000000000e+11
3.621800000000000182e+03 0.000000000000000000e+00 2.775000000000000000e+11
3.622000000000000000e+03 0.000000000000000000e+00 2.775000000000000000e+11
3.622200000000000273e+03 0.000000000000000000e+00 2.775000000000000000e+11
3.622400000000000091e+03 0.000000000000000000e+00 2.775000000000000000e+11
3.622600000000000364e+03 4.000000000000000000e+00 2.775000000000000000e+11
3.622800000000000182e+03 4.000000000000000000e+00 2.775000000000000000e+11
3.623000000000000000e+03 4.000000000000000000e+00 2.775000000000000000e+11
3.623200000000000273e+03 5.656854249492380582e+00 2.775000000000000000e+11
3.623400000000000091e+03 5.656854249492380582e+00 2.775000000000000000e+11
3.623600000000000364e+03 5.656854249492380582e+00 2.775000000000000000e+11
3.623800000000000182e+03 5.656854249492380582e+00 2.775000000000000000e+11
3.624000000000000000e+03 4.000000000000000000e+00 0.000000000000000000e+00
3.624200000000000273e+03 4.000000000000000000e+00 0.000000000000000000e+00
3.624400000000000091e+03 4.000000000000000000e+00 0.000000000000000000e+00
3.624600000000000364e+03 0.000000000000000000e+00 0.000000000000000000e+00
3.624800000000000182e+03 0.000000000000000000e+00 0.000000000000000000e+00
3.625000000000000000e+03 0.000000000000000000e+00 0.000000000000000000e+00
3.625200000000000273e+03 0.000000000000000000e+00 0.000000000000000000e+00
3.625400000000000091e+03 4.000000000000000000e+00 0.000000000000000000e+00
3.625600000000000364e+03 4.000000000000000000e+00 0.000000000000000000e+00
3.625800000000000182e+03 4.000000000000000000e+00 0.000000000000000000e+00
3.626000000000000000e+03 5.656854249492380582e+00 0.000000000000000000e+00
3.626200000000000273e+03 5.656854249492380582e+00 0.000000000000000000e+00
3.626400000000000091e+03 5.656854249492380582e+00 0.000000000000000000e+00
3.626600000000000364e+03 4.000000000000000000e+00 0.000000000000000000e+00
3.626800000000000182e+03 4.000000000000000000e+00 0.000000000000000000e+00
3.627000000000000000e+03 4.000000000000000000e+00 0.000000000000000000e+00
3.627200000000000273e+03 4.000000000000000000e+00 0.000000000000000000e+00
3.627400000000000091e+03 0.000000000000000000e+00 0.000000000000000000e+00
3.627600000000000364e+03 0.000000000000000000e+00 0.000000000000000000e+00
3.627800000000000182e+03 0.000000000000000000e+00 0.000000000000000000e+00
3.628000000000000000e+03 4.000000000000000000e+00 2.775000000000000000e+11
3.628200000000000273e+03 4.000000000000000000e+00 2.775000000000000000e+11
3.628400000000000091e+03 4.000000000000000000e+00 2.775000000000000000e+11
3.628600000000000364e+03 5.656854249492380582e+00 2.775000000000000000e+11
3.628800000000000182e+03 5.656854249492380582e+00 2.775000000000000000e+11
3.629000000000000000e+03 5.656854249492380582e+00 2.775000000000000000e+11
3.629200000000000273e+03 5.656854249492380582e+00 2.775000000000000000e+11
3.629400000000000091e+03 4.000000000000000000e+00 2.775000000000000000e+11
3.629600000000000364e+03 4.000000000000000000e+00 2.775000000000000000e+11
3.629800000000000182e+03 4.000000000000000000e+00 2.775000000000000000e+11
3.630000000000000000e+03 0.000000000000000000e+00 2.775000000000000000e+11
3.630200000000000273e+03 0.000000000000000000e+00 2.775000000000000000e+11
3.630400000000000091e+03 0.000000000000000000e+00 2.775000000000000000e+11
3.630600000000000364e+03 0.000000000000000000e+00 2.775000000000000000e+11
3.630800000000000182e+03 4.000000000000000000e+00 2.775000000000000000e+11
3.631000000000000000e+03 4.000000000000000000e+00 2.775000000000000000e+11
3.631200000000000273e+03 4.000000000000000000e+00 2.775000000000000000e+11
3.631400000000000091e+03 5.656854249492380582e+00 2.775000000000000000e+11
3.631600000000000364e+03 5.656854249492380582e+00 2.775000000000000000e+11
3.631800000000000182e+03 5.656854249492380582e+00 2.775000000000000000e+11
3.632000000000000000e+03 5.656854249492380582e+00 0.000000000000000000e+00
3.632200000000000273e+03 4.000000000000000000e+00 0.000000000000000000e+00
3.632400000000000091e+03 4.000000000000000000e+00 0.000000000000000000e+00
3.632600000000000364e+03 4.000000000000000000e+00 0.000000000000000000e+00
3.632800000000000182e+03 0.000000000000000000e+00 0.000000000000000000e+00
3.633000000000000000e+03 0.000000000000000000e+00 0.000000000000000000e+00
3.633200000000000273e+03 0.000000000000000000e+00 0.000000000000000000e+00
3.633400000000000091e+03 0.000000000000000000e+00 0.000000000000000000e+00
3.633600000000000364e+03 4.000000000000000000e+00 0.000000000000000000e+00
3.633800000000000182e+03 4.000000000000000000e+00 0.000000000000000000e+00
3.634000000000000000e+03 4.000000000000000000e+00 0.000000000000000000e+00
3.634200000000000273e+03 5.656854249492380582e+00 0.000000000000000000e+00
3.634400000000000091e+03 5.656854249492380582e+00 0.000000000000000000e+00
3.634600000000000364e+03 5.656854249492380582e+00 0.000000000000000000e+00
3.634800000000000182e+03 4.000000000000000000e+00 0.000000000000000000e+00
3.635000000000000000e+03 4.000000000000000000e+00 0.000000000000000000e+00
3.635200000000000273e+03 4.000000000000000000e+00 0.000000000000000000e+00
3.635400000000000091e+03 4.000000000000000000e+00 0.000000000000000000e+00
3.635600000000000364e+03 0.000000000000000000e+00 0.000000000000000000e+00
3.635800000000000182e+03 0.000000000000000000e+00 0.000000000000000000e+00
3.636000000000000000e+03 0.000000000000000000e+00 2.775000000000000000e+11
3.636200000000000273e+03 4.000000000000000000e+00 2.775000000000000000e+11
3.636400000000000091e+03 4.000000000000000000e+00 2.775000000000000000e+11
3.636600000000000364e+03 4.000000000000000000e+00 2.775000000000000000e+11
3.636800000000000182e+03 4.000000000000000000e+00 2.775000000000000000e+11
3.637000000000000000e+03 5.656854249492380582e+00 2.775000000000000000e+11
3.637200000000000273e+03 5.656854249492380582e+00 2.775000000000000000e+11
3.637400000000000091e+03 5.656854249492380582e+00 2.775000000000000000e+11
3.637600000000000364e+03 4.000000000000000000e+00 2.775000000000000000e+11
3.637800000000000182e+03 4.000000000000000000e+00 2.775000000000000000e+11
3.638000000000000000e+03 4.000000000000000000e+00 2.775000000000000000e+11
3.638200000000000273e+03 4.000000000000000000e+00 2.775000000000000000e+11
3.638400000000000091e+03 0.000000000000000000e+00 2.775000000000000000e+11
3.638600000000000364e+03 0.000000000000000000e+00 2.775000000000000000e+11
3.638800000000000182e+03 0.000000000000000000e+00 2.775000000000000000e+11
3.639000000000000000e+03 4.000000000000000000e+00 2.775000000000000000e+11
3.639200000000000273e+03 4.000000000000000000e+00 2.775000000000000000e+11
3.639400000000000091e+03 4.000000000000000000e+00 2.775000000000000000e+11
3.639600000000000364e+03 5.656854249492380582e+00 2.775000000000000000e+11
3.639800000000000182e+03 5.656854249492380582e+00 2.775000000000000000e+11
3.640000000000000000e+03 5.656854249492380582e+00 0.000000000000000000e+00
3.640200000000000273e+03 5.656854249492380582e+00 0.000000000000000000e+00
3.640400000000000091e+03 4.000000000000000000e+00 0.000000000000000000e+00
3.640600000000000364e+03 4.000000000000000000e+00 0.000000000000000000e+00
3.640800000000000182e+03 4.000000000000000000e+00 0.000000000000000000e+00
3.641000000000000000e+03 0.000000000000000000e+00 0.000000000000000000e+00
3.641200000000000273e+03 0.000000000000000000e+00 0.000000000000000000e+00
3.641400000000000091e+03 0.000000000000000000e+00 0.000000000000000000e+00
3.641600000000000364e+03 0.000000000000000000e+00 0.000000000000000000e+00
3.641800000000000182e+03 4.000000000000000000e+00 0.000000000000000000e+00
3.642000000000000000e+03 4.000000000000000000e+00 0.000000000000000000e+00
3.642200000000000273e+03 4.000000000000000000e+00 0.000000000000000000e+00
3.642400000000000091e+03 5.656854249492380582e+00 0.000000000000000000e+00
3.642600000000000364e+03 5.656854249492380582e+00 0.000000000000000000e+00
3.642800000000000182e+03 5.656854249492380582e+00 0.000000000000000000e+00
3.643000000000000000e+03 5.656854249492380582e+00 0.000000000000000000e+00
3.643200000000000273e+03 4.000000000000000000e+00 0.000000000000000000e+00
3.643400000000000091e+03 4.000000000000000000e+00 0.000000000000000000e+00
3.643600000000000364e+03 4.000000000000000000e+00 0.000000000000000000e+00
3.643800000000000182e+03 0.000000000000000000e+00 0.000000000000000000e+00
3.644000000000000000e+03 0.000000000000000000e+00 2.775000000000000000e+11
3.644200000000000273e+03 0.000000000000000000e+00 2.775000000000000000e+11
3.644400000000000091e+03 0.000000000000000000e+00 2.775000000000000000e+11
3.644600000000000364e+03 4.000000000000000000e+00 2.775000000000000000e+11
3.644800000000000182e+03 4.000000000000000000e+00 2.775000000000000000e+11
3.645000000000000000e+03 4.000000000000000000e+00 2.775000000000000000e+11
3.645200000000000273e+03 5.656854249492380582e+00 2.775000000000000000e+11
3.645400000000000091e+03 5.656854249492380582e+00 2.775000000000000000e+11
3.645600000000000364e+03 5.656854249492380582e+00 2.775000000000000000e+11
3.645800000000000182e+03 5.656854249492380582e+00 2.775000000000000000e+11
3.646000000000000000e+03 4.000000000000000000e+00 2.775000000000000000e+11
3.646200000000000273e+03 4.000000000000000000e+00 2.775000000000000000e+11
3.646400000000000091e+03 4.000000000000000000e+00 2.775000000000000000e+11
3.646600000000000364e+03 4.000000000000000000e+00 2.775000000000000000e+11
3.646800000000000182e+03 0.000000000000000000e+00 2.775000000000000000e+11
3.647000000000000000e+03 0.000000000000000000e+00 2.775000000000000000e+11
3.647200000000000273e+03 0.000000000000000000e+00 2.775000000000000000e+11
3.647400000000000091e+03 4.000000000000000000e+00 2.775000000000000000e+11
3.647600000000000364e+03 5.656854249492380582e+00 2.775000000000000000e+11
3.647800000000000182e+03 8.944271909999159220e+00 2.775000000000000000e+11
3.648000000000000000e+03 8.000000000000000000e+00 0.000000000000000000e+00
3.648200000000000273e+03 8.944271909999159220e+00 0.000000000000000000e+00
3.648400000000000091e+03 8.944271909999159220e+00 0.000000000000000000e+00
3.648600000000000364e+03 1.131370849898476116e+01 0.000000000000000000e+00
3.648800000000000182e+03 8.944271909999159220e+00 0.000000000000000000e+00
3.649000000000000000e+03 8.000000000000000000e+00 0.000000000000000000e+00
3.649200000000000273e+03 8.000000000000000000e+00 0.000000000000000000e+00
3.649400000000000091e+03 5.656854249492380582e+00 0.000000000000000000e+00
3.649600000000000364e+03 5.656854249492380582e+00 0.000000000000000000e+00
3.649800000000000182e+03 4.000000000000000000e+00 0.000000000000000000e+00
3.650000000000000000e+03 4.000000000000000000e+00 0.000000000000000000e+00
3.650200000000000273e+03 4.000000000000000000e+00 0.000000000000000000e+00
3.650400000000000091e+03 4.000000000000000000e+00 0.000000000000000000e+00
3.650600000000000364e+03 5.656854249492380582e+00 0.000000000000000000e+00
3.650800000000000182e+03 5.656854249492380582e+00 0.000000000000000000e+00
3.651000000000000000e+03 8.000000000000000000e+00 0.000000000000000000e+00
3.651200000000000273e+03 8.000000000000000000e+00 0.000000000000000000e+00
3.651400000000000091e+03 8.944271909999159220e+00 0.000000000000000000e+00
3.651600000000000364e+03 1.131370849898476116e+01 0.000000000000000000e+00
3.651800000000000182e+03 8.944271909999159220e+00 0.000000000000000000e+00
3.652000000000000000e+03 8.000000000000000000e+00 2.775000000000000000e+11
3.652200000000000273e+03 8.000000000000000000e+00 2.775000000000000000e+11
3.652400000000000091e+03 8.944271909999159220e+00 2.775000000000000000e+11
3.652600000000000364e+03 5.656854249492380582e+00 2.775000000000000000e+11
3.652800000000000182e+03 8.000000000000000000e+00 2.775000000000000000e+11
3.653000000000000000e+03 8.944271909999159220e+00 2.775000000000000000e+11
3.653200000000000273e+03 8.944271909999159220e+00 2.775000000000000000e+11
3.653400000000000091e+03 1.200000000000000000e+01 2.775000000000000000e+11
3.653600000000000364e+03 1.264911064067351809e+01 2.775000000000000000e+11
3.653800000000000182e+03 1.697056274847713908e+01 2.775000000000000000e+11
3.654000000000000000e+03 1.788854381999831844e+01 2.775000000000000000e+11
3.654200000000000273e+03 2.433105012119287736e+01 2.775000000000000000e+11
3.654400000000000091e+03 2.912043955712207222e+01 2.775000000000000000e+11
3.654600000000000364e+03 2.884441020371191300e+01 2.775000000000000000e+11
3.654800000000000182e+03 3.440930106817050671e+01 2.775000000000000000e+11
3.655000000000000000e+03 3.687817782917154830e+01 2.775000000000000000e+11
3.655200000000000273e+03 4.079215610874227593e+01 2.775000000000000000e+11
3.655400000000000091e+03 4.664761515876240594e+01 2.775000000000000000e+11
3.655600000000000364e+03 5.215361924162119323e+01 2.775000000000000000e+11
3.655800000000000182e+03 5.727128425310541360e+01 2.775000000000000000e+11
3.656000000000000000e+03 6.596969000988256937e+01 0.000000000000000000e+00
3.656200000000000273e+03 6.248199740725323181e+01 0.000000000000000000e+00
3.656400000000000091e+03 6.260990336999411454e+01 0.000000000000000000e+00
3.656600000000000364e+03 6.400000000000000000e+01 0.000000000000000000e+00
3.656800000000000182e+03 6.462197768561404132e+01 0.000000000000000000e+00
3.657000000000000000e+03 6.511528238439882443e+01 0.000000000000000000e+00
3.657200000000000273e+03 6.324555320336758513e+01 0.000000000000000000e+00
3.657400000000000091e+03 6.412487816752559411e+01 0.000000000000000000e+00
3.657600000000000364e+03 6.449806198638839305e+01 0.000000000000000000e+00
3.657800000000000182e+03 6.560487786742690730e+01 0.000000000000000000e+00
3.658000000000000000e+03 6.209669878504009688e+01 0.000000000000000000e+00
3.658200000000000273e+03 6.449806198638839305e+01 0.000000000000000000e+00
3.658400000000000091e+03 6.105735008989498880e+01 0.000000000000000000e+00
3.658600000000000364e+03 6.000000000000000000e+01 0.000000000000000000e+00
3.658800000000000182e+03 5.727128425310541360e+01 0.000000000000000000e+00
3.659000000000000000e+03 5.727128425310541360e+01 0.000000000000000000e+00
3.659200000000000273e+03 5.685068161420758059e+01 0.000000000000000000e+00
3.659400000000000091e+03 5.727128425310541360e+01 0.000000000000000000e+00
3.659600000000000364e+03 5.600000000000000000e+01 0.000000000000000000e+00
3.659800000000000182e+03 5.727128425310541360e+01 0.000000000000000000e+00
3.660000000000000000e+03 5.946427498927402411e+01 2.775000000000000000e+11
3.660200000000000273e+03 6.705221845696084415e+01 2.775000000000000000e+11
3.660400000000000091e+03 7.610519036176178531e+01 2.775000000000000000e+11
3.660600000000000364e+03 8.409518416651455652e+01 2.775000000000000000e+11
3.660800000000000182e+03 9.633275663033836622e+01 2.775000000000000000e+11
3.661000000000000000e+03 1.088117640698835515e+02 2.775000000000000000e+11
3.661200000000000273e+03 1.210619676033724517e+02 2.775000000000000000e+11
3.661400000000000091e+03 1.344618905117728787e+02 2.775000000000000000e+11
3.661600000000000364e+03 1.475669339655737247e+02 2.775000000000000000e+11
3.661800000000000182e+03 1.612451549659709826e+02 2.775000000000000000e+11
3.662000000000000000e+03 1.019803902718556969e+02 2.775000000000000000e+11
3.662200000000000273e+03 1.193314711214103880e+02 2.775000000000000000e+11
3.662400000000000091e+03 1.336861997365472234e+02 2.775000000000000000e+11
3.662600000000000364e+03 1.520526224699856925e+02 2.775000000000000000e+11
3.662800000000000182e+03 1.341640786499873741e+02 2.775000000000000000e+11
3.663000000000000000e+03 1.200000000000000000e+02 2.775000000000000000e+11
3.663200000000000273e+03 1.056787585089832504e+02 2.775000000000000000e+11
3.663400000000000091e+03 9.234717104492156636e+01 2.775000000000000000e+11
3.663600000000000364e+03 7.969943538068510236e+01 2.775000000000000000e+11
3.663800000000000182e+03 7.076722405181652675e+01 2.775000000000000000e+11
3.664000000000000000e+03 6.092618484691126923e+01 0.000000000000000000e+00
3.664200000000000273e+03 6.400000000000000000e+01 0.000000000000000000e+00
3.664400000000000091e+03 6.462197768561404132e+01 0.000000000000000000e+00
3.664600000000000364e+03 6.222539674441618018e+01 0.000000000000000000e+00
3.664800000000000182e+03 6.092618484691126923e+01 0.000000000000000000e+00
3.665000000000000000e+03 6.000000000000000000e+01 0.000000000000000000e+00
3.665200000000000273e+03 6.092618484691126923e+01 0.000000000000000000e+00
3.665400000000000091e+03 5.946427498927402411e+01 0.000000000000000000e+00
3.665600000000000364e+03 5.440588203494177577e+01 0.000000000000000000e+00
3.665800000000000182e+03 5.656854249492380404e+01 0.000000000000000000e+00
3.666000000000000000e+03 5.215361924162119323e+01 0.000000000000000000e+00
3.666200000000000273e+03 5.215361924162119323e+01 0.000000000000000000e+00
3.666400000000000091e+03 5.261178575186362139e+01 0.000000000000000000e+00
3.666600000000000364e+03 5.440588203494177577e+01 0.000000000000000000e+00
3.666800000000000182e+03 5.381449618829483938e+01 0.000000000000000000e+00
3.667000000000000000e+03 5.727128425310541360e+01 0.000000000000000000e+00
3.667200000000000273e+03 5.600000000000000000e+01 0.000000000000000000e+00
3.667400000000000091e+03 5.571355310873647682e+01 0.000000000000000000e+00
3.667600000000000364e+03 5.656854249492380404e+01 0.000000000000000000e+00
3.667800000000000182e+03 5.571355310873647682e+01 0.000000000000000000e+00
3.668000000000000000e+03 5.600000000000000000e+01 2.775000000000000000e+11
3.668200000000000273e+03 4.681879964287850271e+01 2.775000000000000000e+11
3.668400000000000091e+03 3.959797974644666141e+01 2.775000000000000000e+11
3.668600000000000364e+03 3.417601498127012150e+01 2.775000000000000000e+11
3.668800000000000182e+03 2.800000000000000000e+01 2.775000000000000000e+11
3.669000000000000000e+03 2.154065922853801496e+01 2.775000000000000000e+11
3.669200000000000273e+03 2.000000000000000000e+01 2.775000000000000000e+11
3.669400000000000091e+03 1.649242250247064234e+01 2.775000000000000000e+11
3.669600000000000364e+03 1.649242250247064234e+01 2.775000000000000000e+11
3.669800000000000182e+03 1.442220510185595650e+01 2.775000000000000000e+11
3.670000000000000000e+03 1.442220510185595650e+01 2.775000000000000000e+11
3.670200000000000273e+03 1.200000000000000000e+01 2.775000000000000000e+11
3.670400000000000091e+03 1.264911064067351809e+01 2.775000000000000000e+11
3.670600000000000364e+03 1.131370849898476116e+01 2.775000000000000000e+11
3.670800000000000182e+03 1.131370849898476116e+01 2.775000000000000000e+11
3.671000000000000000e+03 8.944271909999159220e+00 2.775000000000000000e+11
3.671200000000000273e+03 8.000000000000000000e+00 2.775000000000000000e+11
3.671400000000000091e+03 8.000000000000000000e+00 2.775000000000000000e+11
3.671600000000000364e+03 4.000000000000000000e+00 2.775000000000000000e+11
3.671800000000000182e+03 4.000000000000000000e+00 2.775000000000000000e+11
3.672000000000000000e+03 0.000000000000000000e+00 0.000000000000000000e+00
3.672200000000000273e+03 0.000000000000000000e+00 0.000000000000000000e+00
3.672400000000000091e+03 0.000000000000000000e+00 0.000000000000000000e+00
3.672600000000000364e+03 0.000000000000000000e+00 0.000000000000000000e+00
3.672800000000000182e+03 4.000000000000000000e+00 0.000000000000000000e+00
3.673000000000000000e+03 4.000000000000000000e+00 0.000000000000000000e+00
3.673200000000000273e+03 4.000000000000000000e+00 0.000000000000000000e+00
3.673400000000000091e+03 4.000000000000000000e+00 0.000000000000000000e+00
3.673600000000000364e+03 5.656854249492380582e+00 0.000000000000000000e+00
3.673800000000000182e+03 5.656854249492380582e+00 0.000000000000000000e+00
3.674000000000000000e+03 5.656854249492380582e+00 0.000000000000000000e+00
3.674200000000000273e+03 5.656854249492380582e+00 0.000000000000000000e+00
3.674400000000000091e+03 4.000000000000000000e+00 0.000000000000000000e+00
3.674600000000000364e+03 4.000000000000000000e+00 0.000000000000000000e+00
3.674800000000000182e+03 4.000000000000000000e+00 0.000000000000000000e+00
3.675000000000000000e+03 4.000000000000000000e+00 0.000000000000000000e+00
3.675200000000000273e+03 0.000000000000000000e+00 0.000000000000000000e+00
3.675400000000000091e+03 0.000000000000000000e+00 0.000000000000000000e+00
3.675600000000000364e+03 0.000000000000000000e+00 0.000000000000000000e+00
3.675800000000000182e+03 0.000000000000000000e+00 0.000000000000000000e+00
3.676000000000000000e+03 4.000000000000000000e+00 2.775000000000000000e+11
3.676200000000000273e+03 4.000000000000000000e+00 2.775000000000000000e+11
3.676400000000000091e+03 4.000000000000000000e+00 2.775000000000000000e+11
3.676600000000000364e+03 5.656854249492380582e+00 2.775000000000000000e+11
3.676800000000000182e+03 5.656854249492380582e+00 2.775000000000000000e+11
3.677000000000000000e+03 5.656854249492380582e+00 2.775000000000000000e+11
3.677200000000000273e+03 5.656854249492380582e+00 2.775000000000000000e+11
3.677400000000000091e+03 4.000000000000000000e+00 2.775000000000000000e+11
3.677600000000000364e+03 4.000000000000000000e+00 2.775000000000000000e+11
3.677800000000000182e+03 4.000000000000000000e+00 2.775000000000000000e+11
3.678000000000000000e+03 4.000000000000000000e+00 2.775000000000000000e+11
3.678200000000000273e+03 0.000000000000000000e+00 2.775000000000000000e+11
3.678400000000000091e+03 0.000000000000000000e+00 2.775000000000000000e+11
3.678600000000000364e+03 0.000000000000000000e+00 2.775000000000000000e+11
3.678800000000000182e+03 4.000000000000000000e+00 2.775000000000000000e+11
3.679000000000000000e+03 4.000000000000000000e+00 2.775000000000000000e+11
3.679200000000000273e+03 4.000000000000000000e+00 2.775000000000000000e+11
3.679400000000000091e+03 4.000000000000000000e+00 2.775000000000000000e+11
3.679600000000000364e+03 5.656854249492380582e+00 2.775000000000000000e+11
3.679800000000000182e+03 5.656854249492380582e+00 2.775000000000000000e+11
3.680000000000000000e+03 5.656854249492380582e+00 0.000000000000000000e+00
3.680200000000000273e+03 4.000000000000000000e+00 0.000000000000000000e+00
3.680400000000000091e+03 4.000000000000000000e+00 0.000000000000000000e+00
3.680600000000000364e+03 4.000000000000000000e+00 0.000000000000000000e+00
3.680800000000000182e+03 4.000000000000000000e+00 0.000000000000000000e+00
3.681000000000000000e+03 0.000000000000000000e+00 0.000000000000000000e+00
3.681200000000000273e+03 0.000000000000000000e+00 0.000000000000000000e+00
3.681400000000000091e+03 0.000000000000000000e+00 0.000000000000000000e+00
3.681600000000000364e+03 4.000000000000000000e+00 0.000000000000000000e+00
3.681800000000000182e+03 4.000000000000000000e+00 0.000000000000000000e+00
3.682000000000000000e+03 4.000000000000000000e+00 0.000000000000000000e+00
3.682200000000000273e+03 5.656854249492380582e+00 0.000000000000000000e+00
3.682400000000000091e+03 5.656854249492380582e+00 0.000000000000000000e+00
3.682600000000000364e+03 5.656854249492380582e+00 0.000000000000000000e+00
3.682800000000000182e+03 5.656854249492380582e+00 0.000000000000000000e+00
3.683000000000000000e+03 4.000000000000000000e+00 0.000000000000000000e+00
3.683200000000000273e+03 4.000000000000000000e+00 0.000000000000000000e+00
3.683400000000000091e+03 4.000000000000000000e+00 0.000000000000000000e+00
3.683600000000000364e+03 0.000000000000000000e+00 0.000000000000000000e+00
3.683800000000000182e+03 0.000000000000000000e+00 0.000000000000000000e+00
3.684000000000000000e+03 0.000000000000000000e+00 2.775000000000000000e+11
3.684200000000000273e+03 0.000000000000000000e+00 2.775000000000000000e+11
3.684400000000000091e+03 4.000000000000000000e+00 2.775000000000000000e+11
3.684600000000000364e+03 4.000000000000000000e+00 2.775000000000000000e+11
3.684800000000000182e+03 4.000000000000000000e+00 2.775000000000000000e+11
3.685000000000000000e+03 5.656854249492380582e+00 2.775000000000000000e+11
3.685200000000000273e+03 5.656854249492380582e+00 2.775000000000000000e+11
3.685400000000000091e+03 5.656854249492380582e+00 2.775000000000000000e+11
3.685600000000000364e+03 5.656854249492380582e+00 2.775000000000000000e+11
3.685800000000000182e+03 4.000000000000000000e+00 2.775000000000000000e+11
3.686000000000000000e+03 4.000000000000000000e+00 2.775000000000000000e+11
3.686200000000000273e+03 4.000000000000000000e+00 2.775000000000000000e+11
3.686400000000000091e+03 0.000000000000000000e+00 2.775000000000000000e+11
3.686600000000000364e+03 0.000000000000000000e+00 2.775000000000000000e+11
3.686800000000000182e+03 0.000000000000000000e+00 2.775000000000000000e+11
3.687000000000000000e+03 0.000000000000000000e+00 2.775000000000000000e+11
3.687200000000000273e+03 4.000000000000000000e+00 2.775000000000000000e+11
3.687400000000000091e+03 4.000000000000000000e+00 2.775000000000000000e+11
3.687600000000000364e+03 4.000000000000000000e+00 2.775000000000000000e+11
3.687800000000000182e+03 5.656854249492380582e+00 2.775000000000000000e+11
3.688000000000000000e+03 5.656854249492380582e+00 0.000000000000000000e+00
3.688200000000000273e+03 5.656854249492380582e+00 0.000000000000000000e+00
3.688400000000000091e+03 5.656854249492380582e+00 0.000000000000000000e+00
3.688600000000000364e+03 4.000000000000000000e+00 0.000000000000000000e+00
3.688800000000000182e+03 4.000000000000000000e+00 0.000000000000000000e+00
3.689000000000000000e+03 4.000000000000000000e+00 0.000000000000000000e+00
3.689200000000000273e+03 0.000000000000000000e+00 0.000000000000000000e+00
3.689400000000000091e+03 0.000000000000000000e+00 0.000000000000000000e+00
3.689600000000000364e+03 0.000000000000000000e+00 0.000000000000000000e+00
3.689800000000000182e+03 4.000000000000000000e+00 0.000000000000000000e+00
3.690000000000000000e+03 4.000000000000000000e+00 0.000000000000000000e+00
3.690200000000000273e+03 4.000000000000000000e+00 0.000000000000000000e+00
3.690400000000000091e+03 4.000000000000000000e+00 0.000000000000000000e+00
3.690600000000000364e+03 5.656854249492380582e+00 0.000000000000000000e+00
3.690800000000000182e+03 5.656854249492380582e+00 0.000000000000000000e+00
3.691000000000000000e+03 5.656854249492380582e+00 0.000000000000000000e+00
3.691200000000000273e+03 4.000000000000000000e+00 0.000000000000000000e+00
3.691400000000000091e+03 4.000000000000000000e+00 0.000000000000000000e+00
3.691600000000000364e+03 4.000000000000000000e+00 0.000000000000000000e+00
3.691800000000000182e+03 0.000000000000000000e+00 0.000000000000000000e+00
3.692000000000000000e+03 0.000000000000000000e+00 2.775000000000000000e+11
3.692200000000000273e+03 0.000000000000000000e+00 2.775000000000000000e+11
3.692400000000000091e+03 0.000000000000000000e+00 2.775000000000000000e+11
3.692600000000000364e+03 4.000000000000000000e+00 2.775000000000000000e+11
3.692800000000000182e+03 4.000000000000000000e+00 2.775000000000000000e+11
3.693000000000000000e+03 4.000000000000000000e+00 2.775000000000000000e+11
3.693200000000000273e+03 5.656854249492380582e+00 2.775000000000000000e+11
3.693400000000000091e+03 5.656854249492380582e+00 2.775000000000000000e+11
3.693600000000000364e+03 5.656854249492380582e+00 2.775000000000000000e+11
3.693800000000000182e+03 5.656854249492380582e+00 2.775000000000000000e+11
3.694000000000000000e+03 4.000000000000000000e+00 2.775000000000000000e+11
3.694200000000000273e+03 4.000000000000000000e+00 2.775000000000000000e+11
3.694400000000000091e+03 4.000000000000000000e+00 2.775000000000000000e+11
3.694600000000000364e+03 0.000000000000000000e+00 2.775000000000000000e+11
3.694800000000000182e+03 0.000000000000000000e+00 2.775000000000000000e+11
3.695000000000000000e+03 0.000000000000000000e+00 2.775000000000000000e+11
3.695200000000000273e+03 0.000000000000000000e+00 2.775000000000000000e+11
3.695400000000000091e+03 4.000000000000000000e+00 2.775000000000000000e+11
3.695600000000000364e+03 4.000000000000000000e+00 2.775000000000000000e+11
3.695800000000000182e+03 4.000000000000000000e+00 2.775000000000000000e+11
3.696000000000000000e+03 5.656854249492380582e+00 0.000000000000000000e+00
3.696200000000000273e+03 5.656854249492380582e+00 0.000000000000000000e+00
3.696400000000000091e+03 5.656854249492380582e+00 0.000000000000000000e+00
3.696600000000000364e+03 5.656854249492380582e+00 0.000000000000000000e+00
3.696800000000000182e+03 4.000000000000000000e+00 0.000000000000000000e+00
3.697000000000000000e+03 4.000000000000000000e+00 0.000000000000000000e+00
3.697200000000000273e+03 4.000000000000000000e+00 0.000000000000000000e+00
3.697400000000000091e+03 0.000000000000000000e+00 0.000000000000000000e+00
3.697600000000000364e+03 0.000000000000000000e+00 0.000000000000000000e+00
3.697800000000000182e+03 0.000000000000000000e+00 0.000000000000000000e+00
3.698000000000000000e+03 0.000000000000000000e+00 0.000000000000000000e+00
3.698200000000000273e+03 4.000000000000000000e+00 0.000000000000000000e+00
3.698400000000000091e+03 4.000000000000000000e+00 0.000000000000000000e+00
3.698600000000000364e+03 4.000000000000000000e+00 0.000000000000000000e+00
3.698800000000000182e+03 5.656854249492380582e+00 0.000000000000000000e+00
3.699000000000000000e+03 5.656854249492380582e+00 0.000000000000000000e+00
3.699200000000000273e+03 5.656854249492380582e+00 0.000000000000000000e+00
3.699400000000000091e+03 4.000000000000000000e+00 0.000000000000000000e+00
3.699600000000000364e+03 4.000000000000000000e+00 0.000000000000000000e+00
3.699800000000000182e+03 4.000000000000000000e+00 0.000000000000000000e+00
3.700000000000000000e+03 4.000000000000000000e+00 2.775000000000000000e+11
3.700200000000000273e+03 0.000000000000000000e+00 2.775000000000000000e+11
3.700400000000000091e+03 0.000000000000000000e+00 2.775000000000000000e+11
3.700600000000000364e+03 0.000000000000000000e+00 2.775000000000000000e+11
3.700800000000000182e+03 4.000000000000000000e+00 2.775000000000000000e+11
3.701000000000000000e+03 4.000000000000000000e+00 2.775000000000000000e+11
3.701200000000000273e+03 4.000000000000000000e+00 2.775000000000000000e+11
3.701400000000000091e+03 4.000000000000000000e+00 2.775000000000000000e+11
3.701600000000000364e+03 5.656854249492380582e+00 2.775000000000000000e+11
3.701800000000000182e+03 5.656854249492380582e+00 2.775000000000000000e+11
3.702000000000000000e+03 5.656854249492380582e+00 2.775000000000000000e+11
3.702200000000000273e+03 4.000000000000000000e+00 2.775000000000000000e+11
3.702400000000000091e+03 4.000000000000000000e+00 2.775000000000000000e+11
3.702600000000000364e+03 4.000000000000000000e+00 2.775000000000000000e+11
3.702800000000000182e+03 4.000000000000000000e+00 2.775000000000000000e+11
3.703000000000000000e+03 0.000000000000000000e+00 2.775000000000000000e+11
3.703200000000000273e+03 0.000000000000000000e+00 2.775000000000000000e+11
3.703400000000000091e+03 0.000000000000000000e+00 2.775000000000000000e+11
3.703600000000000364e+03 4.000000000000000000e+00 2.775000000000000000e+11
3.703800000000000182e+03 4.000000000000000000e+00 2.775000000000000000e+11
3.704000000000000000e+03 4.000000000000000000e+00 0.000000000000000000e+00
3.704200000000000273e+03 4.000000000000000000e+00 0.000000000000000000e+00
3.704400000000000091e+03 5.656854249492380582e+00 0.000000000000000000e+00
3.704600000000000364e+03 5.656854249492380582e+00 0.000000000000000000e+00
3.704800000000000182e+03 5.656854249492380582e+00 0.000000000000000000e+00
3.705000000000000000e+03 4.000000000000000000e+00 0.000000000000000000e+00
3.705200000000000273e+03 4.000000000000000000e+00 0.000000000000000000e+00
3.705400000000000091e+03 4.000000000000000000e+00 0.000000000000000000e+00
3.705600000000000364e+03 4.000000000000000000e+00 0.000000000000000000e+00
3.705800000000000182e+03 0.000000000000000000e+00 0.000000000000000000e+00
3.706000000000000000e+03 4.000000000000000000e+00 0.000000000000000000e+00
3.706200000000000273e+03 4.000000000000000000e+00 0.000000000000000000e+00
3.706400000000000091e+03 4.000000000000000000e+00 0.000000000000000000e+00
3.706600000000000364e+03 4.000000000000000000e+00 0.000000000000000000e+00
3.706800000000000182e+03 4.000000000000000000e+00 0.000000000000000000e+00
3.707000000000000000e+03 5.656854249492380582e+00 0.000000000000000000e+00
3.707200000000000273e+03 5.656854249492380582e+00 0.000000000000000000e+00
3.707400000000000091e+03 5.656854249492380582e+00 0.000000000000000000e+00
3.707600000000000364e+03 5.656854249492380582e+00 0.000000000000000000e+00
3.707800000000000182e+03 5.656854249492380582e+00 0.000000000000000000e+00
3.708000000000000000e+03 4.000000000000000000e+00 2.775000000000000000e+11
3.708200000000000273e+03 4.000000000000000000e+00 2.775000000000000000e+11
3.708400000000000091e+03 4.000000000000000000e+00 2.775000000000000000e+11
3.708600000000000364e+03 4.000000000000000000e+00 2.775000000000000000e+11
3.708800000000000182e+03 4.000000000000000000e+00 2.775000000000000000e+11
3.709000000000000000e+03 4.000000000000000000e+00 2.775000000000000000e+11
3.709200000000000273e+03 4.000000000000000000e+00 2.775000000000000000e+11
3.709400000000000091e+03 4.000000000000000000e+00 2.775000000000000000e+11
3.709600000000000364e+03 4.000000000000000000e+00 2.775000000000000000e+11
3.709800000000000182e+03 4.000000000000000000e+00 2.775000000000000000e+11
3.710000000000000000e+03 4.000000000000000000e+00 2.775000000000000000e+11
3.710200000000000273e+03 5.656854249492380582e+00 2.775000000000000000e+11
3.710400000000000091e+03 5.656854249492380582e+00 2.775000000000000000e+11
3.710600000000000364e+03 5.656854249492380582e+00 2.775000000000000000e+11
3.710800000000000182e+03 4.000000000000000000e+00 2.775000000000000000e+11
3.711000000000000000e+03 4.000000000000000000e+00 2.775000000000000000e+11
3.711200000000000273e+03 4.000000000000000000e+00 2.775000000000000000e+11
3.711400000000000091e+03 4.000000000000000000e+00 2.775000000000000000e+11
3.711600000000000364e+03 4.000000000000000000e+00 2.775000000000000000e+11
3.711800000000000182e+03 5.656854249492380582e+00 2.775000000000000000e+11
3.712000000000000000e+03 4.000000000000000000e+00 0.000000000000000000e+00
3.712200000000000273e+03 4.000000000000000000e+00 0.000000000000000000e+00
3.712400000000000091e+03 4.000000000000000000e+00 0.000000000000000000e+00
3.712600000000000364e+03 4.000000000000000000e+00 0.000000000000000000e+00
3.712800000000000182e+03 5.656854249492380582e+00 0.000000000000000000e+00
3.713000000000000000e+03 5.656854249492380582e+00 0.000000000000000000e+00
3.713200000000000273e+03 5.656854249492380582e+00 0.000000000000000000e+00
3.713400000000000091e+03 4.000000000000000000e+00 0.000000000000000000e+00
3.713600000000000364e+03 4.000000000000000000e+00 0.000000000000000000e+00
3.713800000000000182e+03 4.000000000000000000e+00 0.000000000000000000e+00
3.714000000000000000e+03 5.656854249492380582e+00 0.000000000000000000e+00
3.714200000000000273e+03 5.656854249492380582e+00 0.000000000000000000e+00
3.714400000000000091e+03 4.000000000000000000e+00 0.000000000000000000e+00
3.714600000000000364e+03 4.000000000000000000e+00 0.000000000000000000e+00
3.714800000000000182e+03 4.000000000000000000e+00 0.000000000000000000e+00
3.715000000000000000e+03 4.000000000000000000e+00 0.000000000000000000e+00
3.715200000000000273e+03 5.656854249492380582e+00 0.000000000000000000e+00
3.715400000000000091e+03 5.656854249492380582e+00 0.000000000000000000e+00
3.715600000000000364e+03 4.000000000000000000e+00 0.000000000000000000e+00
3.715800000000000182e+03 4.000000000000000000e+00 0.000000000000000000e+00
3.716000000000000000e+03 4.000000000000000000e+00 2.775000000000000000e+11
3.716200000000000273e+03 4.000000000000000000e+00 2.775000000000000000e+11
3.716400000000000091e+03 5.656854249492380582e+00 2.775000000000000000e+11
3.716600000000000364e+03 5.656854249492380582e+00 2.775000000000000000e+11
3.716800000000000182e+03 4.000000000000000000e+00 2.775000000000000000e+11
3.717000000000000000e+03 4.000000000000000000e+00 2.775000000000000000e+11
3.717200000000000273e+03 4.000000000000000000e+00 2.775000000000000000e+11
3.717400000000000091e+03 4.000000000000000000e+00 2.775000000000000000e+11
3.717600000000000364e+03 4.000000000000000000e+00 2.775000000000000000e+11
3.717800000000000182e+03 5.656854249492380582e+00 2.775000000000000000e+11
3.718000000000000000e+03 4.000000000000000000e+00 2.775000000000000000e+11
3.718200000000000273e+03 4.000000000000000000e+00 2.775000000000000000e+11
3.718400000000000091e+03 4.000000000000000000e+00 2.775000000000000000e+11
3.718600000000000364e+03 4.000000000000000000e+00 2.775000000000000000e+11
3.718800000000000182e+03 4.000000000000000000e+00 2.775000000000000000e+11
3.719000000000000000e+03 5.656854249492380582e+00 2.775000000000000000e+11
3.719200000000000273e+03 4.000000000000000000e+00 2.775000000000000000e+11
3.719400000000000091e+03 4.000000000000000000e+00 2.775000000000000000e+11
3.719600000000000364e+03 4.000000000000000000e+00 2.775000000000000000e+11
3.719800000000000182e+03 4.000000000000000000e+00 2.775000000000000000e+11
