3.720000000000000000e+03 4.000000000000000000e+00 0.000000000000000000e+00
3.720200000000000273e+03 4.000000000000000000e+00 0.000000000000000000e+00
3.720400000000000091e+03 4.000000000000000000e+00 0.000000000000000000e+00
3.720600000000000364e+03 5.656854249492380582e+00 0.000000000000000000e+00
3.720800000000000182e+03 5.656854249492380582e+00 0.000000000000000000e+00
3.721000000000000000e+03 5.656854249492380582e+00 0.000000000000000000e+00
3.721200000000000273e+03 5.656854249492380582e+00 0.000000000000000000e+00
3.721400000000000091e+03 5.656854249492380582e+00 0.000000000000000000e+00
3.721600000000000364e+03 5.656854249492380582e+00 0.000000000000000000e+00
3.721800000000000182e+03 4.000000000000000000e+00 0.000000000000000000e+00
3.722000000000000000e+03 4.000000000000000000e+00 0.000000000000000000e+00
3.722200000000000273e+03 5.656854249492380582e+00 0.000000000000000000e+00
3.722400000000000091e+03 4.000000000000000000e+00 0.000000000000000000e+00
3.722600000000000364e+03 0.000000000000000000e+00 0.000000000000000000e+00
3.722800000000000182e+03 5.656854249492380582e+00 0.000000000000000000e+00
3.723000000000000000e+03 5.656854249492380582e+00 0.000000000000000000e+00
3.723200000000000273e+03 5.656854249492380582e+00 0.000000000000000000e+00
3.723400000000000091e+03 5.656854249492380582e+00 0.000000000000000000e+00
3.723600000000000364e+03 5.656854249492380582e+00 0.000000000000000000e+00
3.723800000000000182e+03 5.656854249492380582e+00 0.000000000000000000e+00
3.724000000000000000e+03 5.656854249492380582e+00 2.800000000000000000e+11
3.724200000000000273e+03 5.656854249492380582e+00 2.800000000000000000e+11
3.724400000000000091e+03 5.656854249492380582e+00 2.800000000000000000e+11
3.724600000000000364e+03 5.656854249492380582e+00 2.800000000000000000e+11
3.724800000000000182e+03 4.000000000000000000e+00 2.800000000000000000e+11
3.725000000000000000e+03 4.000000000000000000e+00 2.800000000000000000e+11
3.725200000000000273e+03 4.000000000000000000e+00 2.800000000000000000e+11
3.725400000000000091e+03 0.000000000000000000e+00 2.800000000000000000e+11
3.725600000000000364e+03 0.000000000000000000e+00 2.800000000000000000e+11
3.725800000000000182e+03 0.000000000000000000e+00 2.800000000000000000e+11
3.726000000000000000e+03 4.000000000000000000e+00 2.800000000000000000e+11
3.726200000000000273e+03 4.000000000000000000e+00 2.800000000000000000e+11
3.726400000000000091e+03 4.000000000000000000e+00 2.800000000000000000e+11
3.726600000000000364e+03 5.656854249492380582e+00 2.800000000000000000e+11
3.726800000000000182e+03 5.656854249492380582e+00 2.800000000000000000e+11
3.727000000000000000e+03 5.656854249492380582e+00 2.800000000000000000e+11
3.727200000000000273e+03 5.656854249492380582e+00 2.800000000000000000e+11
3.727400000000000091e+03 4.000000000000000000e+00 2.800000000000000000e+11
3.727600000000000364e+03 4.000000000000000000e+00 2.800000000000000000e+11
3.727800000000000182e+03 4.000000000000000000e+00 2.800000000000000000e+11
3.728000000000000000e+03 0.000000000000000000e+00 0.000000000000000000e+00
3.728200000000000273e+03 0.000000000000000000e+00 0.000000000000000000e+00
3.728400000000000091e+03 0.000000000000000000e+00 0.000000000000000000e+00
3.728600000000000364e+03 0.000000000000000000e+00 0.000000000000000000e+00
3.728800000000000182e+03 4.000000000000000000e+00 0.000000000000000000e+00
3.729000000000000000e+03 4.000000000000000000e+00 0.000000000000000000e+00
3.729200000000000273e+03 4.000000000000000000e+00 0.000000000000000000e+00
3.729400000000000091e+03 5.656854249492380582e+00 0.000000000000000000e+00
3.729600000000000364e+03 5.656854249492380582e+00 0.000000000000000000e+00
3.729800000000000182e+03 5.656854249492380582e+00 0.000000000000000000e+00
3.730000000000000000e+03 5.656854249492380582e+00 0.000000000000000000e+00
3.730200000000000273e+03 4.000000000000000000e+00 0.000000000000000000e+00
3.730400000000000091e+03 4.000000000000000000e+00 0.000000000000000000e+00
3.730600000000000364e+03 4.000000000000000000e+00 0.000000000000000000e+00
3.730800000000000182e+03 0.000000000000000000e+00 0.000000000000000000e+00
3.731000000000000000e+03 0.000000000000000000e+00 0.000000000000000000e+00
3.731200000000000273e+03 0.000000000000000000e+00 0.000000000000000000e+00
3.731400000000000091e+03 4.000000000000000000e+00 0.000000000000000000e+00
3.731600000000000364e+03 4.000000000000000000e+00 0.000000000000000000e+00
3.731800000000000182e+03 4.000000000000000000e+00 0.000000000000000000e+00
3.732000000000000000e+03 5.656854249492380582e+00 2.800000000000000000e+11
3.732200000000000273e+03 5.656854249492380582e+00 2.800000000000000000e+11
3.732400000000000091e+03 5.656854249492380582e+00 2.800000000000000000e+11
3.732600000000000364e+03 5.656854249492380582e+00 2.800000000000000000e+11
3.732800000000000182e+03 4.000000000000000000e+00 2.800000000000000000e+11
3.733000000000000000e+03 4.000000000000000000e+00 2.800000000000000000e+11
3.733200000000000273e+03 4.000000000000000000e+00 2.800000000000000000e+11
3.733400000000000091e+03 4.000000000000000000e+00 2.800000000000000000e+11
3.733600000000000364e+03 0.000000000000000000e+00 2.800000000000000000e+11
3.733800000000000182e+03 0.000000000000000000e+00 2.800000000000000000e+11
3.734000000000000000e+03 0.000000000000000000e+00 2.800000000000000000e+11
3.734200000000000273e+03 4.000000000000000000e+00 2.800000000000000000e+11
3.734400000000000091e+03 4.000000000000000000e+00 2.800000000000000000e+11
3.734600000000000364e+03 4.000000000000000000e+00 2.800000000000000000e+11
3.734800000000000182e+03 4.000000000000000000e+00 2.800000000000000000e+11
3.735000000000000000e+03 5.656854249492380582e+00 2.800000000000000000e+11
3.735200000000000273e+03 5.656854249492380582e+00 2.800000000000000000e+11
3.735400000000000091e+03 5.656854249492380582e+00 2.800000000000000000e+11
3.735600000000000364e+03 4.000000000000000000e+00 2.800000000000000000e+11
3.735800000000000182e+03 4.000000000000000000e+00 2.800000000000000000e+11
3.736000000000000000e+03 4.000000000000000000e+00 0.000000000000000000e+00
3.736200000000000273e+03 4.000000000000000000e+00 0.000000000000000000e+00
3.736400000000000091e+03 0.000000000000000000e+00 0.000000000000000000e+00
3.736600000000000364e+03 0.000000000000000000e+00 0.000000000000000000e+00
3.736800000000000182e+03 0.000000000000000000e+00 0.000000000000000000e+00
3.737000000000000000e+03 4.000000000000000000e+00 0.000000000000000000e+00
3.737200000000000273e+03 4.000000000000000000e+00 0.000000000000000000e+00
3.737400000000000091e+03 4.000000000000000000e+00 0.000000000000000000e+00
3.737600000000000364e+03 5.656854249492380582e+00 0.000000000000000000e+00
3.737800000000000182e+03 5.656854249492380582e+00 0.000000000000000000e+00
3.738000000000000000e+03 5.656854249492380582e+00 0.000000000000000000e+00
3.738200000000000273e+03 5.656854249492380582e+00 0.000000000000000000e+00
3.738400000000000091e+03 4.000000000000000000e+00 0.000000000000000000e+00
3.738600000000000364e+03 4.000000000000000000e+00 0.000000000000000000e+00
3.738800000000000182e+03 4.000000000000000000e+00 0.000000000000000000e+00
3.739000000000000000e+03 0.000000000000000000e+00 0.000000000000000000e+00
3.739200000000000273e+03 0.000000000000000000e+00 0.000000000000000000e+00
3.739400000000000091e+03 0.000000000000000000e+00 0.000000000000000000e+00
3.739600000000000364e+03 4.000000000000000000e+00 0.000000000000000000e+00
3.739800000000000182e+03 4.000000000000000000e+00 0.000000000000000000e+00
3.740000000000000000e+03 4.000000000000000000e+00 2.800000000000000000e+11
3.740200000000000273e+03 4.000000000000000000e+00 2.800000000000000000e+11
3.740400000000000091e+03 5.656854249492380582e+00 2.800000000000000000e+11
3.740600000000000364e+03 5.656854249492380582e+00 2.800000000000000000e+11
3.740800000000000182e+03 5.656854249492380582e+00 2.800000000000000000e+11
3.741000000000000000e+03 4.000000000000000000e+00 2.800000000000000000e+11
3.741200000000000273e+03 4.000000000000000000e+00 2.800000000000000000e+11
3.741400000000000091e+03 4.000000000000000000e+00 2.800000000000000000e+11
3.741600000000000364e+03 4.000000000000000000e+00 2.800000000000000000e+11
3.741800000000000182e+03 0.000000000000000000e+00 2.800000000000000000e+11
3.742000000000000000e+03 0.000000000000000000e+00 2.800000000000000000e+11
3.742200000000000273e+03 0.000000000000000000e+00 2.800000000000000000e+11
3.742400000000000091e+03 4.000000000000000000e+00 2.800000000000000000e+11
3.742600000000000364e+03 4.000000000000000000e+00 2.800000000000000000e+11
3.742800000000000182e+03 4.000000000000000000e+00 2.800000000000000000e+11
3.743000000000000000e+03 4.000000000000000000e+00 2.800000000000000000e+11
3.743200000000000273e+03 5.656854249492380582e+00 2.800000000000000000e+11
3.743400000000000091e+03 5.656854249492380582e+00 2.800000000000000000e+11
3.743600000000000364e+03 5.656854249492380582e+00 2.800000000000000000e+11
3.743800000000000182e+03 4.000000000000000000e+00 2.800000000000000000e+11
3.744000000000000000e+03 4.000000000000000000e+00 0.000000000000000000e+00
3.744200000000000273e+03 4.000000000000000000e+00 0.000000000000000000e+00
3.744400000000000091e+03 4.000000000000000000e+00 0.000000000000000000e+00
3.744600000000000364e+03 0.000000000000000000e+00 0.000000000000000000e+00
3.744800000000000182e+03 0.000000000000000000e+00 0.000000000000000000e+00
3.745000000000000000e+03 0.000000000000000000e+00 0.000000000000000000e+00
3.745200000000000273e+03 4.000000000000000000e+00 0.000000000000000000e+00
3.745400000000000091e+03 4.000000000000000000e+00 0.000000000000000000e+00
3.745600000000000364e+03 4.000000000000000000e+00 0.000000000000000000e+00
3.745800000000000182e+03 5.656854249492380582e+00 0.000000000000000000e+00
3.746000000000000000e+03 5.656854249492380582e+00 0.000000000000000000e+00
3.746200000000000273e+03 5.656854249492380582e+00 0.000000000000000000e+00
3.746400000000000091e+03 5.656854249492380582e+00 0.000000000000000000e+00
3.746600000000000364e+03 4.000000000000000000e+00 0.000000000000000000e+00
3.746800000000000182e+03 4.000000000000000000e+00 0.000000000000000000e+00
3.747000000000000000e+03 4.000000000000000000e+00 0.000000000000000000e+00
3.747200000000000273e+03 0.000000000000000000e+00 0.000000000000000000e+00
3.747400000000000091e+03 0.000000000000000000e+00 0.000000000000000000e+00
3.747600000000000364e+03 0.000000000000000000e+00 0.000000000000000000e+00
3.747800000000000182e+03 4.000000000000000000e+00 0.000000000000000000e+00
3.748000000000000000e+03 4.000000000000000000e+00 2.800000000000000000e+11
3.748200000000000273e+03 4.000000000000000000e+00 2.800000000000000000e+11
3.748400000000000091e+03 4.000000000000000000e+00 2.800000000000000000e+11
3.748600000000000364e+03 5.656854249492380582e+00 2.800000000000000000e+11
3.748800000000000182e+03 5.656854249492380582e+00 2.800000000000000000e+11
3.749000000000000000e+03 5.656854249492380582e+00 2.800000000000000000e+11
3.749200000000000273e+03 4.000000000000000000e+00 2.800000000000000000e+11
3.749400000000000091e+03 4.000000000000000000e+00 2.800000000000000000e+11
3.749600000000000364e+03 4.000000000000000000e+00 2.800000000000000000e+11
3.749800000000000182e+03 4.000000000000000000e+00 2.800000000000000000e+11
3.750000000000000000e+03 0.000000000000000000e+00 2.800000000000000000e+11
3.750200000000000273e+03 0.000000000000000000e+00 2.800000000000000000e+11
3.750400000000000091e+03 0.000000000000000000e+00 2.800000000000000000e+11
3.750600000000000364e+03 4.000000000000000000e+00 2.800000000000000000e+11
3.750800000000000182e+03 4.000000000000000000e+00 2.800000000000000000e+11
3.751000000000000000e+03 4.000000000000000000e+00 2.800000000000000000e+11
3.751200000000000273e+03 4.000000000000000000e+00 2.800000000000000000e+11
3.751400000000000091e+03 5.656854249492380582e+00 2.800000000000000000e+11
3.751600000000000364e+03 5.656854249492380582e+00 2.800000000000000000e+11
3.751800000000000182e+03 5.656854249492380582e+00 2.800000000000000000e+11
3.752000000000000000e+03 4.000000000000000000e+00 0.000000000000000000e+00
3.752200000000000273e+03 4.000000000000000000e+00 0.000000000000000000e+00
3.752400000000000091e+03 4.000000000000000000e+00 0.000000000000000000e+00
3.752600000000000364e+03 4.000000000000000000e+00 0.000000000000000000e+00
3.752800000000000182e+03 0.000000000000000000e+00 0.000000000000000000e+00
3.753000000000000000e+03 0.000000000000000000e+00 0.000000000000000000e+00
3.753200000000000273e+03 0.000000000000000000e+00 0.000000000000000000e+00
3.753400000000000091e+03 4.000000000000000000e+00 0.000000000000000000e+00
3.753600000000000364e+03 4.000000000000000000e+00 0.000000000000000000e+00
3.753800000000000182e+03 4.000000000000000000e+00 0.000000000000000000e+00
3.754000000000000000e+03 5.656854249492380582e+00 0.000000000000000000e+00
3.754200000000000273e+03 5.656854249492380582e+00 0.000000000000000000e+00
3.754400000000000091e+03 5.656854249492380582e+00 0.000000000000000000e+00
3.754600000000000364e+03 5.656854249492380582e+00 0.000000000000000000e+00
3.754800000000000182e+03 4.000000000000000000e+00 0.000000000000000000e+00
3.755000000000000000e+03 4.000000000000000000e+00 0.000000000000000000e+00
3.755200000000000273e+03 4.000000000000000000e+00 0.000000000000000000e+00
3.755400000000000091e+03 0.000000000000000000e+00 0.000000000000000000e+00
3.755600000000000364e+03 0.000000000000000000e+00 0.000000000000000000e+00
3.755800000000000182e+03 0.000000000000000000e+00 0.000000000000000000e+00
3.756000000000000000e+03 0.000000000000000000e+00 2.800000000000000000e+11
3.756200000000000273e+03 4.000000000000000000e+00 2.800000000000000000e+11
3.756400000000000091e+03 4.000000000000000000e+00 2.800000000000000000e+11
3.756600000000000364e+03 4.000000000000000000e+00 2.800000000000000000e+11
3.756800000000000182e+03 5.656854249492380582e+00 2.800000000000000000e+11
3.757000000000000000e+03 5.656854249492380582e+00 2.800000000000000000e+11
3.757200000000000273e+03 5.656854249492380582e+00 2.800000000000000000e+11
3.757400000000000091e+03 4.000000000000000000e+00 2.800000000000000000e+11
3.757600000000000364e+03 4.000000000000000000e+00 2.800000000000000000e+11
3.757800000000000182e+03 4.000000000000000000e+00 2.800000000000000000e+11
3.758000000000000000e+03 4.000000000000000000e+00 2.800000000000000000e+11
3.758200000000000273e+03 0.000000000000000000e+00 2.800000000000000000e+11
3.758400000000000091e+03 0.000000000000000000e+00 2.800000000000000000e+11
3.758600000000000364e+03 0.000000000000000000e+00 2.800000000000000000e+11
3.758800000000000182e+03 4.000000000000000000e+00 2.800000000000000000e+11
3.759000000000000000e+03 4.000000000000000000e+00 2.800000000000000000e+11
3.759200000000000273e+03 4.000000000000000000e+00 2.800000000000000000e+11
3.759400000000000091e+03 4.000000000000000000e+00 2.800000000000000000e+11
3.759600000000000364e+03 5.656854249492380582e+00 2.800000000000000000e+11
3.759800000000000182e+03 5.656854249492380582e+00 2.800000000000000000e+11
3.760000000000000000e+03 5.656854249492380582e+00 0.000000000000000000e+00
3.760200000000000273e+03 4.000000000000000000e+00 0.000000000000000000e+00
3.760400000000000091e+03 4.000000000000000000e+00 0.000000000000000000e+00
3.760600000000000364e+03 4.000000000000000000e+00 0.000000000000000000e+00
3.760800000000000182e+03 4.000000000000000000e+00 0.000000000000000000e+00
3.761000000000000000e+03 0.000000000000000000e+00 0.000000000000000000e+00
3.761200000000000273e+03 0.000000000000000000e+00 0.000000000000000000e+00
3.761400000000000091e+03 0.000000000000000000e+00 0.000000000000000000e+00
3.761600000000000364e+03 4.000000000000000000e+00 0.000000000000000000e+00
3.761800000000000182e+03 4.000000000000000000e+00 0.000000000000000000e+00
3.762000000000000000e+03 4.000000000000000000e+00 0.000000000000000000e+00
3.762200000000000273e+03 4.000000000000000000e+00 0.000000000000000000e+00
3.762400000000000091e+03 5.656854249492380582e+00 0.000000000000000000e+00
3.762600000000000364e+03 5.656854249492380582e+00 0.000000000000000000e+00
3.762800000000000182e+03 5.656854249492380582e+00 0.000000000000000000e+00
3.763000000000000000e+03 4.000000000000000000e+00 0.000000000000000000e+00
3.763200000000000273e+03 4.000000000000000000e+00 0.000000000000000000e+00
3.763400000000000091e+03 4.000000000000000000e+00 0.000000000000000000e+00
3.763600000000000364e+03 4.000000000000000000e+00 0.000000000000000000e+00
3.763800000000000182e+03 0.000000000000000000e+00 0.000000000000000000e+00
3.764000000000000000e+03 0.000000000000000000e+00 2.800000000000000000e+11
3.764200000000000273e+03 0.000000000000000000e+00 2.800000000000000000e+11
3.764400000000000091e+03 4.000000000000000000e+00 2.800000000000000000e+11
3.764600000000000364e+03 4.000000000000000000e+00 2.800000000000000000e+11
3.764800000000000182e+03 4.000000000000000000e+00 2.800000000000000000e+11
3.765000000000000000e+03 4.000000000000000000e+00 2.800000000000000000e+11
3.765200000000000273e+03 5.656854249492380582e+00 2.800000000000000000e+11
3.765400000000000091e+03 5.656854249492380582e+00 2.800000000000000000e+11
3.765600000000000364e+03 5.656854249492380582e+00 2.800000000000000000e+11
3.765800000000000182e+03 4.000000000000000000e+00 2.800000000000000000e+11
3.766000000000000000e+03 4.000000000000000000e+00 2.800000000000000000e+11
3.766200000000000273e+03 4.000000000000000000e+00 2.800000000000000000e+11
3.766400000000000091e+03 4.000000000000000000e+00 2.800000000000000000e+11
3.766600000000000364e+03 0.000000000000000000e+00 2.800000000000000000e+11
3.766800000000000182e+03 0.000000000000000000e+00 2.800000000000000000e+11
3.767000000000000000e+03 0.000000000000000000e+00 2.800000000000000000e+11
3.767200000000000273e+03 4.000000000000000000e+00 2.800000000000000000e+11
3.767400000000000091e+03 5.656854249492380582e+00 2.800000000000000000e+11
3.767600000000000364e+03 5.656854249492380582e+00 2.800000000000000000e+11
3.767800000000000182e+03 8.944271909999159220e+00 2.800000000000000000e+11
3.768000000000000000e+03 1.200000000000000000e+01 0.000000000000000000e+00
3.768200000000000273e+03 1.264911064067351809e+01 0.000000000000000000e+00
3.768400000000000091e+03 1.131370849898476116e+01 0.000000000000000000e+00
3.768600000000000364e+03 1.131370849898476116e+01 0.000000000000000000e+00
3.768800000000000182e+03 8.944271909999159220e+00 0.000000000000000000e+00
3.769000000000000000e+03 8.000000000000000000e+00 0.000000000000000000e+00
3.769200000000000273e+03 8.944271909999159220e+00 0.000000000000000000e+00
3.769400000000000091e+03 8.944271909999159220e+00 0.000000000000000000e+00
3.769600000000000364e+03 5.656854249492380582e+00 0.000000000000000000e+00
3.769800000000000182e+03 4.000000000000000000e+00 0.000000000000000000e+00
3.770000000000000000e+03 5.656854249492380582e+00 0.000000000000000000e+00
3.770200000000000273e+03 4.000000000000000000e+00 0.000000000000000000e+00
3.770400000000000091e+03 4.000000000000000000e+00 0.000000000000000000e+00
3.770600000000000364e+03 5.656854249492380582e+00 0.000000000000000000e+00
3.770800000000000182e+03 8.944271909999159220e+00 0.000000000000000000e+00
3.771000000000000000e+03 8.000000000000000000e+00 0.000000000000000000e+00
3.771200000000000273e+03 8.000000000000000000e+00 0.000000000000000000e+00
3.771400000000000091e+03 8.944271909999159220e+00 0.000000000000000000e+00
3.771600000000000364e+03 1.131370849898476116e+01 0.000000000000000000e+00
3.771800000000000182e+03 8.944271909999159220e+00 0.000000000000000000e+00
3.772000000000000000e+03 8.000000000000000000e+00 2.800000000000000000e+11
3.772200000000000273e+03 8.000000000000000000e+00 2.800000000000000000e+11
3.772400000000000091e+03 8.944271909999159220e+00 2.800000000000000000e+11
3.772600000000000364e+03 8.944271909999159220e+00 2.800000000000000000e+11
3.772800000000000182e+03 8.000000000000000000e+00 2.800000000000000000e+11
3.773000000000000000e+03 8.944271909999159220e+00 2.800000000000000000e+11
3.773200000000000273e+03 1.442220510185595650e+01 2.800000000000000000e+11
3.773400000000000091e+03 1.649242250247064234e+01 2.800000000000000000e+11
3.773600000000000364e+03 1.649242250247064234e+01 2.800000000000000000e+11
3.773800000000000182e+03 2.000000000000000000e+01 2.800000000000000000e+11
3.774000000000000000e+03 2.683281572999747766e+01 2.800000000000000000e+11
3.774200000000000273e+03 3.224903099319419653e+01 2.800000000000000000e+11
3.774400000000000091e+03 3.687817782917154830e+01 2.800000000000000000e+11
3.774600000000000364e+03 4.000000000000000000e+01 2.800000000000000000e+11
3.774800000000000182e+03 4.326661530556787483e+01 2.800000000000000000e+11
3.775000000000000000e+03 4.947726750741192348e+01 2.800000000000000000e+11
3.775200000000000273e+03 5.656854249492380404e+01 2.800000000000000000e+11
3.775400000000000091e+03 6.105735008989498880e+01 2.800000000000000000e+11
3.775600000000000364e+03 6.657326790837295505e+01 2.800000000000000000e+11
3.775800000000000182e+03 7.694153624668537361e+01 2.800000000000000000e+11
3.776000000000000000e+03 8.736131867136622020e+01 0.000000000000000000e+00
3.776200000000000273e+03 8.504116650187719983e+01 0.000000000000000000e+00
3.776400000000000091e+03 8.409518416651455652e+01 0.000000000000000000e+00
3.776600000000000364e+03 8.400000000000000000e+01 0.000000000000000000e+00
3.776800000000000182e+03 8.409518416651455652e+01 0.000000000000000000e+00
3.777000000000000000e+03 8.504116650187719983e+01 0.000000000000000000e+00
3.777200000000000273e+03 8.352245207128440541e+01 0.000000000000000000e+00
3.777400000000000091e+03 8.485281374238570606e+01 0.000000000000000000e+00
3.777600000000000364e+03 8.438009243891595190e+01 0.000000000000000000e+00
3.777800000000000182e+03 8.323460818673925132e+01 0.000000000000000000e+00
3.778000000000000000e+03 8.158431221748455187e+01 0.000000000000000000e+00
3.778200000000000273e+03 8.158431221748455187e+01 0.000000000000000000e+00
3.778400000000000091e+03 8.000000000000000000e+01 0.000000000000000000e+00
3.778600000000000364e+03 7.889233169326408301e+01 0.000000000000000000e+00
3.778800000000000182e+03 7.610519036176178531e+01 0.000000000000000000e+00
3.779000000000000000e+03 7.725283166331186635e+01 0.000000000000000000e+00
3.779200000000000273e+03 7.353910524340093957e+01 0.000000000000000000e+00
3.779400000000000091e+03 7.211102550927978427e+01 0.000000000000000000e+00
3.779600000000000364e+03 7.244308110509933840e+01 0.000000000000000000e+00
3.779800000000000182e+03 7.547184905645282527e+01 0.000000000000000000e+00
3.780000000000000000e+03 7.440430095095310037e+01 2.800000000000000000e+11
3.780200000000000273e+03 8.551023330572779457e+01 2.800000000000000000e+11
3.780400000000000091e+03 9.806120537705010065e+01 2.800000000000000000e+11
3.780600000000000364e+03 1.120714058089752001e+02 2.800000000000000000e+11
3.780800000000000182e+03 1.221147001797899776e+02 2.800000000000000000e+11
3.781000000000000000e+03 1.369379421489895208e+02 2.800000000000000000e+11
3.781200000000000273e+03 1.555892027102137831e+02 2.800000000000000000e+11
3.781400000000000091e+03 1.432201103197452596e+02 2.800000000000000000e+11
3.781600000000000364e+03 1.144027971686007277e+02 2.800000000000000000e+11
3.781800000000000182e+03 1.310267148332735871e+02 2.800000000000000000e+11
3.782000000000000000e+03 1.445544879967412157e+02 2.800000000000000000e+11
3.782200000000000273e+03 1.618394265931512734e+02 2.800000000000000000e+11
3.782400000000000091e+03 1.074802307403552248e+02 2.800000000000000000e+11
3.782600000000000364e+03 1.227028932014237341e+02 2.800000000000000000e+11
3.782800000000000182e+03 1.405133445620023736e+02 2.800000000000000000e+11
3.783000000000000000e+03 1.543502510525979119e+02 2.800000000000000000e+11
3.783200000000000273e+03 1.442775103749714560e+02 2.800000000000000000e+11
3.783400000000000091e+03 1.132784180680503709e+02 2.800000000000000000e+11
3.783600000000000364e+03 1.315750736271882033e+02 2.800000000000000000e+11
3.783800000000000182e+03 1.488623525274271628e+02 2.800000000000000000e+11
3.784000000000000000e+03 1.632666530556683995e+02 0.000000000000000000e+00
3.784200000000000273e+03 1.449413674559474998e+02 0.000000000000000000e+00
3.784400000000000091e+03 1.431083505599865475e+02 0.000000000000000000e+00
3.784600000000000364e+03 1.400571312000927833e+02 0.000000000000000000e+00
3.784800000000000182e+03 1.360588108135596030e+02 0.000000000000000000e+00
3.785000000000000000e+03 1.332066064427737047e+02 0.000000000000000000e+00
3.785200000000000273e+03 1.319393800197651387e+02 0.000000000000000000e+00
3.785400000000000091e+03 1.302305647687976489e+02 0.000000000000000000e+00
3.785600000000000364e+03 1.256025477448606580e+02 0.000000000000000000e+00
3.785800000000000182e+03 1.252198067399882291e+02 0.000000000000000000e+00
3.786000000000000000e+03 1.240000000000000000e+02 0.000000000000000000e+00
3.786200000000000273e+03 1.234827923234650484e+02 0.000000000000000000e+00
3.786400000000000091e+03 1.249639948145064636e+02 0.000000000000000000e+00
3.786600000000000364e+03 1.232233744059949032e+02 0.000000000000000000e+00
3.786800000000000182e+03 1.223764683262268420e+02 0.000000000000000000e+00
3.787000000000000000e+03 1.232233744059949032e+02 0.000000000000000000e+00
3.787200000000000273e+03 1.235475616918440096e+02 0.000000000000000000e+00
3.787400000000000091e+03 1.202663710269832649e+02 0.000000000000000000e+00
3.787600000000000364e+03 1.203328716519305885e+02 0.000000000000000000e+00
3.787800000000000182e+03 1.160000000000000000e+02 0.000000000000000000e+00
3.788000000000000000e+03 1.138419957660616575e+02 2.800000000000000000e+11
3.788200000000000273e+03 1.003194896318756264e+02 2.800000000000000000e+11
3.788400000000000091e+03 8.588364221433555201e+01 2.800000000000000000e+11
3.788600000000000364e+03 7.440430095095310037e+01 2.800000000000000000e+11
3.788800000000000182e+03 6.209669878504009688e+01 2.800000000000000000e+11
3.789000000000000000e+03 5.727128425310541360e+01 2.800000000000000000e+11
3.789200000000000273e+03 4.882622246293480828e+01 2.800000000000000000e+11
3.789400000000000091e+03 4.326661530556787483e+01 2.800000000000000000e+11
3.789600000000000364e+03 4.079215610874227593e+01 2.800000000000000000e+11
3.789800000000000182e+03 3.687817782917154830e+01 2.800000000000000000e+11
3.790000000000000000e+03 2.884441020371191300e+01 2.800000000000000000e+11
3.790200000000000273e+03 2.884441020371191300e+01 2.800000000000000000e+11
3.790400000000000091e+03 2.529822128134703618e+01 2.800000000000000000e+11
3.790600000000000364e+03 2.000000000000000000e+01 2.800000000000000000e+11
3.790800000000000182e+03 1.788854381999831844e+01 2.800000000000000000e+11
3.791000000000000000e+03 1.131370849898476116e+01 2.800000000000000000e+11
3.791200000000000273e+03 1.264911064067351809e+01 2.800000000000000000e+11
3.791400000000000091e+03 8.000000000000000000e+00 2.800000000000000000e+11
3.791600000000000364e+03 5.656854249492380582e+00 2.800000000000000000e+11
3.791800000000000182e+03 5.656854249492380582e+00 2.800000000000000000e+11
3.792000000000000000e+03 4.000000000000000000e+00 0.000000000000000000e+00
3.792200000000000273e+03 5.656854249492380582e+00 0.000000000000000000e+00
3.792400000000000091e+03 8.944271909999159220e+00 0.000000000000000000e+00
3.792600000000000364e+03 8.000000000000000000e+00 0.000000000000000000e+00
3.792800000000000182e+03 8.000000000000000000e+00 0.000000000000000000e+00
3.793000000000000000e+03 8.944271909999159220e+00 0.000000000000000000e+00
3.793200000000000273e+03 1.131370849898476116e+01 0.000000000000000000e+00
3.793400000000000091e+03 8.944271909999159220e+00 0.000000000000000000e+00
3.793600000000000364e+03 8.944271909999159220e+00 0.000000000000000000e+00
3.793800000000000182e+03 8.000000000000000000e+00 0.000000000000000000e+00
3.794000000000000000e+03 8.944271909999159220e+00 0.000000000000000000e+00
3.794200000000000273e+03 5.656854249492380582e+00 0.000000000000000000e+00
3.794400000000000091e+03 4.000000000000000000e+00 0.000000000000000000e+00
3.794600000000000364e+03 4.000000000000000000e+00 0.000000000000000000e+00
3.794800000000000182e+03 5.656854249492380582e+00 0.000000000000000000e+00
3.795000000000000000e+03 4.000000000000000000e+00 0.000000000000000000e+00
3.795200000000000273e+03 5.656854249492380582e+00 0.000000000000000000e+00
3.795400000000000091e+03 5.656854249492380582e+00 0.000000000000000000e+00
3.795600000000000364e+03 8.000000000000000000e+00 0.000000000000000000e+00
3.795800000000000182e+03 8.000000000000000000e+00 0.000000000000000000e+00
3.796000000000000000e+03 8.944271909999159220e+00 2.800000000000000000e+11
3.796200000000000273e+03 8.944271909999159220e+00 2.800000000000000000e+11
3.796400000000000091e+03 5.656854249492380582e+00 2.800000000000000000e+11
3.796600000000000364e+03 5.656854249492380582e+00 2.800000000000000000e+11
3.796800000000000182e+03 4.000000000000000000e+00 2.800000000000000000e+11
3.797000000000000000e+03 4.000000000000000000e+00 2.800000000000000000e+11
3.797200000000000273e+03 4.000000000000000000e+00 2.800000000000000000e+11
3.797400000000000091e+03 4.000000000000000000e+00 2.800000000000000000e+11
3.797600000000000364e+03 0.000000000000000000e+00 2.800000000000000000e+11
3.797800000000000182e+03 0.000000000000000000e+00 2.800000000000000000e+11
3.798000000000000000e+03 0.000000000000000000e+00 2.800000000000000000e+11
3.798200000000000273e+03 0.000000000000000000e+00 2.800000000000000000e+11
3.798400000000000091e+03 4.000000000000000000e+00 2.800000000000000000e+11
3.798600000000000364e+03 4.000000000000000000e+00 2.800000000000000000e+11
3.798800000000000182e+03 4.000000000000000000e+00 2.800000000000000000e+11
3.799000000000000000e+03 5.656854249492380582e+00 2.800000000000000000e+11
3.799200000000000273e+03 5.656854249492380582e+00 2.800000000000000000e+11
3.799400000000000091e+03 5.656854249492380582e+00 2.800000000000000000e+11
3.799600000000000364e+03 5.656854249492380582e+00 2.800000000000000000e+11
3.799800000000000182e+03 4.000000000000000000e+00 2.800000000000000000e+11
3.800000000000000000e+03 4.000000000000000000e+00 0.000000000000000000e+00
3.800200000000000273e+03 4.000000000000000000e+00 0.000000000000000000e+00
3.800400000000000091e+03 0.000000000000000000e+00 0.000000000000000000e+00
3.800600000000000364e+03 0.000000000000000000e+00 0.000000000000000000e+00
3.800800000000000182e+03 0.000000000000000000e+00 0.000000000000000000e+00
3.801000000000000000e+03 0.000000000000000000e+00 0.000000000000000000e+00
3.801200000000000273e+03 4.000000000000000000e+00 0.000000000000000000e+00
3.801400000000000091e+03 4.000000000000000000e+00 0.000000000000000000e+00
3.801600000000000364e+03 4.000000000000000000e+00 0.000000000000000000e+00
3.801800000000000182e+03 5.656854249492380582e+00 0.000000000000000000e+00
3.802000000000000000e+03 5.656854249492380582e+00 0.000000000000000000e+00
3.802200000000000273e+03 5.656854249492380582e+00 0.000000000000000000e+00
3.802400000000000091e+03 4.000000000000000000e+00 0.000000000000000000e+00
3.802600000000000364e+03 4.000000000000000000e+00 0.000000000000000000e+00
3.802800000000000182e+03 4.000000000000000000e+00 0.000000000000000000e+00
3.803000000000000000e+03 4.000000000000000000e+00 0.000000000000000000e+00
3.803200000000000273e+03 0.000000000000000000e+00 0.000000000000000000e+00
3.803400000000000091e+03 0.000000000000000000e+00 0.000000000000000000e+00
3.803600000000000364e+03 0.000000000000000000e+00 0.000000000000000000e+00
3.803800000000000182e+03 4.000000000000000000e+00 0.000000000000000000e+00
3.804000000000000000e+03 4.000000000000000000e+00 2.800000000000000000e+11
3.804200000000000273e+03 4.000000000000000000e+00 2.800000000000000000e+11
3.804400000000000091e+03 4.000000000000000000e+00 2.800000000000000000e+11
3.804600000000000364e+03 5.656854249492380582e+00 2.800000000000000000e+11
3.804800000000000182e+03 5.656854249492380582e+00 2.800000000000000000e+11
3.805000000000000000e+03 5.656854249492380582e+00 2.800000000000000000e+11
3.805200000000000273e+03 4.000000000000000000e+00 2.800000000000000000e+11
3.805400000000000091e+03 4.000000000000000000e+00 2.800000000000000000e+11
3.805600000000000364e+03 4.000000000000000000e+00 2.800000000000000000e+11
3.805800000000000182e+03 4.000000000000000000e+00 2.800000000000000000e+11
3.806000000000000000e+03 0.000000000000000000e+00 2.800000000000000000e+11
3.806200000000000273e+03 0.000000000000000000e+00 2.800000000000000000e+11
3.806400000000000091e+03 0.000000000000000000e+00 2.800000000000000000e+11
3.806600000000000364e+03 4.000000000000000000e+00 2.800000000000000000e+11
3.806800000000000182e+03 4.000000000000000000e+00 2.800000000000000000e+11
3.807000000000000000e+03 4.000000000000000000e+00 2.800000000000000000e+11
3.807200000000000273e+03 4.000000000000000000e+00 2.800000000000000000e+11
3.807400000000000091e+03 5.656854249492380582e+00 2.800000000000000000e+11
3.807600000000000364e+03 5.656854249492380582e+00 2.800000000000000000e+11
3.807800000000000182e+03 5.656854249492380582e+00 2.800000000000000000e+11
3.808000000000000000e+03 4.000000000000000000e+00 0.000000000000000000e+00
3.808200000000000273e+03 4.000000000000000000e+00 0.000000000000000000e+00
3.808400000000000091e+03 4.000000000000000000e+00 0.000000000000000000e+00
3.808600000000000364e+03 4.000000000000000000e+00 0.000000000000000000e+00
3.808800000000000182e+03 0.000000000000000000e+00 0.000000000000000000e+00
3.809000000000000000e+03 0.000000000000000000e+00 0.000000000000000000e+00
3.809200000000000273e+03 0.000000000000000000e+00 0.000000000000000000e+00
3.809400000000000091e+03 4.000000000000000000e+00 0.000000000000000000e+00
3.809600000000000364e+03 4.000000000000000000e+00 0.000000000000000000e+00
3.809800000000000182e+03 4.000000000000000000e+00 0.000000000000000000e+00
3.810000000000000000e+03 5.656854249492380582e+00 0.000000000000000000e+00
3.810200000000000273e+03 5.656854249492380582e+00 0.000000000000000000e+00
3.810400000000000091e+03 5.656854249492380582e+00 0.000000000000000000e+00
3.810600000000000364e+03 5.656854249492380582e+00 0.000000000000000000e+00
3.810800000000000182e+03 4.000000000000000000e+00 0.000000000000000000e+00
3.811000000000000000e+03 4.000000000000000000e+00 0.000000000000000000e+00
3.811200000000000273e+03 4.000000000000000000e+00 0.000000000000000000e+00
3.811400000000000091e+03 0.000000000000000000e+00 0.000000000000000000e+00
3.811600000000000364e+03 0.000000000000000000e+00 0.000000000000000000e+00
3.811800000000000182e+03 0.000000000000000000e+00 0.000000000000000000e+00
3.812000000000000000e+03 0.000000000000000000e+00 2.800000000000000000e+11
3.812200000000000273e+03 4.000000000000000000e+00 2.800000000000000000e+11
3.812400000000000091e+03 4.000000000000000000e+00 2.800000000000000000e+11
3.812600000000000364e+03 4.000000000000000000e+00 2.800000000000000000e+11
3.812800000000000182e+03 5.656854249492380582e+00 2.800000000000000000e+11
3.813000000000000000e+03 5.656854249492380582e+00 2.800000000000000000e+11
3.813200000000000273e+03 5.656854249492380582e+00 2.800000000000000000e+11
3.813400000000000091e+03 5.656854249492380582e+00 2.800000000000000000e+11
3.813600000000000364e+03 4.000000000000000000e+00 2.800000000000000000e+11
3.813800000000000182e+03 4.000000000000000000e+00 2.800000000000000000e+11
3.814000000000000000e+03 4.000000000000000000e+00 2.800000000000000000e+11
3.814200000000000273e+03 0.000000000000000000e+00 2.800000000000000000e+11
3.814400000000000091e+03 0.000000000000000000e+00 2.800000000000000000e+11
3.814600000000000364e+03 0.000000000000000000e+00 2.800000000000000000e+11
3.814800000000000182e+03 0.000000000000000000e+00 2.800000000000000000e+11
3.815000000000000000e+03 4.000000000000000000e+00 2.800000000000000000e+11
3.815200000000000273e+03 4.000000000000000000e+00 2.800000000000000000e+11
3.815400000000000091e+03 4.000000000000000000e+00 2.800000000000000000e+11
3.815600000000000364e+03 5.656854249492380582e+00 2.800000000000000000e+11
3.815800000000000182e+03 5.656854249492380582e+00 2.800000000000000000e+11
3.816000000000000000e+03 5.656854249492380582e+00 0.000000000000000000e+00
3.816200000000000273e+03 5.656854249492380582e+00 0.000000000000000000e+00
3.816400000000000091e+03 4.000000000000000000e+00 0.000000000000000000e+00
3.816600000000000364e+03 4.000000000000000000e+00 0.000000000000000000e+00
3.816800000000000182e+03 4.000000000000000000e+00 0.000000000000000000e+00
3.817000000000000000e+03 0.000000000000000000e+00 0.000000000000000000e+00
3.817200000000000273e+03 0.000000000000000000e+00 0.000000000000000000e+00
3.817400000000000091e+03 0.000000000000000000e+00 0.000000000000000000e+00
3.817600000000000364e+03 4.000000000000000000e+00 0.000000000000000000e+00
3.817800000000000182e+03 4.000000000000000000e+00 0.000000000000000000e+00
3.818000000000000000e+03 4.000000000000000000e+00 0.000000000000000000e+00
3.818200000000000273e+03 4.000000000000000000e+00 0.000000000000000000e+00
3.818400000000000091e+03 5.656854249492380582e+00 0.000000000000000000e+00
3.818600000000000364e+03 5.656854249492380582e+00 0.000000000000000000e+00
3.818800000000000182e+03 5.656854249492380582e+00 0.000000000000000000e+00
3.819000000000000000e+03 4.000000000000000000e+00 0.000000000000000000e+00
3.819200000000000273e+03 4.000000000000000000e+00 0.000000000000000000e+00
3.819400000000000091e+03 4.000000000000000000e+00 0.000000000000000000e+00
3.819600000000000364e+03 0.000000000000000000e+00 0.000000000000000000e+00
3.819800000000000182e+03 0.000000000000000000e+00 0.000000000000000000e+00
3.820000000000000000e+03 0.000000000000000000e+00 2.800000000000000000e+11
3.820200000000000273e+03 0.000000000000000000e+00 2.800000000000000000e+11
3.820400000000000091e+03 4.000000000000000000e+00 2.800000000000000000e+11
3.820600000000000364e+03 4.000000000000000000e+00 2.800000000000000000e+11
3.820800000000000182e+03 4.000000000000000000e+00 2.800000000000000000e+11
3.821000000000000000e+03 5.656854249492380582e+00 2.800000000000000000e+11
3.821200000000000273e+03 5.656854249492380582e+00 2.800000000000000000e+11
3.821400000000000091e+03 5.656854249492380582e+00 2.800000000000000000e+11
3.821600000000000364e+03 5.656854249492380582e+00 2.800000000000000000e+11
3.821800000000000182e+03 4.000000000000000000e+00 2.800000000000000000e+11
3.822000000000000000e+03 4.000000000000000000e+00 2.800000000000000000e+11
3.822200000000000273e+03 4.000000000000000000e+00 2.800000000000000000e+11
3.822400000000000091e+03 0.000000000000000000e+00 2.800000000000000000e+11
3.822600000000000364e+03 0.000000000000000000e+00 2.800000000000000000e+11
3.822800000000000182e+03 0.000000000000000000e+00 2.800000000000000000e+11
3.823000000000000000e+03 0.000000000000000000e+00 2.800000000000000000e+11
3.823200000000000273e+03 4.000000000000000000e+00 2.800000000000000000e+11
3.823400000000000091e+03 4.000000000000000000e+00 2.800000000000000000e+11
3.823600000000000364e+03 4.000000000000000000e+00 2.800000000000000000e+11
3.823800000000000182e+03 4.000000000000000000e+00 2.800000000000000000e+11
3.824000000000000000e+03 5.656854249492380582e+00 0.000000000000000000e+00
3.824200000000000273e+03 5.656854249492380582e+00 0.000000000000000000e+00
3.824400000000000091e+03 5.656854249492380582e+00 0.000000000000000000e+00
3.824600000000000364e+03 4.000000000000000000e+00 0.000000000000000000e+00
3.824800000000000182e+03 4.000000000000000000e+00 0.000000000000000000e+00
3.825000000000000000e+03 4.000000000000000000e+00 0.000000000000000000e+00
3.825200000000000273e+03 4.000000000000000000e+00 0.000000000000000000e+00
3.825400000000000091e+03 0.000000000000000000e+00 0.000000000000000000e+00
3.825600000000000364e+03 0.000000000000000000e+00 0.000000000000000000e+00
3.825800000000000182e+03 0.000000000000000000e+00 0.000000000000000000e+00
3.826000000000000000e+03 4.000000000000000000e+00 0.000000000000000000e+00
3.826200000000000273e+03 4.000000000000000000e+00 0.000000000000000000e+00
3.826400000000000091e+03 4.000000000000000000e+00 0.000000000000000000e+00
3.826600000000000364e+03 5.656854249492380582e+00 0.000000000000000000e+00
3.826800000000000182e+03 5.656854249492380582e+00 0.000000000000000000e+00
3.827000000000000000e+03 5.656854249492380582e+00 0.000000000000000000e+00
3.827200000000000273e+03 5.656854249492380582e+00 0.000000000000000000e+00
3.827400000000000091e+03 4.000000000000000000e+00 0.000000000000000000e+00
3.827600000000000364e+03 4.000000000000000000e+00 0.000000000000000000e+00
3.827800000000000182e+03 4.000000000000000000e+00 0.000000000000000000e+00
3.828000000000000000e+03 0.000000000000000000e+00 2.800000000000000000e+11
3.828200000000000273e+03 0.000000000000000000e+00 2.800000000000000000e+11
3.828400000000000091e+03 0.000000000000000000e+00 2.800000000000000000e+11
3.828600000000000364e+03 4.000000000000000000e+00 2.800000000000000000e+11
3.828800000000000182e+03 4.000000000000000000e+00 2.800000000000000000e+11
3.829000000000000000e+03 4.000000000000000000e+00 2.800000000000000000e+11
3.829200000000000273e+03 4.000000000000000000e+00 2.800000000000000000e+11
3.829400000000000091e+03 5.656854249492380582e+00 2.800000000000000000e+11
3.829600000000000364e+03 5.656854249492380582e+00 2.800000000000000000e+11
3.829800000000000182e+03 5.656854249492380582e+00 2.800000000000000000e+11
3.830000000000000000e+03 4.000000000000000000e+00 2.800000000000000000e+11
3.830200000000000273e+03 4.000000000000000000e+00 2.800000000000000000e+11
3.830400000000000091e+03 4.000000000000000000e+00 2.800000000000000000e+11
3.830600000000000364e+03 5.656854249492380582e+00 2.800000000000000000e+11
3.830800000000000182e+03 5.656854249492380582e+00 2.800000000000000000e+11
3.831000000000000000e+03 4.000000000000000000e+00 2.800000000000000000e+11
3.831200000000000273e+03 4.000000000000000000e+00 2.800000000000000000e+11
3.831400000000000091e+03 4.000000000000000000e+00 2.800000000000000000e+11
3.831600000000000364e+03 4.000000000000000000e+00 2.800000000000000000e+11
3.831800000000000182e+03 5.656854249492380582e+00 2.800000000000000000e+11
3.832000000000000000e+03 5.656854249492380582e+00 0.000000000000000000e+00
3.832200000000000273e+03 5.656854249492380582e+00 0.000000000000000000e+00
3.832400000000000091e+03 5.656854249492380582e+00 0.000000000000000000e+00
3.832600000000000364e+03 4.000000000000000000e+00 0.000000000000000000e+00
3.832800000000000182e+03 4.000000000000000000e+00 0.000000000000000000e+00
3.833000000000000000e+03 5.656854249492380582e+00 0.000000000000000000e+00
3.833200000000000273e+03 5.656854249492380582e+00 0.000000000000000000e+00
3.833400000000000091e+03 5.656854249492380582e+00 0.000000000000000000e+00
3.833600000000000364e+03 4.000000000000000000e+00 0.000000000000000000e+00
3.833800000000000182e+03 4.000000000000000000e+00 0.000000000000000000e+00
3.834000000000000000e+03 4.000000000000000000e+00 0.000000000000000000e+00
3.834200000000000273e+03 4.000000000000000000e+00 0.000000000000000000e+00
3.834400000000000091e+03 5.656854249492380582e+00 0.000000000000000000e+00
3.834600000000000364e+03 5.656854249492380582e+00 0.000000000000000000e+00
3.834800000000000182e+03 4.000000000000000000e+00 0.000000000000000000e+00
3.835000000000000000e+03 4.000000000000000000e+00 0.000000000000000000e+00
3.835200000000000273e+03 4.000000000000000000e+00 0.000000000000000000e+00
3.835400000000000091e+03 5.656854249492380582e+00 0.000000000000000000e+00
3.835600000000000364e+03 5.656854249492380582e+00 0.000000000000000000e+00
3.835800000000000182e+03 5.656854249492380582e+00 0.000000000000000000e+00
3.836000000000000000e+03 4.000000000000000000e+00 2.800000000000000000e+11
3.836200000000000273e+03 4.000000000000000000e+00 2.800000000000000000e+11
3.836400000000000091e+03 4.000000000000000000e+00 2.800000000000000000e+11
3.836600000000000364e+03 4.000000000000000000e+00 2.800000000000000000e+11
3.836800000000000182e+03 5.656854249492380582e+00 2.800000000000000000e+11
3.837000000000000000e+03 5.656854249492380582e+00 2.800000000000000000e+11
3.837200000000000273e+03 4.000000000000000000e+00 2.800000000000000000e+11
3.837400000000000091e+03 4.000000000000000000e+00 2.800000000000000000e+11
3.837600000000000364e+03 4.000000000000000000e+00 2.800000000000000000e+11
3.837800000000000182e+03 4.000000000000000000e+00 2.800000000000000000e+11
3.838000000000000000e+03 5.656854249492380582e+00 2.800000000000000000e+11
3.838200000000000273e+03 5.656854249492380582e+00 2.800000000000000000e+11
3.838400000000000091e+03 5.656854249492380582e+00 2.800000000000000000e+11
3.838600000000000364e+03 4.000000000000000000e+00 2.800000000000000000e+11
3.838800000000000182e+03 4.000000000000000000e+00 2.800000000000000000e+11
3.839000000000000000e+03 5.656854249492380582e+00 2.800000000000000000e+11
3.839200000000000273e+03 4.000000000000000000e+00 2.800000000000000000e+11
3.839400000000000091e+03 5.656854249492380582e+00 2.800000000000000000e+11
3.839600000000000364e+03 4.000000000000000000e+00 2.800000000000000000e+11
3.839800000000000182e+03 4.000000000000000000e+00 2.800000000000000000e+11
