3.840000000000000000e+03 4.000000000000000000e+00 0.000000000000000000e+00
3.840200000000000273e+03 4.000000000000000000e+00 0.000000000000000000e+00
3.840400000000000091e+03 5.656854249492380582e+00 0.000000000000000000e+00
3.840600000000000364e+03 5.656854249492380582e+00 0.000000000000000000e+00
3.840800000000000182e+03 5.656854249492380582e+00 0.000000000000000000e+00
3.841000000000000000e+03 5.656854249492380582e+00 0.000000000000000000e+00
3.841200000000000273e+03 5.656854249492380582e+00 0.000000000000000000e+00
3.841400000000000091e+03 5.656854249492380582e+00 0.000000000000000000e+00
3.841600000000000364e+03 5.656854249492380582e+00 0.000000000000000000e+00
3.841800000000000182e+03 5.656854249492380582e+00 0.000000000000000000e+00
3.842000000000000000e+03 5.656854249492380582e+00 0.000000000000000000e+00
3.842200000000000273e+03 5.656854249492380582e+00 0.000000000000000000e+00
3.842400000000000091e+03 4.000000000000000000e+00 0.000000000000000000e+00
3.842600000000000364e+03 0.000000000000000000e+00 0.000000000000000000e+00
3.842800000000000182e+03 5.656854249492380582e+00 0.000000000000000000e+00
3.843000000000000000e+03 5.656854249492380582e+00 0.000000000000000000e+00
3.843200000000000273e+03 5.656854249492380582e+00 0.000000000000000000e+00
3.843400000000000091e+03 5.656854249492380582e+00 0.000000000000000000e+00
3.843600000000000364e+03 5.656854249492380582e+00 0.000000000000000000e+00
3.843800000000000182e+03 5.656854249492380582e+00 0.000000000000000000e+00
3.844000000000000000e+03 5.656854249492380582e+00 2.825000000000000000e+11
3.844200000000000273e+03 5.656854249492380582e+00 2.825000000000000000e+11
3.844400000000000091e+03 5.656854249492380582e+00 2.825000000000000000e+11
3.844600000000000364e+03 4.000000000000000000e+00 2.825000000000000000e+11
3.844800000000000182e+03 4.000000000000000000e+00 2.825000000000000000e+11
3.845000000000000000e+03 4.000000000000000000e+00 2.825000000000000000e+11
3.845200000000000273e+03 4.000000000000000000e+00 2.825000000000000000e+11
3.845400000000000091e+03 0.000000000000000000e+00 2.825000000000000000e+11
3.845600000000000364e+03 0.000000000000000000e+00 2.825000000000000000e+11
3.845800000000000182e+03 0.000000000000000000e+00 2.825000000000000000e+11
3.846000000000000000e+03 4.000000000000000000e+00 2.825000000000000000e+11
3.846200000000000273e+03 4.000000000000000000e+00 2.825000000000000000e+11
3.846400000000000091e+03 4.000000000000000000e+00 2.825000000000000000e+11
3.846600000000000364e+03 5.656854249492380582e+00 2.825000000000000000e+11
3.846800000000000182e+03 5.656854249492380582e+00 2.825000000000000000e+11
3.847000000000000000e+03 5.656854249492380582e+00 2.825000000000000000e+11
3.847200000000000273e+03 5.656854249492380582e+00 2.825000000000000000e+11
3.847400000000000091e+03 4.000000000000000000e+00 2.825000000000000000e+11
3.847600000000000364e+03 4.000000000000000000e+00 2.825000000000000000e+11
3.847800000000000182e+03 4.000000000000000000e+00 2.825000000000000000e+11
3.848000000000000000e+03 0.000000000000000000e+00 0.000000000000000000e+00
3.848200000000000273e+03 0.000000000000000000e+00 0.000000000000000000e+00
3.848400000000000091e+03 0.000000000000000000e+00 0.000000000000000000e+00
3.848600000000000364e+03 0.000000000000000000e+00 0.000000000000000000e+00
3.848800000000000182e+03 4.000000000000000000e+00 0.000000000000000000e+00
3.849000000000000000e+03 4.000000000000000000e+00 0.000000000000000000e+00
3.849200000000000273e+03 4.000000000000000000e+00 0.000000000000000000e+00
3.849400000000000091e+03 5.656854249492380582e+00 0.000000000000000000e+00
3.849600000000000364e+03 5.656854249492380582e+00 0.000000000000000000e+00
3.849800000000000182e+03 5.656854249492380582e+00 0.000000000000000000e+00
3.850000000000000000e+03 5.656854249492380582e+00 0.000000000000000000e+00
3.850200000000000273e+03 4.000000000000000000e+00 0.000000000000000000e+00
3.850400000000000091e+03 4.000000000000000000e+00 0.000000000000000000e+00
3.850600000000000364e+03 4.000000000000000000e+00 0.000000000000000000e+00
3.850800000000000182e+03 0.000000000000000000e+00 0.000000000000000000e+00
3.851000000000000000e+03 0.000000000000000000e+00 0.000000000000000000e+00
3.851200000000000273e+03 0.000000000000000000e+00 0.000000000000000000e+00
3.851400000000000091e+03 4.000000000000000000e+00 0.000000000000000000e+00
3.851600000000000364e+03 4.000000000000000000e+00 0.000000000000000000e+00
3.851800000000000182e+03 4.000000000000000000e+00 0.000000000000000000e+00
3.852000000000000000e+03 5.656854249492380582e+00 2.825000000000000000e+11
3.852200000000000273e+03 5.656854249492380582e+00 2.825000000000000000e+11
3.852400000000000091e+03 5.656854249492380582e+00 2.825000000000000000e+11
3.852600000000000364e+03 5.656854249492380582e+00 2.825000000000000000e+11
3.852800000000000182e+03 4.000000000000000000e+00 2.825000000000000000e+11
3.853000000000000000e+03 4.000000000000000000e+00 2.825000000000000000e+11
3.853200000000000273e+03 4.000000000000000000e+00 2.825000000000000000e+11
3.853400000000000091e+03 0.000000000000000000e+00 2.825000000000000000e+11
3.853600000000000364e+03 0.000000000000000000e+00 2.825000000000000000e+11
3.853800000000000182e+03 0.000000000000000000e+00 2.825000000000000000e+11
3.854000000000000000e+03 0.000000000000000000e+00 2.825000000000000000e+11
3.854200000000000273e+03 4.000000000000000000e+00 2.825000000000000000e+11
3.854400000000000091e+03 4.000000000000000000e+00 2.825000000000000000e+11
3.854600000000000364e+03 4.000000000000000000e+00 2.825000000000000000e+11
3.854800000000000182e+03 5.656854249492380582e+00 2.825000000000000000e+11
3.855000000000000000e+03 5.656854249492380582e+00 2.825000000000000000e+11
3.855200000000000273e+03 5.656854249492380582e+00 2.825000000000000000e+11
3.855400000000000091e+03 5.656854249492380582e+00 2.825000000000000000e+11
3.855600000000000364e+03 4.000000000000000000e+00 2.825000000000000000e+11
3.855800000000000182e+03 4.000000000000000000e+00 2.825000000000000000e+11
3.856000000000000000e+03 4.000000000000000000e+00 0.000000000000000000e+00
3.856200000000000273e+03 0.000000000000000000e+00 0.000000000000000000e+00
3.856400000000000091e+03 0.000000000000000000e+00 0.000000000000000000e+00
3.856600000000000364e+03 0.000000000000000000e+00 0.000000000000000000e+00
3.856800000000000182e+03 0.000000000000000000e+00 0.000000000000000000e+00
3.857000000000000000e+03 4.000000000000000000e+00 0.000000000000000000e+00
3.857200000000000273e+03 4.000000000000000000e+00 0.000000000000000000e+00
3.857400000000000091e+03 4.000000000000000000e+00 0.000000000000000000e+00
3.857600000000000364e+03 5.656854249492380582e+00 0.000000000000000000e+00
3.857800000000000182e+03 5.656854249492380582e+00 0.000000000000000000e+00
3.858000000000000000e+03 5.656854249492380582e+00 0.000000000000000000e+00
3.858200000000000273e+03 4.000000000000000000e+00 0.000000000000000000e+00
3.858400000000000091e+03 4.000000000000000000e+00 0.000000000000000000e+00
3.858600000000000364e+03 4.000000000000000000e+00 0.000000000000000000e+00
3.858800000000000182e+03 4.000000000000000000e+00 0.000000000000000000e+00
3.859000000000000000e+03 0.000000000000000000e+00 0.000000000000000000e+00
3.859200000000000273e+03 0.000000000000000000e+00 0.000000000000000000e+00
3.859400000000000091e+03 0.000000000000000000e+00 0.000000000000000000e+00
3.859600000000000364e+03 4.000000000000000000e+00 0.000000000000000000e+00
3.859800000000000182e+03 4.000000000000000000e+00 0.000000000000000000e+00
3.860000000000000000e+03 4.000000000000000000e+00 2.825000000000000000e+11
3.860200000000000273e+03 4.000000000000000000e+00 2.825000000000000000e+11
3.860400000000000091e+03 5.656854249492380582e+00 2.825000000000000000e+11
3.860600000000000364e+03 5.656854249492380582e+00 2.825000000000000000e+11
3.860800000000000182e+03 5.656854249492380582e+00 2.825000000000000000e+11
3.861000000000000000e+03 4.000000000000000000e+00 2.825000000000000000e+11
3.861200000000000273e+03 4.000000000000000000e+00 2.825000000000000000e+11
3.861400000000000091e+03 4.000000000000000000e+00 2.825000000000000000e+11
3.861600000000000364e+03 0.000000000000000000e+00 2.825000000000000000e+11
3.861800000000000182e+03 0.000000000000000000e+00 2.825000000000000000e+11
3.862000000000000000e+03 0.000000000000000000e+00 2.825000000000000000e+11
3.862200000000000273e+03 0.000000000000000000e+00 2.825000000000000000e+11
3.862400000000000091e+03 4.000000000000000000e+00 2.825000000000000000e+11
3.862600000000000364e+03 4.000000000000000000e+00 2.825000000000000000e+11
3.862800000000000182e+03 4.000000000000000000e+00 2.825000000000000000e+11
3.863000000000000000e+03 5.656854249492380582e+00 2.825000000000000000e+11
3.863200000000000273e+03 5.656854249492380582e+00 2.825000000000000000e+11
3.863400000000000091e+03 5.656854249492380582e+00 2.825000000000000000e+11
3.863600000000000364e+03 5.656854249492380582e+00 2.825000000000000000e+11
3.863800000000000182e+03 4.000000000000000000e+00 2.825000000000000000e+11
3.864000000000000000e+03 4.000000000000000000e+00 0.000000000000000000e+00
3.864200000000000273e+03 4.000000000000000000e+00 0.000000000000000000e+00
3.864400000000000091e+03 0.000000000000000000e+00 0.000000000000000000e+00
3.864600000000000364e+03 0.000000000000000000e+00 0.000000000000000000e+00
3.864800000000000182e+03 0.000000000000000000e+00 0.000000000000000000e+00
3.865000000000000000e+03 0.000000000000000000e+00 0.000000000000000000e+00
3.865200000000000273e+03 4.000000000000000000e+00 0.000000000000000000e+00
3.865400000000000091e+03 4.000000000000000000e+00 0.000000000000000000e+00
3.865600000000000364e+03 4.000000000000000000e+00 0.000000000000000000e+00
3.865800000000000182e+03 5.656854249492380582e+00 0.000000000000000000e+00
3.866000000000000000e+03 5.656854249492380582e+00 0.000000000000000000e+00
3.866200000000000273e+03 5.656854249492380582e+00 0.000000000000000000e+00
3.866400000000000091e+03 4.000000000000000000e+00 0.000000000000000000e+00
3.866600000000000364e+03 4.000000000000000000e+00 0.000000000000000000e+00
3.866800000000000182e+03 4.000000000000000000e+00 0.000000000000000000e+00
3.867000000000000000e+03 4.000000000000000000e+00 0.000000000000000000e+00
3.867200000000000273e+03 0.000000000000000000e+00 0.000000000000000000e+00
3.867400000000000091e+03 0.000000000000000000e+00 0.000000000000000000e+00
3.867600000000000364e+03 0.000000000000000000e+00 0.000000000000000000e+00
3.867800000000000182e+03 4.000000000000000000e+00 0.000000000000000000e+00
3.868000000000000000e+03 4.000000000000000000e+00 2.825000000000000000e+11
3.868200000000000273e+03 4.000000000000000000e+00 2.825000000000000000e+11
3.868400000000000091e+03 4.000000000000000000e+00 2.825000000000000000e+11
3.868600000000000364e+03 5.656854249492380582e+00 2.825000000000000000e+11
3.868800000000000182e+03 5.656854249492380582e+00 2.825000000000000000e+11
3.869000000000000000e+03 5.656854249492380582e+00 2.825000000000000000e+11
3.869200000000000273e+03 4.000000000000000000e+00 2.825000000000000000e+11
3.869400000000000091e+03 4.000000000000000000e+00 2.825000000000000000e+11
3.869600000000000364e+03 4.000000000000000000e+00 2.825000000000000000e+11
3.869800000000000182e+03 4.000000000000000000e+00 2.825000000000000000e+11
3.870000000000000000e+03 0.000000000000000000e+00 2.825000000000000000e+11
3.870200000000000273e+03 0.000000000000000000e+00 2.825000000000000000e+11
3.870400000000000091e+03 0.000000000000000000e+00 2.825000000000000000e+11
3.870600000000000364e+03 4.000000000000000000e+00 2.825000000000000000e+11
3.870800000000000182e+03 4.000000000000000000e+00 2.825000000000000000e+11
3.871000000000000000e+03 4.000000000000000000e+00 2.825000000000000000e+11
3.871200000000000273e+03 4.000000000000000000e+00 2.825000000000000000e+11
3.871400000000000091e+03 5.656854249492380582e+00 2.825000000000000000e+11
3.871600000000000364e+03 5.656854249492380582e+00 2.825000000000000000e+11
3.871800000000000182e+03 5.656854249492380582e+00 2.825000000000000000e+11
3.872000000000000000e+03 4.000000000000000000e+00 0.000000000000000000e+00
3.872200000000000273e+03 4.000000000000000000e+00 0.000000000000000000e+00
3.872400000000000091e+03 4.000000000000000000e+00 0.000000000000000000e+00
3.872600000000000364e+03 0.000000000000000000e+00 0.000000000000000000e+00
3.872800000000000182e+03 0.000000000000000000e+00 0.000000000000000000e+00
3.873000000000000000e+03 0.000000000000000000e+00 0.000000000000000000e+00
3.873200000000000273e+03 0.000000000000000000e+00 0.000000000000000000e+00
3.873400000000000091e+03 4.000000000000000000e+00 0.000000000000000000e+00
3.873600000000000364e+03 4.000000000000000000e+00 0.000000000000000000e+00
3.873800000000000182e+03 4.000000000000000000e+00 0.000000000000000000e+00
3.874000000000000000e+03 5.656854249492380582e+00 0.000000000000000000e+00
3.874200000000000273e+03 5.656854249492380582e+00 0.000000000000000000e+00
3.874400000000000091e+03 5.656854249492380582e+00 0.000000000000000000e+00
3.874600000000000364e+03 5.656854249492380582e+00 0.000000000000000000e+00
3.874800000000000182e+03 4.000000000000000000e+00 0.000000000000000000e+00
3.875000000000000000e+03 4.000000000000000000e+00 0.000000000000000000e+00
3.875200000000000273e+03 4.000000000000000000e+00 0.000000000000000000e+00
3.875400000000000091e+03 0.000000000000000000e+00 0.000000000000000000e+00
3.875600000000000364e+03 0.000000000000000000e+00 0.000000000000000000e+00
3.875800000000000182e+03 0.000000000000000000e+00 0.000000000000000000e+00
3.876000000000000000e+03 4.000000000000000000e+00 2.825000000000000000e+11
3.876200000000000273e+03 4.000000000000000000e+00 2.825000000000000000e+11
3.876400000000000091e+03 4.000000000000000000e+00 2.825000000000000000e+11
3.876600000000000364e+03 4.000000000000000000e+00 2.825000000000000000e+11
3.876800000000000182e+03 5.656854249492380582e+00 2.825000000000000000e+11
3.877000000000000000e+03 5.656854249492380582e+00 2.825000000000000000e+11
3.877200000000000273e+03 5.656854249492380582e+00 2.825000000000000000e+11
3.877400000000000091e+03 4.000000000000000000e+00 2.825000000000000000e+11
3.877600000000000364e+03 4.000000000000000000e+00 2.825000000000000000e+11
3.877800000000000182e+03 4.000000000000000000e+00 2.825000000000000000e+11
3.878000000000000000e+03 4.000000000000000000e+00 2.825000000000000000e+11
3.878200000000000273e+03 0.000000000000000000e+00 2.825000000000000000e+11
3.878400000000000091e+03 0.000000000000000000e+00 2.825000000000000000e+11
3.878600000000000364e+03 0.000000000000000000e+00 2.825000000000000000e+11
3.878800000000000182e+03 4.000000000000000000e+00 2.825000000000000000e+11
3.879000000000000000e+03 4.000000000000000000e+00 2.825000000000000000e+11
3.879200000000000273e+03 4.000000000000000000e+00 2.825000000000000000e+11
3.879400000000000091e+03 4.000000000000000000e+00 2.825000000000000000e+11
3.879600000000000364e+03 5.656854249492380582e+00 2.825000000000000000e+11
3.879800000000000182e+03 5.656854249492380582e+00 2.825000000000000000e+11
3.880000000000000000e+03 5.656854249492380582e+00 0.000000000000000000e+00
3.880200000000000273e+03 4.000000000000000000e+00 0.000000000000000000e+00
3.880400000000000091e+03 4.000000000000000000e+00 0.000000000000000000e+00
3.880600000000000364e+03 4.000000000000000000e+00 0.000000000000000000e+00
3.880800000000000182e+03 4.000000000000000000e+00 0.000000000000000000e+00
3.881000000000000000e+03 0.000000000000000000e+00 0.000000000000000000e+00
3.881200000000000273e+03 0.000000000000000000e+00 0.000000000000000000e+00
3.881400000000000091e+03 0.000000000000000000e+00 0.000000000000000000e+00
3.881600000000000364e+03 4.000000000000000000e+00 0.000000000000000000e+00
3.881800000000000182e+03 4.000000000000000000e+00 0.000000000000000000e+00
3.882000000000000000e+03 4.000000000000000000e+00 0.000000000000000000e+00
3.882200000000000273e+03 4.000000000000000000e+00 0.000000000000000000e+00
3.882400000000000091e+03 5.656854249492380582e+00 0.000000000000000000e+00
3.882600000000000364e+03 5.656854249492380582e+00 0.000000000000000000e+00
3.882800000000000182e+03 5.656854249492380582e+00 0.000000000000000000e+00
3.883000000000000000e+03 4.000000000000000000e+00 0.000000000000000000e+00
3.883200000000000273e+03 4.000000000000000000e+00 0.000000000000000000e+00
3.883400000000000091e+03 4.000000000000000000e+00 0.000000000000000000e+00
3.883600000000000364e+03 4.000000000000000000e+00 0.000000000000000000e+00
3.883800000000000182e+03 0.000000000000000000e+00 0.000000000000000000e+00
3.884000000000000000e+03 0.000000000000000000e+00 2.825000000000000000e+11
3.884200000000000273e+03 0.000000000000000000e+00 2.825000000000000000e+11
3.884400000000000091e+03 4.000000000000000000e+00 2.825000000000000000e+11
3.884600000000000364e+03 4.000000000000000000e+00 2.825000000000000000e+11
3.884800000000000182e+03 4.000000000000000000e+00 2.825000000000000000e+11
3.885000000000000000e+03 4.000000000000000000e+00 2.825000000000000000e+11
3.885200000000000273e+03 5.656854249492380582e+00 2.825000000000000000e+11
3.885400000000000091e+03 5.656854249492380582e+00 2.825000000000000000e+11
3.885600000000000364e+03 5.656854249492380582e+00 2.825000000000000000e+11
3.885800000000000182e+03 5.656854249492380582e+00 2.825000000000000000e+11
3.886000000000000000e+03 4.000000000000000000e+00 2.825000000000000000e+11
3.886200000000000273e+03 4.000000000000000000e+00 2.825000000000000000e+11
3.886400000000000091e+03 4.000000000000000000e+00 2.825000000000000000e+11
3.886600000000000364e+03 5.656854249492380582e+00 2.825000000000000000e+11
3.886800000000000182e+03 4.000000000000000000e+00 2.825000000000000000e+11
3.887000000000000000e+03 4.000000000000000000e+00 2.825000000000000000e+11
3.887200000000000273e+03 4.000000000000000000e+00 2.825000000000000000e+11
3.887400000000000091e+03 8.000000000000000000e+00 2.825000000000000000e+11
3.887600000000000364e+03 8.944271909999159220e+00 2.825000000000000000e+11
3.887800000000000182e+03 1.131370849898476116e+01 2.825000000000000000e+11
3.888000000000000000e+03 1.264911064067351809e+01 0.000000000000000000e+00
3.888200000000000273e+03 1.200000000000000000e+01 0.000000000000000000e+00
3.888400000000000091e+03 1.442220510185595650e+01 0.000000000000000000e+00
3.888600000000000364e+03 1.697056274847713908e+01 0.000000000000000000e+00
3.888800000000000182e+03 1.442220510185595650e+01 0.000000000000000000e+00
3.889000000000000000e+03 1.200000000000000000e+01 0.000000000000000000e+00
3.889200000000000273e+03 1.264911064067351809e+01 0.000000000000000000e+00
3.889400000000000091e+03 1.131370849898476116e+01 0.000000000000000000e+00
3.889600000000000364e+03 8.944271909999159220e+00 0.000000000000000000e+00
3.889800000000000182e+03 8.000000000000000000e+00 0.000000000000000000e+00
3.890000000000000000e+03 8.944271909999159220e+00 0.000000000000000000e+00
3.890200000000000273e+03 8.944271909999159220e+00 0.000000000000000000e+00
3.890400000000000091e+03 8.000000000000000000e+00 0.000000000000000000e+00
3.890600000000000364e+03 8.944271909999159220e+00 0.000000000000000000e+00
3.890800000000000182e+03 1.131370849898476116e+01 0.000000000000000000e+00
3.891000000000000000e+03 1.264911064067351809e+01 0.000000000000000000e+00
3.891200000000000273e+03 1.200000000000000000e+01 0.000000000000000000e+00
3.891400000000000091e+03 1.264911064067351809e+01 0.000000000000000000e+00
3.891600000000000364e+03 1.442220510185595650e+01 0.000000000000000000e+00
3.891800000000000182e+03 1.442220510185595650e+01 0.000000000000000000e+00
3.892000000000000000e+03 1.264911064067351809e+01 2.825000000000000000e+11
3.892200000000000273e+03 1.200000000000000000e+01 2.825000000000000000e+11
3.892400000000000091e+03 1.442220510185595650e+01 2.825000000000000000e+11
3.892600000000000364e+03 1.442220510185595650e+01 2.825000000000000000e+11
3.892800000000000182e+03 1.649242250247064234e+01 2.825000000000000000e+11
3.893000000000000000e+03 1.649242250247064234e+01 2.825000000000000000e+11
3.893200000000000273e+03 2.000000000000000000e+01 2.825000000000000000e+11
3.893400000000000091e+03 2.154065922853801496e+01 2.825000000000000000e+11
3.893600000000000364e+03 2.800000000000000000e+01 2.825000000000000000e+11
3.893800000000000182e+03 3.224903099319419653e+01 2.825000000000000000e+11
3.894000000000000000e+03 3.687817782917154830e+01 2.825000000000000000e+11
3.894200000000000273e+03 4.176122603564220270e+01 2.825000000000000000e+11
3.894400000000000091e+03 4.816637831516918311e+01 2.825000000000000000e+11
3.894600000000000364e+03 5.727128425310541360e+01 2.825000000000000000e+11
3.894800000000000182e+03 6.511528238439882443e+01 2.825000000000000000e+11
3.895000000000000000e+03 7.211102550927978427e+01 2.825000000000000000e+11
3.895200000000000273e+03 8.009993757800314995e+01 2.825000000000000000e+11
3.895400000000000091e+03 8.944271909999159220e+01 2.825000000000000000e+11
3.895600000000000364e+03 9.935793878699377046e+01 2.825000000000000000e+11
3.895800000000000182e+03 1.115706054478508236e+02 2.825000000000000000e+11
3.896000000000000000e+03 1.256025477448606580e+02 0.000000000000000000e+00
3.896200000000000273e+03 1.232233744059949032e+02 0.000000000000000000e+00
3.896400000000000091e+03 1.235475616918440096e+02 0.000000000000000000e+00
3.896600000000000364e+03 1.240644993541665855e+02 0.000000000000000000e+00
3.896800000000000182e+03 1.218523696938225385e+02 0.000000000000000000e+00
3.897000000000000000e+03 1.219180052330253687e+02 0.000000000000000000e+00
3.897200000000000273e+03 1.203328716519305885e+02 0.000000000000000000e+00
3.897400000000000091e+03 1.216552506059643974e+02 0.000000000000000000e+00
3.897600000000000364e+03 1.209297316626477965e+02 0.000000000000000000e+00
3.897800000000000182e+03 1.221147001797899776e+02 0.000000000000000000e+00
3.898000000000000000e+03 1.170982493464355798e+02 0.000000000000000000e+00
3.898200000000000273e+03 1.176435293588219366e+02 0.000000000000000000e+00
3.898400000000000091e+03 1.132784180680503709e+02 0.000000000000000000e+00
3.898600000000000364e+03 1.114271062174729536e+02 0.000000000000000000e+00
3.898800000000000182e+03 1.082958909654470716e+02 0.000000000000000000e+00
3.899000000000000000e+03 1.091787525116494493e+02 0.000000000000000000e+00
3.899200000000000273e+03 1.065082156455547846e+02 0.000000000000000000e+00
3.899400000000000091e+03 1.052235715037272428e+02 0.000000000000000000e+00
3.899600000000000364e+03 1.077032961426900783e+02 0.000000000000000000e+00
3.899800000000000182e+03 1.076289923765896788e+02 0.000000000000000000e+00
3.900000000000000000e+03 1.056030302595526820e+02 2.825000000000000000e+11
3.900200000000000273e+03 1.200000000000000000e+02 2.825000000000000000e+11
3.900400000000000091e+03 1.360588108135596030e+02 2.825000000000000000e+11
3.900600000000000364e+03 1.557947367532035798e+02 2.825000000000000000e+11
3.900800000000000182e+03 1.431083505599865475e+02 2.825000000000000000e+11
3.901000000000000000e+03 1.305986217385160728e+02 2.825000000000000000e+11
3.901200000000000273e+03 1.088117640698835515e+02 2.825000000000000000e+11
3.901400000000000091e+03 9.633275663033836622e+01 2.825000000000000000e+11
3.901600000000000364e+03 8.049844718999243298e+01 2.825000000000000000e+11
3.901800000000000182e+03 6.811754546370561059e+01 2.825000000000000000e+11
3.902000000000000000e+03 5.824087911424414443e+01 2.825000000000000000e+11
3.902200000000000273e+03 5.215361924162119323e+01 2.825000000000000000e+11
3.902400000000000091e+03 4.118252056394800320e+01 2.825000000000000000e+11
3.902600000000000364e+03 3.773592452822641263e+01 2.825000000000000000e+11
3.902800000000000182e+03 3.224903099319419653e+01 2.825000000000000000e+11
3.903000000000000000e+03 2.912043955712207222e+01 2.825000000000000000e+11
3.903200000000000273e+03 2.561249694973139412e+01 2.825000000000000000e+11
3.903400000000000091e+03 2.332380757938120297e+01 2.825000000000000000e+11
3.903600000000000364e+03 2.039607805437113797e+01 2.825000000000000000e+11
3.903800000000000182e+03 2.039607805437113797e+01 2.825000000000000000e+11
3.904000000000000000e+03 2.000000000000000000e+01 0.000000000000000000e+00
3.904200000000000273e+03 2.000000000000000000e+01 0.000000000000000000e+00
3.904400000000000091e+03 1.649242250247064234e+01 0.000000000000000000e+00
3.904600000000000364e+03 1.600000000000000000e+01 0.000000000000000000e+00
3.904800000000000182e+03 1.442220510185595650e+01 0.000000000000000000e+00
3.905000000000000000e+03 1.442220510185595650e+01 0.000000000000000000e+00
3.905200000000000273e+03 1.264911064067351809e+01 0.000000000000000000e+00
3.905400000000000091e+03 1.264911064067351809e+01 0.000000000000000000e+00
3.905600000000000364e+03 1.131370849898476116e+01 0.000000000000000000e+00
3.905800000000000182e+03 1.264911064067351809e+01 0.000000000000000000e+00
3.906000000000000000e+03 1.264911064067351809e+01 0.000000000000000000e+00
3.906200000000000273e+03 1.442220510185595650e+01 0.000000000000000000e+00
3.906400000000000091e+03 1.442220510185595650e+01 0.000000000000000000e+00
3.906600000000000364e+03 1.649242250247064234e+01 0.000000000000000000e+00
3.906800000000000182e+03 1.649242250247064234e+01 0.000000000000000000e+00
3.907000000000000000e+03 1.442220510185595650e+01 0.000000000000000000e+00
3.907200000000000273e+03 1.697056274847713908e+01 0.000000000000000000e+00
3.907400000000000091e+03 1.649242250247064234e+01 0.000000000000000000e+00
3.907600000000000364e+03 1.600000000000000000e+01 0.000000000000000000e+00
3.907800000000000182e+03 1.264911064067351809e+01 0.000000000000000000e+00
3.908000000000000000e+03 1.131370849898476116e+01 2.825000000000000000e+11
3.908200000000000273e+03 8.944271909999159220e+00 2.825000000000000000e+11
3.908400000000000091e+03 8.000000000000000000e+00 2.825000000000000000e+11
3.908600000000000364e+03 5.656854249492380582e+00 2.825000000000000000e+11
3.908800000000000182e+03 4.000000000000000000e+00 2.825000000000000000e+11
3.909000000000000000e+03 4.000000000000000000e+00 2.825000000000000000e+11
3.909200000000000273e+03 5.656854249492380582e+00 2.825000000000000000e+11
3.909400000000000091e+03 4.000000000000000000e+00 2.825000000000000000e+11
3.909600000000000364e+03 4.000000000000000000e+00 2.825000000000000000e+11
3.909800000000000182e+03 4.000000000000000000e+00 2.825000000000000000e+11
3.910000000000000000e+03 5.656854249492380582e+00 2.825000000000000000e+11
3.910200000000000273e+03 5.656854249492380582e+00 2.825000000000000000e+11
3.910400000000000091e+03 5.656854249492380582e+00 2.825000000000000000e+11
3.910600000000000364e+03 5.656854249492380582e+00 2.825000000000000000e+11
3.910800000000000182e+03 4.000000000000000000e+00 2.825000000000000000e+11
3.911000000000000000e+03 4.000000000000000000e+00 2.825000000000000000e+11
3.911200000000000273e+03 4.000000000000000000e+00 2.825000000000000000e+11
3.911400000000000091e+03 4.000000000000000000e+00 2.825000000000000000e+11
3.911600000000000364e+03 0.000000000000000000e+00 2.825000000000000000e+11
3.911800000000000182e+03 0.000000000000000000e+00 2.825000000000000000e+11
3.912000000000000000e+03 0.000000000000000000e+00 0.000000000000000000e+00
3.912200000000000273e+03 4.000000000000000000e+00 0.000000000000000000e+00
3.912400000000000091e+03 4.000000000000000000e+00 0.000000000000000000e+00
3.912600000000000364e+03 4.000000000000000000e+00 0.000000000000000000e+00
3.912800000000000182e+03 4.000000000000000000e+00 0.000000000000000000e+00
3.913000000000000000e+03 5.656854249492380582e+00 0.000000000000000000e+00
3.913200000000000273e+03 5.656854249492380582e+00 0.000000000000000000e+00
3.913400000000000091e+03 5.656854249492380582e+00 0.000000000000000000e+00
3.913600000000000364e+03 4.000000000000000000e+00 0.000000000000000000e+00
3.913800000000000182e+03 4.000000000000000000e+00 0.000000000000000000e+00
3.914000000000000000e+03 4.000000000000000000e+00 0.000000000000000000e+00
3.914200000000000273e+03 0.000000000000000000e+00 0.000000000000000000e+00
3.914400000000000091e+03 0.000000000000000000e+00 0.000000000000000000e+00
3.914600000000000364e+03 0.000000000000000000e+00 0.000000000000000000e+00
3.914800000000000182e+03 0.000000000000000000e+00 0.000000000000000000e+00
3.915000000000000000e+03 4.000000000000000000e+00 0.000000000000000000e+00
3.915200000000000273e+03 4.000000000000000000e+00 0.000000000000000000e+00
3.915400000000000091e+03 4.000000000000000000e+00 0.000000000000000000e+00
3.915600000000000364e+03 5.656854249492380582e+00 0.000000000000000000e+00
3.915800000000000182e+03 5.656854249492380582e+00 0.000000000000000000e+00
3.916000000000000000e+03 5.656854249492380582e+00 2.825000000000000000e+11
3.916200000000000273e+03 5.656854249492380582e+00 2.825000000000000000e+11
3.916400000000000091e+03 4.000000000000000000e+00 2.825000000000000000e+11
3.916600000000000364e+03 4.000000000000000000e+00 2.825000000000000000e+11
3.916800000000000182e+03 4.000000000000000000e+00 2.825000000000000000e+11
3.917000000000000000e+03 0.000000000000000000e+00 2.825000000000000000e+11
3.917200000000000273e+03 0.000000000000000000e+00 2.825000000000000000e+11
3.917400000000000091e+03 0.000000000000000000e+00 2.825000000000000000e+11
3.917600000000000364e+03 0.000000000000000000e+00 2.825000000000000000e+11
3.917800000000000182e+03 4.000000000000000000e+00 2.825000000000000000e+11
3.918000000000000000e+03 4.000000000000000000e+00 2.825000000000000000e+11
3.918200000000000273e+03 4.000000000000000000e+00 2.825000000000000000e+11
3.918400000000000091e+03 5.656854249492380582e+00 2.825000000000000000e+11
3.918600000000000364e+03 5.656854249492380582e+00 2.825000000000000000e+11
3.918800000000000182e+03 5.656854249492380582e+00 2.825000000000000000e+11
3.919000000000000000e+03 5.656854249492380582e+00 2.825000000000000000e+11
3.919200000000000273e+03 4.000000000000000000e+00 2.825000000000000000e+11
3.919400000000000091e+03 4.000000000000000000e+00 2.825000000000000000e+11
3.919600000000000364e+03 4.000000000000000000e+00 2.825000000000000000e+11
3.919800000000000182e+03 0.000000000000000000e+00 2.825000000000000000e+11
3.920000000000000000e+03 0.000000000000000000e+00 0.000000000000000000e+00
3.920200000000000273e+03 0.000000000000000000e+00 0.000000000000000000e+00
3.920400000000000091e+03 0.000000000000000000e+00 0.000000000000000000e+00
3.920600000000000364e+03 4.000000000000000000e+00 0.000000000000000000e+00
3.920800000000000182e+03 4.000000000000000000e+00 0.000000000000000000e+00
3.921000000000000000e+03 4.000000000000000000e+00 0.000000000000000000e+00
3.921200000000000273e+03 5.656854249492380582e+00 0.000000000000000000e+00
3.921400000000000091e+03 5.656854249492380582e+00 0.000000000000000000e+00
3.921600000000000364e+03 5.656854249492380582e+00 0.000000000000000000e+00
3.921800000000000182e+03 5.656854249492380582e+00 0.000000000000000000e+00
3.922000000000000000e+03 4.000000000000000000e+00 0.000000000000000000e+00
3.922200000000000273e+03 4.000000000000000000e+00 0.000000000000000000e+00
3.922400000000000091e+03 4.000000000000000000e+00 0.000000000000000000e+00
3.922600000000000364e+03 0.000000000000000000e+00 0.000000000000000000e+00
3.922800000000000182e+03 0.000000000000000000e+00 0.000000000000000000e+00
3.923000000000000000e+03 0.000000000000000000e+00 0.000000000000000000e+00
3.923200000000000273e+03 4.000000000000000000e+00 0.000000000000000000e+00
3.923400000000000091e+03 4.000000000000000000e+00 0.000000000000000000e+00
3.923600000000000364e+03 4.000000000000000000e+00 0.000000000000000000e+00
3.923800000000000182e+03 4.000000000000000000e+00 0.000000000000000000e+00
3.924000000000000000e+03 5.656854249492380582e+00 2.825000000000000000e+11
3.924200000000000273e+03 5.656854249492380582e+00 2.825000000000000000e+11
3.924400000000000091e+03 5.656854249492380582e+00 2.825000000000000000e+11
3.924600000000000364e+03 4.000000000000000000e+00 2.825000000000000000e+11
3.924800000000000182e+03 4.000000000000000000e+00 2.825000000000000000e+11
3.925000000000000000e+03 4.000000000000000000e+00 2.825000000000000000e+11
3.925200000000000273e+03 4.000000000000000000e+00 2.825000000000000000e+11
3.925400000000000091e+03 0.000000000000000000e+00 2.825000000000000000e+11
3.925600000000000364e+03 0.000000000000000000e+00 2.825000000000000000e+11
3.925800000000000182e+03 0.000000000000000000e+00 2.825000000000000000e+11
3.926000000000000000e+03 4.000000000000000000e+00 2.825000000000000000e+11
3.926200000000000273e+03 4.000000000000000000e+00 2.825000000000000000e+11
3.926400000000000091e+03 4.000000000000000000e+00 2.825000000000000000e+11
3.926600000000000364e+03 4.000000000000000000e+00 2.825000000000000000e+11
3.926800000000000182e+03 5.656854249492380582e+00 2.825000000000000000e+11
3.927000000000000000e+03 5.656854249492380582e+00 2.825000000000000000e+11
3.927200000000000273e+03 5.656854249492380582e+00 2.825000000000000000e+11
3.927400000000000091e+03 4.000000000000000000e+00 2.825000000000000000e+11
3.927600000000000364e+03 4.000000000000000000e+00 2.825000000000000000e+11
3.927800000000000182e+03 4.000000000000000000e+00 2.825000000000000000e+11
3.928000000000000000e+03 4.000000000000000000e+00 0.000000000000000000e+00
3.928200000000000273e+03 0.000000000000000000e+00 0.000000000000000000e+00
3.928400000000000091e+03 0.000000000000000000e+00 0.000000000000000000e+00
3.928600000000000364e+03 0.000000000000000000e+00 0.000000000000000000e+00
3.928800000000000182e+03 4.000000000000000000e+00 0.000000000000000000e+00
3.929000000000000000e+03 4.000000000000000000e+00 0.000000000000000000e+00
3.929200000000000273e+03 4.000000000000000000e+00 0.000000000000000000e+00
3.929400000000000091e+03 5.656854249492380582e+00 0.000000000000000000e+00
3.929600000000000364e+03 5.656854249492380582e+00 0.000000000000000000e+00
3.929800000000000182e+03 5.656854249492380582e+00 0.000000000000000000e+00
3.930000000000000000e+03 5.656854249492380582e+00 0.000000000000000000e+00
3.930200000000000273e+03 4.000000000000000000e+00 0.000000000000000000e+00
3.930400000000000091e+03 4.000000000000000000e+00 0.000000000000000000e+00
3.930600000000000364e+03 4.000000000000000000e+00 0.000000000000000000e+00
3.930800000000000182e+03 0.000000000000000000e+00 0.000000000000000000e+00
3.931000000000000000e+03 0.000000000000000000e+00 0.000000000000000000e+00
3.931200000000000273e+03 0.000000000000000000e+00 0.000000000000000000e+00
3.931400000000000091e+03 0.000000000000000000e+00 0.000000000000000000e+00
3.931600000000000364e+03 4.000000000000000000e+00 0.000000000000000000e+00
3.931800000000000182e+03 4.000000000000000000e+00 0.000000000000000000e+00
3.932000000000000000e+03 4.000000000000000000e+00 2.825000000000000000e+11
3.932200000000000273e+03 5.656854249492380582e+00 2.825000000000000000e+11
3.932400000000000091e+03 5.656854249492380582e+00 2.825000000000000000e+11
3.932600000000000364e+03 5.656854249492380582e+00 2.825000000000000000e+11
3.932800000000000182e+03 5.656854249492380582e+00 2.825000000000000000e+11
3.933000000000000000e+03 4.000000000000000000e+00 2.825000000000000000e+11
3.933200000000000273e+03 4.000000000000000000e+00 2.825000000000000000e+11
3.933400000000000091e+03 4.000000000000000000e+00 2.825000000000000000e+11
3.933600000000000364e+03 0.000000000000000000e+00 2.825000000000000000e+11
3.933800000000000182e+03 0.000000000000000000e+00 2.825000000000000000e+11
3.934000000000000000e+03 0.000000000000000000e+00 2.825000000000000000e+11
3.934200000000000273e+03 4.000000000000000000e+00 2.825000000000000000e+11
3.934400000000000091e+03 4.000000000000000000e+00 2.825000000000000000e+11
3.934600000000000364e+03 4.000000000000000000e+00 2.825000000000000000e+11
3.934800000000000182e+03 4.000000000000000000e+00 2.825000000000000000e+11
3.935000000000000000e+03 5.656854249492380582e+00 2.825000000000000000e+11
3.935200000000000273e+03 5.656854249492380582e+00 2.825000000000000000e+11
3.935400000000000091e+03 5.656854249492380582e+00 2.825000000000000000e+11
3.935600000000000364e+03 5.656854249492380582e+00 2.825000000000000000e+11
3.935800000000000182e+03 4.000000000000000000e+00 2.825000000000000000e+11
3.936000000000000000e+03 4.000000000000000000e+00 0.000000000000000000e+00
3.936200000000000273e+03 4.000000000000000000e+00 0.000000000000000000e+00
3.936400000000000091e+03 0.000000000000000000e+00 0.000000000000000000e+00
3.936600000000000364e+03 0.000000000000000000e+00 0.000000000000000000e+00
3.936800000000000182e+03 0.000000000000000000e+00 0.000000000000000000e+00
3.937000000000000000e+03 4.000000000000000000e+00 0.000000000000000000e+00
3.937200000000000273e+03 4.000000000000000000e+00 0.000000000000000000e+00
3.937400000000000091e+03 4.000000000000000000e+00 0.000000000000000000e+00
3.937600000000000364e+03 4.000000000000000000e+00 0.000000000000000000e+00
3.937800000000000182e+03 5.656854249492380582e+00 0.000000000000000000e+00
3.938000000000000000e+03 5.656854249492380582e+00 0.000000000000000000e+00
3.938200000000000273e+03 5.656854249492380582e+00 0.000000000000000000e+00
3.938400000000000091e+03 4.000000000000000000e+00 0.000000000000000000e+00
3.938600000000000364e+03 4.000000000000000000e+00 0.000000000000000000e+00
3.938800000000000182e+03 4.000000000000000000e+00 0.000000000000000000e+00
3.939000000000000000e+03 4.000000000000000000e+00 0.000000000000000000e+00
3.939200000000000273e+03 0.000000000000000000e+00 0.000000000000000000e+00
3.939400000000000091e+03 0.000000000000000000e+00 0.000000000000000000e+00
3.939600000000000364e+03 0.000000000000000000e+00 0.000000000000000000e+00
3.939800000000000182e+03 4.000000000000000000e+00 0.000000000000000000e+00
3.940000000000000000e+03 4.000000000000000000e+00 2.825000000000000000e+11
3.940200000000000273e+03 4.000000000000000000e+00 2.825000000000000000e+11
3.940400000000000091e+03 5.656854249492380582e+00 2.825000000000000000e+11
3.940600000000000364e+03 5.656854249492380582e+00 2.825000000000000000e+11
3.940800000000000182e+03 5.656854249492380582e+00 2.825000000000000000e+11
3.941000000000000000e+03 5.656854249492380582e+00 2.825000000000000000e+11
3.941200000000000273e+03 4.000000000000000000e+00 2.825000000000000000e+11
3.941400000000000091e+03 4.000000000000000000e+00 2.825000000000000000e+11
3.941600000000000364e+03 4.000000000000000000e+00 2.825000000000000000e+11
3.941800000000000182e+03 4.000000000000000000e+00 2.825000000000000000e+11
3.942000000000000000e+03 0.000000000000000000e+00 2.825000000000000000e+11
3.942200000000000273e+03 4.000000000000000000e+00 2.825000000000000000e+11
3.942400000000000091e+03 4.000000000000000000e+00 2.825000000000000000e+11
3.942600000000000364e+03 4.000000000000000000e+00 2.825000000000000000e+11
3.942800000000000182e+03 4.000000000000000000e+00 2.825000000000000000e+11
3.943000000000000000e+03 4.000000000000000000e+00 2.825000000000000000e+11
3.943200000000000273e+03 5.656854249492380582e+00 2.825000000000000000e+11
3.943400000000000091e+03 5.656854249492380582e+00 2.825000000000000000e+11
3.943600000000000364e+03 4.000000000000000000e+00 2.825000000000000000e+11
3.943800000000000182e+03 4.000000000000000000e+00 2.825000000000000000e+11
3.944000000000000000e+03 4.000000000000000000e+00 0.000000000000000000e+00
3.944200000000000273e+03 4.000000000000000000e+00 0.000000000000000000e+00
3.944400000000000091e+03 5.656854249492380582e+00 0.000000000000000000e+00
3.944600000000000364e+03 5.656854249492380582e+00 0.000000000000000000e+00
3.944800000000000182e+03 4.000000000000000000e+00 0.000000000000000000e+00
3.945000000000000000e+03 4.000000000000000000e+00 0.000000000000000000e+00
3.945200000000000273e+03 4.000000000000000000e+00 0.000000000000000000e+00
3.945400000000000091e+03 4.000000000000000000e+00 0.000000000000000000e+00
3.945600000000000364e+03 4.000000000000000000e+00 0.000000000000000000e+00
3.945800000000000182e+03 4.000000000000000000e+00 0.000000000000000000e+00
3.946000000000000000e+03 4.000000000000000000e+00 0.000000000000000000e+00
3.946200000000000273e+03 4.000000000000000000e+00 0.000000000000000000e+00
3.946400000000000091e+03 4.000000000000000000e+00 0.000000000000000000e+00
3.946600000000000364e+03 4.000000000000000000e+00 0.000000000000000000e+00
3.946800000000000182e+03 5.656854249492380582e+00 0.000000000000000000e+00
3.947000000000000000e+03 4.000000000000000000e+00 0.000000000000000000e+00
3.947200000000000273e+03 4.000000000000000000e+00 0.000000000000000000e+00
3.947400000000000091e+03 4.000000000000000000e+00 0.000000000000000000e+00
3.947600000000000364e+03 4.000000000000000000e+00 0.000000000000000000e+00
3.947800000000000182e+03 4.000000000000000000e+00 0.000000000000000000e+00
3.948000000000000000e+03 4.000000000000000000e+00 2.825000000000000000e+11
3.948200000000000273e+03 4.000000000000000000e+00 2.825000000000000000e+11
3.948400000000000091e+03 4.000000000000000000e+00 2.825000000000000000e+11
3.948600000000000364e+03 4.000000000000000000e+00 2.825000000000000000e+11
3.948800000000000182e+03 4.000000000000000000e+00 2.825000000000000000e+11
3.949000000000000000e+03 5.656854249492380582e+00 2.825000000000000000e+11
3.949200000000000273e+03 5.656854249492380582e+00 2.825000000000000000e+11
3.949400000000000091e+03 5.656854249492380582e+00 2.825000000000000000e+11
3.949600000000000364e+03 4.000000000000000000e+00 2.825000000000000000e+11
3.949800000000000182e+03 4.000000000000000000e+00 2.825000000000000000e+11
3.950000000000000000e+03 4.000000000000000000e+00 2.825000000000000000e+11
3.950200000000000273e+03 4.000000000000000000e+00 2.825000000000000000e+11
3.950400000000000091e+03 4.000000000000000000e+00 2.825000000000000000e+11
3.950600000000000364e+03 5.656854249492380582e+00 2.825000000000000000e+11
3.950800000000000182e+03 4.000000000000000000e+00 2.825000000000000000e+11
3.951000000000000000e+03 4.000000000000000000e+00 2.825000000000000000e+11
3.951200000000000273e+03 4.000000000000000000e+00 2.825000000000000000e+11
3.951400000000000091e+03 4.000000000000000000e+00 2.825000000000000000e+11
3.951600000000000364e+03 5.656854249492380582e+00 2.825000000000000000e+11
3.951800000000000182e+03 5.656854249492380582e+00 2.825000000000000000e+11
3.952000000000000000e+03 5.656854249492380582e+00 0.000000000000000000e+00
3.952200000000000273e+03 4.000000000000000000e+00 0.000000000000000000e+00
3.952400000000000091e+03 4.000000000000000000e+00 0.000000000000000000e+00
3.952600000000000364e+03 5.656854249492380582e+00 0.000000000000000000e+00
3.952800000000000182e+03 5.656854249492380582e+00 0.000000000000000000e+00
3.953000000000000000e+03 5.656854249492380582e+00 0.000000000000000000e+00
3.953200000000000273e+03 5.656854249492380582e+00 0.000000000000000000e+00
3.953400000000000091e+03 4.000000000000000000e+00 0.000000000000000000e+00
3.953600000000000364e+03 4.000000000000000000e+00 0.000000000000000000e+00
3.953800000000000182e+03 4.000000000000000000e+00 0.000000000000000000e+00
3.954000000000000000e+03 5.656854249492380582e+00 0.000000000000000000e+00
3.954200000000000273e+03 5.656854249492380582e+00 0.000000000000000000e+00
3.954400000000000091e+03 5.656854249492380582e+00 0.000000000000000000e+00
3.954600000000000364e+03 4.000000000000000000e+00 0.000000000000000000e+00
3.954800000000000182e+03 4.000000000000000000e+00 0.000000000000000000e+00
3.955000000000000000e+03 4.000000000000000000e+00 0.000000000000000000e+00
3.955200000000000273e+03 5.656854249492380582e+00 0.000000000000000000e+00
3.955400000000000091e+03 5.656854249492380582e+00 0.000000000000000000e+00
3.955600000000000364e+03 5.656854249492380582e+00 0.000000000000000000e+00
3.955800000000000182e+03 5.656854249492380582e+00 0.000000000000000000e+00
3.956000000000000000e+03 4.000000000000000000e+00 2.825000000000000000e+11
3.956200000000000273e+03 4.000000000000000000e+00 2.825000000000000000e+11
3.956400000000000091e+03 4.000000000000000000e+00 2.825000000000000000e+11
3.956600000000000364e+03 5.656854249492380582e+00 2.825000000000000000e+11
3.956800000000000182e+03 4.000000000000000000e+00 2.825000000000000000e+11
3.957000000000000000e+03 4.000000000000000000e+00 2.825000000000000000e+11
3.957200000000000273e+03 4.000000000000000000e+00 2.825000000000000000e+11
3.957400000000000091e+03 4.000000000000000000e+00 2.825000000000000000e+11
3.957600000000000364e+03 4.000000000000000000e+00 2.825000000000000000e+11
3.957800000000000182e+03 4.000000000000000000e+00 2.825000000000000000e+11
3.958000000000000000e+03 4.000000000000000000e+00 2.825000000000000000e+11
3.958200000000000273e+03 4.000000000000000000e+00 2.825000000000000000e+11
3.958400000000000091e+03 4.000000000000000000e+00 2.825000000000000000e+11
3.958600000000000364e+03 4.000000000000000000e+00 2.825000000000000000e+11
3.958800000000000182e+03 5.656854249492380582e+00 2.825000000000000000e+11
3.959000000000000000e+03 4.000000000000000000e+00 2.825000000000000000e+11
3.959200000000000273e+03 5.656854249492380582e+00 2.825000000000000000e+11
3.959400000000000091e+03 4.000000000000000000e+00 2.825000000000000000e+11
3.959600000000000364e+03 4.000000000000000000e+00 2.825000000000000000e+11
3.959800000000000182e+03 4.000000000000000000e+00 2.825000000000000000e+11
