3.960000000000000000e+03 4.000000000000000000e+00 0.000000000000000000e+00
3.960200000000000273e+03 4.000000000000000000e+00 0.000000000000000000e+00
3.960400000000000091e+03 5.656854249492380582e+00 0.000000000000000000e+00
3.960600000000000364e+03 5.656854249492380582e+00 0.000000000000000000e+00
3.960800000000000182e+03 5.656854249492380582e+00 0.000000000000000000e+00
3.961000000000000000e+03 5.656854249492380582e+00 0.000000000000000000e+00
3.961200000000000273e+03 5.656854249492380582e+00 0.000000000000000000e+00
3.961400000000000091e+03 5.656854249492380582e+00 0.000000000000000000e+00
3.961600000000000364e+03 5.656854249492380582e+00 0.000000000000000000e+00
3.961800000000000182e+03 5.656854249492380582e+00 0.000000000000000000e+00
3.962000000000000000e+03 5.656854249492380582e+00 0.000000000000000000e+00
3.962200000000000273e+03 5.656854249492380582e+00 0.000000000000000000e+00
3.962400000000000091e+03 4.000000000000000000e+00 0.000000000000000000e+00
3.962600000000000364e+03 0.000000000000000000e+00 0.000000000000000000e+00
3.962800000000000182e+03 0.000000000000000000e+00 0.000000000000000000e+00
3.963000000000000000e+03 0.000000000000000000e+00 0.000000000000000000e+00
3.963200000000000273e+03 5.656854249492380582e+00 0.000000000000000000e+00
3.963400000000000091e+03 5.656854249492380582e+00 0.000000000000000000e+00
3.963600000000000364e+03 5.656854249492380582e+00 0.000000000000000000e+00
3.963800000000000182e+03 5.656854249492380582e+00 0.000000000000000000e+00
3.964000000000000000e+03 5.656854249492380582e+00 2.850000400000000000e+11
3.964200000000000273e+03 5.656854249492380582e+00 2.850000400000000000e+11
3.964400000000000091e+03 5.656854249492380582e+00 2.850000400000000000e+11
3.964600000000000364e+03 4.000000000000000000e+00 2.850000400000000000e+11
3.964800000000000182e+03 4.000000000000000000e+00 2.850000400000000000e+11
3.965000000000000000e+03 4.000000000000000000e+00 2.850000700000000000e+11
3.965200000000000273e+03 4.000000000000000000e+00 2.850000400000000000e+11
3.965400000000000091e+03 0.000000000000000000e+00 2.850000400000000000e+11
3.965600000000000364e+03 0.000000000000000000e+00 2.850000400000000000e+11
3.965800000000000182e+03 0.000000000000000000e+00 2.850000700000000000e+11
3.966000000000000000e+03 4.000000000000000000e+00 2.850000700000000000e+11
3.966200000000000273e+03 4.000000000000000000e+00 2.850000400000000000e+11
3.966400000000000091e+03 4.000000000000000000e+00 2.850000400000000000e+11
3.966600000000000364e+03 5.656854249492380582e+00 2.850000400000000000e+11
3.966800000000000182e+03 5.656854249492380582e+00 2.850000400000000000e+11
3.967000000000000000e+03 5.656854249492380582e+00 2.850000400000000000e+11
3.967200000000000273e+03 5.656854249492380582e+00 2.850000700000000000e+11
3.967400000000000091e+03 4.000000000000000000e+00 2.850000400000000000e+11
3.967600000000000364e+03 4.000000000000000000e+00 2.850000700000000000e+11
3.967800000000000182e+03 4.000000000000000000e+00 2.850000400000000000e+11
3.968000000000000000e+03 0.000000000000000000e+00 0.000000000000000000e+00
3.968200000000000273e+03 0.000000000000000000e+00 0.000000000000000000e+00
3.968400000000000091e+03 0.000000000000000000e+00 0.000000000000000000e+00
3.968600000000000364e+03 0.000000000000000000e+00 0.000000000000000000e+00
3.968800000000000182e+03 4.000000000000000000e+00 0.000000000000000000e+00
3.969000000000000000e+03 4.000000000000000000e+00 0.000000000000000000e+00
3.969200000000000273e+03 4.000000000000000000e+00 0.000000000000000000e+00
3.969400000000000091e+03 5.656854249492380582e+00 0.000000000000000000e+00
3.969600000000000364e+03 5.656854249492380582e+00 0.000000000000000000e+00
3.969800000000000182e+03 5.656854249492380582e+00 0.000000000000000000e+00
3.970000000000000000e+03 5.656854249492380582e+00 0.000000000000000000e+00
3.970200000000000273e+03 4.000000000000000000e+00 0.000000000000000000e+00
3.970400000000000091e+03 4.000000000000000000e+00 0.000000000000000000e+00
3.970600000000000364e+03 4.000000000000000000e+00 0.000000000000000000e+00
3.970800000000000182e+03 0.000000000000000000e+00 0.000000000000000000e+00
3.971000000000000000e+03 0.000000000000000000e+00 0.000000000000000000e+00
3.971200000000000273e+03 0.000000000000000000e+00 0.000000000000000000e+00
3.971400000000000091e+03 4.000000000000000000e+00 0.000000000000000000e+00
3.971600000000000364e+03 4.000000000000000000e+00 0.000000000000000000e+00
3.971800000000000182e+03 4.000000000000000000e+00 0.000000000000000000e+00
3.972000000000000000e+03 5.656854249492380582e+00 2.850000400000000000e+11
3.972200000000000273e+03 5.656854249492380582e+00 2.850000400000000000e+11
3.972400000000000091e+03 5.656854249492380582e+00 2.850000400000000000e+11
3.972600000000000364e+03 5.656854249492380582e+00 2.850000700000000000e+11
3.972800000000000182e+03 4.000000000000000000e+00 2.850000400000000000e+11
3.973000000000000000e+03 4.000000000000000000e+00 2.850000400000000000e+11
3.973200000000000273e+03 4.000000000000000000e+00 2.850000400000000000e+11
3.973400000000000091e+03 0.000000000000000000e+00 2.850000400000000000e+11
3.973600000000000364e+03 0.000000000000000000e+00 2.850000700000000000e+11
3.973800000000000182e+03 0.000000000000000000e+00 2.850000400000000000e+11
3.974000000000000000e+03 0.000000000000000000e+00 2.850000400000000000e+11
3.974200000000000273e+03 4.000000000000000000e+00 2.850000400000000000e+11
3.974400000000000091e+03 4.000000000000000000e+00 2.850000400000000000e+11
3.974600000000000364e+03 4.000000000000000000e+00 2.850000400000000000e+11
3.974800000000000182e+03 5.656854249492380582e+00 2.850000400000000000e+11
3.975000000000000000e+03 5.656854249492380582e+00 2.850000400000000000e+11
3.975200000000000273e+03 5.656854249492380582e+00 2.850000400000000000e+11
3.975400000000000091e+03 5.656854249492380582e+00 2.850000400000000000e+11
3.975600000000000364e+03 4.000000000000000000e+00 2.850000700000000000e+11
3.975800000000000182e+03 4.000000000000000000e+00 2.850000700000000000e+11
3.976000000000000000e+03 4.000000000000000000e+00 0.000000000000000000e+00
3.976200000000000273e+03 0.000000000000000000e+00 0.000000000000000000e+00
3.976400000000000091e+03 0.000000000000000000e+00 0.000000000000000000e+00
3.976600000000000364e+03 0.000000000000000000e+00 0.000000000000000000e+00
3.976800000000000182e+03 0.000000000000000000e+00 0.000000000000000000e+00
3.977000000000000000e+03 4.000000000000000000e+00 0.000000000000000000e+00
3.977200000000000273e+03 4.000000000000000000e+00 0.000000000000000000e+00
3.977400000000000091e+03 4.000000000000000000e+00 0.000000000000000000e+00
3.977600000000000364e+03 5.656854249492380582e+00 0.000000000000000000e+00
3.977800000000000182e+03 5.656854249492380582e+00 0.000000000000000000e+00
3.978000000000000000e+03 5.656854249492380582e+00 0.000000000000000000e+00
3.978200000000000273e+03 4.000000000000000000e+00 0.000000000000000000e+00
3.978400000000000091e+03 4.000000000000000000e+00 0.000000000000000000e+00
3.978600000000000364e+03 4.000000000000000000e+00 0.000000000000000000e+00
3.978800000000000182e+03 4.000000000000000000e+00 0.000000000000000000e+00
3.979000000000000000e+03 0.000000000000000000e+00 0.000000000000000000e+00
3.979200000000000273e+03 0.000000000000000000e+00 0.000000000000000000e+00
3.979400000000000091e+03 0.000000000000000000e+00 0.000000000000000000e+00
3.979600000000000364e+03 4.000000000000000000e+00 0.000000000000000000e+00
3.979800000000000182e+03 4.000000000000000000e+00 0.000000000000000000e+00
3.980000000000000000e+03 4.000000000000000000e+00 2.850000400000000000e+11
3.980200000000000273e+03 4.000000000000000000e+00 2.850000400000000000e+11
3.980400000000000091e+03 5.656854249492380582e+00 2.850000400000000000e+11
3.980600000000000364e+03 5.656854249492380582e+00 2.850000400000000000e+11
3.980800000000000182e+03 5.656854249492380582e+00 2.850000400000000000e+11
3.981000000000000000e+03 4.000000000000000000e+00 2.850000700000000000e+11
3.981200000000000273e+03 4.000000000000000000e+00 2.850000400000000000e+11
3.981400000000000091e+03 4.000000000000000000e+00 2.850000700000000000e+11
3.981600000000000364e+03 4.000000000000000000e+00 2.850000400000000000e+11
3.981800000000000182e+03 0.000000000000000000e+00 2.850000700000000000e+11
3.982000000000000000e+03 0.000000000000000000e+00 2.850000400000000000e+11
3.982200000000000273e+03 0.000000000000000000e+00 2.850000400000000000e+11
3.982400000000000091e+03 4.000000000000000000e+00 2.850000400000000000e+11
3.982600000000000364e+03 4.000000000000000000e+00 2.850000400000000000e+11
3.982800000000000182e+03 4.000000000000000000e+00 2.850000400000000000e+11
3.983000000000000000e+03 5.656854249492380582e+00 2.850000400000000000e+11
3.983200000000000273e+03 5.656854249492380582e+00 2.850000700000000000e+11
3.983400000000000091e+03 5.656854249492380582e+00 2.850000400000000000e+11
3.983600000000000364e+03 5.656854249492380582e+00 2.850000400000000000e+11
3.983800000000000182e+03 4.000000000000000000e+00 2.850000400000000000e+11
3.984000000000000000e+03 4.000000000000000000e+00 0.000000000000000000e+00
3.984200000000000273e+03 4.000000000000000000e+00 0.000000000000000000e+00
3.984400000000000091e+03 0.000000000000000000e+00 0.000000000000000000e+00
3.984600000000000364e+03 0.000000000000000000e+00 0.000000000000000000e+00
3.984800000000000182e+03 0.000000000000000000e+00 0.000000000000000000e+00
3.985000000000000000e+03 0.000000000000000000e+00 0.000000000000000000e+00
3.985200000000000273e+03 4.000000000000000000e+00 0.000000000000000000e+00
3.985400000000000091e+03 4.000000000000000000e+00 0.000000000000000000e+00
3.985600000000000364e+03 4.000000000000000000e+00 0.000000000000000000e+00
3.985800000000000182e+03 5.656854249492380582e+00 0.000000000000000000e+00
3.986000000000000000e+03 5.656854249492380582e+00 0.000000000000000000e+00
3.986200000000000273e+03 5.656854249492380582e+00 0.000000000000000000e+00
3.986400000000000091e+03 5.656854249492380582e+00 0.000000000000000000e+00
3.986600000000000364e+03 4.000000000000000000e+00 0.000000000000000000e+00
3.986800000000000182e+03 4.000000000000000000e+00 0.000000000000000000e+00
3.987000000000000000e+03 4.000000000000000000e+00 0.000000000000000000e+00
3.987200000000000273e+03 0.000000000000000000e+00 0.000000000000000000e+00
3.987400000000000091e+03 0.000000000000000000e+00 0.000000000000000000e+00
3.987600000000000364e+03 0.000000000000000000e+00 0.000000000000000000e+00
3.987800000000000182e+03 4.000000000000000000e+00 0.000000000000000000e+00
3.988000000000000000e+03 4.000000000000000000e+00 2.850000400000000000e+11
3.988200000000000273e+03 4.000000000000000000e+00 2.850000700000000000e+11
3.988400000000000091e+03 4.000000000000000000e+00 2.850000400000000000e+11
3.988600000000000364e+03 5.656854249492380582e+00 2.850000400000000000e+11
3.988800000000000182e+03 5.656854249492380582e+00 2.850000400000000000e+11
3.989000000000000000e+03 5.656854249492380582e+00 2.850000400000000000e+11
3.989200000000000273e+03 4.000000000000000000e+00 2.850000700000000000e+11
3.989400000000000091e+03 4.000000000000000000e+00 2.850000400000000000e+11
3.989600000000000364e+03 4.000000000000000000e+00 2.850000400000000000e+11
3.989800000000000182e+03 4.000000000000000000e+00 2.850000700000000000e+11
3.990000000000000000e+03 0.000000000000000000e+00 2.850000400000000000e+11
3.990200000000000273e+03 0.000000000000000000e+00 2.850000400000000000e+11
3.990400000000000091e+03 0.000000000000000000e+00 2.850000400000000000e+11
3.990600000000000364e+03 4.000000000000000000e+00 2.850000400000000000e+11
3.990800000000000182e+03 4.000000000000000000e+00 2.850000400000000000e+11
3.991000000000000000e+03 4.000000000000000000e+00 2.850000400000000000e+11
3.991200000000000273e+03 4.000000000000000000e+00 2.850000400000000000e+11
3.991400000000000091e+03 5.656854249492380582e+00 2.850000700000000000e+11
3.991600000000000364e+03 5.656854249492380582e+00 2.850000400000000000e+11
3.991800000000000182e+03 5.656854249492380582e+00 2.850000400000000000e+11
3.992000000000000000e+03 4.000000000000000000e+00 0.000000000000000000e+00
3.992200000000000273e+03 4.000000000000000000e+00 0.000000000000000000e+00
3.992400000000000091e+03 4.000000000000000000e+00 0.000000000000000000e+00
3.992600000000000364e+03 0.000000000000000000e+00 0.000000000000000000e+00
3.992800000000000182e+03 0.000000000000000000e+00 0.000000000000000000e+00
3.993000000000000000e+03 0.000000000000000000e+00 0.000000000000000000e+00
3.993200000000000273e+03 0.000000000000000000e+00 0.000000000000000000e+00
3.993400000000000091e+03 4.000000000000000000e+00 0.000000000000000000e+00
3.993600000000000364e+03 4.000000000000000000e+00 0.000000000000000000e+00
3.993800000000000182e+03 4.000000000000000000e+00 0.000000000000000000e+00
3.994000000000000000e+03 5.656854249492380582e+00 0.000000000000000000e+00
3.994200000000000273e+03 5.656854249492380582e+00 0.000000000000000000e+00
3.994400000000000091e+03 5.656854249492380582e+00 0.000000000000000000e+00
3.994600000000000364e+03 5.656854249492380582e+00 0.000000000000000000e+00
3.994800000000000182e+03 4.000000000000000000e+00 0.000000000000000000e+00
3.995000000000000000e+03 4.000000000000000000e+00 0.000000000000000000e+00
3.995200000000000273e+03 4.000000000000000000e+00 0.000000000000000000e+00
3.995400000000000091e+03 0.000000000000000000e+00 0.000000000000000000e+00
3.995600000000000364e+03 0.000000000000000000e+00 0.000000000000000000e+00
3.995800000000000182e+03 0.000000000000000000e+00 0.000000000000000000e+00
3.996000000000000000e+03 4.000000000000000000e+00 2.850000400000000000e+11
3.996200000000000273e+03 4.000000000000000000e+00 2.850000400000000000e+11
3.996400000000000091e+03 4.000000000000000000e+00 2.850000400000000000e+11
3.996600000000000364e+03 4.000000000000000000e+00 2.850000400000000000e+11
3.996800000000000182e+03 5.656854249492380582e+00 2.850000400000000000e+11
3.997000000000000000e+03 5.656854249492380582e+00 2.850000400000000000e+11
3.997200000000000273e+03 5.656854249492380582e+00 2.850000400000000000e+11
3.997400000000000091e+03 4.000000000000000000e+00 2.850000400000000000e+11
3.997600000000000364e+03 4.000000000000000000e+00 2.850000400000000000e+11
3.997800000000000182e+03 4.000000000000000000e+00 2.850000700000000000e+11
3.998000000000000000e+03 4.000000000000000000e+00 2.850000400000000000e+11
3.998200000000000273e+03 0.000000000000000000e+00 2.850000700000000000e+11
3.998400000000000091e+03 0.000000000000000000e+00 2.850000400000000000e+11
3.998600000000000364e+03 0.000000000000000000e+00 2.850000400000000000e+11
3.998800000000000182e+03 4.000000000000000000e+00 2.850000700000000000e+11
3.999000000000000000e+03 4.000000000000000000e+00 2.850000400000000000e+11
3.999200000000000273e+03 4.000000000000000000e+00 2.850000400000000000e+11
3.999400000000000091e+03 4.000000000000000000e+00 2.850000400000000000e+11
3.999600000000000364e+03 5.656854249492380582e+00 2.850000400000000000e+11
3.999800000000000182e+03 5.656854249492380582e+00 2.850000400000000000e+11
4.000000000000000000e+03 5.656854249492380582e+00 0.000000000000000000e+00
4.000200000000000273e+03 5.656854249492380582e+00 0.000000000000000000e+00
4.000400000000000091e+03 4.000000000000000000e+00 0.000000000000000000e+00
4.000600000000000364e+03 4.000000000000000000e+00 0.000000000000000000e+00
4.000800000000000182e+03 4.000000000000000000e+00 0.000000000000000000e+00
4.001000000000000000e+03 0.000000000000000000e+00 0.000000000000000000e+00
4.001200000000000273e+03 0.000000000000000000e+00 0.000000000000000000e+00
4.001400000000000091e+03 0.000000000000000000e+00 0.000000000000000000e+00
4.001600000000000364e+03 0.000000000000000000e+00 0.000000000000000000e+00
4.001800000000000182e+03 4.000000000000000000e+00 0.000000000000000000e+00
4.002000000000000000e+03 4.000000000000000000e+00 0.000000000000000000e+00
4.002200000000000273e+03 4.000000000000000000e+00 0.000000000000000000e+00
4.002400000000000091e+03 5.656854249492380582e+00 0.000000000000000000e+00
4.002600000000000364e+03 5.656854249492380582e+00 0.000000000000000000e+00
4.002800000000000182e+03 5.656854249492380582e+00 0.000000000000000000e+00
4.003000000000000000e+03 5.656854249492380582e+00 0.000000000000000000e+00
4.003200000000000273e+03 4.000000000000000000e+00 0.000000000000000000e+00
4.003400000000000091e+03 4.000000000000000000e+00 0.000000000000000000e+00
4.003600000000000364e+03 4.000000000000000000e+00 0.000000000000000000e+00
4.003800000000000182e+03 0.000000000000000000e+00 0.000000000000000000e+00
4.004000000000000000e+03 0.000000000000000000e+00 2.850000400000000000e+11
4.004200000000000273e+03 0.000000000000000000e+00 2.850000400000000000e+11
4.004400000000000091e+03 0.000000000000000000e+00 2.850000400000000000e+11
4.004600000000000364e+03 4.000000000000000000e+00 2.850000400000000000e+11
4.004800000000000182e+03 4.000000000000000000e+00 2.850000400000000000e+11
4.005000000000000000e+03 4.000000000000000000e+00 2.850000400000000000e+11
4.005200000000000273e+03 4.000000000000000000e+00 2.850000400000000000e+11
4.005400000000000091e+03 5.656854249492380582e+00 2.850000400000000000e+11
4.005600000000000364e+03 5.656854249492380582e+00 2.850000400000000000e+11
4.005800000000000182e+03 5.656854249492380582e+00 2.850000400000000000e+11
4.006000000000000000e+03 8.944271909999159220e+00 2.850000700000000000e+11
4.006200000000000273e+03 8.000000000000000000e+00 2.850000700000000000e+11
4.006400000000000091e+03 8.000000000000000000e+00 2.850000400000000000e+11
4.006600000000000364e+03 5.656854249492380582e+00 2.850000400000000000e+11
4.006800000000000182e+03 5.656854249492380582e+00 2.850000700000000000e+11
4.007000000000000000e+03 8.000000000000000000e+00 2.850000400000000000e+11
4.007200000000000273e+03 8.944271909999159220e+00 2.850000400000000000e+11
4.007400000000000091e+03 8.944271909999159220e+00 2.850000400000000000e+11
4.007600000000000364e+03 1.200000000000000000e+01 2.850000400000000000e+11
4.007800000000000182e+03 1.264911064067351809e+01 2.850000400000000000e+11
4.008000000000000000e+03 1.697056274847713908e+01 0.000000000000000000e+00
4.008200000000000273e+03 1.788854381999831844e+01 0.000000000000000000e+00
4.008400000000000091e+03 2.000000000000000000e+01 0.000000000000000000e+00
4.008600000000000364e+03 1.788854381999831844e+01 0.000000000000000000e+00
4.008800000000000182e+03 2.000000000000000000e+01 0.000000000000000000e+00
4.009000000000000000e+03 1.788854381999831844e+01 0.000000000000000000e+00
4.009200000000000273e+03 2.000000000000000000e+01 0.000000000000000000e+00
4.009400000000000091e+03 1.649242250247064234e+01 0.000000000000000000e+00
4.009600000000000364e+03 1.442220510185595650e+01 0.000000000000000000e+00
4.009800000000000182e+03 1.442220510185595650e+01 0.000000000000000000e+00
4.010000000000000000e+03 1.200000000000000000e+01 0.000000000000000000e+00
4.010200000000000273e+03 1.264911064067351809e+01 0.000000000000000000e+00
4.010400000000000091e+03 1.442220510185595650e+01 0.000000000000000000e+00
4.010600000000000364e+03 1.200000000000000000e+01 0.000000000000000000e+00
4.010800000000000182e+03 1.264911064067351809e+01 0.000000000000000000e+00
4.011000000000000000e+03 1.697056274847713908e+01 0.000000000000000000e+00
4.011200000000000273e+03 1.788854381999831844e+01 0.000000000000000000e+00
4.011400000000000091e+03 1.600000000000000000e+01 0.000000000000000000e+00
4.011600000000000364e+03 1.649242250247064234e+01 0.000000000000000000e+00
4.011800000000000182e+03 1.697056274847713908e+01 0.000000000000000000e+00
4.012000000000000000e+03 1.788854381999831844e+01 2.850000400000000000e+11
4.012200000000000273e+03 2.039607805437113797e+01 2.850000400000000000e+11
4.012400000000000091e+03 2.039607805437113797e+01 2.850000400000000000e+11
4.012600000000000364e+03 2.332380757938120297e+01 2.850000400000000000e+11
4.012800000000000182e+03 2.332380757938120297e+01 2.850000700000000000e+11
4.013000000000000000e+03 2.828427124746190202e+01 2.850000400000000000e+11
4.013200000000000273e+03 2.912043955712207222e+01 2.850000400000000000e+11
4.013400000000000091e+03 3.394112549695427816e+01 2.850000400000000000e+11
4.013600000000000364e+03 3.939543120718441571e+01 2.850000400000000000e+11
4.013800000000000182e+03 4.400000000000000000e+01 2.850000700000000000e+11
4.014000000000000000e+03 5.200000000000000000e+01 2.850000400000000000e+11
4.014200000000000273e+03 5.946427498927402411e+01 2.850000400000000000e+11
4.014400000000000091e+03 6.835202996254024299e+01 2.850000400000000000e+11
4.014600000000000364e+03 8.009993757800314995e+01 2.850000400000000000e+11
4.014800000000000182e+03 8.944271909999159220e+01 2.850000400000000000e+11
4.015000000000000000e+03 1.049952379872535033e+02 2.850000700000000000e+11
4.015200000000000273e+03 1.164817582284882889e+02 2.850000400000000000e+11
4.015400000000000091e+03 1.289961239727767861e+02 2.850000400000000000e+11
4.015600000000000364e+03 1.454372717015827448e+02 2.850000400000000000e+11
4.015800000000000182e+03 1.598499296215046854e+02 2.850000400000000000e+11
4.016000000000000000e+03 1.331465358167459101e+02 0.000000000000000000e+00
4.016200000000000273e+03 1.365283853270080954e+02 0.000000000000000000e+00
4.016400000000000091e+03 1.369379421489895208e+02 0.000000000000000000e+00
4.016600000000000364e+03 1.341044369139216883e+02 0.000000000000000000e+00
4.016800000000000182e+03 1.358823020117042404e+02 0.000000000000000000e+00
4.017000000000000000e+03 1.329661611087572908e+02 0.000000000000000000e+00
4.017200000000000273e+03 1.282497563350511882e+02 0.000000000000000000e+00
4.017400000000000091e+03 1.270590413941487213e+02 0.000000000000000000e+00
4.017600000000000364e+03 1.232233744059949032e+02 0.000000000000000000e+00
4.017800000000000182e+03 1.223764683262268420e+02 0.000000000000000000e+00
4.018000000000000000e+03 1.203328716519305885e+02 0.000000000000000000e+00
4.018200000000000273e+03 1.189285499785480482e+02 0.000000000000000000e+00
4.018400000000000091e+03 1.166190378969060077e+02 0.000000000000000000e+00
4.018600000000000364e+03 1.162755348299890699e+02 0.000000000000000000e+00
4.018800000000000182e+03 1.181185844818672024e+02 0.000000000000000000e+00
4.019000000000000000e+03 1.176435293588219366e+02 0.000000000000000000e+00
4.019200000000000273e+03 1.184567431596867806e+02 0.000000000000000000e+00
4.019400000000000091e+03 1.154469575172944928e+02 0.000000000000000000e+00
4.019600000000000364e+03 1.168246549320818701e+02 0.000000000000000000e+00
4.019800000000000182e+03 1.162755348299890699e+02 0.000000000000000000e+00
4.020000000000000000e+03 1.120714058089752001e+02 2.850000400000000000e+11
4.020200000000000273e+03 9.740636529508736885e+01 2.850000700000000000e+11
4.020400000000000091e+03 8.207313811473277099e+01 2.850000400000000000e+11
4.020600000000000364e+03 6.985699678629191567e+01 2.850000400000000000e+11
4.020800000000000182e+03 6.000000000000000000e+01 2.850000400000000000e+11
4.021000000000000000e+03 5.200000000000000000e+01 2.850000400000000000e+11
4.021200000000000273e+03 4.525483399593904466e+01 2.850000400000000000e+11
4.021400000000000091e+03 3.794733192202055250e+01 2.850000400000000000e+11
4.021600000000000364e+03 3.224903099319419653e+01 2.850000400000000000e+11
4.021800000000000182e+03 3.224903099319419653e+01 2.850000400000000000e+11
4.022000000000000000e+03 2.561249694973139412e+01 2.850000400000000000e+11
4.022200000000000273e+03 2.433105012119287736e+01 2.850000400000000000e+11
4.022400000000000091e+03 2.433105012119287736e+01 2.850000400000000000e+11
4.022600000000000364e+03 1.788854381999831844e+01 2.850000400000000000e+11
4.022800000000000182e+03 1.697056274847713908e+01 2.850000400000000000e+11
4.023000000000000000e+03 1.788854381999831844e+01 2.850000400000000000e+11
4.023200000000000273e+03 1.200000000000000000e+01 2.850000700000000000e+11
4.023400000000000091e+03 1.264911064067351809e+01 2.850000400000000000e+11
4.023600000000000364e+03 8.944271909999159220e+00 2.850000400000000000e+11
4.023800000000000182e+03 5.656854249492380582e+00 2.850000700000000000e+11
4.024000000000000000e+03 4.000000000000000000e+00 0.000000000000000000e+00
4.024200000000000273e+03 4.000000000000000000e+00 0.000000000000000000e+00
4.024400000000000091e+03 4.000000000000000000e+00 0.000000000000000000e+00
4.024600000000000364e+03 4.000000000000000000e+00 0.000000000000000000e+00
4.024800000000000182e+03 5.656854249492380582e+00 0.000000000000000000e+00
4.025000000000000000e+03 5.656854249492380582e+00 0.000000000000000000e+00
4.025200000000000273e+03 8.000000000000000000e+00 0.000000000000000000e+00
4.025400000000000091e+03 8.000000000000000000e+00 0.000000000000000000e+00
4.025600000000000364e+03 8.944271909999159220e+00 0.000000000000000000e+00
4.025800000000000182e+03 8.944271909999159220e+00 0.000000000000000000e+00
4.026000000000000000e+03 8.944271909999159220e+00 0.000000000000000000e+00
4.026200000000000273e+03 8.944271909999159220e+00 0.000000000000000000e+00
4.026400000000000091e+03 8.000000000000000000e+00 0.000000000000000000e+00
4.026600000000000364e+03 8.944271909999159220e+00 0.000000000000000000e+00
4.026800000000000182e+03 5.656854249492380582e+00 0.000000000000000000e+00
4.027000000000000000e+03 4.000000000000000000e+00 0.000000000000000000e+00
4.027200000000000273e+03 4.000000000000000000e+00 0.000000000000000000e+00
4.027400000000000091e+03 4.000000000000000000e+00 0.000000000000000000e+00
4.027600000000000364e+03 4.000000000000000000e+00 0.000000000000000000e+00
4.027800000000000182e+03 5.656854249492380582e+00 0.000000000000000000e+00
4.028000000000000000e+03 5.656854249492380582e+00 2.850000400000000000e+11
4.028200000000000273e+03 4.000000000000000000e+00 2.850000700000000000e+11
4.028400000000000091e+03 8.000000000000000000e+00 2.850000400000000000e+11
4.028600000000000364e+03 5.656854249492380582e+00 2.850000400000000000e+11
4.028800000000000182e+03 5.656854249492380582e+00 2.850000400000000000e+11
4.029000000000000000e+03 5.656854249492380582e+00 2.850000400000000000e+11
4.029200000000000273e+03 5.656854249492380582e+00 2.850000700000000000e+11
4.029400000000000091e+03 4.000000000000000000e+00 2.850000700000000000e+11
4.029600000000000364e+03 4.000000000000000000e+00 2.850000700000000000e+11
4.029800000000000182e+03 4.000000000000000000e+00 2.850000400000000000e+11
4.030000000000000000e+03 4.000000000000000000e+00 2.850000400000000000e+11
4.030200000000000273e+03 0.000000000000000000e+00 2.850000700000000000e+11
4.030400000000000091e+03 0.000000000000000000e+00 2.850000700000000000e+11
4.030600000000000364e+03 0.000000000000000000e+00 2.850000400000000000e+11
4.030800000000000182e+03 0.000000000000000000e+00 2.850000400000000000e+11
4.031000000000000000e+03 4.000000000000000000e+00 2.850000400000000000e+11
4.031200000000000273e+03 4.000000000000000000e+00 2.850000400000000000e+11
4.031400000000000091e+03 4.000000000000000000e+00 2.850000400000000000e+11
4.031600000000000364e+03 5.656854249492380582e+00 2.850000700000000000e+11
4.031800000000000182e+03 5.656854249492380582e+00 2.850000400000000000e+11
4.032000000000000000e+03 5.656854249492380582e+00 0.000000000000000000e+00
4.032200000000000273e+03 5.656854249492380582e+00 0.000000000000000000e+00
4.032400000000000091e+03 4.000000000000000000e+00 0.000000000000000000e+00
4.032600000000000364e+03 4.000000000000000000e+00 0.000000000000000000e+00
4.032800000000000182e+03 4.000000000000000000e+00 0.000000000000000000e+00
4.033000000000000000e+03 0.000000000000000000e+00 0.000000000000000000e+00
4.033200000000000273e+03 0.000000000000000000e+00 0.000000000000000000e+00
4.033400000000000091e+03 0.000000000000000000e+00 0.000000000000000000e+00
4.033600000000000364e+03 4.000000000000000000e+00 0.000000000000000000e+00
4.033800000000000182e+03 4.000000000000000000e+00 0.000000000000000000e+00
4.034000000000000000e+03 4.000000000000000000e+00 0.000000000000000000e+00
4.034200000000000273e+03 4.000000000000000000e+00 0.000000000000000000e+00
4.034400000000000091e+03 5.656854249492380582e+00 0.000000000000000000e+00
4.034600000000000364e+03 5.656854249492380582e+00 0.000000000000000000e+00
4.034800000000000182e+03 5.656854249492380582e+00 0.000000000000000000e+00
4.035000000000000000e+03 4.000000000000000000e+00 0.000000000000000000e+00
4.035200000000000273e+03 4.000000000000000000e+00 0.000000000000000000e+00
4.035400000000000091e+03 4.000000000000000000e+00 0.000000000000000000e+00
4.035600000000000364e+03 4.000000000000000000e+00 0.000000000000000000e+00
4.035800000000000182e+03 0.000000000000000000e+00 0.000000000000000000e+00
4.036000000000000000e+03 0.000000000000000000e+00 2.850000400000000000e+11
4.036200000000000273e+03 0.000000000000000000e+00 2.850000400000000000e+11
4.036400000000000091e+03 4.000000000000000000e+00 2.850000400000000000e+11
4.036600000000000364e+03 4.000000000000000000e+00 2.850000400000000000e+11
4.036800000000000182e+03 4.000000000000000000e+00 2.850000400000000000e+11
4.037000000000000000e+03 5.656854249492380582e+00 2.850000400000000000e+11
4.037200000000000273e+03 5.656854249492380582e+00 2.850000400000000000e+11
4.037400000000000091e+03 5.656854249492380582e+00 2.850000700000000000e+11
4.037600000000000364e+03 5.656854249492380582e+00 2.850000400000000000e+11
4.037800000000000182e+03 4.000000000000000000e+00 2.850000400000000000e+11
4.038000000000000000e+03 4.000000000000000000e+00 2.850000400000000000e+11
4.038200000000000273e+03 4.000000000000000000e+00 2.850000700000000000e+11
4.038400000000000091e+03 4.000000000000000000e+00 2.850000400000000000e+11
4.038600000000000364e+03 0.000000000000000000e+00 2.850000400000000000e+11
4.038800000000000182e+03 0.000000000000000000e+00 2.850000400000000000e+11
4.039000000000000000e+03 0.000000000000000000e+00 2.850000400000000000e+11
4.039200000000000273e+03 4.000000000000000000e+00 2.850000700000000000e+11
4.039400000000000091e+03 4.000000000000000000e+00 2.850000400000000000e+11
4.039600000000000364e+03 4.000000000000000000e+00 2.850000700000000000e+11
4.039800000000000182e+03 4.000000000000000000e+00 2.850000700000000000e+11
4.040000000000000000e+03 5.656854249492380582e+00 0.000000000000000000e+00
4.040200000000000273e+03 5.656854249492380582e+00 0.000000000000000000e+00
4.040400000000000091e+03 5.656854249492380582e+00 0.000000000000000000e+00
4.040600000000000364e+03 4.000000000000000000e+00 0.000000000000000000e+00
4.040800000000000182e+03 4.000000000000000000e+00 0.000000000000000000e+00
4.041000000000000000e+03 4.000000000000000000e+00 0.000000000000000000e+00
4.041200000000000273e+03 0.000000000000000000e+00 0.000000000000000000e+00
4.041400000000000091e+03 0.000000000000000000e+00 0.000000000000000000e+00
4.041600000000000364e+03 0.000000000000000000e+00 0.000000000000000000e+00
4.041800000000000182e+03 0.000000000000000000e+00 0.000000000000000000e+00
4.042000000000000000e+03 4.000000000000000000e+00 0.000000000000000000e+00
4.042200000000000273e+03 4.000000000000000000e+00 0.000000000000000000e+00
4.042400000000000091e+03 4.000000000000000000e+00 0.000000000000000000e+00
4.042600000000000364e+03 5.656854249492380582e+00 0.000000000000000000e+00
4.042800000000000182e+03 5.656854249492380582e+00 0.000000000000000000e+00
4.043000000000000000e+03 5.656854249492380582e+00 0.000000000000000000e+00
4.043200000000000273e+03 4.000000000000000000e+00 0.000000000000000000e+00
4.043400000000000091e+03 4.000000000000000000e+00 0.000000000000000000e+00
4.043600000000000364e+03 4.000000000000000000e+00 0.000000000000000000e+00
4.043800000000000182e+03 4.000000000000000000e+00 0.000000000000000000e+00
4.044000000000000000e+03 0.000000000000000000e+00 2.850000400000000000e+11
4.044200000000000273e+03 0.000000000000000000e+00 2.850000400000000000e+11
4.044400000000000091e+03 0.000000000000000000e+00 2.850000400000000000e+11
4.044600000000000364e+03 4.000000000000000000e+00 2.850000400000000000e+11
4.044800000000000182e+03 4.000000000000000000e+00 2.850000400000000000e+11
4.045000000000000000e+03 4.000000000000000000e+00 2.850000700000000000e+11
4.045200000000000273e+03 4.000000000000000000e+00 2.850000400000000000e+11
4.045400000000000091e+03 5.656854249492380582e+00 2.850000400000000000e+11
4.045600000000000364e+03 5.656854249492380582e+00 2.850000400000000000e+11
4.045800000000000182e+03 5.656854249492380582e+00 2.850000400000000000e+11
4.046000000000000000e+03 4.000000000000000000e+00 2.850000400000000000e+11
4.046200000000000273e+03 4.000000000000000000e+00 2.850000400000000000e+11
4.046400000000000091e+03 4.000000000000000000e+00 2.850000400000000000e+11
4.046600000000000364e+03 4.000000000000000000e+00 2.850000400000000000e+11
4.046800000000000182e+03 0.000000000000000000e+00 2.850000400000000000e+11
4.047000000000000000e+03 0.000000000000000000e+00 2.850000400000000000e+11
4.047200000000000273e+03 0.000000000000000000e+00 2.850000400000000000e+11
4.047400000000000091e+03 4.000000000000000000e+00 2.850000400000000000e+11
4.047600000000000364e+03 4.000000000000000000e+00 2.850000400000000000e+11
4.047800000000000182e+03 4.000000000000000000e+00 2.850000400000000000e+11
4.048000000000000000e+03 4.000000000000000000e+00 0.000000000000000000e+00
4.048200000000000273e+03 5.656854249492380582e+00 0.000000000000000000e+00
4.048400000000000091e+03 5.656854249492380582e+00 0.000000000000000000e+00
4.048600000000000364e+03 5.656854249492380582e+00 0.000000000000000000e+00
4.048800000000000182e+03 4.000000000000000000e+00 0.000000000000000000e+00
4.049000000000000000e+03 4.000000000000000000e+00 0.000000000000000000e+00
4.049200000000000273e+03 4.000000000000000000e+00 0.000000000000000000e+00
4.049400000000000091e+03 4.000000000000000000e+00 0.000000000000000000e+00
4.049600000000000364e+03 0.000000000000000000e+00 0.000000000000000000e+00
4.049800000000000182e+03 0.000000000000000000e+00 0.000000000000000000e+00
4.050000000000000000e+03 0.000000000000000000e+00 0.000000000000000000e+00
4.050200000000000273e+03 4.000000000000000000e+00 0.000000000000000000e+00
4.050400000000000091e+03 4.000000000000000000e+00 0.000000000000000000e+00
4.050600000000000364e+03 4.000000000000000000e+00 0.000000000000000000e+00
4.050800000000000182e+03 5.656854249492380582e+00 0.000000000000000000e+00
4.051000000000000000e+03 5.656854249492380582e+00 0.000000000000000000e+00
4.051200000000000273e+03 5.656854249492380582e+00 0.000000000000000000e+00
4.051400000000000091e+03 5.656854249492380582e+00 0.000000000000000000e+00
4.051600000000000364e+03 4.000000000000000000e+00 0.000000000000000000e+00
4.051800000000000182e+03 4.000000000000000000e+00 0.000000000000000000e+00
4.052000000000000000e+03 4.000000000000000000e+00 2.850000400000000000e+11
4.052200000000000273e+03 0.000000000000000000e+00 2.850000400000000000e+11
4.052400000000000091e+03 0.000000000000000000e+00 2.850000700000000000e+11
4.052600000000000364e+03 0.000000000000000000e+00 2.850000700000000000e+11
4.052800000000000182e+03 0.000000000000000000e+00 2.850000400000000000e+11
4.053000000000000000e+03 4.000000000000000000e+00 2.850000400000000000e+11
4.053200000000000273e+03 4.000000000000000000e+00 2.850000400000000000e+11
4.053400000000000091e+03 4.000000000000000000e+00 2.850000700000000000e+11
4.053600000000000364e+03 5.656854249492380582e+00 2.850000400000000000e+11
4.053800000000000182e+03 5.656854249492380582e+00 2.850000400000000000e+11
4.054000000000000000e+03 5.656854249492380582e+00 2.850000700000000000e+11
4.054200000000000273e+03 5.656854249492380582e+00 2.850000400000000000e+11
4.054400000000000091e+03 4.000000000000000000e+00 2.850000400000000000e+11
4.054600000000000364e+03 4.000000000000000000e+00 2.850000400000000000e+11
4.054800000000000182e+03 4.000000000000000000e+00 2.850000700000000000e+11
4.055000000000000000e+03 4.000000000000000000e+00 2.850000700000000000e+11
4.055200000000000273e+03 0.000000000000000000e+00 2.850000400000000000e+11
4.055400000000000091e+03 0.000000000000000000e+00 2.850000700000000000e+11
4.055600000000000364e+03 4.000000000000000000e+00 2.850000700000000000e+11
4.055800000000000182e+03 4.000000000000000000e+00 2.850000400000000000e+11
4.056000000000000000e+03 4.000000000000000000e+00 0.000000000000000000e+00
4.056200000000000273e+03 4.000000000000000000e+00 0.000000000000000000e+00
4.056400000000000091e+03 5.656854249492380582e+00 0.000000000000000000e+00
4.056600000000000364e+03 5.656854249492380582e+00 0.000000000000000000e+00
4.056800000000000182e+03 5.656854249492380582e+00 0.000000000000000000e+00
4.057000000000000000e+03 5.656854249492380582e+00 0.000000000000000000e+00
4.057200000000000273e+03 4.000000000000000000e+00 0.000000000000000000e+00
4.057400000000000091e+03 4.000000000000000000e+00 0.000000000000000000e+00
4.057600000000000364e+03 4.000000000000000000e+00 0.000000000000000000e+00
4.057800000000000182e+03 0.000000000000000000e+00 0.000000000000000000e+00
4.058000000000000000e+03 0.000000000000000000e+00 0.000000000000000000e+00
4.058200000000000273e+03 0.000000000000000000e+00 0.000000000000000000e+00
4.058400000000000091e+03 4.000000000000000000e+00 0.000000000000000000e+00
4.058600000000000364e+03 4.000000000000000000e+00 0.000000000000000000e+00
4.058800000000000182e+03 4.000000000000000000e+00 0.000000000000000000e+00
4.059000000000000000e+03 4.000000000000000000e+00 0.000000000000000000e+00
4.059200000000000273e+03 5.656854249492380582e+00 0.000000000000000000e+00
4.059400000000000091e+03 5.656854249492380582e+00 0.000000000000000000e+00
4.059600000000000364e+03 5.656854249492380582e+00 0.000000000000000000e+00
4.059800000000000182e+03 4.000000000000000000e+00 0.000000000000000000e+00
4.060000000000000000e+03 4.000000000000000000e+00 2.850000400000000000e+11
4.060200000000000273e+03 4.000000000000000000e+00 2.850000400000000000e+11
4.060400000000000091e+03 0.000000000000000000e+00 2.850000400000000000e+11
4.060600000000000364e+03 0.000000000000000000e+00 2.850000400000000000e+11
4.060800000000000182e+03 0.000000000000000000e+00 2.850000700000000000e+11
4.061000000000000000e+03 4.000000000000000000e+00 2.850000700000000000e+11
4.061200000000000273e+03 4.000000000000000000e+00 2.850000400000000000e+11
4.061400000000000091e+03 4.000000000000000000e+00 2.850000400000000000e+11
4.061600000000000364e+03 4.000000000000000000e+00 2.850000400000000000e+11
4.061800000000000182e+03 5.656854249492380582e+00 2.850000400000000000e+11
4.062000000000000000e+03 4.000000000000000000e+00 2.850000700000000000e+11
4.062200000000000273e+03 5.656854249492380582e+00 2.850000400000000000e+11
4.062400000000000091e+03 4.000000000000000000e+00 2.850000400000000000e+11
4.062600000000000364e+03 4.000000000000000000e+00 2.850000400000000000e+11
4.062800000000000182e+03 5.656854249492380582e+00 2.850000400000000000e+11
4.063000000000000000e+03 4.000000000000000000e+00 2.850000400000000000e+11
4.063200000000000273e+03 5.656854249492380582e+00 2.850000400000000000e+11
4.063400000000000091e+03 4.000000000000000000e+00 2.850000400000000000e+11
4.063600000000000364e+03 4.000000000000000000e+00 2.850000400000000000e+11
4.063800000000000182e+03 4.000000000000000000e+00 2.850000400000000000e+11
4.064000000000000000e+03 4.000000000000000000e+00 0.000000000000000000e+00
4.064200000000000273e+03 4.000000000000000000e+00 0.000000000000000000e+00
4.064400000000000091e+03 5.656854249492380582e+00 0.000000000000000000e+00
4.064600000000000364e+03 4.000000000000000000e+00 0.000000000000000000e+00
4.064800000000000182e+03 4.000000000000000000e+00 0.000000000000000000e+00
4.065000000000000000e+03 4.000000000000000000e+00 0.000000000000000000e+00
4.065200000000000273e+03 5.656854249492380582e+00 0.000000000000000000e+00
4.065400000000000091e+03 5.656854249492380582e+00 0.000000000000000000e+00
4.065600000000000364e+03 5.656854249492380582e+00 0.000000000000000000e+00
4.065800000000000182e+03 4.000000000000000000e+00 0.000000000000000000e+00
4.066000000000000000e+03 4.000000000000000000e+00 0.000000000000000000e+00
4.066200000000000273e+03 4.000000000000000000e+00 0.000000000000000000e+00
4.066400000000000091e+03 4.000000000000000000e+00 0.000000000000000000e+00
4.066600000000000364e+03 4.000000000000000000e+00 0.000000000000000000e+00
4.066800000000000182e+03 5.656854249492380582e+00 0.000000000000000000e+00
4.067000000000000000e+03 4.000000000000000000e+00 0.000000000000000000e+00
4.067200000000000273e+03 4.000000000000000000e+00 0.000000000000000000e+00
4.067400000000000091e+03 4.000000000000000000e+00 0.000000000000000000e+00
4.067600000000000364e+03 4.000000000000000000e+00 0.000000000000000000e+00
4.067800000000000182e+03 5.656854249492380582e+00 0.000000000000000000e+00
4.068000000000000000e+03 5.656854249492380582e+00 2.850000700000000000e+11
4.068200000000000273e+03 5.656854249492380582e+00 2.850000400000000000e+11
4.068400000000000091e+03 4.000000000000000000e+00 2.850000700000000000e+11
4.068600000000000364e+03 4.000000000000000000e+00 2.850000400000000000e+11
4.068800000000000182e+03 4.000000000000000000e+00 2.850000400000000000e+11
4.069000000000000000e+03 0.000000000000000000e+00 2.850000700000000000e+11
4.069200000000000273e+03 4.000000000000000000e+00 2.850000400000000000e+11
4.069400000000000091e+03 5.656854249492380582e+00 2.850000700000000000e+11
4.069600000000000364e+03 4.000000000000000000e+00 2.850000400000000000e+11
4.069800000000000182e+03 4.000000000000000000e+00 2.850000400000000000e+11
4.070000000000000000e+03 4.000000000000000000e+00 2.850000400000000000e+11
4.070200000000000273e+03 5.656854249492380582e+00 2.850000400000000000e+11
4.070400000000000091e+03 5.656854249492380582e+00 2.850000400000000000e+11
4.070600000000000364e+03 5.656854249492380582e+00 2.850000400000000000e+11
4.070800000000000182e+03 4.000000000000000000e+00 2.850000400000000000e+11
4.071000000000000000e+03 4.000000000000000000e+00 2.850000400000000000e+11
4.071200000000000273e+03 4.000000000000000000e+00 2.850000400000000000e+11
4.071400000000000091e+03 4.000000000000000000e+00 2.850000700000000000e+11
4.071600000000000364e+03 5.656854249492380582e+00 2.850000400000000000e+11
4.071800000000000182e+03 4.000000000000000000e+00 2.850000700000000000e+11
4.072000000000000000e+03 4.000000000000000000e+00 0.000000000000000000e+00
4.072200000000000273e+03 4.000000000000000000e+00 0.000000000000000000e+00
4.072400000000000091e+03 5.656854249492380582e+00 0.000000000000000000e+00
4.072600000000000364e+03 5.656854249492380582e+00 0.000000000000000000e+00
4.072800000000000182e+03 5.656854249492380582e+00 0.000000000000000000e+00
4.073000000000000000e+03 5.656854249492380582e+00 0.000000000000000000e+00
4.073200000000000273e+03 5.656854249492380582e+00 0.000000000000000000e+00
4.073400000000000091e+03 4.000000000000000000e+00 0.000000000000000000e+00
4.073600000000000364e+03 4.000000000000000000e+00 0.000000000000000000e+00
4.073800000000000182e+03 5.656854249492380582e+00 0.000000000000000000e+00
4.074000000000000000e+03 5.656854249492380582e+00 0.000000000000000000e+00
4.074200000000000273e+03 4.000000000000000000e+00 0.000000000000000000e+00
4.074400000000000091e+03 4.000000000000000000e+00 0.000000000000000000e+00
4.074600000000000364e+03 4.000000000000000000e+00 0.000000000000000000e+00
4.074800000000000182e+03 4.000000000000000000e+00 0.000000000000000000e+00
4.075000000000000000e+03 5.656854249492380582e+00 0.000000000000000000e+00
4.075200000000000273e+03 5.656854249492380582e+00 0.000000000000000000e+00
4.075400000000000091e+03 5.656854249492380582e+00 0.000000000000000000e+00
4.075600000000000364e+03 4.000000000000000000e+00 0.000000000000000000e+00
4.075800000000000182e+03 4.000000000000000000e+00 0.000000000000000000e+00
4.076000000000000000e+03 4.000000000000000000e+00 2.850000700000000000e+11
4.076200000000000273e+03 4.000000000000000000e+00 2.850000400000000000e+11
4.076400000000000091e+03 4.000000000000000000e+00 2.850000400000000000e+11
4.076600000000000364e+03 5.656854249492380582e+00 2.850000400000000000e+11
4.076800000000000182e+03 4.000000000000000000e+00 2.850000400000000000e+11
4.077000000000000000e+03 4.000000000000000000e+00 2.850000400000000000e+11
4.077200000000000273e+03 4.000000000000000000e+00 2.850000400000000000e+11
4.077400000000000091e+03 4.000000000000000000e+00 2.850000400000000000e+11
4.077600000000000364e+03 5.656854249492380582e+00 2.850000400000000000e+11
4.077800000000000182e+03 5.656854249492380582e+00 2.850000400000000000e+11
4.078000000000000000e+03 4.000000000000000000e+00 2.850000400000000000e+11
4.078200000000000273e+03 4.000000000000000000e+00 2.850000400000000000e+11
4.078400000000000091e+03 4.000000000000000000e+00 2.850000400000000000e+11
4.078600000000000364e+03 4.000000000000000000e+00 2.850000400000000000e+11
4.078800000000000182e+03 4.000000000000000000e+00 2.850000400000000000e+11
4.079000000000000000e+03 5.656854249492380582e+00 2.850000700000000000e+11
4.079200000000000273e+03 5.656854249492380582e+00 2.850000700000000000e+11
4.079400000000000091e+03 4.000000000000000000e+00 2.850000400000000000e+11
4.079600000000000364e+03 4.000000000000000000e+00 2.850000400000000000e+11
4.079800000000000182e+03 4.000000000000000000e+00 2.850000400000000000e+11
