4.200000000000000000e+03 4.000000000000000000e+00 0.000000000000000000e+00
4.200199999999999818e+03 4.000000000000000000e+00 0.000000000000000000e+00
4.200400000000000546e+03 5.656854249492380582e+00 0.000000000000000000e+00
4.200600000000000364e+03 5.656854249492380582e+00 0.000000000000000000e+00
4.200800000000000182e+03 5.656854249492380582e+00 0.000000000000000000e+00
4.201000000000000000e+03 5.656854249492380582e+00 0.000000000000000000e+00
4.201199999999999818e+03 5.656854249492380582e+00 0.000000000000000000e+00
4.201400000000000546e+03 5.656854249492380582e+00 0.000000000000000000e+00
4.201600000000000364e+03 5.656854249492380582e+00 0.000000000000000000e+00
4.201800000000000182e+03 5.656854249492380582e+00 0.000000000000000000e+00
4.202000000000000000e+03 5.656854249492380582e+00 0.000000000000000000e+00
4.202199999999999818e+03 5.656854249492380582e+00 0.000000000000000000e+00
4.202400000000000546e+03 4.000000000000000000e+00 0.000000000000000000e+00
4.202600000000000364e+03 0.000000000000000000e+00 0.000000000000000000e+00
4.202800000000000182e+03 5.656854249492380582e+00 0.000000000000000000e+00
4.203000000000000000e+03 5.656854249492380582e+00 0.000000000000000000e+00
4.203199999999999818e+03 5.656854249492380582e+00 0.000000000000000000e+00
4.203400000000000546e+03 5.656854249492380582e+00 0.000000000000000000e+00
4.203600000000000364e+03 5.656854249492380582e+00 0.000000000000000000e+00
4.203800000000000182e+03 5.656854249492380582e+00 0.000000000000000000e+00
4.204000000000000000e+03 5.656854249492380582e+00 2.899999800000000000e+11
4.204199999999999818e+03 5.656854249492380582e+00 2.899999800000000000e+11
4.204400000000000546e+03 4.000000000000000000e+00 2.899999800000000000e+11
4.204600000000000364e+03 4.000000000000000000e+00 2.899999800000000000e+11
4.204800000000000182e+03 4.000000000000000000e+00 2.899999800000000000e+11
4.205000000000000000e+03 4.000000000000000000e+00 2.899999800000000000e+11
4.205199999999999818e+03 4.000000000000000000e+00 2.899999800000000000e+11
4.205400000000000546e+03 0.000000000000000000e+00 2.899999800000000000e+11
4.205600000000000364e+03 0.000000000000000000e+00 2.899999800000000000e+11
4.205800000000000182e+03 4.000000000000000000e+00 2.899999800000000000e+11
4.206000000000000000e+03 4.000000000000000000e+00 2.899999800000000000e+11
4.206199999999999818e+03 5.656854249492380582e+00 2.899999800000000000e+11
4.206400000000000546e+03 5.656854249492380582e+00 2.899999800000000000e+11
4.206600000000000364e+03 5.656854249492380582e+00 2.899999800000000000e+11
4.206800000000000182e+03 5.656854249492380582e+00 2.899999800000000000e+11
4.207000000000000000e+03 5.656854249492380582e+00 2.899999800000000000e+11
4.207199999999999818e+03 4.000000000000000000e+00 2.899999800000000000e+11
4.207400000000000546e+03 4.000000000000000000e+00 2.899999800000000000e+11
4.207600000000000364e+03 4.000000000000000000e+00 2.899999800000000000e+11
4.207800000000000182e+03 0.000000000000000000e+00 2.899999800000000000e+11
4.208000000000000000e+03 0.000000000000000000e+00 0.000000000000000000e+00
4.208199999999999818e+03 0.000000000000000000e+00 0.000000000000000000e+00
4.208400000000000546e+03 0.000000000000000000e+00 0.000000000000000000e+00
4.208600000000000364e+03 4.000000000000000000e+00 0.000000000000000000e+00
4.208800000000000182e+03 4.000000000000000000e+00 0.000000000000000000e+00
4.209000000000000000e+03 4.000000000000000000e+00 0.000000000000000000e+00
4.209199999999999818e+03 5.656854249492380582e+00 0.000000000000000000e+00
4.209400000000000546e+03 5.656854249492380582e+00 0.000000000000000000e+00
4.209600000000000364e+03 5.656854249492380582e+00 0.000000000000000000e+00
4.209800000000000182e+03 5.656854249492380582e+00 0.000000000000000000e+00
4.210000000000000000e+03 4.000000000000000000e+00 0.000000000000000000e+00
4.210199999999999818e+03 4.000000000000000000e+00 0.000000000000000000e+00
4.210400000000000546e+03 4.000000000000000000e+00 0.000000000000000000e+00
4.210600000000000364e+03 0.000000000000000000e+00 0.000000000000000000e+00
4.210800000000000182e+03 0.000000000000000000e+00 0.000000000000000000e+00
4.211000000000000000e+03 0.000000000000000000e+00 0.000000000000000000e+00
4.211199999999999818e+03 4.000000000000000000e+00 0.000000000000000000e+00
4.211400000000000546e+03 4.000000000000000000e+00 0.000000000000000000e+00
4.211600000000000364e+03 4.000000000000000000e+00 0.000000000000000000e+00
4.211800000000000182e+03 5.656854249492380582e+00 0.000000000000000000e+00
4.212000000000000000e+03 5.656854249492380582e+00 2.899999800000000000e+11
4.212199999999999818e+03 5.656854249492380582e+00 2.899999800000000000e+11
4.212400000000000546e+03 5.656854249492380582e+00 2.899999800000000000e+11
4.212600000000000364e+03 4.000000000000000000e+00 2.899999800000000000e+11
4.212800000000000182e+03 4.000000000000000000e+00 2.899999800000000000e+11
4.213000000000000000e+03 4.000000000000000000e+00 2.899999800000000000e+11
4.213199999999999818e+03 4.000000000000000000e+00 2.899999800000000000e+11
4.213400000000000546e+03 0.000000000000000000e+00 2.899999800000000000e+11
4.213600000000000364e+03 0.000000000000000000e+00 2.899999800000000000e+11
4.213800000000000182e+03 0.000000000000000000e+00 2.899999800000000000e+11
4.214000000000000000e+03 4.000000000000000000e+00 2.899999800000000000e+11
4.214199999999999818e+03 4.000000000000000000e+00 2.899999800000000000e+11
4.214400000000000546e+03 4.000000000000000000e+00 2.899999800000000000e+11
4.214600000000000364e+03 5.656854249492380582e+00 2.899999800000000000e+11
4.214800000000000182e+03 5.656854249492380582e+00 2.899999800000000000e+11
4.215000000000000000e+03 5.656854249492380582e+00 2.899999800000000000e+11
4.215199999999999818e+03 5.656854249492380582e+00 2.899999800000000000e+11
4.215400000000000546e+03 4.000000000000000000e+00 2.899999800000000000e+11
4.215600000000000364e+03 4.000000000000000000e+00 2.899999800000000000e+11
4.215800000000000182e+03 4.000000000000000000e+00 2.899999800000000000e+11
4.216000000000000000e+03 0.000000000000000000e+00 0.000000000000000000e+00
4.216199999999999818e+03 0.000000000000000000e+00 0.000000000000000000e+00
4.216400000000000546e+03 0.000000000000000000e+00 0.000000000000000000e+00
4.216600000000000364e+03 0.000000000000000000e+00 0.000000000000000000e+00
4.216800000000000182e+03 4.000000000000000000e+00 0.000000000000000000e+00
4.217000000000000000e+03 4.000000000000000000e+00 0.000000000000000000e+00
4.217199999999999818e+03 4.000000000000000000e+00 0.000000000000000000e+00
4.217400000000000546e+03 5.656854249492380582e+00 0.000000000000000000e+00
4.217600000000000364e+03 5.656854249492380582e+00 0.000000000000000000e+00
4.217800000000000182e+03 5.656854249492380582e+00 0.000000000000000000e+00
4.218000000000000000e+03 4.000000000000000000e+00 0.000000000000000000e+00
4.218199999999999818e+03 4.000000000000000000e+00 0.000000000000000000e+00
4.218400000000000546e+03 4.000000000000000000e+00 0.000000000000000000e+00
4.218600000000000364e+03 4.000000000000000000e+00 0.000000000000000000e+00
4.218800000000000182e+03 0.000000000000000000e+00 0.000000000000000000e+00
4.219000000000000000e+03 0.000000000000000000e+00 0.000000000000000000e+00
4.219199999999999818e+03 0.000000000000000000e+00 0.000000000000000000e+00
4.219400000000000546e+03 4.000000000000000000e+00 0.000000000000000000e+00
4.219600000000000364e+03 4.000000000000000000e+00 0.000000000000000000e+00
4.219800000000000182e+03 4.000000000000000000e+00 0.000000000000000000e+00
4.220000000000000000e+03 4.000000000000000000e+00 2.899999800000000000e+11
4.220199999999999818e+03 5.656854249492380582e+00 2.899999800000000000e+11
4.220400000000000546e+03 5.656854249492380582e+00 2.899999800000000000e+11
4.220600000000000364e+03 5.656854249492380582e+00 2.899999800000000000e+11
4.220800000000000182e+03 4.000000000000000000e+00 2.899999800000000000e+11
4.221000000000000000e+03 4.000000000000000000e+00 2.899999800000000000e+11
4.221199999999999818e+03 4.000000000000000000e+00 2.899999800000000000e+11
4.221400000000000546e+03 4.000000000000000000e+00 2.899999800000000000e+11
4.221600000000000364e+03 0.000000000000000000e+00 2.899999800000000000e+11
4.221800000000000182e+03 0.000000000000000000e+00 2.899999800000000000e+11
4.222000000000000000e+03 0.000000000000000000e+00 2.899999800000000000e+11
4.222199999999999818e+03 4.000000000000000000e+00 2.899999800000000000e+11
4.222400000000000546e+03 4.000000000000000000e+00 2.899999800000000000e+11
4.222600000000000364e+03 4.000000000000000000e+00 2.899999800000000000e+11
4.222800000000000182e+03 5.656854249492380582e+00 2.899999800000000000e+11
4.223000000000000000e+03 5.656854249492380582e+00 2.899999800000000000e+11
4.223199999999999818e+03 5.656854249492380582e+00 2.899999800000000000e+11
4.223400000000000546e+03 5.656854249492380582e+00 2.899999800000000000e+11
4.223600000000000364e+03 4.000000000000000000e+00 2.899999800000000000e+11
4.223800000000000182e+03 4.000000000000000000e+00 2.899999800000000000e+11
4.224000000000000000e+03 4.000000000000000000e+00 0.000000000000000000e+00
4.224199999999999818e+03 0.000000000000000000e+00 0.000000000000000000e+00
4.224400000000000546e+03 0.000000000000000000e+00 0.000000000000000000e+00
4.224600000000000364e+03 0.000000000000000000e+00 0.000000000000000000e+00
4.224800000000000182e+03 0.000000000000000000e+00 0.000000000000000000e+00
4.225000000000000000e+03 4.000000000000000000e+00 0.000000000000000000e+00
4.225199999999999818e+03 4.000000000000000000e+00 0.000000000000000000e+00
4.225400000000000546e+03 4.000000000000000000e+00 0.000000000000000000e+00
4.225600000000000364e+03 5.656854249492380582e+00 0.000000000000000000e+00
4.225800000000000182e+03 5.656854249492380582e+00 0.000000000000000000e+00
4.226000000000000000e+03 5.656854249492380582e+00 0.000000000000000000e+00
4.226199999999999818e+03 5.656854249492380582e+00 0.000000000000000000e+00
4.226400000000000546e+03 4.000000000000000000e+00 0.000000000000000000e+00
4.226600000000000364e+03 4.000000000000000000e+00 0.000000000000000000e+00
4.226800000000000182e+03 4.000000000000000000e+00 0.000000000000000000e+00
4.227000000000000000e+03 0.000000000000000000e+00 0.000000000000000000e+00
4.227199999999999818e+03 0.000000000000000000e+00 0.000000000000000000e+00
4.227400000000000546e+03 0.000000000000000000e+00 0.000000000000000000e+00
4.227600000000000364e+03 4.000000000000000000e+00 0.000000000000000000e+00
4.227800000000000182e+03 4.000000000000000000e+00 0.000000000000000000e+00
4.228000000000000000e+03 4.000000000000000000e+00 2.899999800000000000e+11
4.228199999999999818e+03 4.000000000000000000e+00 2.899999800000000000e+11
4.228400000000000546e+03 5.656854249492380582e+00 2.899999800000000000e+11
4.228600000000000364e+03 5.656854249492380582e+00 2.899999800000000000e+11
4.228800000000000182e+03 5.656854249492380582e+00 2.899999800000000000e+11
4.229000000000000000e+03 4.000000000000000000e+00 2.899999800000000000e+11
4.229199999999999818e+03 4.000000000000000000e+00 2.899999800000000000e+11
4.229400000000000546e+03 4.000000000000000000e+00 2.899999800000000000e+11
4.229600000000000364e+03 4.000000000000000000e+00 2.899999800000000000e+11
4.229800000000000182e+03 0.000000000000000000e+00 2.899999800000000000e+11
4.230000000000000000e+03 0.000000000000000000e+00 2.899999800000000000e+11
4.230199999999999818e+03 0.000000000000000000e+00 2.899999800000000000e+11
4.230400000000000546e+03 4.000000000000000000e+00 2.899999800000000000e+11
4.230600000000000364e+03 4.000000000000000000e+00 2.899999800000000000e+11
4.230800000000000182e+03 4.000000000000000000e+00 2.899999800000000000e+11
4.231000000000000000e+03 4.000000000000000000e+00 2.899999800000000000e+11
4.231199999999999818e+03 5.656854249492380582e+00 2.899999800000000000e+11
4.231400000000000546e+03 5.656854249492380582e+00 2.899999800000000000e+11
4.231600000000000364e+03 5.656854249492380582e+00 2.899999800000000000e+11
4.231800000000000182e+03 4.000000000000000000e+00 2.899999800000000000e+11
4.232000000000000000e+03 4.000000000000000000e+00 0.000000000000000000e+00
4.232199999999999818e+03 4.000000000000000000e+00 0.000000000000000000e+00
4.232400000000000546e+03 0.000000000000000000e+00 0.000000000000000000e+00
4.232600000000000364e+03 0.000000000000000000e+00 0.000000000000000000e+00
4.232800000000000182e+03 0.000000000000000000e+00 0.000000000000000000e+00
4.233000000000000000e+03 0.000000000000000000e+00 0.000000000000000000e+00
4.233199999999999818e+03 4.000000000000000000e+00 0.000000000000000000e+00
4.233400000000000546e+03 4.000000000000000000e+00 0.000000000000000000e+00
4.233600000000000364e+03 4.000000000000000000e+00 0.000000000000000000e+00
4.233800000000000182e+03 5.656854249492380582e+00 0.000000000000000000e+00
4.234000000000000000e+03 5.656854249492380582e+00 0.000000000000000000e+00
4.234199999999999818e+03 5.656854249492380582e+00 0.000000000000000000e+00
4.234400000000000546e+03 5.656854249492380582e+00 0.000000000000000000e+00
4.234600000000000364e+03 4.000000000000000000e+00 0.000000000000000000e+00
4.234800000000000182e+03 4.000000000000000000e+00 0.000000000000000000e+00
4.235000000000000000e+03 4.000000000000000000e+00 0.000000000000000000e+00
4.235199999999999818e+03 0.000000000000000000e+00 0.000000000000000000e+00
4.235400000000000546e+03 0.000000000000000000e+00 0.000000000000000000e+00
4.235600000000000364e+03 0.000000000000000000e+00 0.000000000000000000e+00
4.235800000000000182e+03 4.000000000000000000e+00 0.000000000000000000e+00
4.236000000000000000e+03 4.000000000000000000e+00 2.899999800000000000e+11
4.236199999999999818e+03 4.000000000000000000e+00 2.899999800000000000e+11
4.236400000000000546e+03 4.000000000000000000e+00 2.899999800000000000e+11
4.236600000000000364e+03 5.656854249492380582e+00 2.899999800000000000e+11
4.236800000000000182e+03 5.656854249492380582e+00 2.899999800000000000e+11
4.237000000000000000e+03 5.656854249492380582e+00 2.899999800000000000e+11
4.237199999999999818e+03 4.000000000000000000e+00 2.899999800000000000e+11
4.237400000000000546e+03 4.000000000000000000e+00 2.899999800000000000e+11
4.237600000000000364e+03 4.000000000000000000e+00 2.899999800000000000e+11
4.237800000000000182e+03 4.000000000000000000e+00 2.899999800000000000e+11
4.238000000000000000e+03 0.000000000000000000e+00 2.899999800000000000e+11
4.238199999999999818e+03 0.000000000000000000e+00 2.899999800000000000e+11
4.238400000000000546e+03 0.000000000000000000e+00 2.899999800000000000e+11
4.238600000000000364e+03 4.000000000000000000e+00 2.899999800000000000e+11
4.238800000000000182e+03 4.000000000000000000e+00 2.899999800000000000e+11
4.239000000000000000e+03 4.000000000000000000e+00 2.899999800000000000e+11
4.239199999999999818e+03 4.000000000000000000e+00 2.899999800000000000e+11
4.239400000000000546e+03 5.656854249492380582e+00 2.899999800000000000e+11
4.239600000000000364e+03 5.656854249492380582e+00 2.899999800000000000e+11
4.239800000000000182e+03 5.656854249492380582e+00 2.899999800000000000e+11
4.240000000000000000e+03 4.000000000000000000e+00 0.000000000000000000e+00
4.240199999999999818e+03 4.000000000000000000e+00 0.000000000000000000e+00
4.240400000000000546e+03 4.000000000000000000e+00 0.000000000000000000e+00
4.240600000000000364e+03 4.000000000000000000e+00 0.000000000000000000e+00
4.240800000000000182e+03 0.000000000000000000e+00 0.000000000000000000e+00
4.241000000000000000e+03 0.000000000000000000e+00 0.000000000000000000e+00
4.241199999999999818e+03 0.000000000000000000e+00 0.000000000000000000e+00
4.241400000000000546e+03 4.000000000000000000e+00 0.000000000000000000e+00
4.241600000000000364e+03 4.000000000000000000e+00 0.000000000000000000e+00
4.241800000000000182e+03 4.000000000000000000e+00 0.000000000000000000e+00
4.242000000000000000e+03 4.000000000000000000e+00 0.000000000000000000e+00
4.242199999999999818e+03 5.656854249492380582e+00 0.000000000000000000e+00
4.242400000000000546e+03 5.656854249492380582e+00 0.000000000000000000e+00
4.242600000000000364e+03 5.656854249492380582e+00 0.000000000000000000e+00
4.242800000000000182e+03 4.000000000000000000e+00 0.000000000000000000e+00
4.243000000000000000e+03 4.000000000000000000e+00 0.000000000000000000e+00
4.243199999999999818e+03 4.000000000000000000e+00 0.000000000000000000e+00
4.243400000000000546e+03 4.000000000000000000e+00 0.000000000000000000e+00
4.243600000000000364e+03 0.000000000000000000e+00 0.000000000000000000e+00
4.243800000000000182e+03 0.000000000000000000e+00 0.000000000000000000e+00
4.244000000000000000e+03 0.000000000000000000e+00 2.899999800000000000e+11
4.244199999999999818e+03 4.000000000000000000e+00 2.899999800000000000e+11
4.244400000000000546e+03 4.000000000000000000e+00 2.899999800000000000e+11
4.244600000000000364e+03 4.000000000000000000e+00 2.899999800000000000e+11
4.244800000000000182e+03 4.000000000000000000e+00 2.899999800000000000e+11
4.245000000000000000e+03 5.656854249492380582e+00 2.899999800000000000e+11
4.245199999999999818e+03 5.656854249492380582e+00 2.899999800000000000e+11
4.245400000000000546e+03 5.656854249492380582e+00 2.899999800000000000e+11
4.245600000000000364e+03 4.000000000000000000e+00 2.899999800000000000e+11
4.245800000000000182e+03 4.000000000000000000e+00 2.899999800000000000e+11
4.246000000000000000e+03 4.000000000000000000e+00 2.899999800000000000e+11
4.246199999999999818e+03 4.000000000000000000e+00 2.899999800000000000e+11
4.246400000000000546e+03 0.000000000000000000e+00 2.899999800000000000e+11
4.246600000000000364e+03 0.000000000000000000e+00 2.899999800000000000e+11
4.246800000000000182e+03 0.000000000000000000e+00 2.899999800000000000e+11
4.247000000000000000e+03 4.000000000000000000e+00 2.899999800000000000e+11
4.247199999999999818e+03 5.656854249492380582e+00 2.899999800000000000e+11
4.247400000000000546e+03 5.656854249492380582e+00 2.899999800000000000e+11
4.247600000000000364e+03 8.944271909999159220e+00 2.899999800000000000e+11
4.247800000000000182e+03 8.000000000000000000e+00 2.899999800000000000e+11
4.248000000000000000e+03 1.264911064067351809e+01 0.000000000000000000e+00
4.248199999999999818e+03 1.131370849898476116e+01 0.000000000000000000e+00
4.248400000000000546e+03 1.131370849898476116e+01 0.000000000000000000e+00
4.248600000000000364e+03 1.264911064067351809e+01 0.000000000000000000e+00
4.248800000000000182e+03 1.200000000000000000e+01 0.000000000000000000e+00
4.249000000000000000e+03 8.944271909999159220e+00 0.000000000000000000e+00
4.249199999999999818e+03 5.656854249492380582e+00 0.000000000000000000e+00
4.249400000000000546e+03 8.944271909999159220e+00 0.000000000000000000e+00
4.249600000000000364e+03 8.000000000000000000e+00 0.000000000000000000e+00
4.249800000000000182e+03 5.656854249492380582e+00 0.000000000000000000e+00
4.250000000000000000e+03 4.000000000000000000e+00 0.000000000000000000e+00
4.250199999999999818e+03 8.944271909999159220e+00 0.000000000000000000e+00
4.250400000000000546e+03 5.656854249492380582e+00 0.000000000000000000e+00
4.250600000000000364e+03 8.944271909999159220e+00 0.000000000000000000e+00
4.250800000000000182e+03 8.000000000000000000e+00 0.000000000000000000e+00
4.251000000000000000e+03 1.264911064067351809e+01 0.000000000000000000e+00
4.251199999999999818e+03 1.131370849898476116e+01 0.000000000000000000e+00
4.251400000000000546e+03 1.131370849898476116e+01 0.000000000000000000e+00
4.251600000000000364e+03 8.944271909999159220e+00 0.000000000000000000e+00
4.251800000000000182e+03 8.000000000000000000e+00 0.000000000000000000e+00
4.252000000000000000e+03 8.944271909999159220e+00 2.899999800000000000e+11
4.252199999999999818e+03 8.944271909999159220e+00 2.899999800000000000e+11
4.252400000000000546e+03 8.944271909999159220e+00 2.899999800000000000e+11
4.252600000000000364e+03 8.000000000000000000e+00 2.899999800000000000e+11
4.252800000000000182e+03 8.944271909999159220e+00 2.899999800000000000e+11
4.253000000000000000e+03 1.264911064067351809e+01 2.899999800000000000e+11
4.253199999999999818e+03 1.600000000000000000e+01 2.899999800000000000e+11
4.253400000000000546e+03 1.788854381999831844e+01 2.899999800000000000e+11
4.253600000000000364e+03 2.262741699796952233e+01 2.899999800000000000e+11
4.253800000000000182e+03 2.683281572999747766e+01 2.899999800000000000e+11
4.254000000000000000e+03 3.200000000000000000e+01 2.899999800000000000e+11
4.254199999999999818e+03 3.417601498127012150e+01 2.899999800000000000e+11
4.254400000000000546e+03 4.252058325093859992e+01 2.899999800000000000e+11
4.254600000000000364e+03 4.472135954999579610e+01 2.899999800000000000e+11
4.254800000000000182e+03 5.215361924162119323e+01 2.899999800000000000e+11
4.255000000000000000e+03 5.824087911424414443e+01 2.899999800000000000e+11
4.255199999999999818e+03 6.248199740725323181e+01 2.899999800000000000e+11
4.255400000000000546e+03 7.155417527999327376e+01 2.899999800000000000e+11
4.255600000000000364e+03 8.009993757800314995e+01 2.899999800000000000e+11
4.255800000000000182e+03 9.138927727036690385e+01 2.899999800000000000e+11
4.256000000000000000e+03 1.046900186264192030e+02 0.000000000000000000e+00
4.256199999999999818e+03 1.011928851253881447e+02 0.000000000000000000e+00
4.256400000000000546e+03 1.007174264961133758e+02 0.000000000000000000e+00
4.256600000000000364e+03 1.043072384832423865e+02 0.000000000000000000e+00
4.256800000000000182e+03 1.009554357129917008e+02 0.000000000000000000e+00
4.257000000000000000e+03 1.012719112093773077e+02 0.000000000000000000e+00
4.257199999999999818e+03 1.038460398859773619e+02 0.000000000000000000e+00
4.257400000000000546e+03 9.935793878699377046e+01 0.000000000000000000e+00
4.257600000000000364e+03 1.019803902718556969e+02 0.000000000000000000e+00
4.257800000000000182e+03 1.000799680255744306e+02 0.000000000000000000e+00
4.258000000000000000e+03 9.507891459203770523e+01 0.000000000000000000e+00
4.258199999999999818e+03 9.338094023943001787e+01 0.000000000000000000e+00
4.258400000000000546e+03 9.234717104492156636e+01 0.000000000000000000e+00
4.258600000000000364e+03 9.277930803794561143e+01 0.000000000000000000e+00
4.258800000000000182e+03 8.988882021697692437e+01 0.000000000000000000e+00
4.259000000000000000e+03 8.988882021697692437e+01 0.000000000000000000e+00
4.259199999999999818e+03 8.881441324469807341e+01 0.000000000000000000e+00
4.259400000000000546e+03 8.854377448471461776e+01 0.000000000000000000e+00
4.259600000000000364e+03 8.772684879784523559e+01 0.000000000000000000e+00
4.259800000000000182e+03 9.138927727036690385e+01 0.000000000000000000e+00
4.260000000000000000e+03 9.208691546577070142e+01 2.899999800000000000e+11
4.260199999999999818e+03 1.019803902718556969e+02 2.899999800000000000e+11
4.260400000000000546e+03 1.132784180680503709e+02 2.899999800000000000e+11
4.260600000000000364e+03 1.302919797992186375e+02 2.899999800000000000e+11
4.260800000000000182e+03 1.448861622101986768e+02 2.899999800000000000e+11
4.261000000000000000e+03 1.598499296215046854e+02 2.899999800000000000e+11
4.261199999999999818e+03 1.255388386118017223e+02 2.899999800000000000e+11
4.261400000000000546e+03 1.189285499785480482e+02 2.899999800000000000e+11
4.261600000000000364e+03 1.292439553712280826e+02 2.899999800000000000e+11
4.261800000000000182e+03 1.482160585091912424e+02 2.899999800000000000e+11
4.262000000000000000e+03 1.360588108135596030e+02 2.899999800000000000e+11
4.262199999999999818e+03 1.200000000000000000e+02 2.899999800000000000e+11
4.262400000000000546e+03 1.056030302595526820e+02 2.899999800000000000e+11
4.262600000000000364e+03 9.068627239003707530e+01 2.899999800000000000e+11
4.262800000000000182e+03 7.969943538068510236e+01 2.899999800000000000e+11
4.263000000000000000e+03 6.811754546370561059e+01 2.899999800000000000e+11
4.263199999999999818e+03 6.260990336999411454e+01 2.899999800000000000e+11
4.263400000000000546e+03 5.381449618829483938e+01 2.899999800000000000e+11
4.263600000000000364e+03 4.681879964287850271e+01 2.899999800000000000e+11
4.263800000000000182e+03 4.000000000000000000e+01 2.899999800000000000e+11
4.264000000000000000e+03 3.417601498127012150e+01 0.000000000000000000e+00
4.264199999999999818e+03 3.394112549695427816e+01 0.000000000000000000e+00
4.264400000000000546e+03 3.046309242345563462e+01 0.000000000000000000e+00
4.264600000000000364e+03 2.828427124746190202e+01 0.000000000000000000e+00
4.264800000000000182e+03 2.884441020371191300e+01 0.000000000000000000e+00
4.265000000000000000e+03 2.884441020371191300e+01 0.000000000000000000e+00
4.265199999999999818e+03 2.828427124746190202e+01 0.000000000000000000e+00
4.265400000000000546e+03 2.912043955712207222e+01 0.000000000000000000e+00
4.265600000000000364e+03 3.124099870362661591e+01 0.000000000000000000e+00
4.265800000000000182e+03 3.046309242345563462e+01 0.000000000000000000e+00
4.266000000000000000e+03 3.200000000000000000e+01 0.000000000000000000e+00
4.266199999999999818e+03 3.417601498127012150e+01 0.000000000000000000e+00
4.266400000000000546e+03 3.394112549695427816e+01 0.000000000000000000e+00
4.266600000000000364e+03 3.224903099319419653e+01 0.000000000000000000e+00
4.266800000000000182e+03 3.224903099319419653e+01 0.000000000000000000e+00
4.267000000000000000e+03 2.912043955712207222e+01 0.000000000000000000e+00
4.267199999999999818e+03 2.828427124746190202e+01 0.000000000000000000e+00
4.267400000000000546e+03 2.683281572999747766e+01 0.000000000000000000e+00
4.267600000000000364e+03 2.800000000000000000e+01 0.000000000000000000e+00
4.267800000000000182e+03 2.683281572999747766e+01 0.000000000000000000e+00
4.268000000000000000e+03 2.561249694973139412e+01 2.899999800000000000e+11
4.268199999999999818e+03 2.039607805437113797e+01 2.899999800000000000e+11
4.268400000000000546e+03 2.039607805437113797e+01 2.899999800000000000e+11
4.268600000000000364e+03 1.697056274847713908e+01 2.899999800000000000e+11
4.268800000000000182e+03 1.788854381999831844e+01 2.899999800000000000e+11
4.269000000000000000e+03 1.600000000000000000e+01 2.899999800000000000e+11
4.269199999999999818e+03 1.264911064067351809e+01 2.899999800000000000e+11
4.269400000000000546e+03 1.442220510185595650e+01 2.899999800000000000e+11
4.269600000000000364e+03 1.131370849898476116e+01 2.899999800000000000e+11
4.269800000000000182e+03 8.944271909999159220e+00 2.899999800000000000e+11
4.270000000000000000e+03 8.000000000000000000e+00 2.899999800000000000e+11
4.270199999999999818e+03 8.000000000000000000e+00 2.899999800000000000e+11
4.270400000000000546e+03 4.000000000000000000e+00 2.899999800000000000e+11
4.270600000000000364e+03 5.656854249492380582e+00 2.899999800000000000e+11
4.270800000000000182e+03 0.000000000000000000e+00 2.899999800000000000e+11
4.271000000000000000e+03 0.000000000000000000e+00 2.899999800000000000e+11
4.271199999999999818e+03 0.000000000000000000e+00 2.899999800000000000e+11
4.271400000000000546e+03 0.000000000000000000e+00 2.899999800000000000e+11
4.271600000000000364e+03 4.000000000000000000e+00 2.899999800000000000e+11
4.271800000000000182e+03 4.000000000000000000e+00 2.899999800000000000e+11
4.272000000000000000e+03 4.000000000000000000e+00 0.000000000000000000e+00
4.272199999999999818e+03 4.000000000000000000e+00 0.000000000000000000e+00
4.272400000000000546e+03 5.656854249492380582e+00 0.000000000000000000e+00
4.272600000000000364e+03 5.656854249492380582e+00 0.000000000000000000e+00
4.272800000000000182e+03 5.656854249492380582e+00 0.000000000000000000e+00
4.273000000000000000e+03 4.000000000000000000e+00 0.000000000000000000e+00
4.273199999999999818e+03 4.000000000000000000e+00 0.000000000000000000e+00
4.273400000000000546e+03 4.000000000000000000e+00 0.000000000000000000e+00
4.273600000000000364e+03 4.000000000000000000e+00 0.000000000000000000e+00
4.273800000000000182e+03 0.000000000000000000e+00 0.000000000000000000e+00
4.274000000000000000e+03 0.000000000000000000e+00 0.000000000000000000e+00
4.274199999999999818e+03 0.000000000000000000e+00 0.000000000000000000e+00
4.274400000000000546e+03 0.000000000000000000e+00 0.000000000000000000e+00
4.274600000000000364e+03 4.000000000000000000e+00 0.000000000000000000e+00
4.274800000000000182e+03 4.000000000000000000e+00 0.000000000000000000e+00
4.275000000000000000e+03 4.000000000000000000e+00 0.000000000000000000e+00
4.275199999999999818e+03 5.656854249492380582e+00 0.000000000000000000e+00
4.275400000000000546e+03 5.656854249492380582e+00 0.000000000000000000e+00
4.275600000000000364e+03 5.656854249492380582e+00 0.000000000000000000e+00
4.275800000000000182e+03 5.656854249492380582e+00 0.000000000000000000e+00
4.276000000000000000e+03 4.000000000000000000e+00 2.899999800000000000e+11
4.276199999999999818e+03 4.000000000000000000e+00 2.899999800000000000e+11
4.276400000000000546e+03 4.000000000000000000e+00 2.899999800000000000e+11
4.276600000000000364e+03 0.000000000000000000e+00 2.899999800000000000e+11
4.276800000000000182e+03 0.000000000000000000e+00 2.899999800000000000e+11
4.277000000000000000e+03 0.000000000000000000e+00 2.899999800000000000e+11
4.277199999999999818e+03 0.000000000000000000e+00 2.899999800000000000e+11
4.277400000000000546e+03 4.000000000000000000e+00 2.899999800000000000e+11
4.277600000000000364e+03 4.000000000000000000e+00 2.899999800000000000e+11
4.277800000000000182e+03 4.000000000000000000e+00 2.899999800000000000e+11
4.278000000000000000e+03 4.000000000000000000e+00 2.899999800000000000e+11
4.278199999999999818e+03 5.656854249492380582e+00 2.899999800000000000e+11
4.278400000000000546e+03 5.656854249492380582e+00 2.899999800000000000e+11
4.278600000000000364e+03 5.656854249492380582e+00 2.899999800000000000e+11
4.278800000000000182e+03 4.000000000000000000e+00 2.899999800000000000e+11
4.279000000000000000e+03 4.000000000000000000e+00 2.899999800000000000e+11
4.279199999999999818e+03 4.000000000000000000e+00 2.899999800000000000e+11
4.279400000000000546e+03 4.000000000000000000e+00 2.899999800000000000e+11
4.279600000000000364e+03 0.000000000000000000e+00 2.899999800000000000e+11
4.279800000000000182e+03 0.000000000000000000e+00 2.899999800000000000e+11
4.280000000000000000e+03 0.000000000000000000e+00 0.000000000000000000e+00
4.280199999999999818e+03 4.000000000000000000e+00 0.000000000000000000e+00
4.280400000000000546e+03 4.000000000000000000e+00 0.000000000000000000e+00
4.280600000000000364e+03 4.000000000000000000e+00 0.000000000000000000e+00
4.280800000000000182e+03 5.656854249492380582e+00 0.000000000000000000e+00
4.281000000000000000e+03 5.656854249492380582e+00 0.000000000000000000e+00
4.281199999999999818e+03 5.656854249492380582e+00 0.000000000000000000e+00
4.281400000000000546e+03 5.656854249492380582e+00 0.000000000000000000e+00
4.281600000000000364e+03 4.000000000000000000e+00 0.000000000000000000e+00
4.281800000000000182e+03 4.000000000000000000e+00 0.000000000000000000e+00
4.282000000000000000e+03 4.000000000000000000e+00 0.000000000000000000e+00
4.282199999999999818e+03 0.000000000000000000e+00 0.000000000000000000e+00
4.282400000000000546e+03 0.000000000000000000e+00 0.000000000000000000e+00
4.282600000000000364e+03 0.000000000000000000e+00 0.000000000000000000e+00
4.282800000000000182e+03 0.000000000000000000e+00 0.000000000000000000e+00
4.283000000000000000e+03 4.000000000000000000e+00 0.000000000000000000e+00
4.283199999999999818e+03 4.000000000000000000e+00 0.000000000000000000e+00
4.283400000000000546e+03 4.000000000000000000e+00 0.000000000000000000e+00
4.283600000000000364e+03 5.656854249492380582e+00 0.000000000000000000e+00
4.283800000000000182e+03 5.656854249492380582e+00 0.000000000000000000e+00
4.284000000000000000e+03 5.656854249492380582e+00 2.899999800000000000e+11
4.284199999999999818e+03 4.000000000000000000e+00 2.899999800000000000e+11
4.284400000000000546e+03 4.000000000000000000e+00 2.899999800000000000e+11
4.284600000000000364e+03 4.000000000000000000e+00 2.899999800000000000e+11
4.284800000000000182e+03 4.000000000000000000e+00 2.899999800000000000e+11
4.285000000000000000e+03 0.000000000000000000e+00 2.899999800000000000e+11
4.285199999999999818e+03 0.000000000000000000e+00 2.899999800000000000e+11
4.285400000000000546e+03 0.000000000000000000e+00 2.899999800000000000e+11
4.285600000000000364e+03 4.000000000000000000e+00 2.899999800000000000e+11
4.285800000000000182e+03 4.000000000000000000e+00 2.899999800000000000e+11
4.286000000000000000e+03 4.000000000000000000e+00 2.899999800000000000e+11
4.286199999999999818e+03 4.000000000000000000e+00 2.899999800000000000e+11
4.286400000000000546e+03 5.656854249492380582e+00 2.899999800000000000e+11
4.286600000000000364e+03 5.656854249492380582e+00 2.899999800000000000e+11
4.286800000000000182e+03 5.656854249492380582e+00 2.899999800000000000e+11
4.287000000000000000e+03 4.000000000000000000e+00 2.899999800000000000e+11
4.287199999999999818e+03 4.000000000000000000e+00 2.899999800000000000e+11
4.287400000000000546e+03 4.000000000000000000e+00 2.899999800000000000e+11
4.287600000000000364e+03 4.000000000000000000e+00 2.899999800000000000e+11
4.287800000000000182e+03 0.000000000000000000e+00 2.899999800000000000e+11
4.288000000000000000e+03 0.000000000000000000e+00 0.000000000000000000e+00
4.288199999999999818e+03 0.000000000000000000e+00 0.000000000000000000e+00
4.288400000000000546e+03 4.000000000000000000e+00 0.000000000000000000e+00
4.288600000000000364e+03 4.000000000000000000e+00 0.000000000000000000e+00
4.288800000000000182e+03 4.000000000000000000e+00 0.000000000000000000e+00
4.289000000000000000e+03 4.000000000000000000e+00 0.000000000000000000e+00
4.289199999999999818e+03 5.656854249492380582e+00 0.000000000000000000e+00
4.289400000000000546e+03 5.656854249492380582e+00 0.000000000000000000e+00
4.289600000000000364e+03 5.656854249492380582e+00 0.000000000000000000e+00
4.289800000000000182e+03 4.000000000000000000e+00 0.000000000000000000e+00
4.290000000000000000e+03 4.000000000000000000e+00 0.000000000000000000e+00
4.290199999999999818e+03 4.000000000000000000e+00 0.000000000000000000e+00
4.290400000000000546e+03 4.000000000000000000e+00 0.000000000000000000e+00
4.290600000000000364e+03 0.000000000000000000e+00 0.000000000000000000e+00
4.290800000000000182e+03 0.000000000000000000e+00 0.000000000000000000e+00
4.291000000000000000e+03 0.000000000000000000e+00 0.000000000000000000e+00
4.291199999999999818e+03 4.000000000000000000e+00 0.000000000000000000e+00
4.291400000000000546e+03 4.000000000000000000e+00 0.000000000000000000e+00
4.291600000000000364e+03 4.000000000000000000e+00 0.000000000000000000e+00
4.291800000000000182e+03 5.656854249492380582e+00 0.000000000000000000e+00
4.292000000000000000e+03 5.656854249492380582e+00 2.899999800000000000e+11
4.292199999999999818e+03 5.656854249492380582e+00 2.899999800000000000e+11
4.292400000000000546e+03 5.656854249492380582e+00 2.899999800000000000e+11
4.292600000000000364e+03 4.000000000000000000e+00 2.899999800000000000e+11
4.292800000000000182e+03 4.000000000000000000e+00 2.899999800000000000e+11
4.293000000000000000e+03 4.000000000000000000e+00 2.899999800000000000e+11
4.293199999999999818e+03 0.000000000000000000e+00 2.899999800000000000e+11
4.293400000000000546e+03 0.000000000000000000e+00 2.899999800000000000e+11
4.293600000000000364e+03 0.000000000000000000e+00 2.899999800000000000e+11
4.293800000000000182e+03 0.000000000000000000e+00 2.899999800000000000e+11
4.294000000000000000e+03 4.000000000000000000e+00 2.899999800000000000e+11
4.294199999999999818e+03 4.000000000000000000e+00 2.899999800000000000e+11
4.294400000000000546e+03 4.000000000000000000e+00 2.899999800000000000e+11
4.294600000000000364e+03 5.656854249492380582e+00 2.899999800000000000e+11
4.294800000000000182e+03 5.656854249492380582e+00 2.899999800000000000e+11
4.295000000000000000e+03 5.656854249492380582e+00 2.899999800000000000e+11
4.295199999999999818e+03 5.656854249492380582e+00 2.899999800000000000e+11
4.295400000000000546e+03 4.000000000000000000e+00 2.899999800000000000e+11
4.295600000000000364e+03 4.000000000000000000e+00 2.899999800000000000e+11
4.295800000000000182e+03 4.000000000000000000e+00 2.899999800000000000e+11
4.296000000000000000e+03 0.000000000000000000e+00 0.000000000000000000e+00
4.296199999999999818e+03 0.000000000000000000e+00 0.000000000000000000e+00
4.296400000000000546e+03 0.000000000000000000e+00 0.000000000000000000e+00
4.296600000000000364e+03 0.000000000000000000e+00 0.000000000000000000e+00
4.296800000000000182e+03 4.000000000000000000e+00 0.000000000000000000e+00
4.297000000000000000e+03 4.000000000000000000e+00 0.000000000000000000e+00
4.297199999999999818e+03 4.000000000000000000e+00 0.000000000000000000e+00
4.297400000000000546e+03 5.656854249492380582e+00 0.000000000000000000e+00
4.297600000000000364e+03 5.656854249492380582e+00 0.000000000000000000e+00
4.297800000000000182e+03 5.656854249492380582e+00 0.000000000000000000e+00
4.298000000000000000e+03 4.000000000000000000e+00 0.000000000000000000e+00
4.298199999999999818e+03 4.000000000000000000e+00 0.000000000000000000e+00
4.298400000000000546e+03 4.000000000000000000e+00 0.000000000000000000e+00
4.298600000000000364e+03 4.000000000000000000e+00 0.000000000000000000e+00
4.298800000000000182e+03 0.000000000000000000e+00 0.000000000000000000e+00
4.299000000000000000e+03 0.000000000000000000e+00 0.000000000000000000e+00
4.299199999999999818e+03 0.000000000000000000e+00 0.000000000000000000e+00
4.299400000000000546e+03 4.000000000000000000e+00 0.000000000000000000e+00
4.299600000000000364e+03 4.000000000000000000e+00 0.000000000000000000e+00
4.299800000000000182e+03 4.000000000000000000e+00 0.000000000000000000e+00
4.300000000000000000e+03 4.000000000000000000e+00 2.899999800000000000e+11
4.300199999999999818e+03 5.656854249492380582e+00 2.899999800000000000e+11
4.300400000000000546e+03 5.656854249492380582e+00 2.899999800000000000e+11
4.300600000000000364e+03 5.656854249492380582e+00 2.899999800000000000e+11
4.300800000000000182e+03 4.000000000000000000e+00 2.899999800000000000e+11
4.301000000000000000e+03 4.000000000000000000e+00 2.899999800000000000e+11
4.301199999999999818e+03 4.000000000000000000e+00 2.899999800000000000e+11
4.301400000000000546e+03 4.000000000000000000e+00 2.899999800000000000e+11
4.301600000000000364e+03 0.000000000000000000e+00 2.899999800000000000e+11
4.301800000000000182e+03 0.000000000000000000e+00 2.899999800000000000e+11
4.302000000000000000e+03 4.000000000000000000e+00 2.899999800000000000e+11
4.302199999999999818e+03 4.000000000000000000e+00 2.899999800000000000e+11
4.302400000000000546e+03 4.000000000000000000e+00 2.899999800000000000e+11
4.302600000000000364e+03 4.000000000000000000e+00 2.899999800000000000e+11
4.302800000000000182e+03 5.656854249492380582e+00 2.899999800000000000e+11
4.303000000000000000e+03 5.656854249492380582e+00 2.899999800000000000e+11
4.303199999999999818e+03 5.656854249492380582e+00 2.899999800000000000e+11
4.303400000000000546e+03 4.000000000000000000e+00 2.899999800000000000e+11
4.303600000000000364e+03 4.000000000000000000e+00 2.899999800000000000e+11
4.303800000000000182e+03 4.000000000000000000e+00 2.899999800000000000e+11
4.304000000000000000e+03 4.000000000000000000e+00 0.000000000000000000e+00
4.304199999999999818e+03 0.000000000000000000e+00 0.000000000000000000e+00
4.304400000000000546e+03 0.000000000000000000e+00 0.000000000000000000e+00
4.304600000000000364e+03 4.000000000000000000e+00 0.000000000000000000e+00
4.304800000000000182e+03 4.000000000000000000e+00 0.000000000000000000e+00
4.305000000000000000e+03 4.000000000000000000e+00 0.000000000000000000e+00
4.305199999999999818e+03 4.000000000000000000e+00 0.000000000000000000e+00
4.305400000000000546e+03 5.656854249492380582e+00 0.000000000000000000e+00
4.305600000000000364e+03 4.000000000000000000e+00 0.000000000000000000e+00
4.305800000000000182e+03 5.656854249492380582e+00 0.000000000000000000e+00
4.306000000000000000e+03 4.000000000000000000e+00 0.000000000000000000e+00
4.306199999999999818e+03 5.656854249492380582e+00 0.000000000000000000e+00
4.306400000000000546e+03 4.000000000000000000e+00 0.000000000000000000e+00
4.306600000000000364e+03 5.656854249492380582e+00 0.000000000000000000e+00
4.306800000000000182e+03 4.000000000000000000e+00 0.000000000000000000e+00
4.307000000000000000e+03 4.000000000000000000e+00 0.000000000000000000e+00
4.307199999999999818e+03 4.000000000000000000e+00 0.000000000000000000e+00
4.307400000000000546e+03 4.000000000000000000e+00 0.000000000000000000e+00
4.307600000000000364e+03 4.000000000000000000e+00 0.000000000000000000e+00
4.307800000000000182e+03 5.656854249492380582e+00 0.000000000000000000e+00
4.308000000000000000e+03 5.656854249492380582e+00 2.899999800000000000e+11
4.308199999999999818e+03 4.000000000000000000e+00 2.899999800000000000e+11
4.308400000000000546e+03 4.000000000000000000e+00 2.899999800000000000e+11
4.308600000000000364e+03 4.000000000000000000e+00 2.899999800000000000e+11
4.308800000000000182e+03 5.656854249492380582e+00 2.899999800000000000e+11
4.309000000000000000e+03 5.656854249492380582e+00 2.899999800000000000e+11
4.309199999999999818e+03 4.000000000000000000e+00 2.899999800000000000e+11
4.309400000000000546e+03 5.656854249492380582e+00 2.899999800000000000e+11
4.309600000000000364e+03 4.000000000000000000e+00 2.899999800000000000e+11
4.309800000000000182e+03 4.000000000000000000e+00 2.899999800000000000e+11
4.310000000000000000e+03 4.000000000000000000e+00 2.899999800000000000e+11
4.310199999999999818e+03 5.656854249492380582e+00 2.899999800000000000e+11
4.310400000000000546e+03 4.000000000000000000e+00 2.899999800000000000e+11
4.310600000000000364e+03 5.656854249492380582e+00 2.899999800000000000e+11
4.310800000000000182e+03 4.000000000000000000e+00 2.899999800000000000e+11
4.311000000000000000e+03 4.000000000000000000e+00 2.899999800000000000e+11
4.311199999999999818e+03 4.000000000000000000e+00 2.899999800000000000e+11
4.311400000000000546e+03 4.000000000000000000e+00 2.899999800000000000e+11
4.311600000000000364e+03 5.656854249492380582e+00 2.899999800000000000e+11
4.311800000000000182e+03 4.000000000000000000e+00 2.899999800000000000e+11
4.312000000000000000e+03 4.000000000000000000e+00 0.000000000000000000e+00
4.312199999999999818e+03 4.000000000000000000e+00 0.000000000000000000e+00
4.312400000000000546e+03 4.000000000000000000e+00 0.000000000000000000e+00
4.312600000000000364e+03 5.656854249492380582e+00 0.000000000000000000e+00
4.312800000000000182e+03 5.656854249492380582e+00 0.000000000000000000e+00
4.313000000000000000e+03 5.656854249492380582e+00 0.000000000000000000e+00
4.313199999999999818e+03 4.000000000000000000e+00 0.000000000000000000e+00
4.313400000000000546e+03 4.000000000000000000e+00 0.000000000000000000e+00
4.313600000000000364e+03 4.000000000000000000e+00 0.000000000000000000e+00
4.313800000000000182e+03 4.000000000000000000e+00 0.000000000000000000e+00
4.314000000000000000e+03 5.656854249492380582e+00 0.000000000000000000e+00
4.314199999999999818e+03 5.656854249492380582e+00 0.000000000000000000e+00
4.314400000000000546e+03 4.000000000000000000e+00 0.000000000000000000e+00
4.314600000000000364e+03 4.000000000000000000e+00 0.000000000000000000e+00
4.314800000000000182e+03 4.000000000000000000e+00 0.000000000000000000e+00
4.315000000000000000e+03 5.656854249492380582e+00 0.000000000000000000e+00
4.315199999999999818e+03 5.656854249492380582e+00 0.000000000000000000e+00
4.315400000000000546e+03 5.656854249492380582e+00 0.000000000000000000e+00
4.315600000000000364e+03 5.656854249492380582e+00 0.000000000000000000e+00
4.315800000000000182e+03 4.000000000000000000e+00 0.000000000000000000e+00
4.316000000000000000e+03 5.656854249492380582e+00 2.899999800000000000e+11
4.316199999999999818e+03 5.656854249492380582e+00 2.899999800000000000e+11
4.316400000000000546e+03 4.000000000000000000e+00 2.899999800000000000e+11
4.316600000000000364e+03 5.656854249492380582e+00 2.899999800000000000e+11
4.316800000000000182e+03 4.000000000000000000e+00 2.899999800000000000e+11
4.317000000000000000e+03 4.000000000000000000e+00 2.899999800000000000e+11
4.317199999999999818e+03 4.000000000000000000e+00 2.899999800000000000e+11
4.317400000000000546e+03 4.000000000000000000e+00 2.899999800000000000e+11
4.317600000000000364e+03 4.000000000000000000e+00 2.899999800000000000e+11
4.317800000000000182e+03 4.000000000000000000e+00 2.899999800000000000e+11
4.318000000000000000e+03 5.656854249492380582e+00 2.899999800000000000e+11
4.318199999999999818e+03 4.000000000000000000e+00 2.899999800000000000e+11
4.318400000000000546e+03 4.000000000000000000e+00 2.899999800000000000e+11
4.318600000000000364e+03 4.000000000000000000e+00 2.899999800000000000e+11
4.318800000000000182e+03 5.656854249492380582e+00 2.899999800000000000e+11
4.319000000000000000e+03 5.656854249492380582e+00 2.899999800000000000e+11
4.319199999999999818e+03 4.000000000000000000e+00 2.899999800000000000e+11
4.319400000000000546e+03 4.000000000000000000e+00 2.899999800000000000e+11
4.319600000000000364e+03 4.000000000000000000e+00 2.899999800000000000e+11
4.319800000000000182e+03 4.000000000000000000e+00 2.899999800000000000e+11
