4.560000000000000000e+03 4.000000000000000000e+00 0.000000000000000000e+00
4.560199999999999818e+03 4.000000000000000000e+00 0.000000000000000000e+00
4.560400000000000546e+03 5.656854249492380582e+00 0.000000000000000000e+00
4.560600000000000364e+03 5.656854249492380582e+00 0.000000000000000000e+00
4.560800000000000182e+03 5.656854249492380582e+00 0.000000000000000000e+00
4.561000000000000000e+03 5.656854249492380582e+00 0.000000000000000000e+00
4.561199999999999818e+03 5.656854249492380582e+00 0.000000000000000000e+00
4.561400000000000546e+03 5.656854249492380582e+00 0.000000000000000000e+00
4.561600000000000364e+03 5.656854249492380582e+00 0.000000000000000000e+00
4.561800000000000182e+03 4.000000000000000000e+00 0.000000000000000000e+00
4.562000000000000000e+03 5.656854249492380582e+00 0.000000000000000000e+00
4.562199999999999818e+03 5.656854249492380582e+00 0.000000000000000000e+00
4.562400000000000546e+03 4.000000000000000000e+00 0.000000000000000000e+00
4.562600000000000364e+03 0.000000000000000000e+00 0.000000000000000000e+00
4.562800000000000182e+03 5.656854249492380582e+00 0.000000000000000000e+00
4.563000000000000000e+03 5.656854249492380582e+00 0.000000000000000000e+00
4.563199999999999818e+03 5.656854249492380582e+00 0.000000000000000000e+00
4.563400000000000546e+03 5.656854249492380582e+00 0.000000000000000000e+00
4.563600000000000364e+03 5.656854249492380582e+00 0.000000000000000000e+00
4.563800000000000182e+03 5.656854249492380582e+00 0.000000000000000000e+00
4.564000000000000000e+03 5.656854249492380582e+00 2.975000000000000000e+11
4.564199999999999818e+03 5.656854249492380582e+00 2.975000000000000000e+11
4.564400000000000546e+03 4.000000000000000000e+00 2.975000000000000000e+11
4.564600000000000364e+03 4.000000000000000000e+00 2.975000000000000000e+11
4.564800000000000182e+03 4.000000000000000000e+00 2.975000000000000000e+11
4.565000000000000000e+03 4.000000000000000000e+00 2.975000000000000000e+11
4.565199999999999818e+03 4.000000000000000000e+00 2.975000000000000000e+11
4.565400000000000546e+03 0.000000000000000000e+00 2.975000000000000000e+11
4.565600000000000364e+03 0.000000000000000000e+00 2.975000000000000000e+11
4.565800000000000182e+03 4.000000000000000000e+00 2.975000000000000000e+11
4.566000000000000000e+03 4.000000000000000000e+00 2.975000000000000000e+11
4.566199999999999818e+03 5.656854249492380582e+00 2.975000000000000000e+11
4.566400000000000546e+03 5.656854249492380582e+00 2.975000000000000000e+11
4.566600000000000364e+03 5.656854249492380582e+00 2.975000000000000000e+11
4.566800000000000182e+03 5.656854249492380582e+00 2.975000000000000000e+11
4.567000000000000000e+03 5.656854249492380582e+00 2.975000000000000000e+11
4.567199999999999818e+03 4.000000000000000000e+00 2.975000000000000000e+11
4.567400000000000546e+03 4.000000000000000000e+00 2.975000000000000000e+11
4.567600000000000364e+03 4.000000000000000000e+00 2.975000000000000000e+11
4.567800000000000182e+03 0.000000000000000000e+00 2.975000000000000000e+11
4.568000000000000000e+03 0.000000000000000000e+00 0.000000000000000000e+00
4.568199999999999818e+03 0.000000000000000000e+00 0.000000000000000000e+00
4.568400000000000546e+03 4.000000000000000000e+00 0.000000000000000000e+00
4.568600000000000364e+03 4.000000000000000000e+00 0.000000000000000000e+00
4.568800000000000182e+03 4.000000000000000000e+00 0.000000000000000000e+00
4.569000000000000000e+03 5.656854249492380582e+00 0.000000000000000000e+00
4.569199999999999818e+03 5.656854249492380582e+00 0.000000000000000000e+00
4.569400000000000546e+03 5.656854249492380582e+00 0.000000000000000000e+00
4.569600000000000364e+03 5.656854249492380582e+00 0.000000000000000000e+00
4.569800000000000182e+03 4.000000000000000000e+00 0.000000000000000000e+00
4.570000000000000000e+03 4.000000000000000000e+00 0.000000000000000000e+00
4.570199999999999818e+03 4.000000000000000000e+00 0.000000000000000000e+00
4.570400000000000546e+03 4.000000000000000000e+00 0.000000000000000000e+00
4.570600000000000364e+03 0.000000000000000000e+00 0.000000000000000000e+00
4.570800000000000182e+03 0.000000000000000000e+00 0.000000000000000000e+00
4.571000000000000000e+03 0.000000000000000000e+00 0.000000000000000000e+00
4.571199999999999818e+03 4.000000000000000000e+00 0.000000000000000000e+00
4.571400000000000546e+03 4.000000000000000000e+00 0.000000000000000000e+00
4.571600000000000364e+03 4.000000000000000000e+00 0.000000000000000000e+00
4.571800000000000182e+03 5.656854249492380582e+00 0.000000000000000000e+00
4.572000000000000000e+03 5.656854249492380582e+00 2.975000000000000000e+11
4.572199999999999818e+03 5.656854249492380582e+00 2.975000000000000000e+11
4.572400000000000546e+03 5.656854249492380582e+00 2.975000000000000000e+11
4.572600000000000364e+03 4.000000000000000000e+00 2.975000000000000000e+11
4.572800000000000182e+03 4.000000000000000000e+00 2.975000000000000000e+11
4.573000000000000000e+03 4.000000000000000000e+00 2.975000000000000000e+11
4.573199999999999818e+03 0.000000000000000000e+00 2.975000000000000000e+11
4.573400000000000546e+03 0.000000000000000000e+00 2.975000000000000000e+11
4.573600000000000364e+03 0.000000000000000000e+00 2.975000000000000000e+11
4.573800000000000182e+03 0.000000000000000000e+00 2.975000000000000000e+11
4.574000000000000000e+03 4.000000000000000000e+00 2.975000000000000000e+11
4.574199999999999818e+03 4.000000000000000000e+00 2.975000000000000000e+11
4.574400000000000546e+03 4.000000000000000000e+00 2.975000000000000000e+11
4.574600000000000364e+03 5.656854249492380582e+00 2.975000000000000000e+11
4.574800000000000182e+03 5.656854249492380582e+00 2.975000000000000000e+11
4.575000000000000000e+03 5.656854249492380582e+00 2.975000000000000000e+11
4.575199999999999818e+03 5.656854249492380582e+00 2.975000000000000000e+11
4.575400000000000546e+03 4.000000000000000000e+00 2.975000000000000000e+11
4.575600000000000364e+03 4.000000000000000000e+00 2.975000000000000000e+11
4.575800000000000182e+03 4.000000000000000000e+00 2.975000000000000000e+11
4.576000000000000000e+03 0.000000000000000000e+00 0.000000000000000000e+00
4.576199999999999818e+03 0.000000000000000000e+00 0.000000000000000000e+00
4.576400000000000546e+03 0.000000000000000000e+00 0.000000000000000000e+00
4.576600000000000364e+03 4.000000000000000000e+00 0.000000000000000000e+00
4.576800000000000182e+03 4.000000000000000000e+00 0.000000000000000000e+00
4.577000000000000000e+03 4.000000000000000000e+00 0.000000000000000000e+00
4.577199999999999818e+03 4.000000000000000000e+00 0.000000000000000000e+00
4.577400000000000546e+03 5.656854249492380582e+00 0.000000000000000000e+00
4.577600000000000364e+03 5.656854249492380582e+00 0.000000000000000000e+00
4.577800000000000182e+03 5.656854249492380582e+00 0.000000000000000000e+00
4.578000000000000000e+03 4.000000000000000000e+00 0.000000000000000000e+00
4.578199999999999818e+03 4.000000000000000000e+00 0.000000000000000000e+00
4.578400000000000546e+03 4.000000000000000000e+00 0.000000000000000000e+00
4.578600000000000364e+03 4.000000000000000000e+00 0.000000000000000000e+00
4.578800000000000182e+03 0.000000000000000000e+00 0.000000000000000000e+00
4.579000000000000000e+03 0.000000000000000000e+00 0.000000000000000000e+00
4.579199999999999818e+03 0.000000000000000000e+00 0.000000000000000000e+00
4.579400000000000546e+03 4.000000000000000000e+00 0.000000000000000000e+00
4.579600000000000364e+03 4.000000000000000000e+00 0.000000000000000000e+00
4.579800000000000182e+03 4.000000000000000000e+00 0.000000000000000000e+00
4.580000000000000000e+03 5.656854249492380582e+00 2.975000000000000000e+11
4.580199999999999818e+03 5.656854249492380582e+00 2.975000000000000000e+11
4.580400000000000546e+03 5.656854249492380582e+00 2.975000000000000000e+11
4.580600000000000364e+03 5.656854249492380582e+00 2.975000000000000000e+11
4.580800000000000182e+03 4.000000000000000000e+00 2.975000000000000000e+11
4.581000000000000000e+03 4.000000000000000000e+00 2.975000000000000000e+11
4.581199999999999818e+03 4.000000000000000000e+00 2.975000000000000000e+11
4.581400000000000546e+03 0.000000000000000000e+00 2.975000000000000000e+11
4.581600000000000364e+03 0.000000000000000000e+00 2.975000000000000000e+11
4.581800000000000182e+03 0.000000000000000000e+00 2.975000000000000000e+11
4.582000000000000000e+03 0.000000000000000000e+00 2.975000000000000000e+11
4.582199999999999818e+03 4.000000000000000000e+00 2.975000000000000000e+11
4.582400000000000546e+03 4.000000000000000000e+00 2.975000000000000000e+11
4.582600000000000364e+03 4.000000000000000000e+00 2.975000000000000000e+11
4.582800000000000182e+03 5.656854249492380582e+00 2.975000000000000000e+11
4.583000000000000000e+03 5.656854249492380582e+00 2.975000000000000000e+11
4.583199999999999818e+03 5.656854249492380582e+00 2.975000000000000000e+11
4.583400000000000546e+03 5.656854249492380582e+00 2.975000000000000000e+11
4.583600000000000364e+03 4.000000000000000000e+00 2.975000000000000000e+11
4.583800000000000182e+03 4.000000000000000000e+00 2.975000000000000000e+11
4.584000000000000000e+03 4.000000000000000000e+00 0.000000000000000000e+00
4.584199999999999818e+03 0.000000000000000000e+00 0.000000000000000000e+00
4.584400000000000546e+03 0.000000000000000000e+00 0.000000000000000000e+00
4.584600000000000364e+03 0.000000000000000000e+00 0.000000000000000000e+00
4.584800000000000182e+03 0.000000000000000000e+00 0.000000000000000000e+00
4.585000000000000000e+03 4.000000000000000000e+00 0.000000000000000000e+00
4.585199999999999818e+03 4.000000000000000000e+00 0.000000000000000000e+00
4.585400000000000546e+03 4.000000000000000000e+00 0.000000000000000000e+00
4.585600000000000364e+03 5.656854249492380582e+00 0.000000000000000000e+00
4.585800000000000182e+03 5.656854249492380582e+00 0.000000000000000000e+00
4.586000000000000000e+03 5.656854249492380582e+00 0.000000000000000000e+00
4.586199999999999818e+03 4.000000000000000000e+00 0.000000000000000000e+00
4.586400000000000546e+03 4.000000000000000000e+00 0.000000000000000000e+00
4.586600000000000364e+03 4.000000000000000000e+00 0.000000000000000000e+00
4.586800000000000182e+03 4.000000000000000000e+00 0.000000000000000000e+00
4.587000000000000000e+03 0.000000000000000000e+00 0.000000000000000000e+00
4.587199999999999818e+03 0.000000000000000000e+00 0.000000000000000000e+00
4.587400000000000546e+03 0.000000000000000000e+00 0.000000000000000000e+00
4.587600000000000364e+03 4.000000000000000000e+00 0.000000000000000000e+00
4.587800000000000182e+03 4.000000000000000000e+00 0.000000000000000000e+00
4.588000000000000000e+03 4.000000000000000000e+00 2.975000000000000000e+11
4.588199999999999818e+03 4.000000000000000000e+00 2.975000000000000000e+11
4.588400000000000546e+03 5.656854249492380582e+00 2.975000000000000000e+11
4.588600000000000364e+03 5.656854249492380582e+00 2.975000000000000000e+11
4.588800000000000182e+03 5.656854249492380582e+00 2.975000000000000000e+11
4.589000000000000000e+03 4.000000000000000000e+00 2.975000000000000000e+11
4.589199999999999818e+03 4.000000000000000000e+00 2.975000000000000000e+11
4.589400000000000546e+03 4.000000000000000000e+00 2.975000000000000000e+11
4.589600000000000364e+03 0.000000000000000000e+00 2.975000000000000000e+11
4.589800000000000182e+03 0.000000000000000000e+00 2.975000000000000000e+11
4.590000000000000000e+03 0.000000000000000000e+00 2.975000000000000000e+11
4.590199999999999818e+03 0.000000000000000000e+00 2.975000000000000000e+11
4.590400000000000546e+03 4.000000000000000000e+00 2.975000000000000000e+11
4.590600000000000364e+03 4.000000000000000000e+00 2.975000000000000000e+11
4.590800000000000182e+03 4.000000000000000000e+00 2.975000000000000000e+11
4.591000000000000000e+03 5.656854249492380582e+00 2.975000000000000000e+11
4.591199999999999818e+03 5.656854249492380582e+00 2.975000000000000000e+11
4.591400000000000546e+03 5.656854249492380582e+00 2.975000000000000000e+11
4.591600000000000364e+03 5.656854249492380582e+00 2.975000000000000000e+11
4.591800000000000182e+03 4.000000000000000000e+00 2.975000000000000000e+11
4.592000000000000000e+03 4.000000000000000000e+00 0.000000000000000000e+00
4.592199999999999818e+03 4.000000000000000000e+00 0.000000000000000000e+00
4.592400000000000546e+03 0.000000000000000000e+00 0.000000000000000000e+00
4.592600000000000364e+03 0.000000000000000000e+00 0.000000000000000000e+00
4.592800000000000182e+03 0.000000000000000000e+00 0.000000000000000000e+00
4.593000000000000000e+03 0.000000000000000000e+00 0.000000000000000000e+00
4.593199999999999818e+03 4.000000000000000000e+00 0.000000000000000000e+00
4.593400000000000546e+03 4.000000000000000000e+00 0.000000000000000000e+00
4.593600000000000364e+03 4.000000000000000000e+00 0.000000000000000000e+00
4.593800000000000182e+03 5.656854249492380582e+00 0.000000000000000000e+00
4.594000000000000000e+03 5.656854249492380582e+00 0.000000000000000000e+00
4.594199999999999818e+03 5.656854249492380582e+00 0.000000000000000000e+00
4.594400000000000546e+03 5.656854249492380582e+00 0.000000000000000000e+00
4.594600000000000364e+03 4.000000000000000000e+00 0.000000000000000000e+00
4.594800000000000182e+03 4.000000000000000000e+00 0.000000000000000000e+00
4.595000000000000000e+03 4.000000000000000000e+00 0.000000000000000000e+00
4.595199999999999818e+03 0.000000000000000000e+00 0.000000000000000000e+00
4.595400000000000546e+03 0.000000000000000000e+00 0.000000000000000000e+00
4.595600000000000364e+03 0.000000000000000000e+00 0.000000000000000000e+00
4.595800000000000182e+03 4.000000000000000000e+00 0.000000000000000000e+00
4.596000000000000000e+03 4.000000000000000000e+00 2.975000000000000000e+11
4.596199999999999818e+03 4.000000000000000000e+00 2.975000000000000000e+11
4.596400000000000546e+03 4.000000000000000000e+00 2.975000000000000000e+11
4.596600000000000364e+03 5.656854249492380582e+00 2.975000000000000000e+11
4.596800000000000182e+03 5.656854249492380582e+00 2.975000000000000000e+11
4.597000000000000000e+03 5.656854249492380582e+00 2.975000000000000000e+11
4.597199999999999818e+03 4.000000000000000000e+00 2.975000000000000000e+11
4.597400000000000546e+03 4.000000000000000000e+00 2.975000000000000000e+11
4.597600000000000364e+03 4.000000000000000000e+00 2.975000000000000000e+11
4.597800000000000182e+03 4.000000000000000000e+00 2.975000000000000000e+11
4.598000000000000000e+03 0.000000000000000000e+00 2.975000000000000000e+11
4.598199999999999818e+03 0.000000000000000000e+00 2.975000000000000000e+11
4.598400000000000546e+03 0.000000000000000000e+00 2.975000000000000000e+11
4.598600000000000364e+03 4.000000000000000000e+00 2.975000000000000000e+11
4.598800000000000182e+03 4.000000000000000000e+00 2.975000000000000000e+11
4.599000000000000000e+03 4.000000000000000000e+00 2.975000000000000000e+11
4.599199999999999818e+03 4.000000000000000000e+00 2.975000000000000000e+11
4.599400000000000546e+03 5.656854249492380582e+00 2.975000000000000000e+11
4.599600000000000364e+03 5.656854249492380582e+00 2.975000000000000000e+11
4.599800000000000182e+03 5.656854249492380582e+00 2.975000000000000000e+11
4.600000000000000000e+03 4.000000000000000000e+00 0.000000000000000000e+00
4.600199999999999818e+03 4.000000000000000000e+00 0.000000000000000000e+00
4.600400000000000546e+03 4.000000000000000000e+00 0.000000000000000000e+00
4.600600000000000364e+03 4.000000000000000000e+00 0.000000000000000000e+00
4.600800000000000182e+03 0.000000000000000000e+00 0.000000000000000000e+00
4.601000000000000000e+03 0.000000000000000000e+00 0.000000000000000000e+00
4.601199999999999818e+03 0.000000000000000000e+00 0.000000000000000000e+00
4.601400000000000546e+03 0.000000000000000000e+00 0.000000000000000000e+00
4.601600000000000364e+03 4.000000000000000000e+00 0.000000000000000000e+00
4.601800000000000182e+03 4.000000000000000000e+00 0.000000000000000000e+00
4.602000000000000000e+03 4.000000000000000000e+00 0.000000000000000000e+00
4.602199999999999818e+03 5.656854249492380582e+00 0.000000000000000000e+00
4.602400000000000546e+03 5.656854249492380582e+00 0.000000000000000000e+00
4.602600000000000364e+03 5.656854249492380582e+00 0.000000000000000000e+00
4.602800000000000182e+03 5.656854249492380582e+00 0.000000000000000000e+00
4.603000000000000000e+03 4.000000000000000000e+00 0.000000000000000000e+00
4.603199999999999818e+03 4.000000000000000000e+00 0.000000000000000000e+00
4.603400000000000546e+03 4.000000000000000000e+00 0.000000000000000000e+00
4.603600000000000364e+03 0.000000000000000000e+00 0.000000000000000000e+00
4.603800000000000182e+03 0.000000000000000000e+00 0.000000000000000000e+00
4.604000000000000000e+03 0.000000000000000000e+00 2.975000000000000000e+11
4.604199999999999818e+03 0.000000000000000000e+00 2.975000000000000000e+11
4.604400000000000546e+03 4.000000000000000000e+00 2.975000000000000000e+11
4.604600000000000364e+03 4.000000000000000000e+00 2.975000000000000000e+11
4.604800000000000182e+03 4.000000000000000000e+00 2.975000000000000000e+11
4.605000000000000000e+03 4.000000000000000000e+00 2.975000000000000000e+11
4.605199999999999818e+03 5.656854249492380582e+00 2.975000000000000000e+11
4.605400000000000546e+03 5.656854249492380582e+00 2.975000000000000000e+11
4.605600000000000364e+03 5.656854249492380582e+00 2.975000000000000000e+11
4.605800000000000182e+03 8.944271909999159220e+00 2.975000000000000000e+11
4.606000000000000000e+03 8.000000000000000000e+00 2.975000000000000000e+11
4.606199999999999818e+03 8.000000000000000000e+00 2.975000000000000000e+11
4.606400000000000546e+03 5.656854249492380582e+00 2.975000000000000000e+11
4.606600000000000364e+03 5.656854249492380582e+00 2.975000000000000000e+11
4.606800000000000182e+03 4.000000000000000000e+00 2.975000000000000000e+11
4.607000000000000000e+03 5.656854249492380582e+00 2.975000000000000000e+11
4.607199999999999818e+03 8.944271909999159220e+00 2.975000000000000000e+11
4.607400000000000546e+03 1.200000000000000000e+01 2.975000000000000000e+11
4.607600000000000364e+03 1.442220510185595650e+01 2.975000000000000000e+11
4.607800000000000182e+03 1.442220510185595650e+01 2.975000000000000000e+11
4.608000000000000000e+03 2.039607805437113797e+01 0.000000000000000000e+00
4.608199999999999818e+03 2.039607805437113797e+01 0.000000000000000000e+00
4.608400000000000546e+03 2.332380757938120297e+01 0.000000000000000000e+00
4.608600000000000364e+03 2.000000000000000000e+01 0.000000000000000000e+00
4.608800000000000182e+03 2.154065922853801496e+01 0.000000000000000000e+00
4.609000000000000000e+03 2.000000000000000000e+01 0.000000000000000000e+00
4.609199999999999818e+03 1.788854381999831844e+01 0.000000000000000000e+00
4.609400000000000546e+03 1.697056274847713908e+01 0.000000000000000000e+00
4.609600000000000364e+03 1.649242250247064234e+01 0.000000000000000000e+00
4.609800000000000182e+03 1.600000000000000000e+01 0.000000000000000000e+00
4.610000000000000000e+03 1.442220510185595650e+01 0.000000000000000000e+00
4.610199999999999818e+03 1.442220510185595650e+01 0.000000000000000000e+00
4.610400000000000546e+03 1.600000000000000000e+01 0.000000000000000000e+00
4.610600000000000364e+03 1.788854381999831844e+01 0.000000000000000000e+00
4.610800000000000182e+03 1.697056274847713908e+01 0.000000000000000000e+00
4.611000000000000000e+03 1.649242250247064234e+01 0.000000000000000000e+00
4.611199999999999818e+03 2.000000000000000000e+01 0.000000000000000000e+00
4.611400000000000546e+03 1.788854381999831844e+01 0.000000000000000000e+00
4.611600000000000364e+03 1.697056274847713908e+01 0.000000000000000000e+00
4.611800000000000182e+03 1.788854381999831844e+01 0.000000000000000000e+00
4.612000000000000000e+03 2.000000000000000000e+01 2.975000000000000000e+11
4.612199999999999818e+03 2.039607805437113797e+01 2.975000000000000000e+11
4.612400000000000546e+03 2.000000000000000000e+01 2.975000000000000000e+11
4.612600000000000364e+03 2.154065922853801496e+01 2.975000000000000000e+11
4.612800000000000182e+03 2.400000000000000000e+01 2.975000000000000000e+11
4.613000000000000000e+03 3.046309242345563462e+01 2.975000000000000000e+11
4.613199999999999818e+03 3.124099870362661591e+01 2.975000000000000000e+11
4.613400000000000546e+03 3.794733192202055250e+01 2.975000000000000000e+11
4.613600000000000364e+03 4.472135954999579610e+01 2.975000000000000000e+11
4.613800000000000182e+03 5.215361924162119323e+01 2.975000000000000000e+11
4.614000000000000000e+03 6.324555320336758513e+01 2.975000000000000000e+11
4.614199999999999818e+03 6.985699678629191567e+01 2.975000000000000000e+11
4.614400000000000546e+03 8.089499366462673891e+01 2.975000000000000000e+11
4.614600000000000364e+03 9.541488353501250685e+01 2.975000000000000000e+11
4.614800000000000182e+03 1.065082156455547846e+02 2.975000000000000000e+11
4.615000000000000000e+03 1.177115117564972877e+02 2.975000000000000000e+11
4.615199999999999818e+03 1.358234147707971715e+02 2.975000000000000000e+11
4.615400000000000546e+03 1.505722417977496832e+02 2.975000000000000000e+11
4.615600000000000364e+03 1.520526224699856925e+02 2.975000000000000000e+11
4.615800000000000182e+03 1.126410227226297849e+02 2.975000000000000000e+11
4.616000000000000000e+03 1.289961239727767861e+02 0.000000000000000000e+00
4.616199999999999818e+03 1.264911064067351703e+02 0.000000000000000000e+00
4.616400000000000546e+03 1.255388386118017223e+02 0.000000000000000000e+00
4.616600000000000364e+03 1.242577965360725329e+02 0.000000000000000000e+00
4.616800000000000182e+03 1.240644993541665855e+02 0.000000000000000000e+00
4.617000000000000000e+03 1.245792920191794906e+02 0.000000000000000000e+00
4.617199999999999818e+03 1.252836781069266010e+02 0.000000000000000000e+00
4.617400000000000546e+03 1.250279968647022741e+02 0.000000000000000000e+00
4.617600000000000364e+03 1.242577965360725329e+02 0.000000000000000000e+00
4.617800000000000182e+03 1.242577965360725329e+02 0.000000000000000000e+00
4.618000000000000000e+03 1.210619676033724517e+02 0.000000000000000000e+00
4.618199999999999818e+03 1.176435293588219366e+02 0.000000000000000000e+00
4.618400000000000546e+03 1.162755348299890699e+02 0.000000000000000000e+00
4.618600000000000364e+03 1.129247537079448307e+02 0.000000000000000000e+00
4.618800000000000182e+03 1.120714058089752001e+02 0.000000000000000000e+00
4.619000000000000000e+03 1.091787525116494493e+02 0.000000000000000000e+00
4.619199999999999818e+03 1.088117640698835515e+02 0.000000000000000000e+00
4.619400000000000546e+03 1.098362417419678536e+02 0.000000000000000000e+00
4.619600000000000364e+03 1.077032961426900783e+02 0.000000000000000000e+00
4.619800000000000182e+03 1.106345334875146449e+02 0.000000000000000000e+00
4.620000000000000000e+03 1.092520022699813040e+02 2.975000000000000000e+11
4.620199999999999818e+03 1.240644993541665855e+02 2.975000000000000000e+11
4.620400000000000546e+03 1.397139935725838313e+02 2.975000000000000000e+11
4.620600000000000364e+03 1.614434885648845182e+02 2.975000000000000000e+11
4.620800000000000182e+03 1.305986217385160728e+02 2.975000000000000000e+11
4.621000000000000000e+03 1.162755348299890699e+02 2.975000000000000000e+11
4.621199999999999818e+03 1.003194896318756264e+02 2.975000000000000000e+11
4.621400000000000546e+03 8.475848040166836483e+01 2.975000000000000000e+11
4.621600000000000364e+03 7.375635565834309659e+01 2.975000000000000000e+11
4.621800000000000182e+03 6.260990336999411454e+01 2.975000000000000000e+11
4.622000000000000000e+03 5.215361924162119323e+01 2.975000000000000000e+11
4.622199999999999818e+03 4.681879964287850271e+01 2.975000000000000000e+11
4.622400000000000546e+03 3.959797974644666141e+01 2.975000000000000000e+11
4.622600000000000364e+03 3.417601498127012150e+01 2.975000000000000000e+11
4.622800000000000182e+03 2.828427124746190202e+01 2.975000000000000000e+11
4.623000000000000000e+03 2.683281572999747766e+01 2.975000000000000000e+11
4.623199999999999818e+03 2.332380757938120297e+01 2.975000000000000000e+11
4.623400000000000546e+03 2.039607805437113797e+01 2.975000000000000000e+11
4.623600000000000364e+03 2.039607805437113797e+01 2.975000000000000000e+11
4.623800000000000182e+03 1.788854381999831844e+01 2.975000000000000000e+11
4.624000000000000000e+03 1.697056274847713908e+01 0.000000000000000000e+00
4.624199999999999818e+03 1.788854381999831844e+01 0.000000000000000000e+00
4.624400000000000546e+03 1.600000000000000000e+01 0.000000000000000000e+00
4.624600000000000364e+03 1.264911064067351809e+01 0.000000000000000000e+00
4.624800000000000182e+03 1.131370849898476116e+01 0.000000000000000000e+00
4.625000000000000000e+03 8.944271909999159220e+00 0.000000000000000000e+00
4.625199999999999818e+03 8.000000000000000000e+00 0.000000000000000000e+00
4.625400000000000546e+03 8.944271909999159220e+00 0.000000000000000000e+00
4.625600000000000364e+03 8.944271909999159220e+00 0.000000000000000000e+00
4.625800000000000182e+03 8.000000000000000000e+00 0.000000000000000000e+00
4.626000000000000000e+03 8.944271909999159220e+00 0.000000000000000000e+00
4.626199999999999818e+03 1.131370849898476116e+01 0.000000000000000000e+00
4.626400000000000546e+03 1.264911064067351809e+01 0.000000000000000000e+00
4.626600000000000364e+03 1.200000000000000000e+01 0.000000000000000000e+00
4.626800000000000182e+03 1.264911064067351809e+01 0.000000000000000000e+00
4.627000000000000000e+03 1.442220510185595650e+01 0.000000000000000000e+00
4.627199999999999818e+03 1.442220510185595650e+01 0.000000000000000000e+00
4.627400000000000546e+03 1.264911064067351809e+01 0.000000000000000000e+00
4.627600000000000364e+03 1.200000000000000000e+01 0.000000000000000000e+00
4.627800000000000182e+03 8.944271909999159220e+00 0.000000000000000000e+00
4.628000000000000000e+03 8.944271909999159220e+00 2.975000000000000000e+11
4.628199999999999818e+03 8.000000000000000000e+00 2.975000000000000000e+11
4.628400000000000546e+03 4.000000000000000000e+00 2.975000000000000000e+11
4.628600000000000364e+03 5.656854249492380582e+00 2.975000000000000000e+11
4.628800000000000182e+03 4.000000000000000000e+00 2.975000000000000000e+11
4.629000000000000000e+03 5.656854249492380582e+00 2.975000000000000000e+11
4.629199999999999818e+03 5.656854249492380582e+00 2.975000000000000000e+11
4.629400000000000546e+03 4.000000000000000000e+00 2.975000000000000000e+11
4.629600000000000364e+03 4.000000000000000000e+00 2.975000000000000000e+11
4.629800000000000182e+03 5.656854249492380582e+00 2.975000000000000000e+11
4.630000000000000000e+03 5.656854249492380582e+00 2.975000000000000000e+11
4.630199999999999818e+03 5.656854249492380582e+00 2.975000000000000000e+11
4.630400000000000546e+03 5.656854249492380582e+00 2.975000000000000000e+11
4.630600000000000364e+03 4.000000000000000000e+00 2.975000000000000000e+11
4.630800000000000182e+03 4.000000000000000000e+00 2.975000000000000000e+11
4.631000000000000000e+03 4.000000000000000000e+00 2.975000000000000000e+11
4.631199999999999818e+03 4.000000000000000000e+00 2.975000000000000000e+11
4.631400000000000546e+03 0.000000000000000000e+00 2.975000000000000000e+11
4.631600000000000364e+03 0.000000000000000000e+00 2.975000000000000000e+11
4.631800000000000182e+03 0.000000000000000000e+00 2.975000000000000000e+11
4.632000000000000000e+03 0.000000000000000000e+00 0.000000000000000000e+00
4.632199999999999818e+03 4.000000000000000000e+00 0.000000000000000000e+00
4.632400000000000546e+03 4.000000000000000000e+00 0.000000000000000000e+00
4.632600000000000364e+03 4.000000000000000000e+00 0.000000000000000000e+00
4.632800000000000182e+03 5.656854249492380582e+00 0.000000000000000000e+00
4.633000000000000000e+03 5.656854249492380582e+00 0.000000000000000000e+00
4.633199999999999818e+03 5.656854249492380582e+00 0.000000000000000000e+00
4.633400000000000546e+03 4.000000000000000000e+00 0.000000000000000000e+00
4.633600000000000364e+03 4.000000000000000000e+00 0.000000000000000000e+00
4.633800000000000182e+03 4.000000000000000000e+00 0.000000000000000000e+00
4.634000000000000000e+03 4.000000000000000000e+00 0.000000000000000000e+00
4.634199999999999818e+03 0.000000000000000000e+00 0.000000000000000000e+00
4.634400000000000546e+03 0.000000000000000000e+00 0.000000000000000000e+00
4.634600000000000364e+03 0.000000000000000000e+00 0.000000000000000000e+00
4.634800000000000182e+03 4.000000000000000000e+00 0.000000000000000000e+00
4.635000000000000000e+03 4.000000000000000000e+00 0.000000000000000000e+00
4.635199999999999818e+03 4.000000000000000000e+00 0.000000000000000000e+00
4.635400000000000546e+03 4.000000000000000000e+00 0.000000000000000000e+00
4.635600000000000364e+03 5.656854249492380582e+00 0.000000000000000000e+00
4.635800000000000182e+03 5.656854249492380582e+00 0.000000000000000000e+00
4.636000000000000000e+03 5.656854249492380582e+00 2.975000000000000000e+11
4.636199999999999818e+03 4.000000000000000000e+00 2.975000000000000000e+11
4.636400000000000546e+03 4.000000000000000000e+00 2.975000000000000000e+11
4.636600000000000364e+03 4.000000000000000000e+00 2.975000000000000000e+11
4.636800000000000182e+03 4.000000000000000000e+00 2.975000000000000000e+11
4.637000000000000000e+03 0.000000000000000000e+00 2.975000000000000000e+11
4.637199999999999818e+03 0.000000000000000000e+00 2.975000000000000000e+11
4.637400000000000546e+03 0.000000000000000000e+00 2.975000000000000000e+11
4.637600000000000364e+03 4.000000000000000000e+00 2.975000000000000000e+11
4.637800000000000182e+03 4.000000000000000000e+00 2.975000000000000000e+11
4.638000000000000000e+03 4.000000000000000000e+00 2.975000000000000000e+11
4.638199999999999818e+03 4.000000000000000000e+00 2.975000000000000000e+11
4.638400000000000546e+03 5.656854249492380582e+00 2.975000000000000000e+11
4.638600000000000364e+03 5.656854249492380582e+00 2.975000000000000000e+11
4.638800000000000182e+03 5.656854249492380582e+00 2.975000000000000000e+11
4.639000000000000000e+03 4.000000000000000000e+00 2.975000000000000000e+11
4.639199999999999818e+03 4.000000000000000000e+00 2.975000000000000000e+11
4.639400000000000546e+03 4.000000000000000000e+00 2.975000000000000000e+11
4.639600000000000364e+03 4.000000000000000000e+00 2.975000000000000000e+11
4.639800000000000182e+03 0.000000000000000000e+00 2.975000000000000000e+11
4.640000000000000000e+03 0.000000000000000000e+00 0.000000000000000000e+00
4.640199999999999818e+03 0.000000000000000000e+00 0.000000000000000000e+00
4.640400000000000546e+03 4.000000000000000000e+00 0.000000000000000000e+00
4.640600000000000364e+03 4.000000000000000000e+00 0.000000000000000000e+00
4.640800000000000182e+03 4.000000000000000000e+00 0.000000000000000000e+00
4.641000000000000000e+03 4.000000000000000000e+00 0.000000000000000000e+00
4.641199999999999818e+03 5.656854249492380582e+00 0.000000000000000000e+00
4.641400000000000546e+03 5.656854249492380582e+00 0.000000000000000000e+00
4.641600000000000364e+03 5.656854249492380582e+00 0.000000000000000000e+00
4.641800000000000182e+03 4.000000000000000000e+00 0.000000000000000000e+00
4.642000000000000000e+03 4.000000000000000000e+00 0.000000000000000000e+00
4.642199999999999818e+03 4.000000000000000000e+00 0.000000000000000000e+00
4.642400000000000546e+03 0.000000000000000000e+00 0.000000000000000000e+00
4.642600000000000364e+03 0.000000000000000000e+00 0.000000000000000000e+00
4.642800000000000182e+03 0.000000000000000000e+00 0.000000000000000000e+00
4.643000000000000000e+03 0.000000000000000000e+00 0.000000000000000000e+00
4.643199999999999818e+03 4.000000000000000000e+00 0.000000000000000000e+00
4.643400000000000546e+03 4.000000000000000000e+00 0.000000000000000000e+00
4.643600000000000364e+03 4.000000000000000000e+00 0.000000000000000000e+00
4.643800000000000182e+03 5.656854249492380582e+00 0.000000000000000000e+00
4.644000000000000000e+03 5.656854249492380582e+00 2.975000000000000000e+11
4.644199999999999818e+03 5.656854249492380582e+00 2.975000000000000000e+11
4.644400000000000546e+03 4.000000000000000000e+00 2.975000000000000000e+11
4.644600000000000364e+03 4.000000000000000000e+00 2.975000000000000000e+11
4.644800000000000182e+03 4.000000000000000000e+00 2.975000000000000000e+11
4.645000000000000000e+03 4.000000000000000000e+00 2.975000000000000000e+11
4.645199999999999818e+03 0.000000000000000000e+00 2.975000000000000000e+11
4.645400000000000546e+03 0.000000000000000000e+00 2.975000000000000000e+11
4.645600000000000364e+03 0.000000000000000000e+00 2.975000000000000000e+11
4.645800000000000182e+03 0.000000000000000000e+00 2.975000000000000000e+11
4.646000000000000000e+03 4.000000000000000000e+00 2.975000000000000000e+11
4.646199999999999818e+03 4.000000000000000000e+00 2.975000000000000000e+11
4.646400000000000546e+03 4.000000000000000000e+00 2.975000000000000000e+11
4.646600000000000364e+03 5.656854249492380582e+00 2.975000000000000000e+11
4.646800000000000182e+03 5.656854249492380582e+00 2.975000000000000000e+11
4.647000000000000000e+03 5.656854249492380582e+00 2.975000000000000000e+11
4.647199999999999818e+03 5.656854249492380582e+00 2.975000000000000000e+11
4.647400000000000546e+03 4.000000000000000000e+00 2.975000000000000000e+11
4.647600000000000364e+03 4.000000000000000000e+00 2.975000000000000000e+11
4.647800000000000182e+03 4.000000000000000000e+00 2.975000000000000000e+11
4.648000000000000000e+03 0.000000000000000000e+00 0.000000000000000000e+00
4.648199999999999818e+03 0.000000000000000000e+00 0.000000000000000000e+00
4.648400000000000546e+03 0.000000000000000000e+00 0.000000000000000000e+00
4.648600000000000364e+03 4.000000000000000000e+00 0.000000000000000000e+00
4.648800000000000182e+03 4.000000000000000000e+00 0.000000000000000000e+00
4.649000000000000000e+03 4.000000000000000000e+00 0.000000000000000000e+00
4.649199999999999818e+03 4.000000000000000000e+00 0.000000000000000000e+00
4.649400000000000546e+03 5.656854249492380582e+00 0.000000000000000000e+00
4.649600000000000364e+03 5.656854249492380582e+00 0.000000000000000000e+00
4.649800000000000182e+03 5.656854249492380582e+00 0.000000000000000000e+00
4.650000000000000000e+03 4.000000000000000000e+00 0.000000000000000000e+00
4.650199999999999818e+03 4.000000000000000000e+00 0.000000000000000000e+00
4.650400000000000546e+03 4.000000000000000000e+00 0.000000000000000000e+00
4.650600000000000364e+03 4.000000000000000000e+00 0.000000000000000000e+00
4.650800000000000182e+03 0.000000000000000000e+00 0.000000000000000000e+00
4.651000000000000000e+03 0.000000000000000000e+00 0.000000000000000000e+00
4.651199999999999818e+03 0.000000000000000000e+00 0.000000000000000000e+00
4.651400000000000546e+03 4.000000000000000000e+00 0.000000000000000000e+00
4.651600000000000364e+03 4.000000000000000000e+00 0.000000000000000000e+00
4.651800000000000182e+03 4.000000000000000000e+00 0.000000000000000000e+00
4.652000000000000000e+03 5.656854249492380582e+00 2.975000000000000000e+11
4.652199999999999818e+03 5.656854249492380582e+00 2.975000000000000000e+11
4.652400000000000546e+03 5.656854249492380582e+00 2.975000000000000000e+11
4.652600000000000364e+03 5.656854249492380582e+00 2.975000000000000000e+11
4.652800000000000182e+03 4.000000000000000000e+00 2.975000000000000000e+11
4.653000000000000000e+03 4.000000000000000000e+00 2.975000000000000000e+11
4.653199999999999818e+03 4.000000000000000000e+00 2.975000000000000000e+11
4.653400000000000546e+03 0.000000000000000000e+00 2.975000000000000000e+11
4.653600000000000364e+03 0.000000000000000000e+00 2.975000000000000000e+11
4.653800000000000182e+03 0.000000000000000000e+00 2.975000000000000000e+11
4.654000000000000000e+03 0.000000000000000000e+00 2.975000000000000000e+11
4.654199999999999818e+03 4.000000000000000000e+00 2.975000000000000000e+11
4.654400000000000546e+03 4.000000000000000000e+00 2.975000000000000000e+11
4.654600000000000364e+03 4.000000000000000000e+00 2.975000000000000000e+11
4.654800000000000182e+03 4.000000000000000000e+00 2.975000000000000000e+11
4.655000000000000000e+03 5.656854249492380582e+00 2.975000000000000000e+11
4.655199999999999818e+03 5.656854249492380582e+00 2.975000000000000000e+11
4.655400000000000546e+03 5.656854249492380582e+00 2.975000000000000000e+11
4.655600000000000364e+03 4.000000000000000000e+00 2.975000000000000000e+11
4.655800000000000182e+03 4.000000000000000000e+00 2.975000000000000000e+11
4.656000000000000000e+03 4.000000000000000000e+00 0.000000000000000000e+00
4.656199999999999818e+03 4.000000000000000000e+00 0.000000000000000000e+00
4.656400000000000546e+03 0.000000000000000000e+00 0.000000000000000000e+00
4.656600000000000364e+03 0.000000000000000000e+00 0.000000000000000000e+00
4.656800000000000182e+03 4.000000000000000000e+00 0.000000000000000000e+00
4.657000000000000000e+03 4.000000000000000000e+00 0.000000000000000000e+00
4.657199999999999818e+03 4.000000000000000000e+00 0.000000000000000000e+00
4.657400000000000546e+03 4.000000000000000000e+00 0.000000000000000000e+00
4.657600000000000364e+03 5.656854249492380582e+00 0.000000000000000000e+00
4.657800000000000182e+03 5.656854249492380582e+00 0.000000000000000000e+00
4.658000000000000000e+03 5.656854249492380582e+00 0.000000000000000000e+00
4.658199999999999818e+03 5.656854249492380582e+00 0.000000000000000000e+00
4.658400000000000546e+03 4.000000000000000000e+00 0.000000000000000000e+00
4.658600000000000364e+03 4.000000000000000000e+00 0.000000000000000000e+00
4.658800000000000182e+03 4.000000000000000000e+00 0.000000000000000000e+00
4.659000000000000000e+03 0.000000000000000000e+00 0.000000000000000000e+00
4.659199999999999818e+03 0.000000000000000000e+00 0.000000000000000000e+00
4.659400000000000546e+03 0.000000000000000000e+00 0.000000000000000000e+00
4.659600000000000364e+03 4.000000000000000000e+00 0.000000000000000000e+00
4.659800000000000182e+03 4.000000000000000000e+00 0.000000000000000000e+00
4.660000000000000000e+03 4.000000000000000000e+00 2.975000000000000000e+11
4.660199999999999818e+03 4.000000000000000000e+00 2.975000000000000000e+11
4.660400000000000546e+03 5.656854249492380582e+00 2.975000000000000000e+11
4.660600000000000364e+03 5.656854249492380582e+00 2.975000000000000000e+11
4.660800000000000182e+03 5.656854249492380582e+00 2.975000000000000000e+11
4.661000000000000000e+03 5.656854249492380582e+00 2.975000000000000000e+11
4.661199999999999818e+03 4.000000000000000000e+00 2.975000000000000000e+11
4.661400000000000546e+03 4.000000000000000000e+00 2.975000000000000000e+11
4.661600000000000364e+03 4.000000000000000000e+00 2.975000000000000000e+11
4.661800000000000182e+03 4.000000000000000000e+00 2.975000000000000000e+11
4.662000000000000000e+03 4.000000000000000000e+00 2.975000000000000000e+11
4.662199999999999818e+03 4.000000000000000000e+00 2.975000000000000000e+11
4.662400000000000546e+03 4.000000000000000000e+00 2.975000000000000000e+11
4.662600000000000364e+03 4.000000000000000000e+00 2.975000000000000000e+11
4.662800000000000182e+03 4.000000000000000000e+00 2.975000000000000000e+11
4.663000000000000000e+03 4.000000000000000000e+00 2.975000000000000000e+11
4.663199999999999818e+03 4.000000000000000000e+00 2.975000000000000000e+11
4.663400000000000546e+03 4.000000000000000000e+00 2.975000000000000000e+11
4.663600000000000364e+03 5.656854249492380582e+00 2.975000000000000000e+11
4.663800000000000182e+03 5.656854249492380582e+00 2.975000000000000000e+11
4.664000000000000000e+03 5.656854249492380582e+00 0.000000000000000000e+00
4.664199999999999818e+03 5.656854249492380582e+00 0.000000000000000000e+00
4.664400000000000546e+03 4.000000000000000000e+00 0.000000000000000000e+00
4.664600000000000364e+03 4.000000000000000000e+00 0.000000000000000000e+00
4.664800000000000182e+03 5.656854249492380582e+00 0.000000000000000000e+00
4.665000000000000000e+03 5.656854249492380582e+00 0.000000000000000000e+00
4.665199999999999818e+03 5.656854249492380582e+00 0.000000000000000000e+00
4.665400000000000546e+03 5.656854249492380582e+00 0.000000000000000000e+00
4.665600000000000364e+03 4.000000000000000000e+00 0.000000000000000000e+00
4.665800000000000182e+03 4.000000000000000000e+00 0.000000000000000000e+00
4.666000000000000000e+03 4.000000000000000000e+00 0.000000000000000000e+00
4.666199999999999818e+03 4.000000000000000000e+00 0.000000000000000000e+00
4.666400000000000546e+03 5.656854249492380582e+00 0.000000000000000000e+00
4.666600000000000364e+03 5.656854249492380582e+00 0.000000000000000000e+00
4.666800000000000182e+03 5.656854249492380582e+00 0.000000000000000000e+00
4.667000000000000000e+03 4.000000000000000000e+00 0.000000000000000000e+00
4.667199999999999818e+03 4.000000000000000000e+00 0.000000000000000000e+00
4.667400000000000546e+03 5.656854249492380582e+00 0.000000000000000000e+00
4.667600000000000364e+03 5.656854249492380582e+00 0.000000000000000000e+00
4.667800000000000182e+03 5.656854249492380582e+00 0.000000000000000000e+00
4.668000000000000000e+03 4.000000000000000000e+00 2.975000000000000000e+11
4.668199999999999818e+03 4.000000000000000000e+00 2.975000000000000000e+11
4.668400000000000546e+03 4.000000000000000000e+00 2.975000000000000000e+11
4.668600000000000364e+03 4.000000000000000000e+00 2.975000000000000000e+11
4.668800000000000182e+03 4.000000000000000000e+00 2.975000000000000000e+11
4.669000000000000000e+03 5.656854249492380582e+00 2.975000000000000000e+11
4.669199999999999818e+03 4.000000000000000000e+00 2.975000000000000000e+11
4.669400000000000546e+03 4.000000000000000000e+00 2.975000000000000000e+11
4.669600000000000364e+03 4.000000000000000000e+00 2.975000000000000000e+11
4.669800000000000182e+03 4.000000000000000000e+00 2.975000000000000000e+11
4.670000000000000000e+03 4.000000000000000000e+00 2.975000000000000000e+11
4.670199999999999818e+03 4.000000000000000000e+00 2.975000000000000000e+11
4.670400000000000546e+03 4.000000000000000000e+00 2.975000000000000000e+11
4.670600000000000364e+03 4.000000000000000000e+00 2.975000000000000000e+11
4.670800000000000182e+03 4.000000000000000000e+00 2.975000000000000000e+11
4.671000000000000000e+03 4.000000000000000000e+00 2.975000000000000000e+11
4.671199999999999818e+03 4.000000000000000000e+00 2.975000000000000000e+11
4.671400000000000546e+03 4.000000000000000000e+00 2.975000000000000000e+11
4.671600000000000364e+03 4.000000000000000000e+00 2.975000000000000000e+11
4.671800000000000182e+03 4.000000000000000000e+00 2.975000000000000000e+11
4.672000000000000000e+03 4.000000000000000000e+00 0.000000000000000000e+00
4.672199999999999818e+03 4.000000000000000000e+00 0.000000000000000000e+00
4.672400000000000546e+03 5.656854249492380582e+00 0.000000000000000000e+00
4.672600000000000364e+03 5.656854249492380582e+00 0.000000000000000000e+00
4.672800000000000182e+03 4.000000000000000000e+00 0.000000000000000000e+00
4.673000000000000000e+03 4.000000000000000000e+00 0.000000000000000000e+00
4.673199999999999818e+03 4.000000000000000000e+00 0.000000000000000000e+00
4.673400000000000546e+03 4.000000000000000000e+00 0.000000000000000000e+00
4.673600000000000364e+03 5.656854249492380582e+00 0.000000000000000000e+00
4.673800000000000182e+03 5.656854249492380582e+00 0.000000000000000000e+00
4.674000000000000000e+03 4.000000000000000000e+00 0.000000000000000000e+00
4.674199999999999818e+03 4.000000000000000000e+00 0.000000000000000000e+00
4.674400000000000546e+03 4.000000000000000000e+00 0.000000000000000000e+00
4.674600000000000364e+03 4.000000000000000000e+00 0.000000000000000000e+00
4.674800000000000182e+03 5.656854249492380582e+00 0.000000000000000000e+00
4.675000000000000000e+03 5.656854249492380582e+00 0.000000000000000000e+00
4.675199999999999818e+03 5.656854249492380582e+00 0.000000000000000000e+00
4.675400000000000546e+03 5.656854249492380582e+00 0.000000000000000000e+00
4.675600000000000364e+03 4.000000000000000000e+00 0.000000000000000000e+00
4.675800000000000182e+03 4.000000000000000000e+00 0.000000000000000000e+00
4.676000000000000000e+03 5.656854249492380582e+00 2.975000000000000000e+11
4.676199999999999818e+03 5.656854249492380582e+00 2.975000000000000000e+11
4.676400000000000546e+03 5.656854249492380582e+00 2.975000000000000000e+11
4.676600000000000364e+03 4.000000000000000000e+00 2.975000000000000000e+11
4.676800000000000182e+03 4.000000000000000000e+00 2.975000000000000000e+11
4.677000000000000000e+03 4.000000000000000000e+00 2.975000000000000000e+11
4.677199999999999818e+03 4.000000000000000000e+00 2.975000000000000000e+11
4.677400000000000546e+03 5.656854249492380582e+00 2.975000000000000000e+11
4.677600000000000364e+03 4.000000000000000000e+00 2.975000000000000000e+11
4.677800000000000182e+03 4.000000000000000000e+00 2.975000000000000000e+11
4.678000000000000000e+03 4.000000000000000000e+00 2.975000000000000000e+11
4.678199999999999818e+03 4.000000000000000000e+00 2.975000000000000000e+11
4.678400000000000546e+03 4.000000000000000000e+00 2.975000000000000000e+11
4.678600000000000364e+03 5.656854249492380582e+00 2.975000000000000000e+11
4.678800000000000182e+03 5.656854249492380582e+00 2.975000000000000000e+11
4.679000000000000000e+03 4.000000000000000000e+00 2.975000000000000000e+11
4.679199999999999818e+03 4.000000000000000000e+00 2.975000000000000000e+11
4.679400000000000546e+03 4.000000000000000000e+00 2.975000000000000000e+11
4.679600000000000364e+03 4.000000000000000000e+00 2.975000000000000000e+11
4.679800000000000182e+03 5.656854249492380582e+00 2.975000000000000000e+11
