4.680000000000000000e+03 4.000000000000000000e+00 0.000000000000000000e+00
4.680199999999999818e+03 4.000000000000000000e+00 0.000000000000000000e+00
4.680400000000000546e+03 4.000000000000000000e+00 0.000000000000000000e+00
4.680600000000000364e+03 5.656854249492380582e+00 0.000000000000000000e+00
4.680800000000000182e+03 5.656854249492380582e+00 0.000000000000000000e+00
4.681000000000000000e+03 5.656854249492380582e+00 0.000000000000000000e+00
4.681199999999999818e+03 5.656854249492380582e+00 0.000000000000000000e+00
4.681400000000000546e+03 5.656854249492380582e+00 0.000000000000000000e+00
4.681600000000000364e+03 5.656854249492380582e+00 0.000000000000000000e+00
4.681800000000000182e+03 5.656854249492380582e+00 0.000000000000000000e+00
4.682000000000000000e+03 5.656854249492380582e+00 0.000000000000000000e+00
4.682199999999999818e+03 5.656854249492380582e+00 0.000000000000000000e+00
4.682400000000000546e+03 4.000000000000000000e+00 0.000000000000000000e+00
4.682600000000000364e+03 5.656854249492380582e+00 0.000000000000000000e+00
4.682800000000000182e+03 5.656854249492380582e+00 0.000000000000000000e+00
4.683000000000000000e+03 5.656854249492380582e+00 0.000000000000000000e+00
4.683199999999999818e+03 5.656854249492380582e+00 0.000000000000000000e+00
4.683400000000000546e+03 5.656854249492380582e+00 0.000000000000000000e+00
4.683600000000000364e+03 5.656854249492380582e+00 0.000000000000000000e+00
4.683800000000000182e+03 5.656854249492380582e+00 0.000000000000000000e+00
4.684000000000000000e+03 5.656854249492380582e+00 2.999999500000000000e+11
4.684199999999999818e+03 5.656854249492380582e+00 2.999999500000000000e+11
4.684400000000000546e+03 4.000000000000000000e+00 2.999999500000000000e+11
4.684600000000000364e+03 4.000000000000000000e+00 2.999999500000000000e+11
4.684800000000000182e+03 4.000000000000000000e+00 2.999999500000000000e+11
4.685000000000000000e+03 4.000000000000000000e+00 2.999999500000000000e+11
4.685199999999999818e+03 4.000000000000000000e+00 2.999999500000000000e+11
4.685400000000000546e+03 0.000000000000000000e+00 2.999999500000000000e+11
4.685600000000000364e+03 0.000000000000000000e+00 2.999999500000000000e+11
4.685800000000000182e+03 0.000000000000000000e+00 2.999999500000000000e+11
4.686000000000000000e+03 4.000000000000000000e+00 2.999999500000000000e+11
4.686199999999999818e+03 4.000000000000000000e+00 2.999999500000000000e+11
4.686400000000000546e+03 5.656854249492380582e+00 2.999999500000000000e+11
4.686600000000000364e+03 5.656854249492380582e+00 2.999999500000000000e+11
4.686800000000000182e+03 5.656854249492380582e+00 2.999999500000000000e+11
4.687000000000000000e+03 5.656854249492380582e+00 2.999999500000000000e+11
4.687199999999999818e+03 4.000000000000000000e+00 2.999999500000000000e+11
4.687400000000000546e+03 4.000000000000000000e+00 2.999999500000000000e+11
4.687600000000000364e+03 4.000000000000000000e+00 2.999999500000000000e+11
4.687800000000000182e+03 4.000000000000000000e+00 2.999999500000000000e+11
4.688000000000000000e+03 0.000000000000000000e+00 0.000000000000000000e+00
4.688199999999999818e+03 0.000000000000000000e+00 0.000000000000000000e+00
4.688400000000000546e+03 0.000000000000000000e+00 0.000000000000000000e+00
4.688600000000000364e+03 4.000000000000000000e+00 0.000000000000000000e+00
4.688800000000000182e+03 4.000000000000000000e+00 0.000000000000000000e+00
4.689000000000000000e+03 4.000000000000000000e+00 0.000000000000000000e+00
4.689199999999999818e+03 5.656854249492380582e+00 0.000000000000000000e+00
4.689400000000000546e+03 5.656854249492380582e+00 0.000000000000000000e+00
4.689600000000000364e+03 5.656854249492380582e+00 0.000000000000000000e+00
4.689800000000000182e+03 5.656854249492380582e+00 0.000000000000000000e+00
4.690000000000000000e+03 4.000000000000000000e+00 0.000000000000000000e+00
4.690199999999999818e+03 4.000000000000000000e+00 0.000000000000000000e+00
4.690400000000000546e+03 4.000000000000000000e+00 0.000000000000000000e+00
4.690600000000000364e+03 0.000000000000000000e+00 0.000000000000000000e+00
4.690800000000000182e+03 0.000000000000000000e+00 0.000000000000000000e+00
4.691000000000000000e+03 0.000000000000000000e+00 0.000000000000000000e+00
4.691199999999999818e+03 0.000000000000000000e+00 0.000000000000000000e+00
4.691400000000000546e+03 4.000000000000000000e+00 0.000000000000000000e+00
4.691600000000000364e+03 4.000000000000000000e+00 0.000000000000000000e+00
4.691800000000000182e+03 5.656854249492380582e+00 0.000000000000000000e+00
4.692000000000000000e+03 5.656854249492380582e+00 2.999999500000000000e+11
4.692199999999999818e+03 5.656854249492380582e+00 2.999999500000000000e+11
4.692400000000000546e+03 5.656854249492380582e+00 2.999999500000000000e+11
4.692600000000000364e+03 4.000000000000000000e+00 2.999999500000000000e+11
4.692800000000000182e+03 4.000000000000000000e+00 2.999999500000000000e+11
4.693000000000000000e+03 4.000000000000000000e+00 2.999999500000000000e+11
4.693199999999999818e+03 4.000000000000000000e+00 2.999999500000000000e+11
4.693400000000000546e+03 0.000000000000000000e+00 2.999999500000000000e+11
4.693600000000000364e+03 0.000000000000000000e+00 2.999999500000000000e+11
4.693800000000000182e+03 0.000000000000000000e+00 2.999999500000000000e+11
4.694000000000000000e+03 4.000000000000000000e+00 2.999999500000000000e+11
4.694199999999999818e+03 4.000000000000000000e+00 2.999999500000000000e+11
4.694400000000000546e+03 4.000000000000000000e+00 2.999999500000000000e+11
4.694600000000000364e+03 4.000000000000000000e+00 2.999999500000000000e+11
4.694800000000000182e+03 5.656854249492380582e+00 2.999999500000000000e+11
4.695000000000000000e+03 5.656854249492380582e+00 2.999999500000000000e+11
4.695199999999999818e+03 5.656854249492380582e+00 2.999999500000000000e+11
4.695400000000000546e+03 4.000000000000000000e+00 2.999999500000000000e+11
4.695600000000000364e+03 4.000000000000000000e+00 2.999999500000000000e+11
4.695800000000000182e+03 4.000000000000000000e+00 2.999999500000000000e+11
4.696000000000000000e+03 4.000000000000000000e+00 0.000000000000000000e+00
4.696199999999999818e+03 0.000000000000000000e+00 0.000000000000000000e+00
4.696400000000000546e+03 0.000000000000000000e+00 0.000000000000000000e+00
4.696600000000000364e+03 0.000000000000000000e+00 0.000000000000000000e+00
4.696800000000000182e+03 4.000000000000000000e+00 0.000000000000000000e+00
4.697000000000000000e+03 4.000000000000000000e+00 0.000000000000000000e+00
4.697199999999999818e+03 4.000000000000000000e+00 0.000000000000000000e+00
4.697400000000000546e+03 4.000000000000000000e+00 0.000000000000000000e+00
4.697600000000000364e+03 5.656854249492380582e+00 0.000000000000000000e+00
4.697800000000000182e+03 5.656854249492380582e+00 0.000000000000000000e+00
4.698000000000000000e+03 5.656854249492380582e+00 0.000000000000000000e+00
4.698199999999999818e+03 4.000000000000000000e+00 0.000000000000000000e+00
4.698400000000000546e+03 4.000000000000000000e+00 0.000000000000000000e+00
4.698600000000000364e+03 4.000000000000000000e+00 0.000000000000000000e+00
4.698800000000000182e+03 0.000000000000000000e+00 0.000000000000000000e+00
4.699000000000000000e+03 0.000000000000000000e+00 0.000000000000000000e+00
4.699199999999999818e+03 0.000000000000000000e+00 0.000000000000000000e+00
4.699400000000000546e+03 0.000000000000000000e+00 0.000000000000000000e+00
4.699600000000000364e+03 4.000000000000000000e+00 0.000000000000000000e+00
4.699800000000000182e+03 4.000000000000000000e+00 0.000000000000000000e+00
4.700000000000000000e+03 4.000000000000000000e+00 2.999999500000000000e+11
4.700199999999999818e+03 5.656854249492380582e+00 2.999999500000000000e+11
4.700400000000000546e+03 5.656854249492380582e+00 2.999999500000000000e+11
4.700600000000000364e+03 5.656854249492380582e+00 2.999999500000000000e+11
4.700800000000000182e+03 5.656854249492380582e+00 2.999999500000000000e+11
4.701000000000000000e+03 4.000000000000000000e+00 2.999999500000000000e+11
4.701199999999999818e+03 4.000000000000000000e+00 2.999999500000000000e+11
4.701400000000000546e+03 4.000000000000000000e+00 2.999999500000000000e+11
4.701600000000000364e+03 0.000000000000000000e+00 2.999999500000000000e+11
4.701800000000000182e+03 0.000000000000000000e+00 2.999999500000000000e+11
4.702000000000000000e+03 0.000000000000000000e+00 2.999999500000000000e+11
4.702199999999999818e+03 0.000000000000000000e+00 2.999999500000000000e+11
4.702400000000000546e+03 4.000000000000000000e+00 2.999999500000000000e+11
4.702600000000000364e+03 4.000000000000000000e+00 2.999999500000000000e+11
4.702800000000000182e+03 4.000000000000000000e+00 2.999999500000000000e+11
4.703000000000000000e+03 5.656854249492380582e+00 2.999999500000000000e+11
4.703199999999999818e+03 5.656854249492380582e+00 2.999999500000000000e+11
4.703400000000000546e+03 5.656854249492380582e+00 2.999999500000000000e+11
4.703600000000000364e+03 5.656854249492380582e+00 2.999999500000000000e+11
4.703800000000000182e+03 4.000000000000000000e+00 2.999999500000000000e+11
4.704000000000000000e+03 4.000000000000000000e+00 0.000000000000000000e+00
4.704199999999999818e+03 4.000000000000000000e+00 0.000000000000000000e+00
4.704400000000000546e+03 0.000000000000000000e+00 0.000000000000000000e+00
4.704600000000000364e+03 0.000000000000000000e+00 0.000000000000000000e+00
4.704800000000000182e+03 0.000000000000000000e+00 0.000000000000000000e+00
4.705000000000000000e+03 4.000000000000000000e+00 0.000000000000000000e+00
4.705199999999999818e+03 4.000000000000000000e+00 0.000000000000000000e+00
4.705400000000000546e+03 4.000000000000000000e+00 0.000000000000000000e+00
4.705600000000000364e+03 4.000000000000000000e+00 0.000000000000000000e+00
4.705800000000000182e+03 5.656854249492380582e+00 0.000000000000000000e+00
4.706000000000000000e+03 5.656854249492380582e+00 0.000000000000000000e+00
4.706199999999999818e+03 5.656854249492380582e+00 0.000000000000000000e+00
4.706400000000000546e+03 4.000000000000000000e+00 0.000000000000000000e+00
4.706600000000000364e+03 4.000000000000000000e+00 0.000000000000000000e+00
4.706800000000000182e+03 4.000000000000000000e+00 0.000000000000000000e+00
4.707000000000000000e+03 0.000000000000000000e+00 0.000000000000000000e+00
4.707199999999999818e+03 0.000000000000000000e+00 0.000000000000000000e+00
4.707400000000000546e+03 0.000000000000000000e+00 0.000000000000000000e+00
4.707600000000000364e+03 0.000000000000000000e+00 0.000000000000000000e+00
4.707800000000000182e+03 4.000000000000000000e+00 0.000000000000000000e+00
4.708000000000000000e+03 4.000000000000000000e+00 2.999999500000000000e+11
4.708199999999999818e+03 4.000000000000000000e+00 2.999999500000000000e+11
4.708400000000000546e+03 5.656854249492380582e+00 2.999999500000000000e+11
4.708600000000000364e+03 5.656854249492380582e+00 2.999999500000000000e+11
4.708800000000000182e+03 5.656854249492380582e+00 2.999999500000000000e+11
4.709000000000000000e+03 5.656854249492380582e+00 2.999999500000000000e+11
4.709199999999999818e+03 4.000000000000000000e+00 2.999999500000000000e+11
4.709400000000000546e+03 4.000000000000000000e+00 2.999999500000000000e+11
4.709600000000000364e+03 4.000000000000000000e+00 2.999999500000000000e+11
4.709800000000000182e+03 0.000000000000000000e+00 2.999999500000000000e+11
4.710000000000000000e+03 0.000000000000000000e+00 2.999999500000000000e+11
4.710199999999999818e+03 0.000000000000000000e+00 2.999999500000000000e+11
4.710400000000000546e+03 0.000000000000000000e+00 2.999999500000000000e+11
4.710600000000000364e+03 4.000000000000000000e+00 2.999999500000000000e+11
4.710800000000000182e+03 4.000000000000000000e+00 2.999999500000000000e+11
4.711000000000000000e+03 4.000000000000000000e+00 2.999999500000000000e+11
4.711199999999999818e+03 5.656854249492380582e+00 2.999999500000000000e+11
4.711400000000000546e+03 5.656854249492380582e+00 2.999999500000000000e+11
4.711600000000000364e+03 5.656854249492380582e+00 2.999999500000000000e+11
4.711800000000000182e+03 5.656854249492380582e+00 2.999999500000000000e+11
4.712000000000000000e+03 4.000000000000000000e+00 0.000000000000000000e+00
4.712199999999999818e+03 4.000000000000000000e+00 0.000000000000000000e+00
4.712400000000000546e+03 4.000000000000000000e+00 0.000000000000000000e+00
4.712600000000000364e+03 0.000000000000000000e+00 0.000000000000000000e+00
4.712800000000000182e+03 0.000000000000000000e+00 0.000000000000000000e+00
4.713000000000000000e+03 0.000000000000000000e+00 0.000000000000000000e+00
4.713199999999999818e+03 4.000000000000000000e+00 0.000000000000000000e+00
4.713400000000000546e+03 4.000000000000000000e+00 0.000000000000000000e+00
4.713600000000000364e+03 4.000000000000000000e+00 0.000000000000000000e+00
4.713800000000000182e+03 4.000000000000000000e+00 0.000000000000000000e+00
4.714000000000000000e+03 5.656854249492380582e+00 0.000000000000000000e+00
4.714199999999999818e+03 5.656854249492380582e+00 0.000000000000000000e+00
4.714400000000000546e+03 5.656854249492380582e+00 0.000000000000000000e+00
4.714600000000000364e+03 4.000000000000000000e+00 0.000000000000000000e+00
4.714800000000000182e+03 4.000000000000000000e+00 0.000000000000000000e+00
4.715000000000000000e+03 4.000000000000000000e+00 0.000000000000000000e+00
4.715199999999999818e+03 4.000000000000000000e+00 0.000000000000000000e+00
4.715400000000000546e+03 0.000000000000000000e+00 0.000000000000000000e+00
4.715600000000000364e+03 0.000000000000000000e+00 0.000000000000000000e+00
4.715800000000000182e+03 0.000000000000000000e+00 0.000000000000000000e+00
4.716000000000000000e+03 4.000000000000000000e+00 2.999999500000000000e+11
4.716199999999999818e+03 4.000000000000000000e+00 2.999999500000000000e+11
4.716400000000000546e+03 4.000000000000000000e+00 2.999999500000000000e+11
4.716600000000000364e+03 5.656854249492380582e+00 2.999999500000000000e+11
4.716800000000000182e+03 5.656854249492380582e+00 2.999999500000000000e+11
4.717000000000000000e+03 5.656854249492380582e+00 2.999999500000000000e+11
4.717199999999999818e+03 5.656854249492380582e+00 2.999999500000000000e+11
4.717400000000000546e+03 4.000000000000000000e+00 2.999999500000000000e+11
4.717600000000000364e+03 4.000000000000000000e+00 2.999999500000000000e+11
4.717800000000000182e+03 4.000000000000000000e+00 2.999999500000000000e+11
4.718000000000000000e+03 0.000000000000000000e+00 2.999999500000000000e+11
4.718199999999999818e+03 0.000000000000000000e+00 2.999999500000000000e+11
4.718400000000000546e+03 0.000000000000000000e+00 2.999999500000000000e+11
4.718600000000000364e+03 0.000000000000000000e+00 2.999999500000000000e+11
4.718800000000000182e+03 4.000000000000000000e+00 2.999999500000000000e+11
4.719000000000000000e+03 4.000000000000000000e+00 2.999999500000000000e+11
4.719199999999999818e+03 4.000000000000000000e+00 2.999999500000000000e+11
4.719400000000000546e+03 4.000000000000000000e+00 2.999999500000000000e+11
4.719600000000000364e+03 5.656854249492380582e+00 2.999999500000000000e+11
4.719800000000000182e+03 5.656854249492380582e+00 2.999999500000000000e+11
4.720000000000000000e+03 5.656854249492380582e+00 0.000000000000000000e+00
4.720199999999999818e+03 4.000000000000000000e+00 0.000000000000000000e+00
4.720400000000000546e+03 4.000000000000000000e+00 0.000000000000000000e+00
4.720600000000000364e+03 4.000000000000000000e+00 0.000000000000000000e+00
4.720800000000000182e+03 4.000000000000000000e+00 0.000000000000000000e+00
4.721000000000000000e+03 0.000000000000000000e+00 0.000000000000000000e+00
4.721199999999999818e+03 0.000000000000000000e+00 0.000000000000000000e+00
4.721400000000000546e+03 0.000000000000000000e+00 0.000000000000000000e+00
4.721600000000000364e+03 4.000000000000000000e+00 0.000000000000000000e+00
4.721800000000000182e+03 4.000000000000000000e+00 0.000000000000000000e+00
4.722000000000000000e+03 4.000000000000000000e+00 0.000000000000000000e+00
4.722199999999999818e+03 4.000000000000000000e+00 0.000000000000000000e+00
4.722400000000000546e+03 5.656854249492380582e+00 0.000000000000000000e+00
4.722600000000000364e+03 5.656854249492380582e+00 0.000000000000000000e+00
4.722800000000000182e+03 5.656854249492380582e+00 0.000000000000000000e+00
4.723000000000000000e+03 5.656854249492380582e+00 0.000000000000000000e+00
4.723199999999999818e+03 4.000000000000000000e+00 0.000000000000000000e+00
4.723400000000000546e+03 4.000000000000000000e+00 0.000000000000000000e+00
4.723600000000000364e+03 4.000000000000000000e+00 0.000000000000000000e+00
4.723800000000000182e+03 0.000000000000000000e+00 0.000000000000000000e+00
4.724000000000000000e+03 0.000000000000000000e+00 2.999999500000000000e+11
4.724199999999999818e+03 0.000000000000000000e+00 2.999999500000000000e+11
4.724400000000000546e+03 0.000000000000000000e+00 2.999999500000000000e+11
4.724600000000000364e+03 4.000000000000000000e+00 2.999999500000000000e+11
4.724800000000000182e+03 4.000000000000000000e+00 2.999999500000000000e+11
4.725000000000000000e+03 4.000000000000000000e+00 2.999999500000000000e+11
4.725199999999999818e+03 4.000000000000000000e+00 2.999999500000000000e+11
4.725400000000000546e+03 5.656854249492380582e+00 2.999999500000000000e+11
4.725600000000000364e+03 5.656854249492380582e+00 2.999999500000000000e+11
4.725800000000000182e+03 5.656854249492380582e+00 2.999999500000000000e+11
4.726000000000000000e+03 8.944271909999159220e+00 2.999999500000000000e+11
4.726199999999999818e+03 8.000000000000000000e+00 2.999999500000000000e+11
4.726400000000000546e+03 8.944271909999159220e+00 2.999999500000000000e+11
4.726600000000000364e+03 5.656854249492380582e+00 2.999999500000000000e+11
4.726800000000000182e+03 8.944271909999159220e+00 2.999999500000000000e+11
4.727000000000000000e+03 8.000000000000000000e+00 2.999999500000000000e+11
4.727199999999999818e+03 1.131370849898476116e+01 2.999999500000000000e+11
4.727400000000000546e+03 1.264911064067351809e+01 2.999999500000000000e+11
4.727600000000000364e+03 1.264911064067351809e+01 2.999999500000000000e+11
4.727800000000000182e+03 1.442220510185595650e+01 2.999999500000000000e+11
4.728000000000000000e+03 2.000000000000000000e+01 0.000000000000000000e+00
4.728199999999999818e+03 2.039607805437113797e+01 0.000000000000000000e+00
4.728400000000000546e+03 2.039607805437113797e+01 0.000000000000000000e+00
4.728600000000000364e+03 2.332380757938120297e+01 0.000000000000000000e+00
4.728800000000000182e+03 2.000000000000000000e+01 0.000000000000000000e+00
4.729000000000000000e+03 2.154065922853801496e+01 0.000000000000000000e+00
4.729199999999999818e+03 2.000000000000000000e+01 0.000000000000000000e+00
4.729400000000000546e+03 1.788854381999831844e+01 0.000000000000000000e+00
4.729600000000000364e+03 1.697056274847713908e+01 0.000000000000000000e+00
4.729800000000000182e+03 1.649242250247064234e+01 0.000000000000000000e+00
4.730000000000000000e+03 1.649242250247064234e+01 0.000000000000000000e+00
4.730199999999999818e+03 1.442220510185595650e+01 0.000000000000000000e+00
4.730400000000000546e+03 1.442220510185595650e+01 0.000000000000000000e+00
4.730600000000000364e+03 1.600000000000000000e+01 0.000000000000000000e+00
4.730800000000000182e+03 1.788854381999831844e+01 0.000000000000000000e+00
4.731000000000000000e+03 1.697056274847713908e+01 0.000000000000000000e+00
4.731199999999999818e+03 1.649242250247064234e+01 0.000000000000000000e+00
4.731400000000000546e+03 2.000000000000000000e+01 0.000000000000000000e+00
4.731600000000000364e+03 1.788854381999831844e+01 0.000000000000000000e+00
4.731800000000000182e+03 2.000000000000000000e+01 0.000000000000000000e+00
4.732000000000000000e+03 1.788854381999831844e+01 2.999999500000000000e+11
4.732199999999999818e+03 2.000000000000000000e+01 2.999999500000000000e+11
4.732400000000000546e+03 2.529822128134703618e+01 2.999999500000000000e+11
4.732600000000000364e+03 2.561249694973139412e+01 2.999999500000000000e+11
4.732800000000000182e+03 2.683281572999747766e+01 2.999999500000000000e+11
4.733000000000000000e+03 3.200000000000000000e+01 2.999999500000000000e+11
4.733199999999999818e+03 3.577708763999663688e+01 2.999999500000000000e+11
4.733400000000000546e+03 4.000000000000000000e+01 2.999999500000000000e+11
4.733600000000000364e+03 4.560701700396551672e+01 2.999999500000000000e+11
4.733800000000000182e+03 5.656854249492380404e+01 2.999999500000000000e+11
4.734000000000000000e+03 6.657326790837295505e+01 2.999999500000000000e+11
4.734199999999999818e+03 7.211102550927978427e+01 2.999999500000000000e+11
4.734400000000000546e+03 8.551023330572779457e+01 2.999999500000000000e+11
4.734600000000000364e+03 9.806120537705010065e+01 2.999999500000000000e+11
4.734800000000000182e+03 1.120714058089752001e+02 2.999999500000000000e+11
4.735000000000000000e+03 1.276244490683505290e+02 2.999999500000000000e+11
4.735199999999999818e+03 1.448861622101986768e+02 2.999999500000000000e+11
4.735400000000000546e+03 1.606486850241856246e+02 2.999999500000000000e+11
4.735600000000000364e+03 1.241933975700801938e+02 2.999999500000000000e+11
4.735800000000000182e+03 1.187939392393399771e+02 2.999999500000000000e+11
4.736000000000000000e+03 1.315750736271882033e+02 0.000000000000000000e+00
4.736199999999999818e+03 1.285612694399055727e+02 0.000000000000000000e+00
4.736400000000000546e+03 1.255388386118017223e+02 0.000000000000000000e+00
4.736600000000000364e+03 1.242577965360725329e+02 0.000000000000000000e+00
4.736800000000000182e+03 1.250279968647022741e+02 0.000000000000000000e+00
4.737000000000000000e+03 1.227028932014237341e+02 0.000000000000000000e+00
4.737199999999999818e+03 1.244507934888323604e+02 0.000000000000000000e+00
4.737400000000000546e+03 1.240644993541665855e+02 0.000000000000000000e+00
4.737600000000000364e+03 1.242577965360725329e+02 0.000000000000000000e+00
4.737800000000000182e+03 1.235475616918440096e+02 0.000000000000000000e+00
4.738000000000000000e+03 1.232233744059949032e+02 0.000000000000000000e+00
4.738199999999999818e+03 1.184567431596867806e+02 0.000000000000000000e+00
4.738400000000000546e+03 1.193314711214103880e+02 0.000000000000000000e+00
4.738600000000000364e+03 1.168246549320818701e+02 0.000000000000000000e+00
4.738800000000000182e+03 1.109233969908963786e+02 0.000000000000000000e+00
4.739000000000000000e+03 1.120000000000000000e+02 0.000000000000000000e+00
4.739199999999999818e+03 1.109233969908963786e+02 0.000000000000000000e+00
4.739400000000000546e+03 1.080740486888503682e+02 0.000000000000000000e+00
4.739600000000000364e+03 1.067333125130106737e+02 0.000000000000000000e+00
4.739800000000000182e+03 1.067333125130106737e+02 0.000000000000000000e+00
4.740000000000000000e+03 1.056030302595526820e+02 2.999999500000000000e+11
4.740199999999999818e+03 1.235475616918440096e+02 2.999999500000000000e+11
4.740400000000000546e+03 1.405133445620023736e+02 2.999999500000000000e+11
4.740600000000000364e+03 1.619876538505326948e+02 2.999999500000000000e+11
4.740800000000000182e+03 1.278123624693636629e+02 2.999999500000000000e+11
4.741000000000000000e+03 1.112115101956627541e+02 2.999999500000000000e+11
4.741199999999999818e+03 1.270590413941487213e+02 2.999999500000000000e+11
4.741400000000000546e+03 1.402283851436648376e+02 2.999999500000000000e+11
4.741600000000000364e+03 1.545056633266237327e+02 2.999999500000000000e+11
4.741800000000000182e+03 1.324235628579747868e+02 2.999999500000000000e+11
4.742000000000000000e+03 1.200666481584290750e+02 2.999999500000000000e+11
4.742199999999999818e+03 1.077032961426900783e+02 2.999999500000000000e+11
4.742400000000000546e+03 9.050966799187808931e+01 2.999999500000000000e+11
4.742600000000000364e+03 7.879086241436883142e+01 2.999999500000000000e+11
4.742800000000000182e+03 6.800000000000000000e+01 2.999999500000000000e+11
4.743000000000000000e+03 5.946427498927402411e+01 2.999999500000000000e+11
4.743199999999999818e+03 4.816637831516918311e+01 2.999999500000000000e+11
4.743400000000000546e+03 3.939543120718441571e+01 2.999999500000000000e+11
4.743600000000000364e+03 3.600000000000000000e+01 2.999999500000000000e+11
4.743800000000000182e+03 3.046309242345563462e+01 2.999999500000000000e+11
4.744000000000000000e+03 2.262741699796952233e+01 0.000000000000000000e+00
4.744199999999999818e+03 2.529822128134703618e+01 0.000000000000000000e+00
4.744400000000000546e+03 2.433105012119287736e+01 0.000000000000000000e+00
4.744600000000000364e+03 2.561249694973139412e+01 0.000000000000000000e+00
4.744800000000000182e+03 2.683281572999747766e+01 0.000000000000000000e+00
4.745000000000000000e+03 2.828427124746190202e+01 0.000000000000000000e+00
4.745199999999999818e+03 2.912043955712207222e+01 0.000000000000000000e+00
4.745400000000000546e+03 2.884441020371191300e+01 0.000000000000000000e+00
4.745600000000000364e+03 2.884441020371191300e+01 0.000000000000000000e+00
4.745800000000000182e+03 2.912043955712207222e+01 0.000000000000000000e+00
4.746000000000000000e+03 2.828427124746190202e+01 0.000000000000000000e+00
4.746199999999999818e+03 2.332380757938120297e+01 0.000000000000000000e+00
4.746400000000000546e+03 2.332380757938120297e+01 0.000000000000000000e+00
4.746600000000000364e+03 2.433105012119287736e+01 0.000000000000000000e+00
4.746800000000000182e+03 2.039607805437113797e+01 0.000000000000000000e+00
4.747000000000000000e+03 2.262741699796952233e+01 0.000000000000000000e+00
4.747199999999999818e+03 2.154065922853801496e+01 0.000000000000000000e+00
4.747400000000000546e+03 2.000000000000000000e+01 0.000000000000000000e+00
4.747600000000000364e+03 2.332380757938120297e+01 0.000000000000000000e+00
4.747800000000000182e+03 2.332380757938120297e+01 0.000000000000000000e+00
4.748000000000000000e+03 2.433105012119287736e+01 2.999999500000000000e+11
4.748199999999999818e+03 2.039607805437113797e+01 2.999999500000000000e+11
4.748400000000000546e+03 1.788854381999831844e+01 2.999999500000000000e+11
4.748600000000000364e+03 1.697056274847713908e+01 2.999999500000000000e+11
4.748800000000000182e+03 1.788854381999831844e+01 2.999999500000000000e+11
4.749000000000000000e+03 1.200000000000000000e+01 2.999999500000000000e+11
4.749199999999999818e+03 1.264911064067351809e+01 2.999999500000000000e+11
4.749400000000000546e+03 8.944271909999159220e+00 2.999999500000000000e+11
4.749600000000000364e+03 5.656854249492380582e+00 2.999999500000000000e+11
4.749800000000000182e+03 4.000000000000000000e+00 2.999999500000000000e+11
4.750000000000000000e+03 4.000000000000000000e+00 2.999999500000000000e+11
4.750199999999999818e+03 0.000000000000000000e+00 2.999999500000000000e+11
4.750400000000000546e+03 0.000000000000000000e+00 2.999999500000000000e+11
4.750600000000000364e+03 4.000000000000000000e+00 2.999999500000000000e+11
4.750800000000000182e+03 4.000000000000000000e+00 2.999999500000000000e+11
4.751000000000000000e+03 4.000000000000000000e+00 2.999999500000000000e+11
4.751199999999999818e+03 4.000000000000000000e+00 2.999999500000000000e+11
4.751400000000000546e+03 5.656854249492380582e+00 2.999999500000000000e+11
4.751600000000000364e+03 5.656854249492380582e+00 2.999999500000000000e+11
4.751800000000000182e+03 5.656854249492380582e+00 2.999999500000000000e+11
4.752000000000000000e+03 5.656854249492380582e+00 0.000000000000000000e+00
4.752199999999999818e+03 4.000000000000000000e+00 0.000000000000000000e+00
4.752400000000000546e+03 4.000000000000000000e+00 0.000000000000000000e+00
4.752600000000000364e+03 4.000000000000000000e+00 0.000000000000000000e+00
4.752800000000000182e+03 4.000000000000000000e+00 0.000000000000000000e+00
4.753000000000000000e+03 0.000000000000000000e+00 0.000000000000000000e+00
4.753199999999999818e+03 0.000000000000000000e+00 0.000000000000000000e+00
4.753400000000000546e+03 0.000000000000000000e+00 0.000000000000000000e+00
4.753600000000000364e+03 4.000000000000000000e+00 0.000000000000000000e+00
4.753800000000000182e+03 4.000000000000000000e+00 0.000000000000000000e+00
4.754000000000000000e+03 4.000000000000000000e+00 0.000000000000000000e+00
4.754199999999999818e+03 4.000000000000000000e+00 0.000000000000000000e+00
4.754400000000000546e+03 5.656854249492380582e+00 0.000000000000000000e+00
4.754600000000000364e+03 5.656854249492380582e+00 0.000000000000000000e+00
4.754800000000000182e+03 5.656854249492380582e+00 0.000000000000000000e+00
4.755000000000000000e+03 4.000000000000000000e+00 0.000000000000000000e+00
4.755199999999999818e+03 4.000000000000000000e+00 0.000000000000000000e+00
4.755400000000000546e+03 4.000000000000000000e+00 0.000000000000000000e+00
4.755600000000000364e+03 4.000000000000000000e+00 0.000000000000000000e+00
4.755800000000000182e+03 0.000000000000000000e+00 0.000000000000000000e+00
4.756000000000000000e+03 0.000000000000000000e+00 2.999999500000000000e+11
4.756199999999999818e+03 0.000000000000000000e+00 2.999999500000000000e+11
4.756400000000000546e+03 4.000000000000000000e+00 2.999999500000000000e+11
4.756600000000000364e+03 4.000000000000000000e+00 2.999999500000000000e+11
4.756800000000000182e+03 4.000000000000000000e+00 2.999999500000000000e+11
4.757000000000000000e+03 4.000000000000000000e+00 2.999999500000000000e+11
4.757199999999999818e+03 5.656854249492380582e+00 2.999999500000000000e+11
4.757400000000000546e+03 5.656854249492380582e+00 2.999999500000000000e+11
4.757600000000000364e+03 5.656854249492380582e+00 2.999999500000000000e+11
4.757800000000000182e+03 4.000000000000000000e+00 2.999999500000000000e+11
4.758000000000000000e+03 4.000000000000000000e+00 2.999999500000000000e+11
4.758199999999999818e+03 4.000000000000000000e+00 2.999999500000000000e+11
4.758400000000000546e+03 4.000000000000000000e+00 2.999999500000000000e+11
4.758600000000000364e+03 0.000000000000000000e+00 2.999999500000000000e+11
4.758800000000000182e+03 0.000000000000000000e+00 2.999999500000000000e+11
4.759000000000000000e+03 0.000000000000000000e+00 2.999999500000000000e+11
4.759199999999999818e+03 4.000000000000000000e+00 2.999999500000000000e+11
4.759400000000000546e+03 4.000000000000000000e+00 2.999999500000000000e+11
4.759600000000000364e+03 4.000000000000000000e+00 2.999999500000000000e+11
4.759800000000000182e+03 4.000000000000000000e+00 2.999999500000000000e+11
4.760000000000000000e+03 5.656854249492380582e+00 0.000000000000000000e+00
4.760199999999999818e+03 5.656854249492380582e+00 0.000000000000000000e+00
4.760400000000000546e+03 5.656854249492380582e+00 0.000000000000000000e+00
4.760600000000000364e+03 4.000000000000000000e+00 0.000000000000000000e+00
4.760800000000000182e+03 4.000000000000000000e+00 0.000000000000000000e+00
4.761000000000000000e+03 4.000000000000000000e+00 0.000000000000000000e+00
4.761199999999999818e+03 4.000000000000000000e+00 0.000000000000000000e+00
4.761400000000000546e+03 0.000000000000000000e+00 0.000000000000000000e+00
4.761600000000000364e+03 0.000000000000000000e+00 0.000000000000000000e+00
4.761800000000000182e+03 0.000000000000000000e+00 0.000000000000000000e+00
4.762000000000000000e+03 4.000000000000000000e+00 0.000000000000000000e+00
4.762199999999999818e+03 4.000000000000000000e+00 0.000000000000000000e+00
4.762400000000000546e+03 4.000000000000000000e+00 0.000000000000000000e+00
4.762600000000000364e+03 5.656854249492380582e+00 0.000000000000000000e+00
4.762800000000000182e+03 5.656854249492380582e+00 0.000000000000000000e+00
4.763000000000000000e+03 5.656854249492380582e+00 0.000000000000000000e+00
4.763199999999999818e+03 5.656854249492380582e+00 0.000000000000000000e+00
4.763400000000000546e+03 4.000000000000000000e+00 0.000000000000000000e+00
4.763600000000000364e+03 4.000000000000000000e+00 0.000000000000000000e+00
4.763800000000000182e+03 4.000000000000000000e+00 0.000000000000000000e+00
4.764000000000000000e+03 0.000000000000000000e+00 2.999999500000000000e+11
4.764199999999999818e+03 0.000000000000000000e+00 2.999999500000000000e+11
4.764400000000000546e+03 0.000000000000000000e+00 2.999999500000000000e+11
4.764600000000000364e+03 0.000000000000000000e+00 2.999999500000000000e+11
4.764800000000000182e+03 4.000000000000000000e+00 2.999999500000000000e+11
4.765000000000000000e+03 4.000000000000000000e+00 2.999999500000000000e+11
4.765199999999999818e+03 4.000000000000000000e+00 2.999999500000000000e+11
4.765400000000000546e+03 5.656854249492380582e+00 2.999999500000000000e+11
4.765600000000000364e+03 5.656854249492380582e+00 2.999999500000000000e+11
4.765800000000000182e+03 5.656854249492380582e+00 2.999999500000000000e+11
4.766000000000000000e+03 5.656854249492380582e+00 2.999999500000000000e+11
4.766199999999999818e+03 4.000000000000000000e+00 2.999999500000000000e+11
4.766400000000000546e+03 4.000000000000000000e+00 2.999999500000000000e+11
4.766600000000000364e+03 4.000000000000000000e+00 2.999999500000000000e+11
4.766800000000000182e+03 0.000000000000000000e+00 2.999999500000000000e+11
4.767000000000000000e+03 0.000000000000000000e+00 2.999999500000000000e+11
4.767199999999999818e+03 0.000000000000000000e+00 2.999999500000000000e+11
4.767400000000000546e+03 0.000000000000000000e+00 2.999999500000000000e+11
4.767600000000000364e+03 4.000000000000000000e+00 2.999999500000000000e+11
4.767800000000000182e+03 4.000000000000000000e+00 2.999999500000000000e+11
4.768000000000000000e+03 4.000000000000000000e+00 0.000000000000000000e+00
4.768199999999999818e+03 5.656854249492380582e+00 0.000000000000000000e+00
4.768400000000000546e+03 5.656854249492380582e+00 0.000000000000000000e+00
4.768600000000000364e+03 5.656854249492380582e+00 0.000000000000000000e+00
4.768800000000000182e+03 4.000000000000000000e+00 0.000000000000000000e+00
4.769000000000000000e+03 4.000000000000000000e+00 0.000000000000000000e+00
4.769199999999999818e+03 4.000000000000000000e+00 0.000000000000000000e+00
4.769400000000000546e+03 4.000000000000000000e+00 0.000000000000000000e+00
4.769600000000000364e+03 0.000000000000000000e+00 0.000000000000000000e+00
4.769800000000000182e+03 0.000000000000000000e+00 0.000000000000000000e+00
4.770000000000000000e+03 0.000000000000000000e+00 0.000000000000000000e+00
4.770199999999999818e+03 4.000000000000000000e+00 0.000000000000000000e+00
4.770400000000000546e+03 4.000000000000000000e+00 0.000000000000000000e+00
4.770600000000000364e+03 4.000000000000000000e+00 0.000000000000000000e+00
4.770800000000000182e+03 4.000000000000000000e+00 0.000000000000000000e+00
4.771000000000000000e+03 5.656854249492380582e+00 0.000000000000000000e+00
4.771199999999999818e+03 5.656854249492380582e+00 0.000000000000000000e+00
4.771400000000000546e+03 5.656854249492380582e+00 0.000000000000000000e+00
4.771600000000000364e+03 4.000000000000000000e+00 0.000000000000000000e+00
4.771800000000000182e+03 4.000000000000000000e+00 0.000000000000000000e+00
4.772000000000000000e+03 4.000000000000000000e+00 2.999999500000000000e+11
4.772199999999999818e+03 4.000000000000000000e+00 2.999999500000000000e+11
4.772400000000000546e+03 0.000000000000000000e+00 2.999999500000000000e+11
4.772600000000000364e+03 0.000000000000000000e+00 2.999999500000000000e+11
4.772800000000000182e+03 0.000000000000000000e+00 2.999999500000000000e+11
4.773000000000000000e+03 4.000000000000000000e+00 2.999999500000000000e+11
4.773199999999999818e+03 4.000000000000000000e+00 2.999999500000000000e+11
4.773400000000000546e+03 4.000000000000000000e+00 2.999999500000000000e+11
4.773600000000000364e+03 5.656854249492380582e+00 2.999999500000000000e+11
4.773800000000000182e+03 5.656854249492380582e+00 2.999999500000000000e+11
4.774000000000000000e+03 5.656854249492380582e+00 2.999999500000000000e+11
4.774199999999999818e+03 5.656854249492380582e+00 2.999999500000000000e+11
4.774400000000000546e+03 4.000000000000000000e+00 2.999999500000000000e+11
4.774600000000000364e+03 4.000000000000000000e+00 2.999999500000000000e+11
4.774800000000000182e+03 4.000000000000000000e+00 2.999999500000000000e+11
4.775000000000000000e+03 4.000000000000000000e+00 2.999999500000000000e+11
4.775199999999999818e+03 0.000000000000000000e+00 2.999999500000000000e+11
4.775400000000000546e+03 0.000000000000000000e+00 2.999999500000000000e+11
4.775600000000000364e+03 0.000000000000000000e+00 2.999999500000000000e+11
4.775800000000000182e+03 4.000000000000000000e+00 2.999999500000000000e+11
4.776000000000000000e+03 4.000000000000000000e+00 0.000000000000000000e+00
4.776199999999999818e+03 4.000000000000000000e+00 0.000000000000000000e+00
4.776400000000000546e+03 4.000000000000000000e+00 0.000000000000000000e+00
4.776600000000000364e+03 5.656854249492380582e+00 0.000000000000000000e+00
4.776800000000000182e+03 5.656854249492380582e+00 0.000000000000000000e+00
4.777000000000000000e+03 5.656854249492380582e+00 0.000000000000000000e+00
4.777199999999999818e+03 4.000000000000000000e+00 0.000000000000000000e+00
4.777400000000000546e+03 4.000000000000000000e+00 0.000000000000000000e+00
4.777600000000000364e+03 4.000000000000000000e+00 0.000000000000000000e+00
4.777800000000000182e+03 0.000000000000000000e+00 0.000000000000000000e+00
4.778000000000000000e+03 0.000000000000000000e+00 0.000000000000000000e+00
4.778199999999999818e+03 0.000000000000000000e+00 0.000000000000000000e+00
4.778400000000000546e+03 4.000000000000000000e+00 0.000000000000000000e+00
4.778600000000000364e+03 4.000000000000000000e+00 0.000000000000000000e+00
4.778800000000000182e+03 4.000000000000000000e+00 0.000000000000000000e+00
4.779000000000000000e+03 4.000000000000000000e+00 0.000000000000000000e+00
4.779199999999999818e+03 5.656854249492380582e+00 0.000000000000000000e+00
4.779400000000000546e+03 5.656854249492380582e+00 0.000000000000000000e+00
4.779600000000000364e+03 5.656854249492380582e+00 0.000000000000000000e+00
4.779800000000000182e+03 4.000000000000000000e+00 0.000000000000000000e+00
4.780000000000000000e+03 4.000000000000000000e+00 2.999999500000000000e+11
4.780199999999999818e+03 4.000000000000000000e+00 2.999999500000000000e+11
4.780400000000000546e+03 4.000000000000000000e+00 2.999999500000000000e+11
4.780600000000000364e+03 0.000000000000000000e+00 2.999999500000000000e+11
4.780800000000000182e+03 0.000000000000000000e+00 2.999999500000000000e+11
4.781000000000000000e+03 0.000000000000000000e+00 2.999999500000000000e+11
4.781199999999999818e+03 4.000000000000000000e+00 2.999999500000000000e+11
4.781400000000000546e+03 4.000000000000000000e+00 2.999999500000000000e+11
4.781600000000000364e+03 4.000000000000000000e+00 2.999999500000000000e+11
4.781800000000000182e+03 4.000000000000000000e+00 2.999999500000000000e+11
4.782000000000000000e+03 5.656854249492380582e+00 2.999999500000000000e+11
4.782199999999999818e+03 4.000000000000000000e+00 2.999999500000000000e+11
4.782400000000000546e+03 4.000000000000000000e+00 2.999999500000000000e+11
4.782600000000000364e+03 4.000000000000000000e+00 2.999999500000000000e+11
4.782800000000000182e+03 4.000000000000000000e+00 2.999999500000000000e+11
4.783000000000000000e+03 5.656854249492380582e+00 2.999999500000000000e+11
4.783199999999999818e+03 4.000000000000000000e+00 2.999999500000000000e+11
4.783400000000000546e+03 4.000000000000000000e+00 2.999999500000000000e+11
4.783600000000000364e+03 4.000000000000000000e+00 2.999999500000000000e+11
4.783800000000000182e+03 4.000000000000000000e+00 2.999999500000000000e+11
4.784000000000000000e+03 4.000000000000000000e+00 0.000000000000000000e+00
4.784199999999999818e+03 4.000000000000000000e+00 0.000000000000000000e+00
4.784400000000000546e+03 5.656854249492380582e+00 0.000000000000000000e+00
4.784600000000000364e+03 5.656854249492380582e+00 0.000000000000000000e+00
4.784800000000000182e+03 4.000000000000000000e+00 0.000000000000000000e+00
4.785000000000000000e+03 4.000000000000000000e+00 0.000000000000000000e+00
4.785199999999999818e+03 5.656854249492380582e+00 0.000000000000000000e+00
4.785400000000000546e+03 5.656854249492380582e+00 0.000000000000000000e+00
4.785600000000000364e+03 4.000000000000000000e+00 0.000000000000000000e+00
4.785800000000000182e+03 0.000000000000000000e+00 0.000000000000000000e+00
4.786000000000000000e+03 4.000000000000000000e+00 0.000000000000000000e+00
4.786199999999999818e+03 4.000000000000000000e+00 0.000000000000000000e+00
4.786400000000000546e+03 4.000000000000000000e+00 0.000000000000000000e+00
4.786600000000000364e+03 4.000000000000000000e+00 0.000000000000000000e+00
4.786800000000000182e+03 5.656854249492380582e+00 0.000000000000000000e+00
4.787000000000000000e+03 4.000000000000000000e+00 0.000000000000000000e+00
4.787199999999999818e+03 4.000000000000000000e+00 0.000000000000000000e+00
4.787400000000000546e+03 4.000000000000000000e+00 0.000000000000000000e+00
4.787600000000000364e+03 5.656854249492380582e+00 0.000000000000000000e+00
4.787800000000000182e+03 5.656854249492380582e+00 0.000000000000000000e+00
4.788000000000000000e+03 4.000000000000000000e+00 2.999999500000000000e+11
4.788199999999999818e+03 5.656854249492380582e+00 2.999999500000000000e+11
4.788400000000000546e+03 4.000000000000000000e+00 2.999999500000000000e+11
4.788600000000000364e+03 4.000000000000000000e+00 2.999999500000000000e+11
4.788800000000000182e+03 4.000000000000000000e+00 2.999999500000000000e+11
4.789000000000000000e+03 0.000000000000000000e+00 2.999999500000000000e+11
4.789199999999999818e+03 4.000000000000000000e+00 2.999999500000000000e+11
4.789400000000000546e+03 4.000000000000000000e+00 2.999999500000000000e+11
4.789600000000000364e+03 4.000000000000000000e+00 2.999999500000000000e+11
4.789800000000000182e+03 4.000000000000000000e+00 2.999999500000000000e+11
4.790000000000000000e+03 4.000000000000000000e+00 2.999999500000000000e+11
4.790199999999999818e+03 4.000000000000000000e+00 2.999999500000000000e+11
4.790400000000000546e+03 5.656854249492380582e+00 2.999999500000000000e+11
4.790600000000000364e+03 5.656854249492380582e+00 2.999999500000000000e+11
4.790800000000000182e+03 4.000000000000000000e+00 2.999999500000000000e+11
4.791000000000000000e+03 4.000000000000000000e+00 2.999999500000000000e+11
4.791199999999999818e+03 4.000000000000000000e+00 2.999999500000000000e+11
4.791400000000000546e+03 4.000000000000000000e+00 2.999999500000000000e+11
4.791600000000000364e+03 4.000000000000000000e+00 2.999999500000000000e+11
4.791800000000000182e+03 5.656854249492380582e+00 2.999999500000000000e+11
4.792000000000000000e+03 4.000000000000000000e+00 0.000000000000000000e+00
4.792199999999999818e+03 4.000000000000000000e+00 0.000000000000000000e+00
4.792400000000000546e+03 4.000000000000000000e+00 0.000000000000000000e+00
4.792600000000000364e+03 5.656854249492380582e+00 0.000000000000000000e+00
4.792800000000000182e+03 5.656854249492380582e+00 0.000000000000000000e+00
4.793000000000000000e+03 5.656854249492380582e+00 0.000000000000000000e+00
4.793199999999999818e+03 5.656854249492380582e+00 0.000000000000000000e+00
4.793400000000000546e+03 4.000000000000000000e+00 0.000000000000000000e+00
4.793600000000000364e+03 4.000000000000000000e+00 0.000000000000000000e+00
4.793800000000000182e+03 5.656854249492380582e+00 0.000000000000000000e+00
4.794000000000000000e+03 5.656854249492380582e+00 0.000000000000000000e+00
4.794199999999999818e+03 5.656854249492380582e+00 0.000000000000000000e+00
4.794400000000000546e+03 4.000000000000000000e+00 0.000000000000000000e+00
4.794600000000000364e+03 4.000000000000000000e+00 0.000000000000000000e+00
4.794800000000000182e+03 4.000000000000000000e+00 0.000000000000000000e+00
4.795000000000000000e+03 4.000000000000000000e+00 0.000000000000000000e+00
4.795199999999999818e+03 5.656854249492380582e+00 0.000000000000000000e+00
4.795400000000000546e+03 5.656854249492380582e+00 0.000000000000000000e+00
4.795600000000000364e+03 4.000000000000000000e+00 0.000000000000000000e+00
4.795800000000000182e+03 4.000000000000000000e+00 0.000000000000000000e+00
4.796000000000000000e+03 5.656854249492380582e+00 2.999999500000000000e+11
4.796199999999999818e+03 4.000000000000000000e+00 2.999999500000000000e+11
4.796400000000000546e+03 4.000000000000000000e+00 2.999999500000000000e+11
4.796600000000000364e+03 5.656854249492380582e+00 2.999999500000000000e+11
4.796800000000000182e+03 4.000000000000000000e+00 2.999999500000000000e+11
4.797000000000000000e+03 4.000000000000000000e+00 2.999999500000000000e+11
4.797199999999999818e+03 4.000000000000000000e+00 2.999999500000000000e+11
4.797400000000000546e+03 4.000000000000000000e+00 2.999999500000000000e+11
4.797600000000000364e+03 5.656854249492380582e+00 2.999999500000000000e+11
4.797800000000000182e+03 4.000000000000000000e+00 2.999999500000000000e+11
4.798000000000000000e+03 5.656854249492380582e+00 2.999999500000000000e+11
4.798199999999999818e+03 4.000000000000000000e+00 2.999999500000000000e+11
4.798400000000000546e+03 4.000000000000000000e+00 2.999999500000000000e+11
4.798600000000000364e+03 5.656854249492380582e+00 2.999999500000000000e+11
4.798800000000000182e+03 4.000000000000000000e+00 2.999999500000000000e+11
4.799000000000000000e+03 5.656854249492380582e+00 2.999999500000000000e+11
4.799199999999999818e+03 5.656854249492380582e+00 2.999999500000000000e+11
4.799400000000000546e+03 4.000000000000000000e+00 2.999999500000000000e+11
4.799600000000000364e+03 4.000000000000000000e+00 2.999999500000000000e+11
4.799800000000000182e+03 4.000000000000000000e+00 2.999999500000000000e+11
