0.000000000000000000e+00 5.656854249492380582e+00 0.000000000000000000e+00
2.000000000000000111e-01 4.000000000000000000e+00 0.000000000000000000e+00
4.000000000000000222e-01 4.000000000000000000e+00 0.000000000000000000e+00
6.000000000000000888e-01 5.656854249492380582e+00 0.000000000000000000e+00
8.000000000000000444e-01 5.656854249492380582e+00 0.000000000000000000e+00
1.000000000000000000e+00 5.656854249492380582e+00 0.000000000000000000e+00
1.200000000000000178e+00 5.656854249492380582e+00 0.000000000000000000e+00
1.400000000000000133e+00 5.656854249492380582e+00 0.000000000000000000e+00
1.600000000000000089e+00 5.656854249492380582e+00 0.000000000000000000e+00
1.800000000000000044e+00 4.000000000000000000e+00 0.000000000000000000e+00
2.000000000000000000e+00 4.000000000000000000e+00 0.000000000000000000e+00
2.200000000000000178e+00 5.656854249492380582e+00 0.000000000000000000e+00
2.400000000000000355e+00 4.000000000000000000e+00 0.000000000000000000e+00
2.600000000000000089e+00 4.000000000000000000e+00 0.000000000000000000e+00
2.800000000000000266e+00 4.000000000000000000e+00 0.000000000000000000e+00
3.000000000000000000e+00 5.656854249492380582e+00 0.000000000000000000e+00
3.200000000000000178e+00 5.656854249492380582e+00 0.000000000000000000e+00
3.400000000000000355e+00 5.656854249492380582e+00 0.000000000000000000e+00
3.600000000000000089e+00 5.656854249492380582e+00 0.000000000000000000e+00
3.800000000000000266e+00 5.656854249492380582e+00 0.000000000000000000e+00
4.000000000000000000e+00 5.656854249492380582e+00 3.025000000000000000e+11
4.200000000000000178e+00 5.656854249492380582e+00 3.025000000000000000e+11
4.400000000000000355e+00 5.656854249492380582e+00 3.025000000000000000e+11
4.600000000000000533e+00 4.000000000000000000e+00 3.025000000000000000e+11
4.800000000000000711e+00 4.000000000000000000e+00 3.025000000000000000e+11
5.000000000000000000e+00 4.000000000000000000e+00 3.025000000000000000e+11
5.200000000000000178e+00 4.000000000000000000e+00 3.025000000000000000e+11
5.400000000000000355e+00 0.000000000000000000e+00 3.025000000000000000e+11
5.600000000000000533e+00 0.000000000000000000e+00 3.025000000000000000e+11
5.800000000000000711e+00 0.000000000000000000e+00 3.025000000000000000e+11
6.000000000000000000e+00 4.000000000000000000e+00 3.025000000000000000e+11
6.200000000000000178e+00 4.000000000000000000e+00 3.025000000000000000e+11
6.400000000000000355e+00 5.656854249492380582e+00 3.025000000000000000e+11
6.600000000000000533e+00 5.656854249492380582e+00 3.025000000000000000e+11
6.800000000000000711e+00 5.656854249492380582e+00 3.025000000000000000e+11
7.000000000000000000e+00 5.656854249492380582e+00 3.025000000000000000e+11
7.200000000000000178e+00 5.656854249492380582e+00 3.025000000000000000e+11
7.400000000000000355e+00 4.000000000000000000e+00 3.025000000000000000e+11
7.600000000000000533e+00 4.000000000000000000e+00 3.025000000000000000e+11
7.800000000000000711e+00 4.000000000000000000e+00 3.025000000000000000e+11
8.000000000000000000e+00 0.000000000000000000e+00 0.000000000000000000e+00
8.200000000000001066e+00 0.000000000000000000e+00 0.000000000000000000e+00
8.400000000000000355e+00 0.000000000000000000e+00 0.000000000000000000e+00
8.599999999999999645e+00 4.000000000000000000e+00 0.000000000000000000e+00
8.800000000000000711e+00 4.000000000000000000e+00 0.000000000000000000e+00
9.000000000000000000e+00 4.000000000000000000e+00 0.000000000000000000e+00
9.200000000000001066e+00 5.656854249492380582e+00 0.000000000000000000e+00
9.400000000000000355e+00 5.656854249492380582e+00 0.000000000000000000e+00
9.600000000000001421e+00 5.656854249492380582e+00 0.000000000000000000e+00
9.800000000000000711e+00 5.656854249492380582e+00 0.000000000000000000e+00
1.000000000000000000e+01 4.000000000000000000e+00 0.000000000000000000e+00
1.020000000000000107e+01 4.000000000000000000e+00 0.000000000000000000e+00
1.040000000000000036e+01 4.000000000000000000e+00 0.000000000000000000e+00
1.060000000000000142e+01 0.000000000000000000e+00 0.000000000000000000e+00
1.080000000000000071e+01 0.000000000000000000e+00 0.000000000000000000e+00
1.100000000000000000e+01 0.000000000000000000e+00 0.000000000000000000e+00
1.120000000000000107e+01 0.000000000000000000e+00 0.000000000000000000e+00
1.140000000000000036e+01 4.000000000000000000e+00 0.000000000000000000e+00
1.160000000000000142e+01 4.000000000000000000e+00 0.000000000000000000e+00
1.180000000000000071e+01 4.000000000000000000e+00 0.000000000000000000e+00
1.200000000000000000e+01 5.656854249492380582e+00 3.025000000000000000e+11
1.220000000000000107e+01 5.656854249492380582e+00 3.025000000000000000e+11
1.240000000000000036e+01 5.656854249492380582e+00 3.025000000000000000e+11
1.260000000000000142e+01 5.656854249492380582e+00 3.025000000000000000e+11
1.280000000000000071e+01 4.000000000000000000e+00 3.025000000000000000e+11
1.300000000000000000e+01 4.000000000000000000e+00 3.025000000000000000e+11
1.320000000000000107e+01 4.000000000000000000e+00 3.025000000000000000e+11
1.340000000000000036e+01 0.000000000000000000e+00 3.025000000000000000e+11
1.360000000000000142e+01 0.000000000000000000e+00 3.025000000000000000e+11
1.380000000000000071e+01 0.000000000000000000e+00 3.025000000000000000e+11
1.400000000000000000e+01 0.000000000000000000e+00 3.025000000000000000e+11
1.420000000000000107e+01 4.000000000000000000e+00 3.025000000000000000e+11
1.440000000000000036e+01 4.000000000000000000e+00 3.025000000000000000e+11
1.460000000000000142e+01 4.000000000000000000e+00 3.025000000000000000e+11
1.480000000000000071e+01 5.656854249492380582e+00 3.025000000000000000e+11
1.500000000000000000e+01 5.656854249492380582e+00 3.025000000000000000e+11
1.520000000000000107e+01 5.656854249492380582e+00 3.025000000000000000e+11
1.540000000000000036e+01 5.656854249492380582e+00 3.025000000000000000e+11
1.560000000000000142e+01 4.000000000000000000e+00 3.025000000000000000e+11
1.580000000000000071e+01 4.000000000000000000e+00 3.025000000000000000e+11
1.600000000000000000e+01 4.000000000000000000e+00 0.000000000000000000e+00
1.619999999999999929e+01 0.000000000000000000e+00 0.000000000000000000e+00
1.640000000000000213e+01 0.000000000000000000e+00 0.000000000000000000e+00
1.660000000000000142e+01 0.000000000000000000e+00 0.000000000000000000e+00
1.680000000000000071e+01 4.000000000000000000e+00 0.000000000000000000e+00
1.700000000000000000e+01 4.000000000000000000e+00 0.000000000000000000e+00
1.719999999999999929e+01 4.000000000000000000e+00 0.000000000000000000e+00
1.740000000000000213e+01 4.000000000000000000e+00 0.000000000000000000e+00
1.760000000000000142e+01 5.656854249492380582e+00 0.000000000000000000e+00
1.780000000000000071e+01 5.656854249492380582e+00 0.000000000000000000e+00
1.800000000000000000e+01 5.656854249492380582e+00 0.000000000000000000e+00
1.819999999999999929e+01 4.000000000000000000e+00 0.000000000000000000e+00
1.840000000000000213e+01 4.000000000000000000e+00 0.000000000000000000e+00
1.860000000000000142e+01 4.000000000000000000e+00 0.000000000000000000e+00
1.880000000000000071e+01 4.000000000000000000e+00 0.000000000000000000e+00
1.900000000000000000e+01 0.000000000000000000e+00 0.000000000000000000e+00
1.920000000000000284e+01 0.000000000000000000e+00 0.000000000000000000e+00
1.940000000000000213e+01 0.000000000000000000e+00 0.000000000000000000e+00
1.960000000000000142e+01 4.000000000000000000e+00 0.000000000000000000e+00
1.980000000000000071e+01 4.000000000000000000e+00 0.000000000000000000e+00
2.000000000000000000e+01 4.000000000000000000e+00 3.025000000000000000e+11
2.020000000000000284e+01 5.656854249492380582e+00 3.025000000000000000e+11
2.040000000000000213e+01 5.656854249492380582e+00 3.025000000000000000e+11
2.060000000000000142e+01 5.656854249492380582e+00 3.025000000000000000e+11
2.080000000000000071e+01 5.656854249492380582e+00 3.025000000000000000e+11
2.100000000000000000e+01 4.000000000000000000e+00 3.025000000000000000e+11
2.120000000000000284e+01 4.000000000000000000e+00 3.025000000000000000e+11
2.140000000000000213e+01 4.000000000000000000e+00 3.025000000000000000e+11
2.160000000000000142e+01 0.000000000000000000e+00 3.025000000000000000e+11
2.180000000000000071e+01 0.000000000000000000e+00 3.025000000000000000e+11
2.200000000000000000e+01 0.000000000000000000e+00 3.025000000000000000e+11
2.220000000000000284e+01 0.000000000000000000e+00 3.025000000000000000e+11
2.240000000000000213e+01 4.000000000000000000e+00 3.025000000000000000e+11
2.260000000000000142e+01 4.000000000000000000e+00 3.025000000000000000e+11
2.280000000000000071e+01 4.000000000000000000e+00 3.025000000000000000e+11
2.300000000000000000e+01 5.656854249492380582e+00 3.025000000000000000e+11
2.320000000000000284e+01 5.656854249492380582e+00 3.025000000000000000e+11
2.340000000000000213e+01 5.656854249492380582e+00 3.025000000000000000e+11
2.360000000000000142e+01 5.656854249492380582e+00 3.025000000000000000e+11
2.380000000000000071e+01 4.000000000000000000e+00 3.025000000000000000e+11
2.400000000000000000e+01 4.000000000000000000e+00 0.000000000000000000e+00
2.420000000000000284e+01 4.000000000000000000e+00 0.000000000000000000e+00
2.440000000000000213e+01 0.000000000000000000e+00 0.000000000000000000e+00
2.460000000000000142e+01 0.000000000000000000e+00 0.000000000000000000e+00
2.480000000000000071e+01 0.000000000000000000e+00 0.000000000000000000e+00
2.500000000000000000e+01 0.000000000000000000e+00 0.000000000000000000e+00
2.520000000000000284e+01 4.000000000000000000e+00 0.000000000000000000e+00
2.540000000000000213e+01 4.000000000000000000e+00 0.000000000000000000e+00
2.560000000000000142e+01 4.000000000000000000e+00 0.000000000000000000e+00
2.580000000000000071e+01 5.656854249492380582e+00 0.000000000000000000e+00
2.600000000000000000e+01 5.656854249492380582e+00 0.000000000000000000e+00
2.620000000000000284e+01 5.656854249492380582e+00 0.000000000000000000e+00
2.640000000000000213e+01 4.000000000000000000e+00 0.000000000000000000e+00
2.660000000000000142e+01 4.000000000000000000e+00 0.000000000000000000e+00
2.680000000000000071e+01 4.000000000000000000e+00 0.000000000000000000e+00
2.700000000000000000e+01 4.000000000000000000e+00 0.000000000000000000e+00
2.720000000000000284e+01 0.000000000000000000e+00 0.000000000000000000e+00
2.740000000000000213e+01 0.000000000000000000e+00 0.000000000000000000e+00
2.760000000000000142e+01 0.000000000000000000e+00 0.000000000000000000e+00
2.780000000000000071e+01 4.000000000000000000e+00 0.000000000000000000e+00
2.800000000000000000e+01 4.000000000000000000e+00 3.025000000000000000e+11
2.820000000000000284e+01 4.000000000000000000e+00 3.025000000000000000e+11
2.840000000000000213e+01 4.000000000000000000e+00 3.025000000000000000e+11
2.860000000000000142e+01 5.656854249492380582e+00 3.025000000000000000e+11
2.880000000000000071e+01 5.656854249492380582e+00 3.025000000000000000e+11
2.900000000000000000e+01 5.656854249492380582e+00 3.025000000000000000e+11
2.920000000000000284e+01 4.000000000000000000e+00 3.025000000000000000e+11
2.940000000000000213e+01 4.000000000000000000e+00 3.025000000000000000e+11
2.960000000000000142e+01 4.000000000000000000e+00 3.025000000000000000e+11
2.980000000000000071e+01 4.000000000000000000e+00 3.025000000000000000e+11
3.000000000000000000e+01 0.000000000000000000e+00 3.025000000000000000e+11
3.020000000000000284e+01 0.000000000000000000e+00 3.025000000000000000e+11
3.040000000000000213e+01 0.000000000000000000e+00 3.025000000000000000e+11
3.060000000000000142e+01 4.000000000000000000e+00 3.025000000000000000e+11
3.080000000000000071e+01 4.000000000000000000e+00 3.025000000000000000e+11
3.100000000000000000e+01 4.000000000000000000e+00 3.025000000000000000e+11
3.120000000000000284e+01 5.656854249492380582e+00 3.025000000000000000e+11
3.140000000000000213e+01 5.656854249492380582e+00 3.025000000000000000e+11
3.160000000000000142e+01 5.656854249492380582e+00 3.025000000000000000e+11
3.180000000000000071e+01 5.656854249492380582e+00 3.025000000000000000e+11
3.200000000000000000e+01 4.000000000000000000e+00 0.000000000000000000e+00
3.220000000000000284e+01 4.000000000000000000e+00 0.000000000000000000e+00
3.239999999999999858e+01 4.000000000000000000e+00 0.000000000000000000e+00
3.260000000000000142e+01 0.000000000000000000e+00 0.000000000000000000e+00
3.280000000000000426e+01 0.000000000000000000e+00 0.000000000000000000e+00
3.300000000000000000e+01 0.000000000000000000e+00 0.000000000000000000e+00
3.320000000000000284e+01 0.000000000000000000e+00 0.000000000000000000e+00
3.339999999999999858e+01 4.000000000000000000e+00 0.000000000000000000e+00
3.360000000000000142e+01 4.000000000000000000e+00 0.000000000000000000e+00
3.380000000000000426e+01 4.000000000000000000e+00 0.000000000000000000e+00
3.400000000000000000e+01 5.656854249492380582e+00 0.000000000000000000e+00
3.420000000000000284e+01 5.656854249492380582e+00 0.000000000000000000e+00
3.439999999999999858e+01 5.656854249492380582e+00 0.000000000000000000e+00
3.460000000000000142e+01 5.656854249492380582e+00 0.000000000000000000e+00
3.480000000000000426e+01 4.000000000000000000e+00 0.000000000000000000e+00
3.500000000000000000e+01 4.000000000000000000e+00 0.000000000000000000e+00
3.520000000000000284e+01 4.000000000000000000e+00 0.000000000000000000e+00
3.539999999999999858e+01 0.000000000000000000e+00 0.000000000000000000e+00
3.560000000000000142e+01 0.000000000000000000e+00 0.000000000000000000e+00
3.580000000000000426e+01 0.000000000000000000e+00 0.000000000000000000e+00
3.600000000000000000e+01 4.000000000000000000e+00 3.025000000000000000e+11
3.620000000000000284e+01 4.000000000000000000e+00 3.025000000000000000e+11
3.639999999999999858e+01 4.000000000000000000e+00 3.025000000000000000e+11
3.660000000000000142e+01 4.000000000000000000e+00 3.025000000000000000e+11
3.680000000000000426e+01 5.656854249492380582e+00 3.025000000000000000e+11
3.700000000000000000e+01 5.656854249492380582e+00 3.025000000000000000e+11
3.720000000000000284e+01 5.656854249492380582e+00 3.025000000000000000e+11
3.739999999999999858e+01 4.000000000000000000e+00 3.025000000000000000e+11
3.760000000000000142e+01 4.000000000000000000e+00 3.025000000000000000e+11
3.780000000000000426e+01 4.000000000000000000e+00 3.025000000000000000e+11
3.800000000000000000e+01 4.000000000000000000e+00 3.025000000000000000e+11
3.820000000000000284e+01 0.000000000000000000e+00 3.025000000000000000e+11
3.840000000000000568e+01 0.000000000000000000e+00 3.025000000000000000e+11
3.860000000000000142e+01 0.000000000000000000e+00 3.025000000000000000e+11
3.880000000000000426e+01 4.000000000000000000e+00 3.025000000000000000e+11
3.900000000000000000e+01 4.000000000000000000e+00 3.025000000000000000e+11
3.920000000000000284e+01 4.000000000000000000e+00 3.025000000000000000e+11
3.940000000000000568e+01 4.000000000000000000e+00 3.025000000000000000e+11
3.960000000000000142e+01 5.656854249492380582e+00 3.025000000000000000e+11
3.980000000000000426e+01 5.656854249492380582e+00 3.025000000000000000e+11
4.000000000000000000e+01 5.656854249492380582e+00 0.000000000000000000e+00
4.020000000000000284e+01 5.656854249492380582e+00 0.000000000000000000e+00
4.040000000000000568e+01 4.000000000000000000e+00 0.000000000000000000e+00
4.060000000000000142e+01 4.000000000000000000e+00 0.000000000000000000e+00
4.080000000000000426e+01 4.000000000000000000e+00 0.000000000000000000e+00
4.100000000000000000e+01 4.000000000000000000e+00 0.000000000000000000e+00
4.120000000000000284e+01 0.000000000000000000e+00 0.000000000000000000e+00
4.140000000000000568e+01 0.000000000000000000e+00 0.000000000000000000e+00
4.160000000000000142e+01 0.000000000000000000e+00 0.000000000000000000e+00
4.180000000000000426e+01 0.000000000000000000e+00 0.000000000000000000e+00
4.200000000000000000e+01 4.000000000000000000e+00 0.000000000000000000e+00
4.220000000000000284e+01 4.000000000000000000e+00 0.000000000000000000e+00
4.240000000000000568e+01 4.000000000000000000e+00 0.000000000000000000e+00
4.260000000000000142e+01 4.000000000000000000e+00 0.000000000000000000e+00
4.280000000000000426e+01 5.656854249492380582e+00 0.000000000000000000e+00
4.300000000000000000e+01 5.656854249492380582e+00 0.000000000000000000e+00
4.320000000000000284e+01 5.656854249492380582e+00 0.000000000000000000e+00
4.340000000000000568e+01 5.656854249492380582e+00 0.000000000000000000e+00
4.360000000000000142e+01 4.000000000000000000e+00 0.000000000000000000e+00
4.380000000000000426e+01 4.000000000000000000e+00 0.000000000000000000e+00
4.400000000000000000e+01 4.000000000000000000e+00 3.025000000000000000e+11
4.420000000000000284e+01 0.000000000000000000e+00 3.025000000000000000e+11
4.440000000000000568e+01 0.000000000000000000e+00 3.025000000000000000e+11
4.460000000000000142e+01 0.000000000000000000e+00 3.025000000000000000e+11
4.480000000000000426e+01 4.000000000000000000e+00 3.025000000000000000e+11
4.500000000000000000e+01 5.656854249492380582e+00 3.025000000000000000e+11
4.520000000000000284e+01 5.656854249492380582e+00 3.025000000000000000e+11
4.540000000000000568e+01 8.944271909999159220e+00 3.025000000000000000e+11
4.560000000000000142e+01 8.000000000000000000e+00 3.025000000000000000e+11
4.580000000000000426e+01 1.264911064067351809e+01 3.025000000000000000e+11
4.600000000000000000e+01 1.442220510185595650e+01 3.025000000000000000e+11
4.620000000000000284e+01 1.442220510185595650e+01 3.025000000000000000e+11
4.640000000000000568e+01 1.649242250247064234e+01 3.025000000000000000e+11
4.660000000000000142e+01 1.600000000000000000e+01 3.025000000000000000e+11
4.680000000000000426e+01 1.788854381999831844e+01 3.025000000000000000e+11
4.700000000000000000e+01 2.262741699796952233e+01 3.025000000000000000e+11
4.720000000000000284e+01 2.154065922853801496e+01 3.025000000000000000e+11
4.740000000000000568e+01 2.400000000000000000e+01 3.025000000000000000e+11
4.760000000000000142e+01 2.683281572999747766e+01 3.025000000000000000e+11
4.780000000000000426e+01 3.440930106817050671e+01 3.025000000000000000e+11
4.800000000000000000e+01 3.687817782917154830e+01 0.000000000000000000e+00
4.820000000000000284e+01 3.687817782917154830e+01 0.000000000000000000e+00
4.840000000000000568e+01 3.687817782917154830e+01 0.000000000000000000e+00
4.860000000000000142e+01 4.118252056394800320e+01 0.000000000000000000e+00
4.880000000000000426e+01 4.019950248448355978e+01 0.000000000000000000e+00
4.900000000000000000e+01 4.176122603564220270e+01 0.000000000000000000e+00
4.920000000000000284e+01 4.252058325093859992e+01 0.000000000000000000e+00
4.940000000000000568e+01 4.118252056394800320e+01 0.000000000000000000e+00
4.960000000000000142e+01 4.019950248448355978e+01 0.000000000000000000e+00
4.980000000000000426e+01 3.794733192202055250e+01 0.000000000000000000e+00
5.000000000000000000e+01 3.687817782917154830e+01 0.000000000000000000e+00
5.020000000000000284e+01 3.577708763999663688e+01 0.000000000000000000e+00
5.040000000000000568e+01 3.600000000000000000e+01 0.000000000000000000e+00
5.060000000000000142e+01 3.417601498127012150e+01 0.000000000000000000e+00
5.080000000000000426e+01 3.124099870362661591e+01 0.000000000000000000e+00
5.100000000000000000e+01 3.298484500494128469e+01 0.000000000000000000e+00
5.120000000000000284e+01 3.298484500494128469e+01 0.000000000000000000e+00
5.140000000000000568e+01 3.440930106817050671e+01 0.000000000000000000e+00
5.160000000000000142e+01 3.773592452822641263e+01 0.000000000000000000e+00
5.180000000000000426e+01 3.622154055254966920e+01 0.000000000000000000e+00
5.200000000000000000e+01 3.687817782917154830e+01 3.025000000000000000e+11
5.220000000000000284e+01 4.326661530556787483e+01 3.025000000000000000e+11
5.240000000000000568e+01 4.882622246293480828e+01 3.025000000000000000e+11
5.260000000000000142e+01 5.261178575186362139e+01 3.025000000000000000e+11
5.280000000000000426e+01 6.118823416311342100e+01 3.025000000000000000e+11
5.300000000000000000e+01 6.881860213634101342e+01 3.025000000000000000e+11
5.320000000000000284e+01 7.547184905645282527e+01 3.025000000000000000e+11
5.340000000000000568e+01 8.485281374238570606e+01 3.025000000000000000e+11
5.360000000000000142e+01 9.616652224137045835e+01 3.025000000000000000e+11
5.380000000000000426e+01 1.132784180680503709e+02 3.025000000000000000e+11
5.400000000000000000e+01 1.292439553712280826e+02 3.025000000000000000e+11
5.420000000000000284e+01 1.442220510185595685e+02 3.025000000000000000e+11
5.440000000000000568e+01 1.449413674559474998e+02 3.025000000000000000e+11
5.460000000000000142e+01 1.245792920191794906e+02 3.025000000000000000e+11
5.480000000000000426e+01 1.049952379872535033e+02 3.025000000000000000e+11
5.500000000000000000e+01 9.068627239003707530e+01 3.025000000000000000e+11
5.520000000000000284e+01 7.879086241436883142e+01 3.025000000000000000e+11
5.540000000000000568e+01 6.800000000000000000e+01 3.025000000000000000e+11
5.560000000000000142e+01 5.727128425310541360e+01 3.025000000000000000e+11
5.580000000000000426e+01 5.091168824543142080e+01 3.025000000000000000e+11
5.600000000000000000e+01 4.681879964287850271e+01 0.000000000000000000e+00
5.620000000000000284e+01 4.816637831516918311e+01 0.000000000000000000e+00
5.640000000000000568e+01 4.833218389437828932e+01 0.000000000000000000e+00
5.660000000000000142e+01 4.525483399593904466e+01 0.000000000000000000e+00
5.680000000000000426e+01 4.681879964287850271e+01 0.000000000000000000e+00
5.700000000000000000e+01 4.418144406874904462e+01 0.000000000000000000e+00
5.720000000000000284e+01 4.472135954999579610e+01 0.000000000000000000e+00
5.740000000000000568e+01 4.252058325093859992e+01 0.000000000000000000e+00
5.760000000000000142e+01 4.176122603564220270e+01 0.000000000000000000e+00
5.780000000000000426e+01 4.079215610874227593e+01 0.000000000000000000e+00
5.800000000000000000e+01 3.773592452822641263e+01 0.000000000000000000e+00
5.820000000000000284e+01 3.773592452822641263e+01 0.000000000000000000e+00
5.840000000000000568e+01 3.622154055254966920e+01 0.000000000000000000e+00
5.860000000000000142e+01 3.794733192202055250e+01 0.000000000000000000e+00
5.880000000000000426e+01 3.959797974644666141e+01 0.000000000000000000e+00
5.900000000000000000e+01 3.939543120718441571e+01 0.000000000000000000e+00
5.920000000000000284e+01 4.000000000000000000e+01 0.000000000000000000e+00
5.940000000000000568e+01 4.308131845707602992e+01 0.000000000000000000e+00
5.960000000000000142e+01 3.959797974644666141e+01 0.000000000000000000e+00
5.980000000000000426e+01 3.939543120718441571e+01 0.000000000000000000e+00
6.000000000000000000e+01 4.000000000000000000e+01 3.025000000000000000e+11
6.020000000000000284e+01 3.417601498127012150e+01 3.025000000000000000e+11
6.040000000000000568e+01 2.828427124746190202e+01 3.025000000000000000e+11
6.060000000000000142e+01 2.332380757938120297e+01 3.025000000000000000e+11
6.080000000000000426e+01 2.000000000000000000e+01 3.025000000000000000e+11
6.100000000000000000e+01 1.264911064067351809e+01 3.025000000000000000e+11
6.120000000000000284e+01 1.131370849898476116e+01 3.025000000000000000e+11
6.140000000000000568e+01 1.264911064067351809e+01 3.025000000000000000e+11
6.160000000000000142e+01 8.944271909999159220e+00 3.025000000000000000e+11
6.180000000000000426e+01 1.131370849898476116e+01 3.025000000000000000e+11
6.200000000000000000e+01 8.944271909999159220e+00 3.025000200000000000e+11
6.220000000000000284e+01 8.000000000000000000e+00 3.025000000000000000e+11
6.240000000000000568e+01 8.944271909999159220e+00 3.025000000000000000e+11
6.260000000000000142e+01 8.944271909999159220e+00 3.025000000000000000e+11
6.280000000000000426e+01 5.656854249492380582e+00 3.025000000000000000e+11
6.300000000000000000e+01 5.656854249492380582e+00 3.025000000000000000e+11
6.320000000000000284e+01 4.000000000000000000e+00 3.025000000000000000e+11
6.340000000000000568e+01 4.000000000000000000e+00 3.025000000000000000e+11
6.360000000000000142e+01 4.000000000000000000e+00 3.025000000000000000e+11
6.380000000000000426e+01 4.000000000000000000e+00 3.025000000000000000e+11
6.400000000000000000e+01 0.000000000000000000e+00 0.000000000000000000e+00
6.420000000000000284e+01 0.000000000000000000e+00 0.000000000000000000e+00
6.440000000000000568e+01 0.000000000000000000e+00 0.000000000000000000e+00
6.460000000000000853e+01 0.000000000000000000e+00 0.000000000000000000e+00
6.479999999999999716e+01 4.000000000000000000e+00 0.000000000000000000e+00
6.500000000000000000e+01 4.000000000000000000e+00 0.000000000000000000e+00
6.520000000000000284e+01 4.000000000000000000e+00 0.000000000000000000e+00
6.540000000000000568e+01 4.000000000000000000e+00 0.000000000000000000e+00
6.560000000000000853e+01 5.656854249492380582e+00 0.000000000000000000e+00
6.579999999999999716e+01 5.656854249492380582e+00 0.000000000000000000e+00
6.600000000000000000e+01 5.656854249492380582e+00 0.000000000000000000e+00
6.620000000000000284e+01 4.000000000000000000e+00 0.000000000000000000e+00
6.640000000000000568e+01 4.000000000000000000e+00 0.000000000000000000e+00
6.660000000000000853e+01 4.000000000000000000e+00 0.000000000000000000e+00
6.679999999999999716e+01 4.000000000000000000e+00 0.000000000000000000e+00
6.700000000000000000e+01 0.000000000000000000e+00 0.000000000000000000e+00
6.720000000000000284e+01 0.000000000000000000e+00 0.000000000000000000e+00
6.740000000000000568e+01 0.000000000000000000e+00 0.000000000000000000e+00
6.760000000000000853e+01 0.000000000000000000e+00 0.000000000000000000e+00
6.779999999999999716e+01 4.000000000000000000e+00 0.000000000000000000e+00
6.800000000000000000e+01 4.000000000000000000e+00 3.025000000000000000e+11
6.820000000000000284e+01 4.000000000000000000e+00 3.025000000000000000e+11
6.840000000000000568e+01 5.656854249492380582e+00 3.025000000000000000e+11
6.860000000000000853e+01 5.656854249492380582e+00 3.025000000000000000e+11
6.879999999999999716e+01 5.656854249492380582e+00 3.025000000000000000e+11
6.900000000000000000e+01 5.656854249492380582e+00 3.025000000000000000e+11
6.920000000000000284e+01 4.000000000000000000e+00 3.025000000000000000e+11
6.940000000000000568e+01 4.000000000000000000e+00 3.025000000000000000e+11
6.960000000000000853e+01 4.000000000000000000e+00 3.025000000000000000e+11
6.979999999999999716e+01 0.000000000000000000e+00 3.025000000000000000e+11
7.000000000000000000e+01 0.000000000000000000e+00 3.025000000000000000e+11
7.020000000000000284e+01 0.000000000000000000e+00 3.025000000000000000e+11
7.040000000000000568e+01 0.000000000000000000e+00 3.025000000000000000e+11
7.060000000000000853e+01 4.000000000000000000e+00 3.025000000000000000e+11
7.079999999999999716e+01 4.000000000000000000e+00 3.025000000000000000e+11
7.100000000000000000e+01 4.000000000000000000e+00 3.025000000000000000e+11
7.120000000000000284e+01 4.000000000000000000e+00 3.025000000000000000e+11
7.140000000000000568e+01 5.656854249492380582e+00 3.025000000000000000e+11
7.160000000000000853e+01 5.656854249492380582e+00 3.025000000000000000e+11
7.179999999999999716e+01 5.656854249492380582e+00 3.025000000000000000e+11
7.200000000000000000e+01 4.000000000000000000e+00 0.000000000000000000e+00
7.220000000000000284e+01 4.000000000000000000e+00 0.000000000000000000e+00
7.240000000000000568e+01 4.000000000000000000e+00 0.000000000000000000e+00
7.260000000000000853e+01 0.000000000000000000e+00 0.000000000000000000e+00
7.279999999999999716e+01 0.000000000000000000e+00 0.000000000000000000e+00
7.300000000000000000e+01 0.000000000000000000e+00 0.000000000000000000e+00
7.320000000000000284e+01 0.000000000000000000e+00 0.000000000000000000e+00
7.340000000000000568e+01 4.000000000000000000e+00 0.000000000000000000e+00
7.360000000000000853e+01 4.000000000000000000e+00 0.000000000000000000e+00
7.379999999999999716e+01 4.000000000000000000e+00 0.000000000000000000e+00
7.400000000000000000e+01 5.656854249492380582e+00 0.000000000000000000e+00
7.420000000000000284e+01 5.656854249492380582e+00 0.000000000000000000e+00
7.440000000000000568e+01 5.656854249492380582e+00 0.000000000000000000e+00
7.460000000000000853e+01 5.656854249492380582e+00 0.000000000000000000e+00
7.479999999999999716e+01 4.000000000000000000e+00 0.000000000000000000e+00
7.500000000000000000e+01 4.000000000000000000e+00 0.000000000000000000e+00
7.520000000000000284e+01 4.000000000000000000e+00 0.000000000000000000e+00
7.540000000000000568e+01 0.000000000000000000e+00 0.000000000000000000e+00
7.560000000000000853e+01 0.000000000000000000e+00 0.000000000000000000e+00
7.579999999999999716e+01 0.000000000000000000e+00 0.000000000000000000e+00
7.600000000000000000e+01 4.000000000000000000e+00 3.025000000000000000e+11
7.620000000000000284e+01 4.000000000000000000e+00 3.025000000000000000e+11
7.640000000000000568e+01 4.000000000000000000e+00 3.025000000000000000e+11
7.660000000000000853e+01 4.000000000000000000e+00 3.025000000000000000e+11
7.680000000000001137e+01 5.656854249492380582e+00 3.025000000000000000e+11
7.700000000000000000e+01 5.656854249492380582e+00 3.025000000000000000e+11
7.720000000000000284e+01 5.656854249492380582e+00 3.025000000000000000e+11
7.740000000000000568e+01 4.000000000000000000e+00 3.025000000000000000e+11
7.760000000000000853e+01 4.000000000000000000e+00 3.025000000000000000e+11
7.780000000000001137e+01 4.000000000000000000e+00 3.025000000000000000e+11
7.800000000000000000e+01 4.000000000000000000e+00 3.025000000000000000e+11
7.820000000000000284e+01 0.000000000000000000e+00 3.025000000000000000e+11
7.840000000000000568e+01 0.000000000000000000e+00 3.025000000000000000e+11
7.860000000000000853e+01 0.000000000000000000e+00 3.025000000000000000e+11
7.880000000000001137e+01 4.000000000000000000e+00 3.025000000000000000e+11
7.900000000000000000e+01 4.000000000000000000e+00 3.025000000000000000e+11
7.920000000000000284e+01 4.000000000000000000e+00 3.025000000000000000e+11
7.940000000000000568e+01 4.000000000000000000e+00 3.025000000000000000e+11
7.960000000000000853e+01 5.656854249492380582e+00 3.025000000000000000e+11
7.980000000000001137e+01 5.656854249492380582e+00 3.025000000000000000e+11
