8.000000000000000000e+01 5.656854249492380582e+00 0.000000000000000000e+00
8.020000000000000284e+01 4.000000000000000000e+00 0.000000000000000000e+00
8.040000000000000568e+01 5.656854249492380582e+00 0.000000000000000000e+00
8.060000000000000853e+01 5.656854249492380582e+00 0.000000000000000000e+00
8.080000000000001137e+01 5.656854249492380582e+00 0.000000000000000000e+00
8.100000000000000000e+01 5.656854249492380582e+00 0.000000000000000000e+00
8.120000000000000284e+01 5.656854249492380582e+00 0.000000000000000000e+00
8.140000000000000568e+01 5.656854249492380582e+00 0.000000000000000000e+00
8.160000000000000853e+01 5.656854249492380582e+00 0.000000000000000000e+00
8.180000000000001137e+01 5.656854249492380582e+00 0.000000000000000000e+00
8.200000000000000000e+01 5.656854249492380582e+00 0.000000000000000000e+00
8.220000000000000284e+01 5.656854249492380582e+00 0.000000000000000000e+00
8.240000000000000568e+01 4.000000000000000000e+00 0.000000000000000000e+00
8.260000000000000853e+01 0.000000000000000000e+00 0.000000000000000000e+00
8.280000000000001137e+01 0.000000000000000000e+00 0.000000000000000000e+00
8.300000000000000000e+01 5.656854249492380582e+00 0.000000000000000000e+00
8.320000000000000284e+01 5.656854249492380582e+00 0.000000000000000000e+00
8.340000000000000568e+01 5.656854249492380582e+00 0.000000000000000000e+00
8.360000000000000853e+01 5.656854249492380582e+00 0.000000000000000000e+00
8.380000000000001137e+01 5.656854249492380582e+00 0.000000000000000000e+00
8.400000000000000000e+01 5.656854249492380582e+00 3.050000000000000000e+11
8.420000000000000284e+01 5.656854249492380582e+00 3.050000000000000000e+11
8.440000000000000568e+01 5.656854249492380582e+00 3.050000000000000000e+11
8.460000000000000853e+01 5.656854249492380582e+00 3.050000000000000000e+11
8.480000000000001137e+01 4.000000000000000000e+00 3.050000000000000000e+11
8.500000000000000000e+01 4.000000000000000000e+00 3.050000000000000000e+11
8.520000000000000284e+01 4.000000000000000000e+00 3.050000000000000000e+11
8.540000000000000568e+01 0.000000000000000000e+00 3.050000000000000000e+11
8.560000000000000853e+01 0.000000000000000000e+00 3.050000000000000000e+11
8.580000000000001137e+01 0.000000000000000000e+00 3.050000000000000000e+11
8.600000000000000000e+01 4.000000000000000000e+00 3.050000000000000000e+11
8.620000000000000284e+01 4.000000000000000000e+00 3.050000000000000000e+11
8.640000000000000568e+01 5.656854249492380582e+00 3.050000000000000000e+11
8.660000000000000853e+01 5.656854249492380582e+00 3.050000000000000000e+11
8.680000000000001137e+01 5.656854249492380582e+00 3.050000000000000000e+11
8.700000000000000000e+01 5.656854249492380582e+00 3.050000000000000000e+11
8.720000000000000284e+01 5.656854249492380582e+00 3.050000000000000000e+11
8.740000000000000568e+01 4.000000000000000000e+00 3.050000000000000000e+11
8.760000000000000853e+01 4.000000000000000000e+00 3.050000000000000000e+11
8.780000000000001137e+01 4.000000000000000000e+00 3.050000000000000000e+11
8.800000000000000000e+01 0.000000000000000000e+00 0.000000000000000000e+00
8.820000000000000284e+01 0.000000000000000000e+00 0.000000000000000000e+00
8.840000000000000568e+01 0.000000000000000000e+00 0.000000000000000000e+00
8.860000000000000853e+01 4.000000000000000000e+00 0.000000000000000000e+00
8.880000000000001137e+01 4.000000000000000000e+00 0.000000000000000000e+00
8.900000000000000000e+01 4.000000000000000000e+00 0.000000000000000000e+00
8.920000000000000284e+01 5.656854249492380582e+00 0.000000000000000000e+00
8.940000000000000568e+01 5.656854249492380582e+00 0.000000000000000000e+00
8.960000000000000853e+01 5.656854249492380582e+00 0.000000000000000000e+00
8.980000000000001137e+01 5.656854249492380582e+00 0.000000000000000000e+00
9.000000000000000000e+01 4.000000000000000000e+00 0.000000000000000000e+00
9.020000000000000284e+01 4.000000000000000000e+00 0.000000000000000000e+00
9.040000000000000568e+01 4.000000000000000000e+00 0.000000000000000000e+00
9.060000000000000853e+01 0.000000000000000000e+00 0.000000000000000000e+00
9.080000000000001137e+01 0.000000000000000000e+00 0.000000000000000000e+00
9.100000000000000000e+01 0.000000000000000000e+00 0.000000000000000000e+00
9.120000000000000284e+01 0.000000000000000000e+00 0.000000000000000000e+00
9.140000000000000568e+01 4.000000000000000000e+00 0.000000000000000000e+00
9.160000000000000853e+01 4.000000000000000000e+00 0.000000000000000000e+00
9.180000000000001137e+01 4.000000000000000000e+00 0.000000000000000000e+00
9.200000000000000000e+01 5.656854249492380582e+00 3.050000000000000000e+11
9.220000000000000284e+01 5.656854249492380582e+00 3.050000000000000000e+11
9.240000000000000568e+01 5.656854249492380582e+00 3.050000000000000000e+11
9.260000000000000853e+01 5.656854249492380582e+00 3.050000000000000000e+11
9.280000000000001137e+01 4.000000000000000000e+00 3.050000000000000000e+11
9.300000000000000000e+01 4.000000000000000000e+00 3.050000000000000000e+11
9.320000000000000284e+01 4.000000000000000000e+00 3.050000000000000000e+11
9.340000000000000568e+01 0.000000000000000000e+00 3.050000000000000000e+11
9.360000000000000853e+01 0.000000000000000000e+00 3.050000000000000000e+11
9.380000000000001137e+01 0.000000000000000000e+00 3.050000000000000000e+11
9.400000000000000000e+01 0.000000000000000000e+00 3.050000000000000000e+11
9.420000000000000284e+01 4.000000000000000000e+00 3.050000000000000000e+11
9.440000000000000568e+01 4.000000000000000000e+00 3.050000000000000000e+11
9.460000000000000853e+01 4.000000000000000000e+00 3.050000000000000000e+11
9.480000000000001137e+01 5.656854249492380582e+00 3.050000000000000000e+11
9.500000000000000000e+01 5.656854249492380582e+00 3.050000000000000000e+11
9.520000000000000284e+01 5.656854249492380582e+00 3.050000000000000000e+11
9.540000000000000568e+01 5.656854249492380582e+00 3.050000000000000000e+11
9.560000000000000853e+01 4.000000000000000000e+00 3.050000000000000000e+11
9.580000000000001137e+01 4.000000000000000000e+00 3.050000000000000000e+11
9.600000000000000000e+01 4.000000000000000000e+00 0.000000000000000000e+00
9.620000000000000284e+01 0.000000000000000000e+00 0.000000000000000000e+00
9.640000000000000568e+01 0.000000000000000000e+00 0.000000000000000000e+00
9.660000000000000853e+01 0.000000000000000000e+00 0.000000000000000000e+00
9.680000000000001137e+01 0.000000000000000000e+00 0.000000000000000000e+00
9.700000000000000000e+01 4.000000000000000000e+00 0.000000000000000000e+00
9.720000000000000284e+01 4.000000000000000000e+00 0.000000000000000000e+00
9.740000000000000568e+01 4.000000000000000000e+00 0.000000000000000000e+00
9.760000000000000853e+01 5.656854249492380582e+00 0.000000000000000000e+00
9.780000000000001137e+01 5.656854249492380582e+00 0.000000000000000000e+00
9.800000000000000000e+01 5.656854249492380582e+00 0.000000000000000000e+00
9.820000000000000284e+01 4.000000000000000000e+00 0.000000000000000000e+00
9.840000000000000568e+01 4.000000000000000000e+00 0.000000000000000000e+00
9.860000000000000853e+01 4.000000000000000000e+00 0.000000000000000000e+00
9.880000000000001137e+01 4.000000000000000000e+00 0.000000000000000000e+00
9.900000000000000000e+01 0.000000000000000000e+00 0.000000000000000000e+00
9.920000000000000284e+01 0.000000000000000000e+00 0.000000000000000000e+00
9.940000000000000568e+01 0.000000000000000000e+00 0.000000000000000000e+00
9.960000000000000853e+01 4.000000000000000000e+00 0.000000000000000000e+00
9.980000000000001137e+01 4.000000000000000000e+00 0.000000000000000000e+00
1.000000000000000000e+02 4.000000000000000000e+00 3.050000000000000000e+11
1.002000000000000028e+02 5.656854249492380582e+00 3.050000000000000000e+11
1.004000000000000057e+02 5.656854249492380582e+00 3.050000000000000000e+11
1.006000000000000085e+02 5.656854249492380582e+00 3.050000000000000000e+11
1.008000000000000114e+02 5.656854249492380582e+00 3.050000000000000000e+11
1.010000000000000000e+02 4.000000000000000000e+00 3.050000000000000000e+11
1.012000000000000028e+02 4.000000000000000000e+00 3.050000000000000000e+11
1.014000000000000057e+02 4.000000000000000000e+00 3.050000000000000000e+11
1.016000000000000085e+02 0.000000000000000000e+00 3.050000000000000000e+11
1.018000000000000114e+02 0.000000000000000000e+00 3.050000000000000000e+11
1.020000000000000000e+02 0.000000000000000000e+00 3.050000000000000000e+11
1.022000000000000028e+02 0.000000000000000000e+00 3.050000000000000000e+11
1.024000000000000057e+02 4.000000000000000000e+00 3.050000000000000000e+11
1.026000000000000085e+02 4.000000000000000000e+00 3.050000000000000000e+11
1.028000000000000114e+02 4.000000000000000000e+00 3.050000000000000000e+11
1.030000000000000000e+02 5.656854249492380582e+00 3.050000000000000000e+11
1.032000000000000028e+02 5.656854249492380582e+00 3.050000000000000000e+11
1.034000000000000057e+02 5.656854249492380582e+00 3.050000000000000000e+11
1.036000000000000085e+02 5.656854249492380582e+00 3.050000000000000000e+11
1.038000000000000114e+02 4.000000000000000000e+00 3.050000000000000000e+11
1.040000000000000000e+02 4.000000000000000000e+00 0.000000000000000000e+00
1.042000000000000028e+02 4.000000000000000000e+00 0.000000000000000000e+00
1.044000000000000057e+02 0.000000000000000000e+00 0.000000000000000000e+00
1.046000000000000085e+02 0.000000000000000000e+00 0.000000000000000000e+00
1.048000000000000114e+02 0.000000000000000000e+00 0.000000000000000000e+00
1.050000000000000000e+02 0.000000000000000000e+00 0.000000000000000000e+00
1.052000000000000028e+02 4.000000000000000000e+00 0.000000000000000000e+00
1.054000000000000057e+02 4.000000000000000000e+00 0.000000000000000000e+00
1.056000000000000085e+02 4.000000000000000000e+00 0.000000000000000000e+00
1.058000000000000114e+02 5.656854249492380582e+00 0.000000000000000000e+00
1.060000000000000000e+02 5.656854249492380582e+00 0.000000000000000000e+00
1.062000000000000028e+02 5.656854249492380582e+00 0.000000000000000000e+00
1.064000000000000057e+02 4.000000000000000000e+00 0.000000000000000000e+00
1.066000000000000085e+02 4.000000000000000000e+00 0.000000000000000000e+00
1.068000000000000114e+02 4.000000000000000000e+00 0.000000000000000000e+00
1.070000000000000000e+02 4.000000000000000000e+00 0.000000000000000000e+00
1.072000000000000028e+02 0.000000000000000000e+00 0.000000000000000000e+00
1.074000000000000057e+02 0.000000000000000000e+00 0.000000000000000000e+00
1.076000000000000085e+02 0.000000000000000000e+00 0.000000000000000000e+00
1.078000000000000114e+02 4.000000000000000000e+00 0.000000000000000000e+00
1.080000000000000000e+02 4.000000000000000000e+00 3.050000000000000000e+11
1.082000000000000028e+02 4.000000000000000000e+00 3.050000000000000000e+11
1.084000000000000057e+02 4.000000000000000000e+00 3.050000000000000000e+11
1.086000000000000085e+02 5.656854249492380582e+00 3.050000000000000000e+11
1.088000000000000114e+02 5.656854249492380582e+00 3.050000000000000000e+11
1.090000000000000000e+02 5.656854249492380582e+00 3.050000000000000000e+11
1.092000000000000028e+02 4.000000000000000000e+00 3.050000000000000000e+11
1.094000000000000057e+02 4.000000000000000000e+00 3.050000000000000000e+11
1.096000000000000085e+02 4.000000000000000000e+00 3.050000000000000000e+11
1.098000000000000114e+02 4.000000000000000000e+00 3.050000000000000000e+11
1.100000000000000000e+02 0.000000000000000000e+00 3.050000000000000000e+11
1.102000000000000028e+02 0.000000000000000000e+00 3.050000000000000000e+11
1.104000000000000057e+02 0.000000000000000000e+00 3.050000000000000000e+11
1.106000000000000085e+02 4.000000000000000000e+00 3.050000000000000000e+11
1.108000000000000114e+02 4.000000000000000000e+00 3.050000000000000000e+11
1.110000000000000000e+02 4.000000000000000000e+00 3.050000000000000000e+11
1.112000000000000028e+02 4.000000000000000000e+00 3.050000000000000000e+11
1.114000000000000057e+02 5.656854249492380582e+00 3.050000000000000000e+11
1.116000000000000085e+02 5.656854249492380582e+00 3.050000000000000000e+11
1.118000000000000114e+02 5.656854249492380582e+00 3.050000000000000000e+11
1.120000000000000000e+02 4.000000000000000000e+00 0.000000000000000000e+00
1.122000000000000028e+02 4.000000000000000000e+00 0.000000000000000000e+00
1.124000000000000057e+02 4.000000000000000000e+00 0.000000000000000000e+00
1.126000000000000085e+02 0.000000000000000000e+00 0.000000000000000000e+00
1.128000000000000114e+02 0.000000000000000000e+00 0.000000000000000000e+00
1.130000000000000000e+02 0.000000000000000000e+00 0.000000000000000000e+00
1.132000000000000028e+02 0.000000000000000000e+00 0.000000000000000000e+00
1.134000000000000057e+02 4.000000000000000000e+00 0.000000000000000000e+00
1.136000000000000085e+02 4.000000000000000000e+00 0.000000000000000000e+00
1.138000000000000114e+02 4.000000000000000000e+00 0.000000000000000000e+00
1.140000000000000000e+02 5.656854249492380582e+00 0.000000000000000000e+00
1.142000000000000028e+02 5.656854249492380582e+00 0.000000000000000000e+00
1.144000000000000057e+02 5.656854249492380582e+00 0.000000000000000000e+00
1.146000000000000085e+02 5.656854249492380582e+00 0.000000000000000000e+00
1.148000000000000114e+02 4.000000000000000000e+00 0.000000000000000000e+00
1.150000000000000000e+02 4.000000000000000000e+00 0.000000000000000000e+00
1.152000000000000028e+02 4.000000000000000000e+00 0.000000000000000000e+00
1.154000000000000057e+02 0.000000000000000000e+00 0.000000000000000000e+00
1.156000000000000085e+02 0.000000000000000000e+00 0.000000000000000000e+00
1.158000000000000114e+02 0.000000000000000000e+00 0.000000000000000000e+00
1.160000000000000000e+02 4.000000000000000000e+00 3.050000000000000000e+11
1.162000000000000028e+02 4.000000000000000000e+00 3.050000000000000000e+11
1.164000000000000057e+02 4.000000000000000000e+00 3.050000000000000000e+11
1.166000000000000085e+02 4.000000000000000000e+00 3.050000000000000000e+11
1.168000000000000114e+02 5.656854249492380582e+00 3.050000000000000000e+11
1.170000000000000000e+02 5.656854249492380582e+00 3.050000000000000000e+11
1.172000000000000028e+02 5.656854249492380582e+00 3.050000000000000000e+11
1.174000000000000057e+02 4.000000000000000000e+00 3.050000000000000000e+11
1.176000000000000085e+02 4.000000000000000000e+00 3.050000000000000000e+11
1.178000000000000114e+02 4.000000000000000000e+00 3.050000000000000000e+11
1.180000000000000000e+02 4.000000000000000000e+00 3.050000000000000000e+11
1.182000000000000028e+02 0.000000000000000000e+00 3.050000000000000000e+11
1.184000000000000057e+02 0.000000000000000000e+00 3.050000000000000000e+11
1.186000000000000085e+02 0.000000000000000000e+00 3.050000000000000000e+11
1.188000000000000114e+02 4.000000000000000000e+00 3.050000000000000000e+11
1.190000000000000000e+02 4.000000000000000000e+00 3.050000000000000000e+11
1.192000000000000028e+02 4.000000000000000000e+00 3.050000000000000000e+11
1.194000000000000057e+02 4.000000000000000000e+00 3.050000000000000000e+11
1.196000000000000085e+02 5.656854249492380582e+00 3.050000000000000000e+11
1.198000000000000114e+02 5.656854249492380582e+00 3.050000000000000000e+11
1.200000000000000000e+02 5.656854249492380582e+00 0.000000000000000000e+00
1.202000000000000028e+02 5.656854249492380582e+00 0.000000000000000000e+00
1.204000000000000057e+02 4.000000000000000000e+00 0.000000000000000000e+00
1.206000000000000085e+02 4.000000000000000000e+00 0.000000000000000000e+00
1.208000000000000114e+02 4.000000000000000000e+00 0.000000000000000000e+00
1.210000000000000000e+02 4.000000000000000000e+00 0.000000000000000000e+00
1.212000000000000028e+02 0.000000000000000000e+00 0.000000000000000000e+00
1.214000000000000057e+02 0.000000000000000000e+00 0.000000000000000000e+00
1.216000000000000085e+02 0.000000000000000000e+00 0.000000000000000000e+00
1.218000000000000114e+02 0.000000000000000000e+00 0.000000000000000000e+00
1.220000000000000000e+02 4.000000000000000000e+00 0.000000000000000000e+00
1.222000000000000028e+02 4.000000000000000000e+00 0.000000000000000000e+00
1.224000000000000057e+02 4.000000000000000000e+00 0.000000000000000000e+00
1.226000000000000085e+02 5.656854249492380582e+00 0.000000000000000000e+00
1.228000000000000114e+02 5.656854249492380582e+00 0.000000000000000000e+00
1.230000000000000000e+02 5.656854249492380582e+00 0.000000000000000000e+00
1.232000000000000028e+02 5.656854249492380582e+00 0.000000000000000000e+00
1.234000000000000057e+02 4.000000000000000000e+00 0.000000000000000000e+00
1.236000000000000085e+02 4.000000000000000000e+00 0.000000000000000000e+00
1.238000000000000114e+02 4.000000000000000000e+00 0.000000000000000000e+00
1.240000000000000000e+02 4.000000000000000000e+00 3.050000000000000000e+11
1.242000000000000028e+02 0.000000000000000000e+00 3.050000000000000000e+11
1.244000000000000057e+02 0.000000000000000000e+00 3.050000000000000000e+11
1.246000000000000085e+02 0.000000000000000000e+00 3.050000000000000000e+11
1.248000000000000114e+02 0.000000000000000000e+00 3.050000000000000000e+11
1.250000000000000000e+02 5.656854249492380582e+00 3.050000000000000000e+11
1.252000000000000028e+02 4.000000000000000000e+00 3.050000000000000000e+11
1.254000000000000057e+02 8.000000000000000000e+00 3.050000000000000000e+11
1.256000000000000085e+02 8.000000000000000000e+00 3.050000000000000000e+11
1.258000000000000114e+02 8.944271909999159220e+00 3.050000000000000000e+11
1.260000000000000000e+02 1.131370849898476116e+01 3.050000000000000000e+11
1.262000000000000028e+02 1.442220510185595650e+01 3.050000000000000000e+11
1.264000000000000057e+02 1.264911064067351809e+01 3.050000000000000000e+11
1.266000000000000085e+02 1.264911064067351809e+01 3.050000000000000000e+11
1.268000000000000114e+02 1.442220510185595650e+01 3.050000000000000000e+11
1.270000000000000000e+02 1.442220510185595650e+01 3.050000000000000000e+11
1.272000000000000028e+02 1.649242250247064234e+01 3.050000000000000000e+11
1.274000000000000057e+02 2.039607805437113797e+01 3.050000000000000000e+11
1.276000000000000085e+02 2.262741699796952233e+01 3.050000000000000000e+11
1.278000000000000114e+02 2.529822128134703618e+01 3.050000000000000000e+11
1.280000000000000000e+02 3.200000000000000000e+01 0.000000000000000000e+00
1.282000000000000171e+02 3.046309242345563462e+01 0.000000000000000000e+00
1.284000000000000057e+02 3.124099870362661591e+01 0.000000000000000000e+00
1.285999999999999943e+02 3.298484500494128469e+01 0.000000000000000000e+00
1.288000000000000114e+02 3.224903099319419653e+01 0.000000000000000000e+00
1.290000000000000000e+02 3.577708763999663688e+01 0.000000000000000000e+00
1.292000000000000171e+02 3.440930106817050671e+01 0.000000000000000000e+00
1.294000000000000057e+02 3.298484500494128469e+01 0.000000000000000000e+00
1.295999999999999943e+02 3.224903099319419653e+01 0.000000000000000000e+00
1.298000000000000114e+02 3.224903099319419653e+01 0.000000000000000000e+00
1.300000000000000000e+02 3.124099870362661591e+01 0.000000000000000000e+00
1.302000000000000171e+02 2.912043955712207222e+01 0.000000000000000000e+00
1.304000000000000057e+02 2.828427124746190202e+01 0.000000000000000000e+00
1.305999999999999943e+02 2.561249694973139412e+01 0.000000000000000000e+00
1.308000000000000114e+02 2.683281572999747766e+01 0.000000000000000000e+00
1.310000000000000000e+02 2.800000000000000000e+01 0.000000000000000000e+00
1.312000000000000171e+02 2.683281572999747766e+01 0.000000000000000000e+00
1.314000000000000057e+02 2.828427124746190202e+01 0.000000000000000000e+00
1.315999999999999943e+02 2.912043955712207222e+01 0.000000000000000000e+00
1.318000000000000114e+02 3.200000000000000000e+01 0.000000000000000000e+00
1.320000000000000000e+02 3.046309242345563462e+01 3.050000000000000000e+11
1.322000000000000171e+02 3.394112549695427816e+01 3.050000000000000000e+11
1.324000000000000057e+02 3.939543120718441571e+01 3.050000000000000000e+11
1.325999999999999943e+02 4.400000000000000000e+01 3.050000000000000000e+11
1.328000000000000114e+02 4.833218389437828932e+01 3.050000000000000000e+11
1.330000000000000000e+02 5.656854249492380404e+01 3.050000000000000000e+11
1.332000000000000171e+02 6.462197768561404132e+01 3.050000000000000000e+11
1.334000000000000057e+02 7.211102550927978427e+01 3.050000000000000000e+11
1.335999999999999943e+02 8.049844718999243298e+01 3.050000000000000000e+11
1.338000000000000114e+02 9.121403400793103344e+01 3.050000000000000000e+11
1.340000000000000000e+02 1.067333125130106737e+02 3.050000000000000000e+11
1.342000000000000171e+02 1.223764683262268420e+02 3.050000000000000000e+11
1.344000000000000057e+02 1.432201103197452596e+02 3.050000000000000000e+11
1.345999999999999943e+02 1.592984620139190213e+02 3.050000000000000000e+11
1.348000000000000114e+02 1.203328716519305885e+02 3.050000000000000000e+11
1.350000000000000000e+02 1.282497563350511882e+02 3.050000000000000000e+11
1.352000000000000171e+02 1.449413674559474998e+02 3.050000000000000000e+11
1.354000000000000057e+02 1.600000000000000000e+02 3.050000000000000000e+11
1.355999999999999943e+02 1.074802307403552248e+02 3.050000000000000000e+11
1.358000000000000114e+02 1.166190378969060077e+02 3.050000000000000000e+11
1.360000000000000000e+02 1.320605921537534186e+02 0.000000000000000000e+00
1.362000000000000171e+02 1.305986217385160728e+02 0.000000000000000000e+00
1.364000000000000057e+02 1.280624847486569706e+02 0.000000000000000000e+00
1.365999999999999943e+02 1.232233744059949032e+02 0.000000000000000000e+00
1.368000000000000114e+02 1.232233744059949032e+02 0.000000000000000000e+00
1.370000000000000000e+02 1.193314711214103880e+02 0.000000000000000000e+00
1.372000000000000171e+02 1.198665925101735752e+02 0.000000000000000000e+00
1.374000000000000057e+02 1.200666481584290750e+02 0.000000000000000000e+00
1.375999999999999943e+02 1.216552506059643974e+02 0.000000000000000000e+00
1.378000000000000114e+02 1.200000000000000000e+02 0.000000000000000000e+00
1.380000000000000000e+02 1.193314711214103880e+02 0.000000000000000000e+00
1.382000000000000171e+02 1.184567431596867806e+02 0.000000000000000000e+00
1.384000000000000057e+02 1.200000000000000000e+02 0.000000000000000000e+00
1.385999999999999943e+02 1.181185844818672024e+02 0.000000000000000000e+00
1.388000000000000114e+02 1.162755348299890699e+02 0.000000000000000000e+00
1.390000000000000000e+02 1.151694403911037483e+02 0.000000000000000000e+00
1.392000000000000171e+02 1.103449137930697788e+02 0.000000000000000000e+00
1.394000000000000057e+02 1.100545319375808333e+02 0.000000000000000000e+00
1.395999999999999943e+02 1.086646216576489934e+02 0.000000000000000000e+00
1.398000000000000114e+02 1.043072384832423865e+02 0.000000000000000000e+00
1.400000000000000000e+02 1.043072384832423865e+02 3.050000000000000000e+11
1.402000000000000171e+02 1.210619676033724517e+02 3.050000000000000000e+11
1.404000000000000057e+02 1.379275171965333300e+02 3.050000000000000000e+11
1.405999999999999943e+02 1.557947367532035798e+02 3.050000000000000000e+11
1.408000000000000114e+02 1.273106437027163906e+02 3.050000000000000000e+11
1.410000000000000000e+02 1.129247537079448307e+02 3.050000000000000000e+11
1.412000000000000171e+02 1.280000000000000000e+02 3.050000000000000000e+11
1.414000000000000057e+02 1.449965516831348680e+02 3.050000000000000000e+11
1.415999999999999943e+02 1.644384383287557228e+02 3.050000000000000000e+11
1.418000000000000114e+02 1.288099375048369382e+02 3.050000000000000000e+11
1.420000000000000000e+02 1.154469575172944928e+02 3.050000000000000000e+11
1.422000000000000171e+02 9.732420048477150942e+01 3.050000000000000000e+11
1.424000000000000057e+02 8.438009243891595190e+01 3.050000000000000000e+11
1.425999999999999943e+02 6.881860213634101342e+01 3.050000000000000000e+11
1.428000000000000114e+02 5.727128425310541360e+01 3.050000000000000000e+11
1.430000000000000000e+02 4.866210024238575471e+01 3.050000000000000000e+11
1.432000000000000171e+02 4.326661530556787483e+01 3.050000000000000000e+11
1.434000000000000057e+02 3.773592452822641263e+01 3.050000000000000000e+11
1.435999999999999943e+02 3.224903099319419653e+01 3.050000000000000000e+11
1.438000000000000114e+02 2.529822128134703618e+01 3.050000000000000000e+11
1.440000000000000000e+02 2.561249694973139412e+01 0.000000000000000000e+00
1.442000000000000171e+02 2.683281572999747766e+01 0.000000000000000000e+00
1.444000000000000057e+02 2.800000000000000000e+01 0.000000000000000000e+00
1.445999999999999943e+02 2.529822128134703618e+01 0.000000000000000000e+00
1.448000000000000114e+02 2.561249694973139412e+01 0.000000000000000000e+00
1.450000000000000000e+02 2.683281572999747766e+01 0.000000000000000000e+00
1.452000000000000171e+02 2.433105012119287736e+01 0.000000000000000000e+00
1.454000000000000057e+02 2.529822128134703618e+01 0.000000000000000000e+00
1.455999999999999943e+02 2.561249694973139412e+01 0.000000000000000000e+00
1.458000000000000114e+02 2.332380757938120297e+01 0.000000000000000000e+00
1.460000000000000000e+02 2.000000000000000000e+01 0.000000000000000000e+00
1.462000000000000171e+02 2.154065922853801496e+01 0.000000000000000000e+00
1.464000000000000057e+02 2.000000000000000000e+01 0.000000000000000000e+00
1.465999999999999943e+02 2.039607805437113797e+01 0.000000000000000000e+00
1.468000000000000114e+02 2.039607805437113797e+01 0.000000000000000000e+00
1.470000000000000000e+02 2.000000000000000000e+01 0.000000000000000000e+00
1.472000000000000171e+02 2.332380757938120297e+01 0.000000000000000000e+00
1.474000000000000057e+02 2.433105012119287736e+01 0.000000000000000000e+00
1.475999999999999943e+02 2.529822128134703618e+01 0.000000000000000000e+00
1.478000000000000114e+02 2.561249694973139412e+01 0.000000000000000000e+00
1.480000000000000000e+02 2.332380757938120297e+01 3.050000000000000000e+11
1.482000000000000171e+02 2.039607805437113797e+01 3.050000000000000000e+11
1.484000000000000057e+02 1.649242250247064234e+01 3.050000000000000000e+11
1.485999999999999943e+02 1.264911064067351809e+01 3.050000000000000000e+11
1.488000000000000114e+02 1.131370849898476116e+01 3.050000000000000000e+11
1.490000000000000000e+02 8.944271909999159220e+00 3.050000000000000000e+11
1.492000000000000171e+02 8.000000000000000000e+00 3.050000000000000000e+11
1.494000000000000057e+02 5.656854249492380582e+00 3.050000000000000000e+11
1.495999999999999943e+02 4.000000000000000000e+00 3.050000000000000000e+11
1.498000000000000114e+02 4.000000000000000000e+00 3.050000000000000000e+11
1.500000000000000000e+02 5.656854249492380582e+00 3.050000000000000000e+11
1.502000000000000171e+02 4.000000000000000000e+00 3.050000000000000000e+11
1.504000000000000057e+02 4.000000000000000000e+00 3.050000000000000000e+11
1.505999999999999943e+02 4.000000000000000000e+00 3.050000000000000000e+11
1.508000000000000114e+02 5.656854249492380582e+00 3.050000000000000000e+11
1.510000000000000000e+02 5.656854249492380582e+00 3.050000000000000000e+11
1.512000000000000171e+02 5.656854249492380582e+00 3.050000000000000000e+11
1.514000000000000057e+02 5.656854249492380582e+00 3.050000000000000000e+11
1.515999999999999943e+02 4.000000000000000000e+00 3.050000000000000000e+11
1.518000000000000114e+02 4.000000000000000000e+00 3.050000000000000000e+11
1.520000000000000000e+02 4.000000000000000000e+00 0.000000000000000000e+00
1.522000000000000171e+02 0.000000000000000000e+00 0.000000000000000000e+00
1.524000000000000057e+02 0.000000000000000000e+00 0.000000000000000000e+00
1.525999999999999943e+02 0.000000000000000000e+00 0.000000000000000000e+00
1.528000000000000114e+02 0.000000000000000000e+00 0.000000000000000000e+00
1.530000000000000000e+02 4.000000000000000000e+00 0.000000000000000000e+00
1.532000000000000171e+02 4.000000000000000000e+00 0.000000000000000000e+00
1.534000000000000057e+02 4.000000000000000000e+00 0.000000000000000000e+00
1.536000000000000227e+02 5.656854249492380582e+00 0.000000000000000000e+00
1.538000000000000114e+02 5.656854249492380582e+00 0.000000000000000000e+00
1.540000000000000000e+02 5.656854249492380582e+00 0.000000000000000000e+00
1.542000000000000171e+02 5.656854249492380582e+00 0.000000000000000000e+00
1.544000000000000057e+02 4.000000000000000000e+00 0.000000000000000000e+00
1.546000000000000227e+02 4.000000000000000000e+00 0.000000000000000000e+00
1.548000000000000114e+02 4.000000000000000000e+00 0.000000000000000000e+00
1.550000000000000000e+02 0.000000000000000000e+00 0.000000000000000000e+00
1.552000000000000171e+02 0.000000000000000000e+00 0.000000000000000000e+00
1.554000000000000057e+02 0.000000000000000000e+00 0.000000000000000000e+00
1.556000000000000227e+02 0.000000000000000000e+00 0.000000000000000000e+00
1.558000000000000114e+02 4.000000000000000000e+00 0.000000000000000000e+00
1.560000000000000000e+02 4.000000000000000000e+00 3.050000000000000000e+11
1.562000000000000171e+02 4.000000000000000000e+00 3.050000000000000000e+11
1.564000000000000057e+02 5.656854249492380582e+00 3.050000000000000000e+11
1.566000000000000227e+02 5.656854249492380582e+00 3.050000000000000000e+11
1.568000000000000114e+02 5.656854249492380582e+00 3.050000000000000000e+11
1.570000000000000000e+02 5.656854249492380582e+00 3.050000000000000000e+11
1.572000000000000171e+02 4.000000000000000000e+00 3.050000000000000000e+11
1.574000000000000057e+02 4.000000000000000000e+00 3.050000000000000000e+11
1.576000000000000227e+02 4.000000000000000000e+00 3.050000000000000000e+11
1.578000000000000114e+02 0.000000000000000000e+00 3.050000000000000000e+11
1.580000000000000000e+02 0.000000000000000000e+00 3.050000000000000000e+11
1.582000000000000171e+02 0.000000000000000000e+00 3.050000000000000000e+11
1.584000000000000057e+02 0.000000000000000000e+00 3.050000000000000000e+11
1.586000000000000227e+02 4.000000000000000000e+00 3.050000000000000000e+11
1.588000000000000114e+02 4.000000000000000000e+00 3.050000000000000000e+11
1.590000000000000000e+02 4.000000000000000000e+00 3.050000000000000000e+11
1.592000000000000171e+02 5.656854249492380582e+00 3.050000000000000000e+11
1.594000000000000057e+02 5.656854249492380582e+00 3.050000000000000000e+11
1.596000000000000227e+02 5.656854249492380582e+00 3.050000000000000000e+11
1.598000000000000114e+02 5.656854249492380582e+00 3.050000000000000000e+11
