2.400000000000000000e+02 4.000000000000000000e+00 0.000000000000000000e+00
2.402000000000000171e+02 4.000000000000000000e+00 0.000000000000000000e+00
2.404000000000000057e+02 4.000000000000000000e+00 0.000000000000000000e+00
2.406000000000000227e+02 5.656854249492380582e+00 0.000000000000000000e+00
2.408000000000000114e+02 5.656854249492380582e+00 0.000000000000000000e+00
2.410000000000000000e+02 5.656854249492380582e+00 0.000000000000000000e+00
2.412000000000000171e+02 5.656854249492380582e+00 0.000000000000000000e+00
2.414000000000000057e+02 5.656854249492380582e+00 0.000000000000000000e+00
2.416000000000000227e+02 5.656854249492380582e+00 0.000000000000000000e+00
2.418000000000000114e+02 5.656854249492380582e+00 0.000000000000000000e+00
2.420000000000000000e+02 4.000000000000000000e+00 0.000000000000000000e+00
2.422000000000000171e+02 0.000000000000000000e+00 0.000000000000000000e+00
2.424000000000000057e+02 4.000000000000000000e+00 0.000000000000000000e+00
2.426000000000000227e+02 5.656854249492380582e+00 0.000000000000000000e+00
2.428000000000000114e+02 5.656854249492380582e+00 0.000000000000000000e+00
2.430000000000000000e+02 5.656854249492380582e+00 0.000000000000000000e+00
2.432000000000000171e+02 5.656854249492380582e+00 0.000000000000000000e+00
2.434000000000000057e+02 5.656854249492380582e+00 0.000000000000000000e+00
2.436000000000000227e+02 5.656854249492380582e+00 0.000000000000000000e+00
2.438000000000000114e+02 5.656854249492380582e+00 0.000000000000000000e+00
2.440000000000000000e+02 5.656854249492380582e+00 3.100000300000000000e+11
2.442000000000000171e+02 5.656854249492380582e+00 3.100000300000000000e+11
2.444000000000000057e+02 5.656854249492380582e+00 3.100000300000000000e+11
2.446000000000000227e+02 4.000000000000000000e+00 3.100000300000000000e+11
2.448000000000000114e+02 4.000000000000000000e+00 3.100000300000000000e+11
2.450000000000000000e+02 4.000000000000000000e+00 3.100000300000000000e+11
2.452000000000000171e+02 4.000000000000000000e+00 3.100000300000000000e+11
2.454000000000000057e+02 0.000000000000000000e+00 3.100000300000000000e+11
2.456000000000000227e+02 0.000000000000000000e+00 3.100000300000000000e+11
2.458000000000000114e+02 0.000000000000000000e+00 3.100000300000000000e+11
2.460000000000000000e+02 4.000000000000000000e+00 3.100000300000000000e+11
2.462000000000000171e+02 4.000000000000000000e+00 3.100000300000000000e+11
2.464000000000000057e+02 5.656854249492380582e+00 3.100000300000000000e+11
2.466000000000000227e+02 5.656854249492380582e+00 3.100000300000000000e+11
2.468000000000000114e+02 5.656854249492380582e+00 3.100000300000000000e+11
2.470000000000000000e+02 5.656854249492380582e+00 3.100000300000000000e+11
2.472000000000000171e+02 5.656854249492380582e+00 3.100000300000000000e+11
2.474000000000000057e+02 4.000000000000000000e+00 3.100000300000000000e+11
2.476000000000000227e+02 4.000000000000000000e+00 3.100000300000000000e+11
2.478000000000000114e+02 4.000000000000000000e+00 3.100000300000000000e+11
2.480000000000000000e+02 0.000000000000000000e+00 0.000000000000000000e+00
2.482000000000000171e+02 0.000000000000000000e+00 0.000000000000000000e+00
2.484000000000000057e+02 0.000000000000000000e+00 0.000000000000000000e+00
2.486000000000000227e+02 4.000000000000000000e+00 0.000000000000000000e+00
2.488000000000000114e+02 4.000000000000000000e+00 0.000000000000000000e+00
2.490000000000000000e+02 4.000000000000000000e+00 0.000000000000000000e+00
2.492000000000000171e+02 4.000000000000000000e+00 0.000000000000000000e+00
2.494000000000000057e+02 5.656854249492380582e+00 0.000000000000000000e+00
2.496000000000000227e+02 5.656854249492380582e+00 0.000000000000000000e+00
2.498000000000000114e+02 5.656854249492380582e+00 0.000000000000000000e+00
2.500000000000000000e+02 4.000000000000000000e+00 0.000000000000000000e+00
2.502000000000000171e+02 4.000000000000000000e+00 0.000000000000000000e+00
2.504000000000000057e+02 4.000000000000000000e+00 0.000000000000000000e+00
2.506000000000000227e+02 4.000000000000000000e+00 0.000000000000000000e+00
2.508000000000000114e+02 0.000000000000000000e+00 0.000000000000000000e+00
2.510000000000000000e+02 0.000000000000000000e+00 0.000000000000000000e+00
2.512000000000000171e+02 0.000000000000000000e+00 0.000000000000000000e+00
2.514000000000000057e+02 4.000000000000000000e+00 0.000000000000000000e+00
2.516000000000000227e+02 4.000000000000000000e+00 0.000000000000000000e+00
2.518000000000000114e+02 4.000000000000000000e+00 0.000000000000000000e+00
2.520000000000000000e+02 5.656854249492380582e+00 3.100000300000000000e+11
2.522000000000000171e+02 5.656854249492380582e+00 3.100000300000000000e+11
2.524000000000000057e+02 5.656854249492380582e+00 3.100000300000000000e+11
2.526000000000000227e+02 5.656854249492380582e+00 3.100000300000000000e+11
2.528000000000000114e+02 4.000000000000000000e+00 3.100000300000000000e+11
2.530000000000000000e+02 4.000000000000000000e+00 3.100000300000000000e+11
2.532000000000000171e+02 4.000000000000000000e+00 3.100000300000000000e+11
2.534000000000000057e+02 0.000000000000000000e+00 3.100000300000000000e+11
2.536000000000000227e+02 0.000000000000000000e+00 3.100000300000000000e+11
2.538000000000000114e+02 0.000000000000000000e+00 3.100000300000000000e+11
2.540000000000000000e+02 0.000000000000000000e+00 3.100000300000000000e+11
2.542000000000000171e+02 4.000000000000000000e+00 3.100000300000000000e+11
2.544000000000000057e+02 4.000000000000000000e+00 3.100000300000000000e+11
2.546000000000000227e+02 4.000000000000000000e+00 3.100000300000000000e+11
2.548000000000000114e+02 5.656854249492380582e+00 3.100000300000000000e+11
2.550000000000000000e+02 5.656854249492380582e+00 3.100000300000000000e+11
2.552000000000000171e+02 5.656854249492380582e+00 3.100000300000000000e+11
2.554000000000000057e+02 5.656854249492380582e+00 3.100000300000000000e+11
2.556000000000000227e+02 4.000000000000000000e+00 3.100000300000000000e+11
2.558000000000000114e+02 4.000000000000000000e+00 3.100000300000000000e+11
2.560000000000000000e+02 4.000000000000000000e+00 0.000000000000000000e+00
2.561999999999999886e+02 0.000000000000000000e+00 0.000000000000000000e+00
2.564000000000000341e+02 0.000000000000000000e+00 0.000000000000000000e+00
2.566000000000000227e+02 0.000000000000000000e+00 0.000000000000000000e+00
2.568000000000000114e+02 0.000000000000000000e+00 0.000000000000000000e+00
2.570000000000000000e+02 4.000000000000000000e+00 0.000000000000000000e+00
2.571999999999999886e+02 4.000000000000000000e+00 0.000000000000000000e+00
2.574000000000000341e+02 4.000000000000000000e+00 0.000000000000000000e+00
2.576000000000000227e+02 5.656854249492380582e+00 0.000000000000000000e+00
2.578000000000000114e+02 5.656854249492380582e+00 0.000000000000000000e+00
2.580000000000000000e+02 5.656854249492380582e+00 0.000000000000000000e+00
2.581999999999999886e+02 4.000000000000000000e+00 0.000000000000000000e+00
2.584000000000000341e+02 4.000000000000000000e+00 0.000000000000000000e+00
2.586000000000000227e+02 4.000000000000000000e+00 0.000000000000000000e+00
2.588000000000000114e+02 4.000000000000000000e+00 0.000000000000000000e+00
2.590000000000000000e+02 0.000000000000000000e+00 0.000000000000000000e+00
2.591999999999999886e+02 0.000000000000000000e+00 0.000000000000000000e+00
2.594000000000000341e+02 0.000000000000000000e+00 0.000000000000000000e+00
2.596000000000000227e+02 4.000000000000000000e+00 0.000000000000000000e+00
2.598000000000000114e+02 4.000000000000000000e+00 0.000000000000000000e+00
2.600000000000000000e+02 4.000000000000000000e+00 3.100000000000000000e+11
2.601999999999999886e+02 4.000000000000000000e+00 3.100000300000000000e+11
2.604000000000000341e+02 5.656854249492380582e+00 3.100000300000000000e+11
2.606000000000000227e+02 5.656854249492380582e+00 3.100000300000000000e+11
2.608000000000000114e+02 5.656854249492380582e+00 3.100000300000000000e+11
2.610000000000000000e+02 4.000000000000000000e+00 3.100000300000000000e+11
2.611999999999999886e+02 4.000000000000000000e+00 3.100000300000000000e+11
2.614000000000000341e+02 4.000000000000000000e+00 3.100000300000000000e+11
2.616000000000000227e+02 4.000000000000000000e+00 3.100000300000000000e+11
2.618000000000000114e+02 0.000000000000000000e+00 3.100000300000000000e+11
2.620000000000000000e+02 0.000000000000000000e+00 3.100000300000000000e+11
2.621999999999999886e+02 0.000000000000000000e+00 3.100000300000000000e+11
2.624000000000000341e+02 4.000000000000000000e+00 3.100000300000000000e+11
2.626000000000000227e+02 4.000000000000000000e+00 3.100000300000000000e+11
2.628000000000000114e+02 4.000000000000000000e+00 3.100000300000000000e+11
2.630000000000000000e+02 5.656854249492380582e+00 3.100000300000000000e+11
2.631999999999999886e+02 5.656854249492380582e+00 3.100000300000000000e+11
2.634000000000000341e+02 5.656854249492380582e+00 3.100000300000000000e+11
2.636000000000000227e+02 5.656854249492380582e+00 3.100000300000000000e+11
2.638000000000000114e+02 4.000000000000000000e+00 3.100000300000000000e+11
2.640000000000000000e+02 4.000000000000000000e+00 0.000000000000000000e+00
2.641999999999999886e+02 4.000000000000000000e+00 0.000000000000000000e+00
2.644000000000000341e+02 0.000000000000000000e+00 0.000000000000000000e+00
2.646000000000000227e+02 0.000000000000000000e+00 0.000000000000000000e+00
2.648000000000000114e+02 0.000000000000000000e+00 0.000000000000000000e+00
2.650000000000000000e+02 0.000000000000000000e+00 0.000000000000000000e+00
2.651999999999999886e+02 4.000000000000000000e+00 0.000000000000000000e+00
2.654000000000000341e+02 4.000000000000000000e+00 0.000000000000000000e+00
2.656000000000000227e+02 4.000000000000000000e+00 0.000000000000000000e+00
2.658000000000000114e+02 5.656854249492380582e+00 0.000000000000000000e+00
2.660000000000000000e+02 5.656854249492380582e+00 0.000000000000000000e+00
2.661999999999999886e+02 5.656854249492380582e+00 0.000000000000000000e+00
2.664000000000000341e+02 5.656854249492380582e+00 0.000000000000000000e+00
2.666000000000000227e+02 4.000000000000000000e+00 0.000000000000000000e+00
2.668000000000000114e+02 4.000000000000000000e+00 0.000000000000000000e+00
2.670000000000000000e+02 4.000000000000000000e+00 0.000000000000000000e+00
2.671999999999999886e+02 0.000000000000000000e+00 0.000000000000000000e+00
2.674000000000000341e+02 0.000000000000000000e+00 0.000000000000000000e+00
2.676000000000000227e+02 0.000000000000000000e+00 0.000000000000000000e+00
2.678000000000000114e+02 4.000000000000000000e+00 0.000000000000000000e+00
2.680000000000000000e+02 4.000000000000000000e+00 3.100000300000000000e+11
2.681999999999999886e+02 4.000000000000000000e+00 3.100000300000000000e+11
2.684000000000000341e+02 4.000000000000000000e+00 3.100000300000000000e+11
2.686000000000000227e+02 5.656854249492380582e+00 3.100000300000000000e+11
2.688000000000000114e+02 5.656854249492380582e+00 3.100000300000000000e+11
2.690000000000000000e+02 5.656854249492380582e+00 3.100000300000000000e+11
2.691999999999999886e+02 4.000000000000000000e+00 3.100000300000000000e+11
2.694000000000000341e+02 4.000000000000000000e+00 3.100000300000000000e+11
2.696000000000000227e+02 4.000000000000000000e+00 3.100000300000000000e+11
2.698000000000000114e+02 4.000000000000000000e+00 3.100000300000000000e+11
2.700000000000000000e+02 0.000000000000000000e+00 3.100000300000000000e+11
2.701999999999999886e+02 0.000000000000000000e+00 3.100000300000000000e+11
2.704000000000000341e+02 0.000000000000000000e+00 3.100000300000000000e+11
2.706000000000000227e+02 4.000000000000000000e+00 3.100000300000000000e+11
2.708000000000000114e+02 4.000000000000000000e+00 3.100000300000000000e+11
2.710000000000000000e+02 4.000000000000000000e+00 3.100000300000000000e+11
2.711999999999999886e+02 4.000000000000000000e+00 3.100000300000000000e+11
2.714000000000000341e+02 5.656854249492380582e+00 3.100000300000000000e+11
2.716000000000000227e+02 5.656854249492380582e+00 3.100000300000000000e+11
2.718000000000000114e+02 5.656854249492380582e+00 3.100000300000000000e+11
2.720000000000000000e+02 4.000000000000000000e+00 0.000000000000000000e+00
2.721999999999999886e+02 4.000000000000000000e+00 0.000000000000000000e+00
2.724000000000000341e+02 4.000000000000000000e+00 0.000000000000000000e+00
2.726000000000000227e+02 4.000000000000000000e+00 0.000000000000000000e+00
2.728000000000000114e+02 0.000000000000000000e+00 0.000000000000000000e+00
2.730000000000000000e+02 0.000000000000000000e+00 0.000000000000000000e+00
2.731999999999999886e+02 0.000000000000000000e+00 0.000000000000000000e+00
2.734000000000000341e+02 4.000000000000000000e+00 0.000000000000000000e+00
2.736000000000000227e+02 4.000000000000000000e+00 0.000000000000000000e+00
2.738000000000000114e+02 4.000000000000000000e+00 0.000000000000000000e+00
2.740000000000000000e+02 5.656854249492380582e+00 0.000000000000000000e+00
2.741999999999999886e+02 5.656854249492380582e+00 0.000000000000000000e+00
2.744000000000000341e+02 5.656854249492380582e+00 0.000000000000000000e+00
2.746000000000000227e+02 5.656854249492380582e+00 0.000000000000000000e+00
2.748000000000000114e+02 4.000000000000000000e+00 0.000000000000000000e+00
2.750000000000000000e+02 4.000000000000000000e+00 0.000000000000000000e+00
2.751999999999999886e+02 4.000000000000000000e+00 0.000000000000000000e+00
2.754000000000000341e+02 0.000000000000000000e+00 0.000000000000000000e+00
2.756000000000000227e+02 0.000000000000000000e+00 0.000000000000000000e+00
2.758000000000000114e+02 0.000000000000000000e+00 0.000000000000000000e+00
2.760000000000000000e+02 0.000000000000000000e+00 3.100000300000000000e+11
2.761999999999999886e+02 4.000000000000000000e+00 3.100000300000000000e+11
2.764000000000000341e+02 4.000000000000000000e+00 3.100000300000000000e+11
2.766000000000000227e+02 4.000000000000000000e+00 3.100000300000000000e+11
2.768000000000000114e+02 5.656854249492380582e+00 3.100000300000000000e+11
2.770000000000000000e+02 5.656854249492380582e+00 3.100000300000000000e+11
2.771999999999999886e+02 5.656854249492380582e+00 3.100000300000000000e+11
2.774000000000000341e+02 5.656854249492380582e+00 3.100000300000000000e+11
2.776000000000000227e+02 4.000000000000000000e+00 3.100000300000000000e+11
2.778000000000000114e+02 4.000000000000000000e+00 3.100000300000000000e+11
2.780000000000000000e+02 4.000000000000000000e+00 3.100000300000000000e+11
2.781999999999999886e+02 0.000000000000000000e+00 3.100000300000000000e+11
2.784000000000000341e+02 0.000000000000000000e+00 3.100000300000000000e+11
2.786000000000000227e+02 0.000000000000000000e+00 3.100000300000000000e+11
2.788000000000000114e+02 0.000000000000000000e+00 3.100000300000000000e+11
2.790000000000000000e+02 4.000000000000000000e+00 3.100000300000000000e+11
2.791999999999999886e+02 4.000000000000000000e+00 3.100000300000000000e+11
2.794000000000000341e+02 4.000000000000000000e+00 3.100000300000000000e+11
2.796000000000000227e+02 4.000000000000000000e+00 3.100000300000000000e+11
2.798000000000000114e+02 5.656854249492380582e+00 3.100000300000000000e+11
2.800000000000000000e+02 5.656854249492380582e+00 0.000000000000000000e+00
2.801999999999999886e+02 5.656854249492380582e+00 0.000000000000000000e+00
2.804000000000000341e+02 8.944271909999159220e+00 0.000000000000000000e+00
2.806000000000000227e+02 8.000000000000000000e+00 0.000000000000000000e+00
2.808000000000000114e+02 4.000000000000000000e+00 0.000000000000000000e+00
2.810000000000000000e+02 4.000000000000000000e+00 0.000000000000000000e+00
2.811999999999999886e+02 5.656854249492380582e+00 0.000000000000000000e+00
2.814000000000000341e+02 0.000000000000000000e+00 0.000000000000000000e+00
2.816000000000000227e+02 0.000000000000000000e+00 0.000000000000000000e+00
2.818000000000000114e+02 0.000000000000000000e+00 0.000000000000000000e+00
2.820000000000000000e+02 5.656854249492380582e+00 0.000000000000000000e+00
2.821999999999999886e+02 4.000000000000000000e+00 0.000000000000000000e+00
2.824000000000000341e+02 4.000000000000000000e+00 0.000000000000000000e+00
2.826000000000000227e+02 4.000000000000000000e+00 0.000000000000000000e+00
2.828000000000000114e+02 8.944271909999159220e+00 0.000000000000000000e+00
2.830000000000000000e+02 5.656854249492380582e+00 0.000000000000000000e+00
2.831999999999999886e+02 5.656854249492380582e+00 0.000000000000000000e+00
2.834000000000000341e+02 5.656854249492380582e+00 0.000000000000000000e+00
2.836000000000000227e+02 4.000000000000000000e+00 0.000000000000000000e+00
2.838000000000000114e+02 4.000000000000000000e+00 0.000000000000000000e+00
2.840000000000000000e+02 4.000000000000000000e+00 3.100000300000000000e+11
2.841999999999999886e+02 5.656854249492380582e+00 3.100000300000000000e+11
2.844000000000000341e+02 4.000000000000000000e+00 3.100000300000000000e+11
2.846000000000000227e+02 4.000000000000000000e+00 3.100000300000000000e+11
2.848000000000000114e+02 4.000000000000000000e+00 3.100000300000000000e+11
2.850000000000000000e+02 4.000000000000000000e+00 3.100000300000000000e+11
2.851999999999999886e+02 8.944271909999159220e+00 3.100000300000000000e+11
2.854000000000000341e+02 1.131370849898476116e+01 3.100000300000000000e+11
2.856000000000000227e+02 1.264911064067351809e+01 3.100000300000000000e+11
2.858000000000000114e+02 1.600000000000000000e+01 3.100000300000000000e+11
2.860000000000000000e+02 1.788854381999831844e+01 3.100000300000000000e+11
2.861999999999999886e+02 2.000000000000000000e+01 3.100000300000000000e+11
2.864000000000000341e+02 2.332380757938120297e+01 3.100000300000000000e+11
2.866000000000000227e+02 2.433105012119287736e+01 3.100000300000000000e+11
2.868000000000000114e+02 2.912043955712207222e+01 3.100000300000000000e+11
2.870000000000000000e+02 3.440930106817050671e+01 3.100000300000000000e+11
2.871999999999999886e+02 3.773592452822641263e+01 3.100000300000000000e+11
2.874000000000000341e+02 4.019950248448355978e+01 3.100000300000000000e+11
2.876000000000000227e+02 4.560701700396551672e+01 3.100000300000000000e+11
2.878000000000000114e+02 5.381449618829483938e+01 3.100000300000000000e+11
2.880000000000000000e+02 6.092618484691126923e+01 0.000000000000000000e+00
2.881999999999999886e+02 6.000000000000000000e+01 0.000000000000000000e+00
2.884000000000000341e+02 6.092618484691126923e+01 0.000000000000000000e+00
2.886000000000000227e+02 6.248199740725323181e+01 0.000000000000000000e+00
2.888000000000000114e+02 6.324555320336758513e+01 0.000000000000000000e+00
2.890000000000000000e+02 6.449806198638839305e+01 0.000000000000000000e+00
2.891999999999999886e+02 6.449806198638839305e+01 0.000000000000000000e+00
2.894000000000000341e+02 6.248199740725323181e+01 0.000000000000000000e+00
2.896000000000000227e+02 6.209669878504009688e+01 0.000000000000000000e+00
2.898000000000000114e+02 6.053098380168622583e+01 0.000000000000000000e+00
2.900000000000000000e+02 6.105735008989498880e+01 0.000000000000000000e+00
2.901999999999999886e+02 5.768882040742382600e+01 0.000000000000000000e+00
2.904000000000000341e+02 5.656854249492380404e+01 0.000000000000000000e+00
2.906000000000000227e+02 5.440588203494177577e+01 0.000000000000000000e+00
2.908000000000000114e+02 5.381449618829483938e+01 0.000000000000000000e+00
2.910000000000000000e+02 5.366563145999495532e+01 0.000000000000000000e+00
2.911999999999999886e+02 5.200000000000000000e+01 0.000000000000000000e+00
2.914000000000000341e+02 5.366563145999495532e+01 0.000000000000000000e+00
2.916000000000000227e+02 5.381449618829483938e+01 0.000000000000000000e+00
2.918000000000000114e+02 5.440588203494177577e+01 0.000000000000000000e+00
2.920000000000000000e+02 5.614267539047279598e+01 3.100000300000000000e+11
2.921999999999999886e+02 6.449806198638839305e+01 3.100000300000000000e+11
2.924000000000000341e+02 7.375635565834309659e+01 3.100000300000000000e+11
2.926000000000000227e+02 8.352245207128440541e+01 3.100000300000000000e+11
2.928000000000000114e+02 9.633275663033836622e+01 3.100000300000000000e+11
2.930000000000000000e+02 1.091787525116494493e+02 3.100000300000000000e+11
2.931999999999999886e+02 1.232233744059949032e+02 3.100000300000000000e+11
2.934000000000000341e+02 1.388524396616782610e+02 3.100000300000000000e+11
2.936000000000000227e+02 1.533101431738944029e+02 3.100000300000000000e+11
2.938000000000000114e+02 1.271219886565656338e+02 3.100000300000000000e+11
2.940000000000000000e+02 1.126410227226297849e+02 3.100000300000000000e+11
2.941999999999999886e+02 1.275617497528157998e+02 3.100000300000000000e+11
2.944000000000000341e+02 1.470782104868018791e+02 3.100000300000000000e+11
2.946000000000000227e+02 1.641950060141903407e+02 3.100000300000000000e+11
2.948000000000000114e+02 1.214578116055118073e+02 3.100000300000000000e+11
2.950000000000000000e+02 1.076289923765896788e+02 3.100000300000000000e+11
2.951999999999999886e+02 9.138927727036690385e+01 3.100000300000000000e+11
2.954000000000000341e+02 8.000000000000000000e+01 3.100000300000000000e+11
2.956000000000000227e+02 6.462197768561404132e+01 3.100000300000000000e+11
2.958000000000000114e+02 5.946427498927402411e+01 3.100000300000000000e+11
2.960000000000000000e+02 5.200000000000000000e+01 0.000000000000000000e+00
2.961999999999999886e+02 5.215361924162119323e+01 0.000000000000000000e+00
2.964000000000000341e+02 5.366563145999495532e+01 0.000000000000000000e+00
2.966000000000000227e+02 5.091168824543142080e+01 0.000000000000000000e+00
2.968000000000000114e+02 5.059644256269407236e+01 0.000000000000000000e+00
2.970000000000000000e+02 4.816637831516918311e+01 0.000000000000000000e+00
2.971999999999999886e+02 4.833218389437828932e+01 0.000000000000000000e+00
2.974000000000000341e+02 4.816637831516918311e+01 0.000000000000000000e+00
2.976000000000000227e+02 4.560701700396551672e+01 0.000000000000000000e+00
2.978000000000000114e+02 4.472135954999579610e+01 0.000000000000000000e+00
2.980000000000000000e+02 4.326661530556787483e+01 0.000000000000000000e+00
2.981999999999999886e+02 4.326661530556787483e+01 0.000000000000000000e+00
2.984000000000000341e+02 4.418144406874904462e+01 0.000000000000000000e+00
2.986000000000000227e+02 4.308131845707602992e+01 0.000000000000000000e+00
2.988000000000000114e+02 4.525483399593904466e+01 0.000000000000000000e+00
2.990000000000000000e+02 4.681879964287850271e+01 0.000000000000000000e+00
2.991999999999999886e+02 4.800000000000000000e+01 0.000000000000000000e+00
2.994000000000000341e+02 4.833218389437828932e+01 0.000000000000000000e+00
2.996000000000000227e+02 4.525483399593904466e+01 0.000000000000000000e+00
2.998000000000000114e+02 4.681879964287850271e+01 0.000000000000000000e+00
3.000000000000000000e+02 4.400000000000000000e+01 3.100000300000000000e+11
3.001999999999999886e+02 3.794733192202055250e+01 3.100000300000000000e+11
3.004000000000000341e+02 3.124099870362661591e+01 3.100000300000000000e+11
3.006000000000000227e+02 2.683281572999747766e+01 3.100000300000000000e+11
3.008000000000000114e+02 2.000000000000000000e+01 3.100000300000000000e+11
3.010000000000000000e+02 1.788854381999831844e+01 3.100000300000000000e+11
3.011999999999999886e+02 1.442220510185595650e+01 3.100000300000000000e+11
3.014000000000000341e+02 1.264911064067351809e+01 3.100000300000000000e+11
3.016000000000000227e+02 1.264911064067351809e+01 3.100000300000000000e+11
3.018000000000000114e+02 1.131370849898476116e+01 3.100000300000000000e+11
3.020000000000000000e+02 8.944271909999159220e+00 3.100000300000000000e+11
3.021999999999999886e+02 8.000000000000000000e+00 3.100000300000000000e+11
3.024000000000000341e+02 8.944271909999159220e+00 3.100000300000000000e+11
3.026000000000000227e+02 8.944271909999159220e+00 3.100000300000000000e+11
3.028000000000000114e+02 5.656854249492380582e+00 3.100000300000000000e+11
3.030000000000000000e+02 8.944271909999159220e+00 3.100000300000000000e+11
3.031999999999999886e+02 4.000000000000000000e+00 3.100000300000000000e+11
3.034000000000000341e+02 4.000000000000000000e+00 3.100000300000000000e+11
3.036000000000000227e+02 4.000000000000000000e+00 3.100000300000000000e+11
3.038000000000000114e+02 4.000000000000000000e+00 3.100000300000000000e+11
3.040000000000000000e+02 0.000000000000000000e+00 0.000000000000000000e+00
3.041999999999999886e+02 0.000000000000000000e+00 0.000000000000000000e+00
3.044000000000000341e+02 0.000000000000000000e+00 0.000000000000000000e+00
3.046000000000000227e+02 0.000000000000000000e+00 0.000000000000000000e+00
3.048000000000000114e+02 4.000000000000000000e+00 0.000000000000000000e+00
3.050000000000000000e+02 4.000000000000000000e+00 0.000000000000000000e+00
3.051999999999999886e+02 4.000000000000000000e+00 0.000000000000000000e+00
3.054000000000000341e+02 4.000000000000000000e+00 0.000000000000000000e+00
3.056000000000000227e+02 5.656854249492380582e+00 0.000000000000000000e+00
3.058000000000000114e+02 5.656854249492380582e+00 0.000000000000000000e+00
3.060000000000000000e+02 5.656854249492380582e+00 0.000000000000000000e+00
3.061999999999999886e+02 4.000000000000000000e+00 0.000000000000000000e+00
3.064000000000000341e+02 4.000000000000000000e+00 0.000000000000000000e+00
3.066000000000000227e+02 4.000000000000000000e+00 0.000000000000000000e+00
3.068000000000000114e+02 4.000000000000000000e+00 0.000000000000000000e+00
3.070000000000000000e+02 0.000000000000000000e+00 0.000000000000000000e+00
3.072000000000000455e+02 0.000000000000000000e+00 0.000000000000000000e+00
3.074000000000000341e+02 0.000000000000000000e+00 0.000000000000000000e+00
3.076000000000000227e+02 0.000000000000000000e+00 0.000000000000000000e+00
3.078000000000000114e+02 4.000000000000000000e+00 0.000000000000000000e+00
3.080000000000000000e+02 4.000000000000000000e+00 3.100000300000000000e+11
3.082000000000000455e+02 4.000000000000000000e+00 3.100000300000000000e+11
3.084000000000000341e+02 5.656854249492380582e+00 3.100000300000000000e+11
3.086000000000000227e+02 5.656854249492380582e+00 3.100000300000000000e+11
3.088000000000000114e+02 5.656854249492380582e+00 3.100000300000000000e+11
3.090000000000000000e+02 5.656854249492380582e+00 3.100000300000000000e+11
3.092000000000000455e+02 4.000000000000000000e+00 3.100000300000000000e+11
3.094000000000000341e+02 4.000000000000000000e+00 3.100000300000000000e+11
3.096000000000000227e+02 4.000000000000000000e+00 3.100000300000000000e+11
3.098000000000000114e+02 4.000000000000000000e+00 3.100000300000000000e+11
3.100000000000000000e+02 0.000000000000000000e+00 3.100000300000000000e+11
3.102000000000000455e+02 0.000000000000000000e+00 3.100000300000000000e+11
3.104000000000000341e+02 0.000000000000000000e+00 3.100000300000000000e+11
3.106000000000000227e+02 4.000000000000000000e+00 3.100000300000000000e+11
3.108000000000000114e+02 4.000000000000000000e+00 3.100000300000000000e+11
3.110000000000000000e+02 4.000000000000000000e+00 3.100000300000000000e+11
3.112000000000000455e+02 4.000000000000000000e+00 3.100000300000000000e+11
3.114000000000000341e+02 5.656854249492380582e+00 3.100000300000000000e+11
3.116000000000000227e+02 5.656854249492380582e+00 3.100000300000000000e+11
3.118000000000000114e+02 5.656854249492380582e+00 3.100000300000000000e+11
3.120000000000000000e+02 4.000000000000000000e+00 0.000000000000000000e+00
3.122000000000000455e+02 4.000000000000000000e+00 0.000000000000000000e+00
3.124000000000000341e+02 4.000000000000000000e+00 0.000000000000000000e+00
3.126000000000000227e+02 4.000000000000000000e+00 0.000000000000000000e+00
3.128000000000000114e+02 0.000000000000000000e+00 0.000000000000000000e+00
3.130000000000000000e+02 0.000000000000000000e+00 0.000000000000000000e+00
3.132000000000000455e+02 0.000000000000000000e+00 0.000000000000000000e+00
3.134000000000000341e+02 4.000000000000000000e+00 0.000000000000000000e+00
3.136000000000000227e+02 4.000000000000000000e+00 0.000000000000000000e+00
3.138000000000000114e+02 4.000000000000000000e+00 0.000000000000000000e+00
3.140000000000000000e+02 5.656854249492380582e+00 0.000000000000000000e+00
3.142000000000000455e+02 5.656854249492380582e+00 0.000000000000000000e+00
3.144000000000000341e+02 5.656854249492380582e+00 0.000000000000000000e+00
3.146000000000000227e+02 5.656854249492380582e+00 0.000000000000000000e+00
3.148000000000000114e+02 4.000000000000000000e+00 0.000000000000000000e+00
3.150000000000000000e+02 4.000000000000000000e+00 0.000000000000000000e+00
3.152000000000000455e+02 4.000000000000000000e+00 0.000000000000000000e+00
3.154000000000000341e+02 0.000000000000000000e+00 0.000000000000000000e+00
3.156000000000000227e+02 0.000000000000000000e+00 0.000000000000000000e+00
3.158000000000000114e+02 0.000000000000000000e+00 0.000000000000000000e+00
3.160000000000000000e+02 0.000000000000000000e+00 3.100000300000000000e+11
3.162000000000000455e+02 4.000000000000000000e+00 3.100000300000000000e+11
3.164000000000000341e+02 4.000000000000000000e+00 3.100000300000000000e+11
3.166000000000000227e+02 4.000000000000000000e+00 3.100000300000000000e+11
3.168000000000000114e+02 5.656854249492380582e+00 3.100000300000000000e+11
3.170000000000000000e+02 5.656854249492380582e+00 3.100000300000000000e+11
3.172000000000000455e+02 5.656854249492380582e+00 3.100000300000000000e+11
3.174000000000000341e+02 5.656854249492380582e+00 3.100000300000000000e+11
3.176000000000000227e+02 4.000000000000000000e+00 3.100000300000000000e+11
3.178000000000000114e+02 4.000000000000000000e+00 3.100000300000000000e+11
3.180000000000000000e+02 4.000000000000000000e+00 3.100000300000000000e+11
3.182000000000000455e+02 0.000000000000000000e+00 3.100000300000000000e+11
3.184000000000000341e+02 0.000000000000000000e+00 3.100000300000000000e+11
3.186000000000000227e+02 0.000000000000000000e+00 3.100000300000000000e+11
3.188000000000000114e+02 0.000000000000000000e+00 3.100000300000000000e+11
3.190000000000000000e+02 4.000000000000000000e+00 3.100000300000000000e+11
3.192000000000000455e+02 4.000000000000000000e+00 3.100000300000000000e+11
3.194000000000000341e+02 4.000000000000000000e+00 3.100000300000000000e+11
3.196000000000000227e+02 5.656854249492380582e+00 3.100000300000000000e+11
3.198000000000000114e+02 5.656854249492380582e+00 3.100000300000000000e+11
