3.200000000000000000e+02 5.656854249492380582e+00 0.000000000000000000e+00
3.202000000000000455e+02 4.000000000000000000e+00 0.000000000000000000e+00
3.204000000000000341e+02 4.000000000000000000e+00 0.000000000000000000e+00
3.206000000000000227e+02 5.656854249492380582e+00 0.000000000000000000e+00
3.208000000000000114e+02 5.656854249492380582e+00 0.000000000000000000e+00
3.210000000000000000e+02 5.656854249492380582e+00 0.000000000000000000e+00
3.212000000000000455e+02 5.656854249492380582e+00 0.000000000000000000e+00
3.214000000000000341e+02 5.656854249492380582e+00 0.000000000000000000e+00
3.216000000000000227e+02 5.656854249492380582e+00 0.000000000000000000e+00
3.218000000000000114e+02 5.656854249492380582e+00 0.000000000000000000e+00
3.220000000000000000e+02 5.656854249492380582e+00 0.000000000000000000e+00
3.222000000000000455e+02 5.656854249492380582e+00 0.000000000000000000e+00
3.224000000000000341e+02 4.000000000000000000e+00 0.000000000000000000e+00
3.226000000000000227e+02 0.000000000000000000e+00 0.000000000000000000e+00
3.228000000000000114e+02 5.656854249492380582e+00 0.000000000000000000e+00
3.230000000000000000e+02 5.656854249492380582e+00 0.000000000000000000e+00
3.232000000000000455e+02 5.656854249492380582e+00 0.000000000000000000e+00
3.234000000000000341e+02 5.656854249492380582e+00 0.000000000000000000e+00
3.236000000000000227e+02 5.656854249492380582e+00 0.000000000000000000e+00
3.238000000000000114e+02 5.656854249492380582e+00 0.000000000000000000e+00
3.240000000000000000e+02 5.656854249492380582e+00 3.125000000000000000e+11
3.242000000000000455e+02 5.656854249492380582e+00 3.125000000000000000e+11
3.244000000000000341e+02 5.656854249492380582e+00 3.125000000000000000e+11
3.246000000000000227e+02 4.000000000000000000e+00 3.125000000000000000e+11
3.248000000000000114e+02 4.000000000000000000e+00 3.125000000000000000e+11
3.250000000000000000e+02 4.000000000000000000e+00 3.124999300000000000e+11
3.252000000000000455e+02 4.000000000000000000e+00 3.125000000000000000e+11
3.254000000000000341e+02 0.000000000000000000e+00 3.124999300000000000e+11
3.256000000000000227e+02 0.000000000000000000e+00 3.125000000000000000e+11
3.258000000000000114e+02 0.000000000000000000e+00 3.125000000000000000e+11
3.260000000000000000e+02 4.000000000000000000e+00 3.125000000000000000e+11
3.262000000000000455e+02 4.000000000000000000e+00 3.125000000000000000e+11
3.264000000000000341e+02 4.000000000000000000e+00 3.125000000000000000e+11
3.266000000000000227e+02 5.656854249492380582e+00 3.125000000000000000e+11
3.268000000000000114e+02 5.656854249492380582e+00 3.125000000000000000e+11
3.270000000000000000e+02 5.656854249492380582e+00 3.125000000000000000e+11
3.272000000000000455e+02 5.656854249492380582e+00 3.125000000000000000e+11
3.274000000000000341e+02 4.000000000000000000e+00 3.125000000000000000e+11
3.276000000000000227e+02 4.000000000000000000e+00 3.125000000000000000e+11
3.278000000000000114e+02 4.000000000000000000e+00 3.125000000000000000e+11
3.280000000000000000e+02 4.000000000000000000e+00 0.000000000000000000e+00
3.282000000000000455e+02 0.000000000000000000e+00 0.000000000000000000e+00
3.284000000000000341e+02 0.000000000000000000e+00 0.000000000000000000e+00
3.286000000000000227e+02 0.000000000000000000e+00 0.000000000000000000e+00
3.288000000000000114e+02 4.000000000000000000e+00 0.000000000000000000e+00
3.290000000000000000e+02 4.000000000000000000e+00 0.000000000000000000e+00
3.292000000000000455e+02 4.000000000000000000e+00 0.000000000000000000e+00
3.294000000000000341e+02 5.656854249492380582e+00 0.000000000000000000e+00
3.296000000000000227e+02 5.656854249492380582e+00 0.000000000000000000e+00
3.298000000000000114e+02 5.656854249492380582e+00 0.000000000000000000e+00
3.300000000000000000e+02 5.656854249492380582e+00 0.000000000000000000e+00
3.302000000000000455e+02 4.000000000000000000e+00 0.000000000000000000e+00
3.304000000000000341e+02 4.000000000000000000e+00 0.000000000000000000e+00
3.306000000000000227e+02 4.000000000000000000e+00 0.000000000000000000e+00
3.308000000000000114e+02 0.000000000000000000e+00 0.000000000000000000e+00
3.310000000000000000e+02 0.000000000000000000e+00 0.000000000000000000e+00
3.312000000000000455e+02 0.000000000000000000e+00 0.000000000000000000e+00
3.314000000000000341e+02 0.000000000000000000e+00 0.000000000000000000e+00
3.316000000000000227e+02 4.000000000000000000e+00 0.000000000000000000e+00
3.318000000000000114e+02 4.000000000000000000e+00 0.000000000000000000e+00
3.320000000000000000e+02 4.000000000000000000e+00 3.125000000000000000e+11
3.322000000000000455e+02 5.656854249492380582e+00 3.125000000000000000e+11
3.324000000000000341e+02 5.656854249492380582e+00 3.125000000000000000e+11
3.326000000000000227e+02 5.656854249492380582e+00 3.125000000000000000e+11
3.328000000000000114e+02 4.000000000000000000e+00 3.124999300000000000e+11
3.330000000000000000e+02 4.000000000000000000e+00 3.125000000000000000e+11
3.332000000000000455e+02 4.000000000000000000e+00 3.125000000000000000e+11
3.334000000000000341e+02 4.000000000000000000e+00 3.125000000000000000e+11
3.336000000000000227e+02 0.000000000000000000e+00 3.124999300000000000e+11
3.338000000000000114e+02 0.000000000000000000e+00 3.124999300000000000e+11
3.340000000000000000e+02 0.000000000000000000e+00 3.125000000000000000e+11
3.342000000000000455e+02 4.000000000000000000e+00 3.125000000000000000e+11
3.344000000000000341e+02 4.000000000000000000e+00 3.125000000000000000e+11
3.346000000000000227e+02 4.000000000000000000e+00 3.125000000000000000e+11
3.348000000000000114e+02 4.000000000000000000e+00 3.125000000000000000e+11
3.350000000000000000e+02 5.656854249492380582e+00 3.125000000000000000e+11
3.352000000000000455e+02 5.656854249492380582e+00 3.125000000000000000e+11
3.354000000000000341e+02 5.656854249492380582e+00 3.125000000000000000e+11
3.356000000000000227e+02 4.000000000000000000e+00 3.125000000000000000e+11
3.358000000000000114e+02 4.000000000000000000e+00 3.125000000000000000e+11
3.360000000000000000e+02 4.000000000000000000e+00 0.000000000000000000e+00
3.362000000000000455e+02 4.000000000000000000e+00 0.000000000000000000e+00
3.364000000000000341e+02 0.000000000000000000e+00 0.000000000000000000e+00
3.366000000000000227e+02 0.000000000000000000e+00 0.000000000000000000e+00
3.368000000000000114e+02 0.000000000000000000e+00 0.000000000000000000e+00
3.370000000000000000e+02 4.000000000000000000e+00 0.000000000000000000e+00
3.372000000000000455e+02 4.000000000000000000e+00 0.000000000000000000e+00
3.374000000000000341e+02 4.000000000000000000e+00 0.000000000000000000e+00
3.376000000000000227e+02 4.000000000000000000e+00 0.000000000000000000e+00
3.378000000000000114e+02 5.656854249492380582e+00 0.000000000000000000e+00
3.380000000000000000e+02 5.656854249492380582e+00 0.000000000000000000e+00
3.382000000000000455e+02 5.656854249492380582e+00 0.000000000000000000e+00
3.384000000000000341e+02 4.000000000000000000e+00 0.000000000000000000e+00
3.386000000000000227e+02 4.000000000000000000e+00 0.000000000000000000e+00
3.388000000000000114e+02 4.000000000000000000e+00 0.000000000000000000e+00
3.390000000000000000e+02 0.000000000000000000e+00 0.000000000000000000e+00
3.392000000000000455e+02 0.000000000000000000e+00 0.000000000000000000e+00
3.394000000000000341e+02 0.000000000000000000e+00 0.000000000000000000e+00
3.396000000000000227e+02 0.000000000000000000e+00 0.000000000000000000e+00
3.398000000000000114e+02 4.000000000000000000e+00 0.000000000000000000e+00
3.400000000000000000e+02 4.000000000000000000e+00 3.124999300000000000e+11
3.402000000000000455e+02 4.000000000000000000e+00 3.125000000000000000e+11
3.404000000000000341e+02 5.656854249492380582e+00 3.125000000000000000e+11
3.406000000000000227e+02 5.656854249492380582e+00 3.125000000000000000e+11
3.408000000000000114e+02 5.656854249492380582e+00 3.125000000000000000e+11
3.410000000000000000e+02 5.656854249492380582e+00 3.125000000000000000e+11
3.412000000000000455e+02 4.000000000000000000e+00 3.125000000000000000e+11
3.414000000000000341e+02 4.000000000000000000e+00 3.125000000000000000e+11
3.416000000000000227e+02 4.000000000000000000e+00 3.125000000000000000e+11
3.418000000000000114e+02 0.000000000000000000e+00 3.125000000000000000e+11
3.420000000000000000e+02 0.000000000000000000e+00 3.125000000000000000e+11
3.422000000000000455e+02 0.000000000000000000e+00 3.125000000000000000e+11
3.424000000000000341e+02 0.000000000000000000e+00 3.125000000000000000e+11
3.426000000000000227e+02 4.000000000000000000e+00 3.124999300000000000e+11
3.428000000000000114e+02 4.000000000000000000e+00 3.125000000000000000e+11
3.430000000000000000e+02 4.000000000000000000e+00 3.125000000000000000e+11
3.432000000000000455e+02 5.656854249492380582e+00 3.125000000000000000e+11
3.434000000000000341e+02 5.656854249492380582e+00 3.125000000000000000e+11
3.436000000000000227e+02 5.656854249492380582e+00 3.124999300000000000e+11
3.438000000000000114e+02 5.656854249492380582e+00 3.125000000000000000e+11
3.440000000000000000e+02 4.000000000000000000e+00 0.000000000000000000e+00
3.442000000000000455e+02 4.000000000000000000e+00 0.000000000000000000e+00
3.444000000000000341e+02 4.000000000000000000e+00 0.000000000000000000e+00
3.446000000000000227e+02 0.000000000000000000e+00 0.000000000000000000e+00
3.448000000000000114e+02 0.000000000000000000e+00 0.000000000000000000e+00
3.450000000000000000e+02 0.000000000000000000e+00 0.000000000000000000e+00
3.452000000000000455e+02 4.000000000000000000e+00 0.000000000000000000e+00
3.454000000000000341e+02 4.000000000000000000e+00 0.000000000000000000e+00
3.456000000000000227e+02 4.000000000000000000e+00 0.000000000000000000e+00
3.458000000000000114e+02 4.000000000000000000e+00 0.000000000000000000e+00
3.460000000000000000e+02 5.656854249492380582e+00 0.000000000000000000e+00
3.462000000000000455e+02 5.656854249492380582e+00 0.000000000000000000e+00
3.464000000000000341e+02 5.656854249492380582e+00 0.000000000000000000e+00
3.466000000000000227e+02 4.000000000000000000e+00 0.000000000000000000e+00
3.468000000000000114e+02 4.000000000000000000e+00 0.000000000000000000e+00
3.470000000000000000e+02 4.000000000000000000e+00 0.000000000000000000e+00
3.472000000000000455e+02 4.000000000000000000e+00 0.000000000000000000e+00
3.474000000000000341e+02 0.000000000000000000e+00 0.000000000000000000e+00
3.476000000000000227e+02 0.000000000000000000e+00 0.000000000000000000e+00
3.478000000000000114e+02 0.000000000000000000e+00 0.000000000000000000e+00
3.480000000000000000e+02 4.000000000000000000e+00 3.125000000000000000e+11
3.482000000000000455e+02 4.000000000000000000e+00 3.125000000000000000e+11
3.484000000000000341e+02 4.000000000000000000e+00 3.124999300000000000e+11
3.486000000000000227e+02 5.656854249492380582e+00 3.125000000000000000e+11
3.488000000000000114e+02 5.656854249492380582e+00 3.125000000000000000e+11
3.490000000000000000e+02 5.656854249492380582e+00 3.125000000000000000e+11
3.492000000000000455e+02 5.656854249492380582e+00 3.124999300000000000e+11
3.494000000000000341e+02 4.000000000000000000e+00 3.125000000000000000e+11
3.496000000000000227e+02 4.000000000000000000e+00 3.125000000000000000e+11
3.498000000000000114e+02 4.000000000000000000e+00 3.125000000000000000e+11
3.500000000000000000e+02 0.000000000000000000e+00 3.125000000000000000e+11
3.502000000000000455e+02 0.000000000000000000e+00 3.125000000000000000e+11
3.504000000000000341e+02 0.000000000000000000e+00 3.125000000000000000e+11
3.506000000000000227e+02 0.000000000000000000e+00 3.124999300000000000e+11
3.508000000000000114e+02 4.000000000000000000e+00 3.125000000000000000e+11
3.510000000000000000e+02 4.000000000000000000e+00 3.125000000000000000e+11
3.512000000000000455e+02 4.000000000000000000e+00 3.125000000000000000e+11
3.514000000000000341e+02 5.656854249492380582e+00 3.125000000000000000e+11
3.516000000000000227e+02 5.656854249492380582e+00 3.125000000000000000e+11
3.518000000000000114e+02 5.656854249492380582e+00 3.125000000000000000e+11
3.520000000000000000e+02 5.656854249492380582e+00 0.000000000000000000e+00
3.522000000000000455e+02 4.000000000000000000e+00 0.000000000000000000e+00
3.524000000000000341e+02 4.000000000000000000e+00 0.000000000000000000e+00
3.526000000000000227e+02 4.000000000000000000e+00 0.000000000000000000e+00
3.528000000000000114e+02 0.000000000000000000e+00 0.000000000000000000e+00
3.530000000000000000e+02 0.000000000000000000e+00 0.000000000000000000e+00
3.532000000000000455e+02 0.000000000000000000e+00 0.000000000000000000e+00
3.534000000000000341e+02 0.000000000000000000e+00 0.000000000000000000e+00
3.536000000000000227e+02 4.000000000000000000e+00 0.000000000000000000e+00
3.538000000000000114e+02 4.000000000000000000e+00 0.000000000000000000e+00
3.540000000000000000e+02 4.000000000000000000e+00 0.000000000000000000e+00
3.542000000000000455e+02 5.656854249492380582e+00 0.000000000000000000e+00
3.544000000000000341e+02 5.656854249492380582e+00 0.000000000000000000e+00
3.546000000000000227e+02 5.656854249492380582e+00 0.000000000000000000e+00
3.548000000000000114e+02 4.000000000000000000e+00 0.000000000000000000e+00
3.550000000000000000e+02 4.000000000000000000e+00 0.000000000000000000e+00
3.552000000000000455e+02 4.000000000000000000e+00 0.000000000000000000e+00
3.554000000000000341e+02 4.000000000000000000e+00 0.000000000000000000e+00
3.556000000000000227e+02 0.000000000000000000e+00 0.000000000000000000e+00
3.558000000000000114e+02 0.000000000000000000e+00 0.000000000000000000e+00
3.560000000000000000e+02 0.000000000000000000e+00 3.125000000000000000e+11
3.562000000000000455e+02 4.000000000000000000e+00 3.125000000000000000e+11
3.564000000000000341e+02 4.000000000000000000e+00 3.125000000000000000e+11
3.566000000000000227e+02 4.000000000000000000e+00 3.124999300000000000e+11
3.568000000000000114e+02 4.000000000000000000e+00 3.125000000000000000e+11
3.570000000000000000e+02 5.656854249492380582e+00 3.125000000000000000e+11
3.572000000000000455e+02 5.656854249492380582e+00 3.124999300000000000e+11
3.574000000000000341e+02 5.656854249492380582e+00 3.125000000000000000e+11
3.576000000000000227e+02 4.000000000000000000e+00 3.125000000000000000e+11
3.578000000000000114e+02 4.000000000000000000e+00 3.125000000000000000e+11
3.580000000000000000e+02 4.000000000000000000e+00 3.125000000000000000e+11
3.582000000000000455e+02 4.000000000000000000e+00 3.125000000000000000e+11
3.584000000000000341e+02 0.000000000000000000e+00 3.125000000000000000e+11
3.586000000000000227e+02 0.000000000000000000e+00 3.125000000000000000e+11
3.588000000000000114e+02 0.000000000000000000e+00 3.125000000000000000e+11
3.590000000000000000e+02 0.000000000000000000e+00 3.125000000000000000e+11
3.592000000000000455e+02 4.000000000000000000e+00 3.125000000000000000e+11
3.594000000000000341e+02 4.000000000000000000e+00 3.125000000000000000e+11
3.596000000000000227e+02 4.000000000000000000e+00 3.125000000000000000e+11
3.598000000000000114e+02 4.000000000000000000e+00 3.125000000000000000e+11
3.600000000000000000e+02 5.656854249492380582e+00 0.000000000000000000e+00
3.602000000000000455e+02 5.656854249492380582e+00 0.000000000000000000e+00
3.604000000000000341e+02 5.656854249492380582e+00 0.000000000000000000e+00
3.606000000000000227e+02 4.000000000000000000e+00 0.000000000000000000e+00
3.608000000000000114e+02 4.000000000000000000e+00 0.000000000000000000e+00
3.610000000000000000e+02 4.000000000000000000e+00 0.000000000000000000e+00
3.612000000000000455e+02 4.000000000000000000e+00 0.000000000000000000e+00
3.614000000000000341e+02 0.000000000000000000e+00 0.000000000000000000e+00
3.616000000000000227e+02 0.000000000000000000e+00 0.000000000000000000e+00
3.618000000000000114e+02 0.000000000000000000e+00 0.000000000000000000e+00
3.620000000000000000e+02 0.000000000000000000e+00 0.000000000000000000e+00
3.622000000000000455e+02 4.000000000000000000e+00 0.000000000000000000e+00
3.624000000000000341e+02 4.000000000000000000e+00 0.000000000000000000e+00
3.626000000000000227e+02 4.000000000000000000e+00 0.000000000000000000e+00
3.628000000000000114e+02 4.000000000000000000e+00 0.000000000000000000e+00
3.630000000000000000e+02 5.656854249492380582e+00 0.000000000000000000e+00
3.632000000000000455e+02 5.656854249492380582e+00 0.000000000000000000e+00
3.634000000000000341e+02 5.656854249492380582e+00 0.000000000000000000e+00
3.636000000000000227e+02 5.656854249492380582e+00 0.000000000000000000e+00
3.638000000000000114e+02 4.000000000000000000e+00 0.000000000000000000e+00
3.640000000000000000e+02 4.000000000000000000e+00 3.125000000000000000e+11
3.642000000000000455e+02 4.000000000000000000e+00 3.125000000000000000e+11
3.644000000000000341e+02 5.656854249492380582e+00 3.125000000000000000e+11
3.646000000000000227e+02 4.000000000000000000e+00 3.125000000000000000e+11
3.648000000000000114e+02 4.000000000000000000e+00 3.125000000000000000e+11
3.650000000000000000e+02 4.000000000000000000e+00 3.125000000000000000e+11
3.652000000000000455e+02 4.000000000000000000e+00 3.125000000000000000e+11
3.654000000000000341e+02 8.944271909999159220e+00 3.125000000000000000e+11
3.656000000000000227e+02 8.944271909999159220e+00 3.125000000000000000e+11
3.658000000000000114e+02 1.264911064067351809e+01 3.125000000000000000e+11
3.660000000000000000e+02 1.600000000000000000e+01 3.125000000000000000e+11
3.662000000000000455e+02 1.788854381999831844e+01 3.125000000000000000e+11
3.664000000000000341e+02 2.262741699796952233e+01 3.125000000000000000e+11
3.666000000000000227e+02 2.332380757938120297e+01 3.125000000000000000e+11
3.668000000000000114e+02 2.828427124746190202e+01 3.125000000000000000e+11
3.670000000000000000e+02 2.912043955712207222e+01 3.125000000000000000e+11
3.672000000000000455e+02 3.124099870362661591e+01 3.124999300000000000e+11
3.674000000000000341e+02 3.577708763999663688e+01 3.125000000000000000e+11
3.676000000000000227e+02 4.019950248448355978e+01 3.125000000000000000e+11
3.678000000000000114e+02 4.681879964287850271e+01 3.125000000000000000e+11
3.680000000000000000e+02 5.381449618829483938e+01 0.000000000000000000e+00
3.682000000000000455e+02 5.440588203494177577e+01 0.000000000000000000e+00
3.684000000000000341e+02 5.215361924162119323e+01 0.000000000000000000e+00
3.686000000000000227e+02 5.556977595779921586e+01 0.000000000000000000e+00
3.688000000000000114e+02 5.440588203494177577e+01 0.000000000000000000e+00
3.690000000000000000e+02 5.727128425310541360e+01 0.000000000000000000e+00
3.692000000000000455e+02 5.727128425310541360e+01 0.000000000000000000e+00
3.694000000000000341e+02 5.768882040742382600e+01 0.000000000000000000e+00
3.696000000000000227e+02 5.768882040742382600e+01 0.000000000000000000e+00
3.698000000000000114e+02 5.727128425310541360e+01 0.000000000000000000e+00
3.700000000000000000e+02 5.336665625650533684e+01 0.000000000000000000e+00
3.702000000000000455e+02 5.440588203494177577e+01 0.000000000000000000e+00
3.704000000000000341e+02 5.011985634456667071e+01 0.000000000000000000e+00
3.706000000000000227e+02 4.816637831516918311e+01 0.000000000000000000e+00
3.708000000000000114e+02 5.059644256269407236e+01 0.000000000000000000e+00
3.710000000000000000e+02 4.816637831516918311e+01 0.000000000000000000e+00
3.712000000000000455e+02 4.681879964287850271e+01 0.000000000000000000e+00
3.714000000000000341e+02 4.816637831516918311e+01 0.000000000000000000e+00
3.716000000000000227e+02 5.011985634456667071e+01 0.000000000000000000e+00
3.718000000000000114e+02 4.882622246293480828e+01 0.000000000000000000e+00
3.720000000000000000e+02 4.947726750741192348e+01 3.125000000000000000e+11
3.722000000000000455e+02 6.053098380168622583e+01 3.125000000000000000e+11
3.724000000000000341e+02 6.997142273814360180e+01 3.125000000000000000e+11
3.726000000000000227e+02 7.683749084919418237e+01 3.125000000000000000e+11
3.728000000000000114e+02 8.634813257969160816e+01 3.125000000000000000e+11
3.730000000000000000e+02 1.012719112093773077e+02 3.124999300000000000e+11
3.732000000000000455e+02 1.132077735846792450e+02 3.125000000000000000e+11
3.734000000000000341e+02 1.276244490683505290e+02 3.125000000000000000e+11
3.736000000000000227e+02 1.453822547630899749e+02 3.124999300000000000e+11
3.738000000000000114e+02 1.442220510185595685e+02 3.125000000000000000e+11
3.740000000000000000e+02 1.242577965360725329e+02 3.125000000000000000e+11
3.742000000000000455e+02 1.073312629199899106e+02 3.125000000000000000e+11
3.744000000000000341e+02 9.372299611087984772e+01 3.125000000000000000e+11
3.746000000000000227e+02 8.352245207128440541e+01 3.125000000000000000e+11
3.748000000000000114e+02 6.846897107449476039e+01 3.125000000000000000e+11
3.750000000000000000e+02 5.905929224093360119e+01 3.125000000000000000e+11
3.752000000000000455e+02 5.381449618829483938e+01 3.124999300000000000e+11
3.754000000000000341e+02 4.681879964287850271e+01 3.125000000000000000e+11
3.756000000000000227e+02 4.000000000000000000e+01 3.125000000000000000e+11
3.758000000000000114e+02 3.046309242345563462e+01 3.125000000000000000e+11
3.760000000000000000e+02 2.828427124746190202e+01 0.000000000000000000e+00
3.762000000000000455e+02 2.529822128134703618e+01 0.000000000000000000e+00
3.764000000000000341e+02 2.400000000000000000e+01 0.000000000000000000e+00
3.766000000000000227e+02 2.332380757938120297e+01 0.000000000000000000e+00
3.768000000000000114e+02 2.332380757938120297e+01 0.000000000000000000e+00
3.770000000000000000e+02 2.433105012119287736e+01 0.000000000000000000e+00
3.772000000000000455e+02 2.529822128134703618e+01 0.000000000000000000e+00
3.774000000000000341e+02 2.561249694973139412e+01 0.000000000000000000e+00
3.776000000000000227e+02 2.683281572999747766e+01 0.000000000000000000e+00
3.778000000000000114e+02 2.800000000000000000e+01 0.000000000000000000e+00
3.780000000000000000e+02 2.529822128134703618e+01 0.000000000000000000e+00
3.782000000000000455e+02 2.828427124746190202e+01 0.000000000000000000e+00
3.784000000000000341e+02 2.683281572999747766e+01 0.000000000000000000e+00
3.786000000000000227e+02 2.828427124746190202e+01 0.000000000000000000e+00
3.788000000000000114e+02 2.529822128134703618e+01 0.000000000000000000e+00
3.790000000000000000e+02 2.561249694973139412e+01 0.000000000000000000e+00
3.792000000000000455e+02 2.332380757938120297e+01 0.000000000000000000e+00
3.794000000000000341e+02 2.000000000000000000e+01 0.000000000000000000e+00
3.796000000000000227e+02 2.154065922853801496e+01 0.000000000000000000e+00
3.798000000000000114e+02 2.000000000000000000e+01 0.000000000000000000e+00
3.800000000000000000e+02 2.039607805437113797e+01 3.125000000000000000e+11
3.802000000000000455e+02 1.649242250247064234e+01 3.125000000000000000e+11
3.804000000000000341e+02 1.697056274847713908e+01 3.125000000000000000e+11
3.806000000000000227e+02 1.442220510185595650e+01 3.125000000000000000e+11
3.808000000000000114e+02 1.200000000000000000e+01 3.125000000000000000e+11
3.810000000000000000e+02 1.264911064067351809e+01 3.125000000000000000e+11
3.812000000000000455e+02 1.442220510185595650e+01 3.125000000000000000e+11
3.814000000000000341e+02 1.131370849898476116e+01 3.125000000000000000e+11
3.816000000000000227e+02 8.944271909999159220e+00 3.125000000000000000e+11
3.818000000000000114e+02 8.000000000000000000e+00 3.125000000000000000e+11
3.820000000000000000e+02 8.000000000000000000e+00 3.124999300000000000e+11
3.822000000000000455e+02 4.000000000000000000e+00 3.125000000000000000e+11
3.824000000000000341e+02 4.000000000000000000e+00 3.125000000000000000e+11
3.826000000000000227e+02 0.000000000000000000e+00 3.125000000000000000e+11
3.828000000000000114e+02 0.000000000000000000e+00 3.125000000000000000e+11
3.830000000000000000e+02 0.000000000000000000e+00 3.125000000000000000e+11
3.832000000000000455e+02 0.000000000000000000e+00 3.125000000000000000e+11
3.834000000000000341e+02 4.000000000000000000e+00 3.125000000000000000e+11
3.836000000000000227e+02 4.000000000000000000e+00 3.125000000000000000e+11
3.838000000000000114e+02 4.000000000000000000e+00 3.125000000000000000e+11
3.840000000000000000e+02 4.000000000000000000e+00 0.000000000000000000e+00
3.842000000000000455e+02 5.656854249492380582e+00 0.000000000000000000e+00
3.844000000000000341e+02 5.656854249492380582e+00 0.000000000000000000e+00
3.846000000000000227e+02 5.656854249492380582e+00 0.000000000000000000e+00
3.848000000000000114e+02 4.000000000000000000e+00 0.000000000000000000e+00
3.850000000000000000e+02 4.000000000000000000e+00 0.000000000000000000e+00
3.852000000000000455e+02 4.000000000000000000e+00 0.000000000000000000e+00
3.854000000000000341e+02 4.000000000000000000e+00 0.000000000000000000e+00
3.856000000000000227e+02 0.000000000000000000e+00 0.000000000000000000e+00
3.858000000000000114e+02 0.000000000000000000e+00 0.000000000000000000e+00
3.860000000000000000e+02 0.000000000000000000e+00 0.000000000000000000e+00
3.862000000000000455e+02 4.000000000000000000e+00 0.000000000000000000e+00
3.864000000000000341e+02 4.000000000000000000e+00 0.000000000000000000e+00
3.866000000000000227e+02 4.000000000000000000e+00 0.000000000000000000e+00
3.868000000000000114e+02 4.000000000000000000e+00 0.000000000000000000e+00
3.870000000000000000e+02 5.656854249492380582e+00 0.000000000000000000e+00
3.872000000000000455e+02 5.656854249492380582e+00 0.000000000000000000e+00
3.874000000000000341e+02 5.656854249492380582e+00 0.000000000000000000e+00
3.876000000000000227e+02 4.000000000000000000e+00 0.000000000000000000e+00
3.878000000000000114e+02 4.000000000000000000e+00 0.000000000000000000e+00
3.880000000000000000e+02 4.000000000000000000e+00 3.125000000000000000e+11
3.882000000000000455e+02 4.000000000000000000e+00 3.125000000000000000e+11
3.884000000000000341e+02 0.000000000000000000e+00 3.125000000000000000e+11
3.886000000000000227e+02 0.000000000000000000e+00 3.125000000000000000e+11
3.888000000000000114e+02 0.000000000000000000e+00 3.125000000000000000e+11
3.890000000000000000e+02 4.000000000000000000e+00 3.125000000000000000e+11
3.892000000000000455e+02 4.000000000000000000e+00 3.125000000000000000e+11
3.894000000000000341e+02 4.000000000000000000e+00 3.125000000000000000e+11
3.896000000000000227e+02 4.000000000000000000e+00 3.125000000000000000e+11
3.898000000000000114e+02 5.656854249492380582e+00 3.125000000000000000e+11
3.900000000000000000e+02 5.656854249492380582e+00 3.125000000000000000e+11
3.902000000000000455e+02 5.656854249492380582e+00 3.125000000000000000e+11
3.904000000000000341e+02 4.000000000000000000e+00 3.125000000000000000e+11
3.906000000000000227e+02 4.000000000000000000e+00 3.125000000000000000e+11
3.908000000000000114e+02 4.000000000000000000e+00 3.125000000000000000e+11
3.910000000000000000e+02 4.000000000000000000e+00 3.125000000000000000e+11
3.912000000000000455e+02 0.000000000000000000e+00 3.125000000000000000e+11
3.914000000000000341e+02 0.000000000000000000e+00 3.125000000000000000e+11
3.916000000000000227e+02 0.000000000000000000e+00 3.125000000000000000e+11
3.918000000000000114e+02 0.000000000000000000e+00 3.125000000000000000e+11
3.920000000000000000e+02 4.000000000000000000e+00 0.000000000000000000e+00
3.922000000000000455e+02 4.000000000000000000e+00 0.000000000000000000e+00
3.924000000000000341e+02 4.000000000000000000e+00 0.000000000000000000e+00
3.926000000000000227e+02 5.656854249492380582e+00 0.000000000000000000e+00
3.928000000000000114e+02 5.656854249492380582e+00 0.000000000000000000e+00
3.930000000000000000e+02 5.656854249492380582e+00 0.000000000000000000e+00
3.932000000000000455e+02 4.000000000000000000e+00 0.000000000000000000e+00
3.934000000000000341e+02 4.000000000000000000e+00 0.000000000000000000e+00
3.936000000000000227e+02 4.000000000000000000e+00 0.000000000000000000e+00
3.938000000000000114e+02 4.000000000000000000e+00 0.000000000000000000e+00
3.940000000000000000e+02 0.000000000000000000e+00 0.000000000000000000e+00
3.942000000000000455e+02 0.000000000000000000e+00 0.000000000000000000e+00
3.944000000000000341e+02 0.000000000000000000e+00 0.000000000000000000e+00
3.946000000000000227e+02 4.000000000000000000e+00 0.000000000000000000e+00
3.948000000000000114e+02 4.000000000000000000e+00 0.000000000000000000e+00
3.950000000000000000e+02 4.000000000000000000e+00 0.000000000000000000e+00
3.952000000000000455e+02 5.656854249492380582e+00 0.000000000000000000e+00
3.954000000000000341e+02 5.656854249492380582e+00 0.000000000000000000e+00
3.956000000000000227e+02 5.656854249492380582e+00 0.000000000000000000e+00
3.958000000000000114e+02 5.656854249492380582e+00 0.000000000000000000e+00
3.960000000000000000e+02 4.000000000000000000e+00 3.125000000000000000e+11
3.962000000000000455e+02 4.000000000000000000e+00 3.125000000000000000e+11
3.964000000000000341e+02 4.000000000000000000e+00 3.125000000000000000e+11
3.966000000000000227e+02 0.000000000000000000e+00 3.124999300000000000e+11
3.968000000000000114e+02 0.000000000000000000e+00 3.125000000000000000e+11
3.970000000000000000e+02 0.000000000000000000e+00 3.124999300000000000e+11
3.972000000000000455e+02 0.000000000000000000e+00 3.125000000000000000e+11
3.974000000000000341e+02 4.000000000000000000e+00 3.125000000000000000e+11
3.976000000000000227e+02 4.000000000000000000e+00 3.125000000000000000e+11
3.978000000000000114e+02 4.000000000000000000e+00 3.125000000000000000e+11
3.980000000000000000e+02 5.656854249492380582e+00 3.125000000000000000e+11
3.982000000000000455e+02 5.656854249492380582e+00 3.124999300000000000e+11
3.984000000000000341e+02 5.656854249492380582e+00 3.125000000000000000e+11
3.986000000000000227e+02 5.656854249492380582e+00 3.124999300000000000e+11
3.988000000000000114e+02 4.000000000000000000e+00 3.125000000000000000e+11
3.990000000000000000e+02 4.000000000000000000e+00 3.124999300000000000e+11
3.992000000000000455e+02 4.000000000000000000e+00 3.125000000000000000e+11
3.994000000000000341e+02 0.000000000000000000e+00 3.125000000000000000e+11
3.996000000000000227e+02 0.000000000000000000e+00 3.124999300000000000e+11
3.998000000000000114e+02 0.000000000000000000e+00 3.125000000000000000e+11
