4.000000000000000000e+02 5.656854249492380582e+00 0.000000000000000000e+00
4.002000000000000455e+02 4.000000000000000000e+00 0.000000000000000000e+00
4.004000000000000341e+02 5.656854249492380582e+00 0.000000000000000000e+00
4.006000000000000227e+02 5.656854249492380582e+00 0.000000000000000000e+00
4.008000000000000114e+02 5.656854249492380582e+00 0.000000000000000000e+00
4.010000000000000000e+02 5.656854249492380582e+00 0.000000000000000000e+00
4.012000000000000455e+02 5.656854249492380582e+00 0.000000000000000000e+00
4.014000000000000341e+02 5.656854249492380582e+00 0.000000000000000000e+00
4.016000000000000227e+02 5.656854249492380582e+00 0.000000000000000000e+00
4.018000000000000114e+02 4.000000000000000000e+00 0.000000000000000000e+00
4.020000000000000000e+02 5.656854249492380582e+00 0.000000000000000000e+00
4.022000000000000455e+02 0.000000000000000000e+00 0.000000000000000000e+00
4.024000000000000341e+02 4.000000000000000000e+00 0.000000000000000000e+00
4.026000000000000227e+02 5.656854249492380582e+00 0.000000000000000000e+00
4.028000000000000114e+02 4.000000000000000000e+00 0.000000000000000000e+00
4.030000000000000000e+02 5.656854249492380582e+00 0.000000000000000000e+00
4.032000000000000455e+02 5.656854249492380582e+00 0.000000000000000000e+00
4.034000000000000341e+02 5.656854249492380582e+00 0.000000000000000000e+00
4.036000000000000227e+02 5.656854249492380582e+00 0.000000000000000000e+00
4.038000000000000114e+02 5.656854249492380582e+00 0.000000000000000000e+00
4.040000000000000000e+02 5.656854249492380582e+00 3.150000300000000000e+11
4.042000000000000455e+02 5.656854249492380582e+00 3.150000300000000000e+11
4.044000000000000341e+02 5.656854249492380582e+00 3.150000300000000000e+11
4.046000000000000227e+02 4.000000000000000000e+00 3.150000300000000000e+11
4.048000000000000114e+02 4.000000000000000000e+00 3.150000300000000000e+11
4.050000000000000000e+02 4.000000000000000000e+00 3.150000300000000000e+11
4.052000000000000455e+02 4.000000000000000000e+00 3.150000300000000000e+11
4.054000000000000341e+02 0.000000000000000000e+00 3.150000300000000000e+11
4.056000000000000227e+02 0.000000000000000000e+00 3.150000300000000000e+11
4.058000000000000114e+02 0.000000000000000000e+00 3.150000300000000000e+11
4.060000000000000000e+02 4.000000000000000000e+00 3.150000300000000000e+11
4.062000000000000455e+02 4.000000000000000000e+00 3.150000300000000000e+11
4.064000000000000341e+02 4.000000000000000000e+00 3.150000300000000000e+11
4.066000000000000227e+02 5.656854249492380582e+00 3.150000300000000000e+11
4.068000000000000114e+02 5.656854249492380582e+00 3.150000300000000000e+11
4.070000000000000000e+02 5.656854249492380582e+00 3.150000300000000000e+11
4.072000000000000455e+02 5.656854249492380582e+00 3.150000300000000000e+11
4.074000000000000341e+02 4.000000000000000000e+00 3.150000300000000000e+11
4.076000000000000227e+02 4.000000000000000000e+00 3.150000300000000000e+11
4.078000000000000114e+02 4.000000000000000000e+00 3.150000300000000000e+11
4.080000000000000000e+02 0.000000000000000000e+00 0.000000000000000000e+00
4.082000000000000455e+02 0.000000000000000000e+00 0.000000000000000000e+00
4.084000000000000341e+02 0.000000000000000000e+00 0.000000000000000000e+00
4.086000000000000227e+02 4.000000000000000000e+00 0.000000000000000000e+00
4.088000000000000114e+02 4.000000000000000000e+00 0.000000000000000000e+00
4.090000000000000000e+02 4.000000000000000000e+00 0.000000000000000000e+00
4.092000000000000455e+02 4.000000000000000000e+00 0.000000000000000000e+00
4.094000000000000341e+02 5.656854249492380582e+00 0.000000000000000000e+00
4.096000000000000227e+02 5.656854249492380582e+00 0.000000000000000000e+00
4.098000000000000114e+02 5.656854249492380582e+00 0.000000000000000000e+00
4.100000000000000000e+02 4.000000000000000000e+00 0.000000000000000000e+00
4.102000000000000455e+02 4.000000000000000000e+00 0.000000000000000000e+00
4.104000000000000341e+02 4.000000000000000000e+00 0.000000000000000000e+00
4.106000000000000227e+02 4.000000000000000000e+00 0.000000000000000000e+00
4.108000000000000114e+02 0.000000000000000000e+00 0.000000000000000000e+00
4.110000000000000000e+02 0.000000000000000000e+00 0.000000000000000000e+00
4.112000000000000455e+02 0.000000000000000000e+00 0.000000000000000000e+00
4.114000000000000341e+02 4.000000000000000000e+00 0.000000000000000000e+00
4.116000000000000227e+02 4.000000000000000000e+00 0.000000000000000000e+00
4.118000000000000114e+02 4.000000000000000000e+00 0.000000000000000000e+00
4.120000000000000000e+02 5.656854249492380582e+00 3.150000300000000000e+11
4.122000000000000455e+02 5.656854249492380582e+00 3.150000300000000000e+11
4.124000000000000341e+02 5.656854249492380582e+00 3.150000300000000000e+11
4.126000000000000227e+02 5.656854249492380582e+00 3.150000300000000000e+11
4.128000000000000114e+02 4.000000000000000000e+00 3.150000300000000000e+11
4.130000000000000000e+02 4.000000000000000000e+00 3.150000300000000000e+11
4.132000000000000455e+02 4.000000000000000000e+00 3.150000300000000000e+11
4.134000000000000341e+02 0.000000000000000000e+00 3.150000300000000000e+11
4.136000000000000227e+02 0.000000000000000000e+00 3.150000300000000000e+11
4.138000000000000114e+02 0.000000000000000000e+00 3.150000300000000000e+11
4.140000000000000000e+02 0.000000000000000000e+00 3.150000300000000000e+11
4.142000000000000455e+02 4.000000000000000000e+00 3.150000300000000000e+11
4.144000000000000341e+02 4.000000000000000000e+00 3.150000300000000000e+11
4.146000000000000227e+02 4.000000000000000000e+00 3.150000300000000000e+11
4.148000000000000114e+02 5.656854249492380582e+00 3.150000300000000000e+11
4.150000000000000000e+02 5.656854249492380582e+00 3.150000300000000000e+11
4.152000000000000455e+02 5.656854249492380582e+00 3.150000300000000000e+11
4.154000000000000341e+02 5.656854249492380582e+00 3.150000300000000000e+11
4.156000000000000227e+02 4.000000000000000000e+00 3.150000300000000000e+11
4.158000000000000114e+02 4.000000000000000000e+00 3.150000300000000000e+11
4.160000000000000000e+02 4.000000000000000000e+00 0.000000000000000000e+00
4.162000000000000455e+02 0.000000000000000000e+00 0.000000000000000000e+00
4.164000000000000341e+02 0.000000000000000000e+00 0.000000000000000000e+00
4.166000000000000227e+02 0.000000000000000000e+00 0.000000000000000000e+00
4.168000000000000114e+02 0.000000000000000000e+00 0.000000000000000000e+00
4.170000000000000000e+02 4.000000000000000000e+00 0.000000000000000000e+00
4.172000000000000455e+02 4.000000000000000000e+00 0.000000000000000000e+00
4.174000000000000341e+02 4.000000000000000000e+00 0.000000000000000000e+00
4.176000000000000227e+02 5.656854249492380582e+00 0.000000000000000000e+00
4.178000000000000114e+02 5.656854249492380582e+00 0.000000000000000000e+00
4.180000000000000000e+02 5.656854249492380582e+00 0.000000000000000000e+00
4.182000000000000455e+02 4.000000000000000000e+00 0.000000000000000000e+00
4.184000000000000341e+02 4.000000000000000000e+00 0.000000000000000000e+00
4.186000000000000227e+02 4.000000000000000000e+00 0.000000000000000000e+00
4.188000000000000114e+02 4.000000000000000000e+00 0.000000000000000000e+00
4.190000000000000000e+02 0.000000000000000000e+00 0.000000000000000000e+00
4.192000000000000455e+02 0.000000000000000000e+00 0.000000000000000000e+00
4.194000000000000341e+02 0.000000000000000000e+00 0.000000000000000000e+00
4.196000000000000227e+02 4.000000000000000000e+00 0.000000000000000000e+00
4.198000000000000114e+02 4.000000000000000000e+00 0.000000000000000000e+00
4.200000000000000000e+02 4.000000000000000000e+00 3.150000300000000000e+11
4.202000000000000455e+02 5.656854249492380582e+00 3.150000300000000000e+11
4.204000000000000341e+02 5.656854249492380582e+00 3.150000300000000000e+11
4.206000000000000227e+02 5.656854249492380582e+00 3.150000300000000000e+11
4.208000000000000114e+02 5.656854249492380582e+00 3.150000300000000000e+11
4.210000000000000000e+02 4.000000000000000000e+00 3.150000300000000000e+11
4.212000000000000455e+02 4.000000000000000000e+00 3.150000300000000000e+11
4.214000000000000341e+02 4.000000000000000000e+00 3.150000300000000000e+11
4.216000000000000227e+02 0.000000000000000000e+00 3.150000300000000000e+11
4.218000000000000114e+02 0.000000000000000000e+00 3.150000300000000000e+11
4.220000000000000000e+02 0.000000000000000000e+00 3.150000300000000000e+11
4.222000000000000455e+02 0.000000000000000000e+00 3.150000300000000000e+11
4.224000000000000341e+02 4.000000000000000000e+00 3.150000300000000000e+11
4.226000000000000227e+02 4.000000000000000000e+00 3.150000300000000000e+11
4.228000000000000114e+02 4.000000000000000000e+00 3.150000300000000000e+11
4.230000000000000000e+02 5.656854249492380582e+00 3.150000300000000000e+11
4.232000000000000455e+02 5.656854249492380582e+00 3.150000300000000000e+11
4.234000000000000341e+02 5.656854249492380582e+00 3.150000300000000000e+11
4.236000000000000227e+02 5.656854249492380582e+00 3.150000300000000000e+11
4.238000000000000114e+02 4.000000000000000000e+00 3.150000300000000000e+11
4.240000000000000000e+02 4.000000000000000000e+00 0.000000000000000000e+00
4.242000000000000455e+02 4.000000000000000000e+00 0.000000000000000000e+00
4.244000000000000341e+02 0.000000000000000000e+00 0.000000000000000000e+00
4.246000000000000227e+02 0.000000000000000000e+00 0.000000000000000000e+00
4.248000000000000114e+02 0.000000000000000000e+00 0.000000000000000000e+00
4.250000000000000000e+02 0.000000000000000000e+00 0.000000000000000000e+00
4.252000000000000455e+02 4.000000000000000000e+00 0.000000000000000000e+00
4.254000000000000341e+02 4.000000000000000000e+00 0.000000000000000000e+00
4.256000000000000227e+02 4.000000000000000000e+00 0.000000000000000000e+00
4.258000000000000114e+02 5.656854249492380582e+00 0.000000000000000000e+00
4.260000000000000000e+02 5.656854249492380582e+00 0.000000000000000000e+00
4.262000000000000455e+02 5.656854249492380582e+00 0.000000000000000000e+00
4.264000000000000341e+02 5.656854249492380582e+00 0.000000000000000000e+00
4.266000000000000227e+02 4.000000000000000000e+00 0.000000000000000000e+00
4.268000000000000114e+02 4.000000000000000000e+00 0.000000000000000000e+00
4.270000000000000000e+02 4.000000000000000000e+00 0.000000000000000000e+00
4.272000000000000455e+02 0.000000000000000000e+00 0.000000000000000000e+00
4.274000000000000341e+02 0.000000000000000000e+00 0.000000000000000000e+00
4.276000000000000227e+02 0.000000000000000000e+00 0.000000000000000000e+00
4.278000000000000114e+02 4.000000000000000000e+00 0.000000000000000000e+00
4.280000000000000000e+02 4.000000000000000000e+00 3.150000300000000000e+11
4.282000000000000455e+02 4.000000000000000000e+00 3.150000300000000000e+11
4.284000000000000341e+02 4.000000000000000000e+00 3.150000300000000000e+11
4.286000000000000227e+02 5.656854249492380582e+00 3.150000300000000000e+11
4.288000000000000114e+02 5.656854249492380582e+00 3.150000300000000000e+11
4.290000000000000000e+02 5.656854249492380582e+00 3.150000300000000000e+11
4.292000000000000455e+02 4.000000000000000000e+00 3.150000300000000000e+11
4.294000000000000341e+02 4.000000000000000000e+00 3.150000300000000000e+11
4.296000000000000227e+02 4.000000000000000000e+00 3.150000300000000000e+11
4.298000000000000114e+02 4.000000000000000000e+00 3.150000300000000000e+11
4.300000000000000000e+02 0.000000000000000000e+00 3.150000300000000000e+11
4.302000000000000455e+02 0.000000000000000000e+00 3.150000300000000000e+11
4.304000000000000341e+02 0.000000000000000000e+00 3.150000300000000000e+11
4.306000000000000227e+02 4.000000000000000000e+00 3.150000300000000000e+11
4.308000000000000114e+02 4.000000000000000000e+00 3.150000300000000000e+11
4.310000000000000000e+02 4.000000000000000000e+00 3.150000300000000000e+11
4.312000000000000455e+02 4.000000000000000000e+00 3.150000300000000000e+11
4.314000000000000341e+02 5.656854249492380582e+00 3.150000300000000000e+11
4.316000000000000227e+02 5.656854249492380582e+00 3.150000300000000000e+11
4.318000000000000114e+02 5.656854249492380582e+00 3.150000300000000000e+11
4.320000000000000000e+02 4.000000000000000000e+00 0.000000000000000000e+00
4.322000000000000455e+02 4.000000000000000000e+00 0.000000000000000000e+00
4.324000000000000341e+02 4.000000000000000000e+00 0.000000000000000000e+00
4.326000000000000227e+02 4.000000000000000000e+00 0.000000000000000000e+00
4.328000000000000114e+02 0.000000000000000000e+00 0.000000000000000000e+00
4.330000000000000000e+02 0.000000000000000000e+00 0.000000000000000000e+00
4.332000000000000455e+02 0.000000000000000000e+00 0.000000000000000000e+00
4.334000000000000341e+02 4.000000000000000000e+00 0.000000000000000000e+00
4.336000000000000227e+02 4.000000000000000000e+00 0.000000000000000000e+00
4.338000000000000114e+02 4.000000000000000000e+00 0.000000000000000000e+00
4.340000000000000000e+02 5.656854249492380582e+00 0.000000000000000000e+00
4.342000000000000455e+02 5.656854249492380582e+00 0.000000000000000000e+00
4.344000000000000341e+02 5.656854249492380582e+00 0.000000000000000000e+00
4.346000000000000227e+02 5.656854249492380582e+00 0.000000000000000000e+00
4.348000000000000114e+02 4.000000000000000000e+00 0.000000000000000000e+00
4.350000000000000000e+02 4.000000000000000000e+00 0.000000000000000000e+00
4.352000000000000455e+02 4.000000000000000000e+00 0.000000000000000000e+00
4.354000000000000341e+02 0.000000000000000000e+00 0.000000000000000000e+00
4.356000000000000227e+02 0.000000000000000000e+00 0.000000000000000000e+00
4.358000000000000114e+02 0.000000000000000000e+00 0.000000000000000000e+00
4.360000000000000000e+02 0.000000000000000000e+00 3.150000300000000000e+11
4.362000000000000455e+02 4.000000000000000000e+00 3.150000300000000000e+11
4.364000000000000341e+02 4.000000000000000000e+00 3.150000300000000000e+11
4.366000000000000227e+02 4.000000000000000000e+00 3.150000300000000000e+11
4.368000000000000114e+02 5.656854249492380582e+00 3.150000300000000000e+11
4.370000000000000000e+02 5.656854249492380582e+00 3.150000300000000000e+11
4.372000000000000455e+02 5.656854249492380582e+00 3.150000300000000000e+11
4.374000000000000341e+02 5.656854249492380582e+00 3.150000300000000000e+11
4.376000000000000227e+02 4.000000000000000000e+00 3.150000300000000000e+11
4.378000000000000114e+02 4.000000000000000000e+00 3.150000300000000000e+11
4.380000000000000000e+02 4.000000000000000000e+00 3.150000300000000000e+11
4.382000000000000455e+02 0.000000000000000000e+00 3.150000300000000000e+11
4.384000000000000341e+02 0.000000000000000000e+00 3.150000300000000000e+11
4.386000000000000227e+02 0.000000000000000000e+00 3.150000300000000000e+11
4.388000000000000114e+02 0.000000000000000000e+00 3.150000300000000000e+11
4.390000000000000000e+02 4.000000000000000000e+00 3.150000300000000000e+11
4.392000000000000455e+02 4.000000000000000000e+00 3.150000300000000000e+11
4.394000000000000341e+02 4.000000000000000000e+00 3.150000300000000000e+11
4.396000000000000227e+02 4.000000000000000000e+00 3.150000300000000000e+11
4.398000000000000114e+02 5.656854249492380582e+00 3.150000300000000000e+11
4.400000000000000000e+02 5.656854249492380582e+00 0.000000000000000000e+00
4.402000000000000455e+02 5.656854249492380582e+00 0.000000000000000000e+00
4.404000000000000341e+02 5.656854249492380582e+00 0.000000000000000000e+00
4.406000000000000227e+02 4.000000000000000000e+00 0.000000000000000000e+00
4.408000000000000114e+02 4.000000000000000000e+00 0.000000000000000000e+00
4.410000000000000000e+02 4.000000000000000000e+00 0.000000000000000000e+00
4.412000000000000455e+02 0.000000000000000000e+00 0.000000000000000000e+00
4.414000000000000341e+02 0.000000000000000000e+00 0.000000000000000000e+00
4.416000000000000227e+02 0.000000000000000000e+00 0.000000000000000000e+00
4.418000000000000114e+02 0.000000000000000000e+00 0.000000000000000000e+00
4.420000000000000000e+02 4.000000000000000000e+00 0.000000000000000000e+00
4.422000000000000455e+02 4.000000000000000000e+00 0.000000000000000000e+00
4.424000000000000341e+02 4.000000000000000000e+00 0.000000000000000000e+00
4.426000000000000227e+02 4.000000000000000000e+00 0.000000000000000000e+00
4.428000000000000114e+02 5.656854249492380582e+00 0.000000000000000000e+00
4.430000000000000000e+02 5.656854249492380582e+00 0.000000000000000000e+00
4.432000000000000455e+02 5.656854249492380582e+00 0.000000000000000000e+00
4.434000000000000341e+02 5.656854249492380582e+00 0.000000000000000000e+00
4.436000000000000227e+02 4.000000000000000000e+00 0.000000000000000000e+00
4.438000000000000114e+02 4.000000000000000000e+00 0.000000000000000000e+00
4.440000000000000000e+02 4.000000000000000000e+00 3.150000300000000000e+11
4.442000000000000455e+02 4.000000000000000000e+00 3.150000300000000000e+11
4.444000000000000341e+02 4.000000000000000000e+00 3.150000300000000000e+11
4.446000000000000227e+02 4.000000000000000000e+00 3.150000300000000000e+11
4.448000000000000114e+02 4.000000000000000000e+00 3.150000300000000000e+11
4.450000000000000000e+02 4.000000000000000000e+00 3.150000300000000000e+11
4.452000000000000455e+02 5.656854249492380582e+00 3.150000300000000000e+11
4.454000000000000341e+02 8.944271909999159220e+00 3.150000300000000000e+11
4.456000000000000227e+02 1.264911064067351809e+01 3.150000300000000000e+11
4.458000000000000114e+02 1.200000000000000000e+01 3.150000300000000000e+11
4.460000000000000000e+02 1.649242250247064234e+01 3.150000300000000000e+11
4.462000000000000455e+02 2.000000000000000000e+01 3.150000300000000000e+11
4.464000000000000341e+02 2.000000000000000000e+01 3.150000300000000000e+11
4.466000000000000227e+02 2.433105012119287736e+01 3.150000300000000000e+11
4.468000000000000114e+02 2.433105012119287736e+01 3.150000300000000000e+11
4.470000000000000000e+02 2.884441020371191300e+01 3.150000300000000000e+11
4.472000000000000455e+02 2.884441020371191300e+01 3.150000300000000000e+11
4.474000000000000341e+02 3.622154055254966920e+01 3.150000300000000000e+11
4.476000000000000227e+02 4.176122603564220270e+01 3.150000300000000000e+11
4.478000000000000114e+02 4.560701700396551672e+01 3.150000300000000000e+11
4.480000000000000000e+02 5.366563145999495532e+01 0.000000000000000000e+00
4.482000000000000455e+02 5.200000000000000000e+01 0.000000000000000000e+00
4.484000000000000341e+02 5.200000000000000000e+01 0.000000000000000000e+00
4.486000000000000227e+02 5.381449618829483938e+01 0.000000000000000000e+00
4.488000000000000114e+02 5.571355310873647682e+01 0.000000000000000000e+00
4.490000000000000000e+02 5.614267539047279598e+01 0.000000000000000000e+00
4.492000000000000455e+02 5.366563145999495532e+01 0.000000000000000000e+00
4.494000000000000341e+02 5.685068161420758059e+01 0.000000000000000000e+00
4.496000000000000227e+02 5.440588203494177577e+01 0.000000000000000000e+00
4.498000000000000114e+02 5.215361924162119323e+01 0.000000000000000000e+00
4.500000000000000000e+02 5.366563145999495532e+01 0.000000000000000000e+00
4.502000000000000455e+02 5.122499389946278825e+01 0.000000000000000000e+00
4.504000000000000341e+02 4.947726750741192348e+01 0.000000000000000000e+00
4.506000000000000227e+02 4.866210024238575471e+01 0.000000000000000000e+00
4.508000000000000114e+02 4.882622246293480828e+01 0.000000000000000000e+00
4.510000000000000000e+02 4.664761515876240594e+01 0.000000000000000000e+00
4.512000000000000455e+02 4.816637831516918311e+01 0.000000000000000000e+00
4.514000000000000341e+02 4.681879964287850271e+01 0.000000000000000000e+00
4.516000000000000227e+02 4.816637831516918311e+01 0.000000000000000000e+00
4.518000000000000114e+02 5.059644256269407236e+01 0.000000000000000000e+00
4.520000000000000000e+02 5.215361924162119323e+01 3.150000300000000000e+11
4.522000000000000455e+02 5.727128425310541360e+01 3.150000300000000000e+11
4.524000000000000341e+02 6.788225099390855632e+01 3.150000300000000000e+11
4.526000000000000227e+02 7.725283166331186635e+01 3.150000300000000000e+11
4.528000000000000114e+02 8.409518416651455652e+01 3.150000300000000000e+11
4.530000000000000000e+02 9.666436778875657865e+01 3.150000300000000000e+11
4.532000000000000455e+02 1.106345334875146449e+02 3.150000300000000000e+11
4.534000000000000341e+02 1.252836781069266010e+02 3.150000300000000000e+11
4.536000000000000227e+02 1.420422472365176247e+02 3.150000300000000000e+11
4.538000000000000114e+02 1.608974828889501225e+02 3.150000300000000000e+11
4.540000000000000000e+02 1.024499877989255765e+02 3.150000300000000000e+11
4.542000000000000455e+02 1.198665925101735752e+02 3.150000300000000000e+11
4.544000000000000341e+02 1.400000000000000000e+02 3.150000300000000000e+11
4.546000000000000227e+02 1.592482338991550535e+02 3.150000300000000000e+11
4.548000000000000114e+02 1.310267148332735871e+02 3.150000300000000000e+11
4.550000000000000000e+02 1.209297316626477965e+02 3.150000300000000000e+11
4.552000000000000455e+02 1.381014120130565459e+02 3.150000300000000000e+11
4.554000000000000341e+02 1.571750616351079941e+02 3.150000300000000000e+11
4.556000000000000227e+02 1.256025477448606580e+02 3.150000300000000000e+11
4.558000000000000114e+02 1.115706054478508236e+02 3.150000300000000000e+11
4.560000000000000000e+02 9.440338976964757478e+01 0.000000000000000000e+00
4.562000000000000455e+02 9.482615672903757797e+01 0.000000000000000000e+00
4.564000000000000341e+02 9.208691546577070142e+01 0.000000000000000000e+00
4.566000000000000227e+02 8.988882021697692437e+01 0.000000000000000000e+00
4.568000000000000114e+02 8.772684879784523559e+01 0.000000000000000000e+00
4.570000000000000000e+02 8.854377448471461776e+01 0.000000000000000000e+00
4.572000000000000455e+02 8.881441324469807341e+01 0.000000000000000000e+00
4.574000000000000341e+02 8.988882021697692437e+01 0.000000000000000000e+00
4.576000000000000227e+02 8.988882021697692437e+01 0.000000000000000000e+00
4.578000000000000114e+02 8.881441324469807341e+01 0.000000000000000000e+00
4.580000000000000000e+02 9.121403400793103344e+01 0.000000000000000000e+00
4.582000000000000455e+02 8.809086218218095610e+01 0.000000000000000000e+00
4.584000000000000341e+02 8.588364221433555201e+01 0.000000000000000000e+00
4.586000000000000227e+02 8.809086218218095610e+01 0.000000000000000000e+00
4.588000000000000114e+02 8.475848040166836483e+01 0.000000000000000000e+00
4.590000000000000000e+02 8.485281374238570606e+01 0.000000000000000000e+00
4.592000000000000455e+02 8.099382692526634742e+01 0.000000000000000000e+00
4.594000000000000341e+02 8.009993757800314995e+01 0.000000000000000000e+00
4.596000000000000227e+02 7.694153624668537361e+01 0.000000000000000000e+00
4.598000000000000114e+02 7.766595135579039777e+01 0.000000000000000000e+00
4.600000000000000000e+02 7.766595135579039777e+01 3.150000300000000000e+11
4.602000000000000455e+02 6.596969000988256937e+01 3.150000300000000000e+11
4.604000000000000341e+02 5.768882040742382600e+01 3.150000300000000000e+11
4.606000000000000227e+02 5.011985634456667071e+01 3.150000300000000000e+11
4.608000000000000114e+02 4.472135954999579610e+01 3.150000300000000000e+11
4.610000000000000000e+02 3.687817782917154830e+01 3.150000300000000000e+11
4.612000000000000455e+02 3.440930106817050671e+01 3.150000300000000000e+11
4.614000000000000341e+02 2.884441020371191300e+01 3.150000300000000000e+11
4.616000000000000227e+02 2.529822128134703618e+01 3.150000300000000000e+11
4.618000000000000114e+02 2.000000000000000000e+01 3.150000300000000000e+11
4.620000000000000000e+02 1.788854381999831844e+01 3.150000300000000000e+11
4.622000000000000455e+02 1.131370849898476116e+01 3.150000300000000000e+11
4.624000000000000341e+02 8.944271909999159220e+00 3.150000300000000000e+11
4.626000000000000227e+02 8.000000000000000000e+00 3.150000300000000000e+11
4.628000000000000114e+02 5.656854249492380582e+00 3.150000300000000000e+11
4.630000000000000000e+02 5.656854249492380582e+00 3.150000300000000000e+11
4.632000000000000455e+02 4.000000000000000000e+00 3.150000300000000000e+11
4.634000000000000341e+02 5.656854249492380582e+00 3.150000300000000000e+11
4.636000000000000227e+02 5.656854249492380582e+00 3.150000300000000000e+11
4.638000000000000114e+02 4.000000000000000000e+00 3.150000300000000000e+11
4.640000000000000000e+02 4.000000000000000000e+00 0.000000000000000000e+00
4.642000000000000455e+02 5.656854249492380582e+00 0.000000000000000000e+00
4.644000000000000341e+02 5.656854249492380582e+00 0.000000000000000000e+00
4.646000000000000227e+02 5.656854249492380582e+00 0.000000000000000000e+00
4.648000000000000114e+02 5.656854249492380582e+00 0.000000000000000000e+00
4.650000000000000000e+02 4.000000000000000000e+00 0.000000000000000000e+00
4.652000000000000455e+02 4.000000000000000000e+00 0.000000000000000000e+00
4.654000000000000341e+02 4.000000000000000000e+00 0.000000000000000000e+00
4.656000000000000227e+02 4.000000000000000000e+00 0.000000000000000000e+00
4.658000000000000114e+02 0.000000000000000000e+00 0.000000000000000000e+00
4.660000000000000000e+02 0.000000000000000000e+00 0.000000000000000000e+00
4.662000000000000455e+02 0.000000000000000000e+00 0.000000000000000000e+00
4.664000000000000341e+02 0.000000000000000000e+00 0.000000000000000000e+00
4.666000000000000227e+02 4.000000000000000000e+00 0.000000000000000000e+00
4.668000000000000114e+02 4.000000000000000000e+00 0.000000000000000000e+00
4.670000000000000000e+02 4.000000000000000000e+00 0.000000000000000000e+00
4.672000000000000455e+02 4.000000000000000000e+00 0.000000000000000000e+00
4.674000000000000341e+02 5.656854249492380582e+00 0.000000000000000000e+00
4.676000000000000227e+02 5.656854249492380582e+00 0.000000000000000000e+00
4.678000000000000114e+02 5.656854249492380582e+00 0.000000000000000000e+00
4.680000000000000000e+02 4.000000000000000000e+00 3.150000300000000000e+11
4.682000000000000455e+02 4.000000000000000000e+00 3.150000300000000000e+11
4.684000000000000341e+02 4.000000000000000000e+00 3.150000300000000000e+11
4.686000000000000227e+02 4.000000000000000000e+00 3.150000300000000000e+11
4.688000000000000114e+02 0.000000000000000000e+00 3.150000300000000000e+11
4.690000000000000000e+02 0.000000000000000000e+00 3.150000300000000000e+11
4.692000000000000455e+02 0.000000000000000000e+00 3.150000300000000000e+11
4.694000000000000341e+02 0.000000000000000000e+00 3.150000300000000000e+11
4.696000000000000227e+02 4.000000000000000000e+00 3.150000300000000000e+11
4.698000000000000114e+02 4.000000000000000000e+00 3.150000300000000000e+11
4.700000000000000000e+02 4.000000000000000000e+00 3.150000300000000000e+11
4.702000000000000455e+02 4.000000000000000000e+00 3.150000300000000000e+11
4.704000000000000341e+02 5.656854249492380582e+00 3.150000300000000000e+11
4.706000000000000227e+02 5.656854249492380582e+00 3.150000300000000000e+11
4.708000000000000114e+02 5.656854249492380582e+00 3.150000300000000000e+11
4.710000000000000000e+02 4.000000000000000000e+00 3.150000300000000000e+11
4.712000000000000455e+02 4.000000000000000000e+00 3.150000300000000000e+11
4.714000000000000341e+02 4.000000000000000000e+00 3.150000300000000000e+11
4.716000000000000227e+02 4.000000000000000000e+00 3.150000300000000000e+11
4.718000000000000114e+02 0.000000000000000000e+00 3.150000300000000000e+11
4.720000000000000000e+02 0.000000000000000000e+00 0.000000000000000000e+00
4.722000000000000455e+02 0.000000000000000000e+00 0.000000000000000000e+00
4.724000000000000341e+02 4.000000000000000000e+00 0.000000000000000000e+00
4.726000000000000227e+02 4.000000000000000000e+00 0.000000000000000000e+00
4.728000000000000114e+02 4.000000000000000000e+00 0.000000000000000000e+00
4.730000000000000000e+02 4.000000000000000000e+00 0.000000000000000000e+00
4.732000000000000455e+02 5.656854249492380582e+00 0.000000000000000000e+00
4.734000000000000341e+02 5.656854249492380582e+00 0.000000000000000000e+00
4.736000000000000227e+02 5.656854249492380582e+00 0.000000000000000000e+00
4.738000000000000114e+02 4.000000000000000000e+00 0.000000000000000000e+00
4.740000000000000000e+02 4.000000000000000000e+00 0.000000000000000000e+00
4.742000000000000455e+02 4.000000000000000000e+00 0.000000000000000000e+00
4.744000000000000341e+02 0.000000000000000000e+00 0.000000000000000000e+00
4.746000000000000227e+02 0.000000000000000000e+00 0.000000000000000000e+00
4.748000000000000114e+02 0.000000000000000000e+00 0.000000000000000000e+00
4.750000000000000000e+02 0.000000000000000000e+00 0.000000000000000000e+00
4.752000000000000455e+02 4.000000000000000000e+00 0.000000000000000000e+00
4.754000000000000341e+02 4.000000000000000000e+00 0.000000000000000000e+00
4.756000000000000227e+02 4.000000000000000000e+00 0.000000000000000000e+00
4.758000000000000114e+02 5.656854249492380582e+00 0.000000000000000000e+00
4.760000000000000000e+02 5.656854249492380582e+00 3.150000300000000000e+11
4.762000000000000455e+02 5.656854249492380582e+00 3.150000300000000000e+11
4.764000000000000341e+02 4.000000000000000000e+00 3.150000300000000000e+11
4.766000000000000227e+02 4.000000000000000000e+00 3.150000300000000000e+11
4.768000000000000114e+02 4.000000000000000000e+00 3.150000300000000000e+11
4.770000000000000000e+02 4.000000000000000000e+00 3.150000300000000000e+11
4.772000000000000455e+02 0.000000000000000000e+00 3.150000300000000000e+11
4.774000000000000341e+02 0.000000000000000000e+00 3.150000300000000000e+11
4.776000000000000227e+02 0.000000000000000000e+00 3.150000300000000000e+11
4.778000000000000114e+02 0.000000000000000000e+00 3.150000300000000000e+11
4.780000000000000000e+02 4.000000000000000000e+00 3.150000300000000000e+11
4.782000000000000455e+02 4.000000000000000000e+00 3.150000300000000000e+11
4.784000000000000341e+02 4.000000000000000000e+00 3.150000300000000000e+11
4.786000000000000227e+02 5.656854249492380582e+00 3.150000300000000000e+11
4.788000000000000114e+02 5.656854249492380582e+00 3.150000300000000000e+11
4.790000000000000000e+02 5.656854249492380582e+00 3.150000300000000000e+11
4.792000000000000455e+02 5.656854249492380582e+00 3.150000300000000000e+11
4.794000000000000341e+02 4.000000000000000000e+00 3.150000300000000000e+11
4.796000000000000227e+02 4.000000000000000000e+00 3.150000300000000000e+11
4.798000000000000114e+02 4.000000000000000000e+00 3.150000300000000000e+11
