4.800000000000000000e+02 5.656854249492380582e+00 0.000000000000000000e+00
4.802000000000000455e+02 4.000000000000000000e+00 0.000000000000000000e+00
4.804000000000000341e+02 4.000000000000000000e+00 0.000000000000000000e+00
4.806000000000000227e+02 5.656854249492380582e+00 0.000000000000000000e+00
4.808000000000000114e+02 5.656854249492380582e+00 0.000000000000000000e+00
4.810000000000000000e+02 5.656854249492380582e+00 0.000000000000000000e+00
4.812000000000000455e+02 5.656854249492380582e+00 0.000000000000000000e+00
4.814000000000000341e+02 5.656854249492380582e+00 0.000000000000000000e+00
4.816000000000000227e+02 4.000000000000000000e+00 0.000000000000000000e+00
4.818000000000000114e+02 4.000000000000000000e+00 0.000000000000000000e+00
4.820000000000000000e+02 4.000000000000000000e+00 0.000000000000000000e+00
4.822000000000000455e+02 0.000000000000000000e+00 0.000000000000000000e+00
4.824000000000000341e+02 0.000000000000000000e+00 0.000000000000000000e+00
4.826000000000000227e+02 0.000000000000000000e+00 0.000000000000000000e+00
4.828000000000000114e+02 5.656854249492380582e+00 0.000000000000000000e+00
4.830000000000000000e+02 5.656854249492380582e+00 0.000000000000000000e+00
4.832000000000000455e+02 5.656854249492380582e+00 0.000000000000000000e+00
4.834000000000000341e+02 5.656854249492380582e+00 0.000000000000000000e+00
4.836000000000000227e+02 5.656854249492380582e+00 0.000000000000000000e+00
4.838000000000000114e+02 5.656854249492380582e+00 0.000000000000000000e+00
4.840000000000000000e+02 5.656854249492380582e+00 3.175000000000000000e+11
4.842000000000000455e+02 5.656854249492380582e+00 3.175000000000000000e+11
4.844000000000000341e+02 4.000000000000000000e+00 3.175000000000000000e+11
4.846000000000000227e+02 4.000000000000000000e+00 3.175000000000000000e+11
4.848000000000000114e+02 4.000000000000000000e+00 3.175000000000000000e+11
4.850000000000000000e+02 4.000000000000000000e+00 3.175000000000000000e+11
4.852000000000000455e+02 4.000000000000000000e+00 3.175000000000000000e+11
4.854000000000000341e+02 0.000000000000000000e+00 3.175000000000000000e+11
4.856000000000000227e+02 0.000000000000000000e+00 3.175000000000000000e+11
4.858000000000000114e+02 4.000000000000000000e+00 3.175000000000000000e+11
4.860000000000000000e+02 4.000000000000000000e+00 3.175000000000000000e+11
4.862000000000000455e+02 4.000000000000000000e+00 3.175000000000000000e+11
4.864000000000000341e+02 5.656854249492380582e+00 3.175000000000000000e+11
4.866000000000000227e+02 5.656854249492380582e+00 3.175000000000000000e+11
4.868000000000000114e+02 5.656854249492380582e+00 3.175000000000000000e+11
4.870000000000000000e+02 5.656854249492380582e+00 3.175000000000000000e+11
4.872000000000000455e+02 4.000000000000000000e+00 3.175000000000000000e+11
4.874000000000000341e+02 4.000000000000000000e+00 3.175000000000000000e+11
4.876000000000000227e+02 4.000000000000000000e+00 3.175000000000000000e+11
4.878000000000000114e+02 4.000000000000000000e+00 3.175000000000000000e+11
4.880000000000000000e+02 0.000000000000000000e+00 0.000000000000000000e+00
4.882000000000000455e+02 0.000000000000000000e+00 0.000000000000000000e+00
4.884000000000000341e+02 0.000000000000000000e+00 0.000000000000000000e+00
4.886000000000000227e+02 4.000000000000000000e+00 0.000000000000000000e+00
4.888000000000000114e+02 4.000000000000000000e+00 0.000000000000000000e+00
4.890000000000000000e+02 4.000000000000000000e+00 0.000000000000000000e+00
4.892000000000000455e+02 5.656854249492380582e+00 0.000000000000000000e+00
4.894000000000000341e+02 5.656854249492380582e+00 0.000000000000000000e+00
4.896000000000000227e+02 5.656854249492380582e+00 0.000000000000000000e+00
4.898000000000000114e+02 5.656854249492380582e+00 0.000000000000000000e+00
4.900000000000000000e+02 4.000000000000000000e+00 0.000000000000000000e+00
4.902000000000000455e+02 4.000000000000000000e+00 0.000000000000000000e+00
4.904000000000000341e+02 4.000000000000000000e+00 0.000000000000000000e+00
4.906000000000000227e+02 0.000000000000000000e+00 0.000000000000000000e+00
4.908000000000000114e+02 0.000000000000000000e+00 0.000000000000000000e+00
4.910000000000000000e+02 0.000000000000000000e+00 0.000000000000000000e+00
4.912000000000000455e+02 0.000000000000000000e+00 0.000000000000000000e+00
4.914000000000000341e+02 4.000000000000000000e+00 0.000000000000000000e+00
4.916000000000000227e+02 4.000000000000000000e+00 0.000000000000000000e+00
4.918000000000000114e+02 4.000000000000000000e+00 0.000000000000000000e+00
4.920000000000000000e+02 5.656854249492380582e+00 3.175000000000000000e+11
4.922000000000000455e+02 5.656854249492380582e+00 3.175000000000000000e+11
4.924000000000000341e+02 5.656854249492380582e+00 3.175000000000000000e+11
4.926000000000000227e+02 4.000000000000000000e+00 3.175000000000000000e+11
4.928000000000000114e+02 4.000000000000000000e+00 3.175000000000000000e+11
4.930000000000000000e+02 4.000000000000000000e+00 3.175000000000000000e+11
4.932000000000000455e+02 4.000000000000000000e+00 3.175000000000000000e+11
4.934000000000000341e+02 0.000000000000000000e+00 3.175000000000000000e+11
4.936000000000000227e+02 0.000000000000000000e+00 3.175000000000000000e+11
4.938000000000000114e+02 0.000000000000000000e+00 3.175000000000000000e+11
4.940000000000000000e+02 4.000000000000000000e+00 3.175000000000000000e+11
4.942000000000000455e+02 4.000000000000000000e+00 3.175000000000000000e+11
4.944000000000000341e+02 4.000000000000000000e+00 3.175000000000000000e+11
4.946000000000000227e+02 4.000000000000000000e+00 3.175000000000000000e+11
4.948000000000000114e+02 5.656854249492380582e+00 3.175000000000000000e+11
4.950000000000000000e+02 5.656854249492380582e+00 3.175000000000000000e+11
4.952000000000000455e+02 5.656854249492380582e+00 3.175000000000000000e+11
4.954000000000000341e+02 4.000000000000000000e+00 3.175000000000000000e+11
4.956000000000000227e+02 4.000000000000000000e+00 3.175000000000000000e+11
4.958000000000000114e+02 4.000000000000000000e+00 3.175000000000000000e+11
4.960000000000000000e+02 4.000000000000000000e+00 0.000000000000000000e+00
4.962000000000000455e+02 0.000000000000000000e+00 0.000000000000000000e+00
4.964000000000000341e+02 0.000000000000000000e+00 0.000000000000000000e+00
4.966000000000000227e+02 0.000000000000000000e+00 0.000000000000000000e+00
4.968000000000000114e+02 4.000000000000000000e+00 0.000000000000000000e+00
4.970000000000000000e+02 4.000000000000000000e+00 0.000000000000000000e+00
4.972000000000000455e+02 4.000000000000000000e+00 0.000000000000000000e+00
4.974000000000000341e+02 4.000000000000000000e+00 0.000000000000000000e+00
4.976000000000000227e+02 5.656854249492380582e+00 0.000000000000000000e+00
4.978000000000000114e+02 5.656854249492380582e+00 0.000000000000000000e+00
4.980000000000000000e+02 5.656854249492380582e+00 0.000000000000000000e+00
4.982000000000000455e+02 4.000000000000000000e+00 0.000000000000000000e+00
4.984000000000000341e+02 4.000000000000000000e+00 0.000000000000000000e+00
4.986000000000000227e+02 4.000000000000000000e+00 0.000000000000000000e+00
4.988000000000000114e+02 0.000000000000000000e+00 0.000000000000000000e+00
4.990000000000000000e+02 0.000000000000000000e+00 0.000000000000000000e+00
4.992000000000000455e+02 0.000000000000000000e+00 0.000000000000000000e+00
4.994000000000000341e+02 0.000000000000000000e+00 0.000000000000000000e+00
4.996000000000000227e+02 4.000000000000000000e+00 0.000000000000000000e+00
4.998000000000000114e+02 4.000000000000000000e+00 0.000000000000000000e+00
5.000000000000000000e+02 4.000000000000000000e+00 3.175000000000000000e+11
5.002000000000000455e+02 5.656854249492380582e+00 3.175000000000000000e+11
5.004000000000000341e+02 5.656854249492380582e+00 3.175000000000000000e+11
5.006000000000000227e+02 5.656854249492380582e+00 3.175000000000000000e+11
5.008000000000000114e+02 5.656854249492380582e+00 3.175000000000000000e+11
5.010000000000000000e+02 4.000000000000000000e+00 3.175000000000000000e+11
5.012000000000000455e+02 4.000000000000000000e+00 3.175000000000000000e+11
5.014000000000000341e+02 4.000000000000000000e+00 3.175000000000000000e+11
5.016000000000000227e+02 0.000000000000000000e+00 3.175000000000000000e+11
5.018000000000000114e+02 0.000000000000000000e+00 3.175000000000000000e+11
5.020000000000000000e+02 0.000000000000000000e+00 3.175000000000000000e+11
5.022000000000000455e+02 0.000000000000000000e+00 3.175000000000000000e+11
5.024000000000000341e+02 4.000000000000000000e+00 3.175000000000000000e+11
5.026000000000000227e+02 4.000000000000000000e+00 3.175000000000000000e+11
5.028000000000000114e+02 4.000000000000000000e+00 3.175000000000000000e+11
5.030000000000000000e+02 5.656854249492380582e+00 3.175000000000000000e+11
5.032000000000000455e+02 5.656854249492380582e+00 3.175000000000000000e+11
5.034000000000000341e+02 5.656854249492380582e+00 3.175000000000000000e+11
5.036000000000000227e+02 5.656854249492380582e+00 3.175000000000000000e+11
5.038000000000000114e+02 4.000000000000000000e+00 3.175000000000000000e+11
5.040000000000000000e+02 4.000000000000000000e+00 0.000000000000000000e+00
5.042000000000000455e+02 4.000000000000000000e+00 0.000000000000000000e+00
5.044000000000000341e+02 0.000000000000000000e+00 0.000000000000000000e+00
5.046000000000000227e+02 0.000000000000000000e+00 0.000000000000000000e+00
5.048000000000000114e+02 0.000000000000000000e+00 0.000000000000000000e+00
5.050000000000000000e+02 4.000000000000000000e+00 0.000000000000000000e+00
5.052000000000000455e+02 4.000000000000000000e+00 0.000000000000000000e+00
5.054000000000000341e+02 4.000000000000000000e+00 0.000000000000000000e+00
5.056000000000000227e+02 4.000000000000000000e+00 0.000000000000000000e+00
5.058000000000000114e+02 5.656854249492380582e+00 0.000000000000000000e+00
5.060000000000000000e+02 5.656854249492380582e+00 0.000000000000000000e+00
5.062000000000000455e+02 5.656854249492380582e+00 0.000000000000000000e+00
5.064000000000000341e+02 4.000000000000000000e+00 0.000000000000000000e+00
5.066000000000000227e+02 4.000000000000000000e+00 0.000000000000000000e+00
5.068000000000000114e+02 4.000000000000000000e+00 0.000000000000000000e+00
5.070000000000000000e+02 4.000000000000000000e+00 0.000000000000000000e+00
5.072000000000000455e+02 0.000000000000000000e+00 0.000000000000000000e+00
5.074000000000000341e+02 0.000000000000000000e+00 0.000000000000000000e+00
5.076000000000000227e+02 0.000000000000000000e+00 0.000000000000000000e+00
5.078000000000000114e+02 4.000000000000000000e+00 0.000000000000000000e+00
5.080000000000000000e+02 4.000000000000000000e+00 3.175000000000000000e+11
5.082000000000000455e+02 4.000000000000000000e+00 3.175000000000000000e+11
5.084000000000000341e+02 5.656854249492380582e+00 3.175000000000000000e+11
5.086000000000000227e+02 5.656854249492380582e+00 3.175000000000000000e+11
5.088000000000000114e+02 5.656854249492380582e+00 3.175000000000000000e+11
5.090000000000000000e+02 5.656854249492380582e+00 3.175000000000000000e+11
5.092000000000000455e+02 4.000000000000000000e+00 3.175000000000000000e+11
5.094000000000000341e+02 4.000000000000000000e+00 3.175000000000000000e+11
5.096000000000000227e+02 4.000000000000000000e+00 3.175000000000000000e+11
5.098000000000000114e+02 0.000000000000000000e+00 3.175000000000000000e+11
5.100000000000000000e+02 0.000000000000000000e+00 3.175000000000000000e+11
5.102000000000000455e+02 0.000000000000000000e+00 3.175000000000000000e+11
5.104000000000000341e+02 0.000000000000000000e+00 3.175000000000000000e+11
5.106000000000000227e+02 4.000000000000000000e+00 3.175000000000000000e+11
5.108000000000000114e+02 4.000000000000000000e+00 3.175000000000000000e+11
5.110000000000000000e+02 4.000000000000000000e+00 3.175000000000000000e+11
5.112000000000000455e+02 5.656854249492380582e+00 3.175000000000000000e+11
5.114000000000000341e+02 5.656854249492380582e+00 3.175000000000000000e+11
5.116000000000000227e+02 5.656854249492380582e+00 3.175000000000000000e+11
5.118000000000000114e+02 5.656854249492380582e+00 3.175000000000000000e+11
5.120000000000000000e+02 4.000000000000000000e+00 0.000000000000000000e+00
5.122000000000000455e+02 4.000000000000000000e+00 0.000000000000000000e+00
5.123999999999999773e+02 4.000000000000000000e+00 0.000000000000000000e+00
5.126000000000000227e+02 0.000000000000000000e+00 0.000000000000000000e+00
5.128000000000000682e+02 0.000000000000000000e+00 0.000000000000000000e+00
5.130000000000000000e+02 0.000000000000000000e+00 0.000000000000000000e+00
5.132000000000000455e+02 0.000000000000000000e+00 0.000000000000000000e+00
5.133999999999999773e+02 4.000000000000000000e+00 0.000000000000000000e+00
5.136000000000000227e+02 4.000000000000000000e+00 0.000000000000000000e+00
5.138000000000000682e+02 4.000000000000000000e+00 0.000000000000000000e+00
5.140000000000000000e+02 5.656854249492380582e+00 0.000000000000000000e+00
5.142000000000000455e+02 5.656854249492380582e+00 0.000000000000000000e+00
5.143999999999999773e+02 5.656854249492380582e+00 0.000000000000000000e+00
5.146000000000000227e+02 4.000000000000000000e+00 0.000000000000000000e+00
5.148000000000000682e+02 4.000000000000000000e+00 0.000000000000000000e+00
5.150000000000000000e+02 4.000000000000000000e+00 0.000000000000000000e+00
5.152000000000000455e+02 4.000000000000000000e+00 0.000000000000000000e+00
5.153999999999999773e+02 0.000000000000000000e+00 0.000000000000000000e+00
5.156000000000000227e+02 0.000000000000000000e+00 0.000000000000000000e+00
5.158000000000000682e+02 0.000000000000000000e+00 0.000000000000000000e+00
5.160000000000000000e+02 4.000000000000000000e+00 3.175000000000000000e+11
5.162000000000000455e+02 4.000000000000000000e+00 3.175000000000000000e+11
5.163999999999999773e+02 4.000000000000000000e+00 3.175000000000000000e+11
5.166000000000000227e+02 4.000000000000000000e+00 3.175000000000000000e+11
5.168000000000000682e+02 5.656854249492380582e+00 3.175000000000000000e+11
5.170000000000000000e+02 5.656854249492380582e+00 3.175000000000000000e+11
5.172000000000000455e+02 5.656854249492380582e+00 3.175000000000000000e+11
5.173999999999999773e+02 4.000000000000000000e+00 3.175000000000000000e+11
5.176000000000000227e+02 4.000000000000000000e+00 3.175000000000000000e+11
5.178000000000000682e+02 4.000000000000000000e+00 3.175000000000000000e+11
5.180000000000000000e+02 4.000000000000000000e+00 3.175000000000000000e+11
5.182000000000000455e+02 0.000000000000000000e+00 3.175000000000000000e+11
5.183999999999999773e+02 0.000000000000000000e+00 3.175000000000000000e+11
5.186000000000000227e+02 0.000000000000000000e+00 3.175000000000000000e+11
5.188000000000000682e+02 0.000000000000000000e+00 3.175000000000000000e+11
5.190000000000000000e+02 4.000000000000000000e+00 3.175000000000000000e+11
5.192000000000000455e+02 4.000000000000000000e+00 3.175000000000000000e+11
5.193999999999999773e+02 4.000000000000000000e+00 3.175000000000000000e+11
5.196000000000000227e+02 8.000000000000000000e+00 3.175000000000000000e+11
5.198000000000000682e+02 8.944271909999159220e+00 3.175000000000000000e+11
5.200000000000000000e+02 8.944271909999159220e+00 0.000000000000000000e+00
5.202000000000000455e+02 8.944271909999159220e+00 0.000000000000000000e+00
5.203999999999999773e+02 8.944271909999159220e+00 0.000000000000000000e+00
5.206000000000000227e+02 8.000000000000000000e+00 0.000000000000000000e+00
5.208000000000000682e+02 4.000000000000000000e+00 0.000000000000000000e+00
5.210000000000000000e+02 5.656854249492380582e+00 0.000000000000000000e+00
5.212000000000000455e+02 4.000000000000000000e+00 0.000000000000000000e+00
5.213999999999999773e+02 4.000000000000000000e+00 0.000000000000000000e+00
5.216000000000000227e+02 4.000000000000000000e+00 0.000000000000000000e+00
5.218000000000000682e+02 4.000000000000000000e+00 0.000000000000000000e+00
5.220000000000000000e+02 5.656854249492380582e+00 0.000000000000000000e+00
5.222000000000000455e+02 5.656854249492380582e+00 0.000000000000000000e+00
5.223999999999999773e+02 8.000000000000000000e+00 0.000000000000000000e+00
5.226000000000000227e+02 8.000000000000000000e+00 0.000000000000000000e+00
5.228000000000000682e+02 8.944271909999159220e+00 0.000000000000000000e+00
5.230000000000000000e+02 5.656854249492380582e+00 0.000000000000000000e+00
5.232000000000000455e+02 8.944271909999159220e+00 0.000000000000000000e+00
5.233999999999999773e+02 8.944271909999159220e+00 0.000000000000000000e+00
5.236000000000000227e+02 8.000000000000000000e+00 0.000000000000000000e+00
5.238000000000000682e+02 4.000000000000000000e+00 0.000000000000000000e+00
5.240000000000000000e+02 5.656854249492380582e+00 3.175000000000000000e+11
5.242000000000000455e+02 4.000000000000000000e+00 3.175000000000000000e+11
5.243999999999999773e+02 4.000000000000000000e+00 3.175000000000000000e+11
5.246000000000000227e+02 5.656854249492380582e+00 3.175000000000000000e+11
5.248000000000000682e+02 4.000000000000000000e+00 3.175000000000000000e+11
5.250000000000000000e+02 8.944271909999159220e+00 3.175000000000000000e+11
5.252000000000000455e+02 1.131370849898476116e+01 3.175000000000000000e+11
5.253999999999999773e+02 1.442220510185595650e+01 3.175000000000000000e+11
5.256000000000000227e+02 1.649242250247064234e+01 3.175000000000000000e+11
5.258000000000000682e+02 2.039607805437113797e+01 3.175000000000000000e+11
5.260000000000000000e+02 2.332380757938120297e+01 3.175000000000000000e+11
5.262000000000000455e+02 2.561249694973139412e+01 3.175000000000000000e+11
5.263999999999999773e+02 3.046309242345563462e+01 3.175000000000000000e+11
5.266000000000000227e+02 3.200000000000000000e+01 3.175000000000000000e+11
5.268000000000000682e+02 3.577708763999663688e+01 3.175000000000000000e+11
5.270000000000000000e+02 3.959797974644666141e+01 3.175000000000000000e+11
5.272000000000000455e+02 4.681879964287850271e+01 3.175000000000000000e+11
5.273999999999999773e+02 5.215361924162119323e+01 3.175000000000000000e+11
5.276000000000000227e+02 5.905929224093360119e+01 3.175000000000000000e+11
5.278000000000000682e+02 7.121797525905942905e+01 3.175000000000000000e+11
5.280000000000000000e+02 8.246211251235321527e+01 0.000000000000000000e+00
5.282000000000000455e+02 8.158431221748455187e+01 0.000000000000000000e+00
5.283999999999999773e+02 8.323460818673925132e+01 0.000000000000000000e+00
5.286000000000000227e+02 8.236504112789600640e+01 0.000000000000000000e+00
5.288000000000000682e+02 8.039900496896711957e+01 0.000000000000000000e+00
5.290000000000000000e+02 8.352245207128440541e+01 0.000000000000000000e+00
5.292000000000000455e+02 7.939773296511683043e+01 0.000000000000000000e+00
5.293999999999999773e+02 8.049844718999243298e+01 0.000000000000000000e+00
5.296000000000000227e+02 8.009993757800314995e+01 0.000000000000000000e+00
5.298000000000000682e+02 7.725283166331186635e+01 0.000000000000000000e+00
5.300000000000000000e+02 7.641989269817119634e+01 0.000000000000000000e+00
5.302000000000000455e+02 7.589466384404110499e+01 0.000000000000000000e+00
5.303999999999999773e+02 7.244308110509933840e+01 0.000000000000000000e+00
5.306000000000000227e+02 7.343023900274327787e+01 0.000000000000000000e+00
5.308000000000000682e+02 7.211102550927978427e+01 0.000000000000000000e+00
5.310000000000000000e+02 7.299315036357863562e+01 0.000000000000000000e+00
5.312000000000000455e+02 7.088018058667739751e+01 0.000000000000000000e+00
5.313999999999999773e+02 7.375635565834309659e+01 0.000000000000000000e+00
5.316000000000000227e+02 7.155417527999327376e+01 0.000000000000000000e+00
5.318000000000000682e+02 7.211102550927978427e+01 0.000000000000000000e+00
5.320000000000000000e+02 7.353910524340093957e+01 3.175000000000000000e+11
5.322000000000000455e+02 8.485281374238570606e+01 3.175000000000000000e+11
5.323999999999999773e+02 9.666436778875657865e+01 3.175000000000000000e+11
5.326000000000000227e+02 1.080000000000000000e+02 3.175000000000000000e+11
5.328000000000000682e+02 1.255388386118017223e+02 3.175000000000000000e+11
5.330000000000000000e+02 1.388524396616782610e+02 3.175000000000000000e+11
5.332000000000000455e+02 1.582403235588198527e+02 3.175000000000000000e+11
5.333999999999999773e+02 1.302919797992186375e+02 3.175000000000000000e+11
5.336000000000000227e+02 1.160689450283752677e+02 3.175000000000000000e+11
5.338000000000000682e+02 1.307822617941745307e+02 3.175000000000000000e+11
5.340000000000000000e+02 1.501465950329876762e+02 3.175000000000000000e+11
5.342000000000000455e+02 1.531012736720371095e+02 3.175000000000000000e+11
5.343999999999999773e+02 1.170982493464355798e+02 3.175000000000000000e+11
5.346000000000000227e+02 1.368210510118965715e+02 3.175000000000000000e+11
5.348000000000000682e+02 1.587954659302336609e+02 3.175000000000000000e+11
5.350000000000000000e+02 1.273106437027163906e+02 3.175000000000000000e+11
5.352000000000000455e+02 1.176435293588219366e+02 3.175000000000000000e+11
5.353999999999999773e+02 1.369379421489895208e+02 3.175000000000000000e+11
5.356000000000000227e+02 1.543502510525979119e+02 3.175000000000000000e+11
5.358000000000000682e+02 1.471869559437927819e+02 3.175000000000000000e+11
5.360000000000000000e+02 1.329661611087572908e+02 0.000000000000000000e+00
5.362000000000000455e+02 1.282497563350511882e+02 0.000000000000000000e+00
5.363999999999999773e+02 1.270590413941487213e+02 0.000000000000000000e+00
5.366000000000000227e+02 1.232233744059949032e+02 0.000000000000000000e+00
5.368000000000000682e+02 1.223764683262268420e+02 0.000000000000000000e+00
5.370000000000000000e+02 1.203328716519305885e+02 0.000000000000000000e+00
5.372000000000000455e+02 1.162755348299890699e+02 0.000000000000000000e+00
5.373999999999999773e+02 1.181862936215532613e+02 0.000000000000000000e+00
5.376000000000000227e+02 1.160689450283752677e+02 0.000000000000000000e+00
5.378000000000000682e+02 1.181185844818672024e+02 0.000000000000000000e+00
5.380000000000000000e+02 1.200000000000000000e+02 0.000000000000000000e+00
5.382000000000000455e+02 1.184567431596867806e+02 0.000000000000000000e+00
5.383999999999999773e+02 1.193314711214103880e+02 0.000000000000000000e+00
5.386000000000000227e+02 1.168246549320818701e+02 0.000000000000000000e+00
5.388000000000000682e+02 1.127120224288429711e+02 0.000000000000000000e+00
5.390000000000000000e+02 1.122853507809455920e+02 0.000000000000000000e+00
5.392000000000000455e+02 1.114271062174729536e+02 0.000000000000000000e+00
5.393999999999999773e+02 1.103449137930697788e+02 0.000000000000000000e+00
5.396000000000000227e+02 1.049952379872535033e+02 0.000000000000000000e+00
5.398000000000000682e+02 1.046900186264192030e+02 0.000000000000000000e+00
5.400000000000000000e+02 1.043072384832423865e+02 3.175000000000000000e+11
5.402000000000000455e+02 1.187265766372466373e+02 3.175000000000000000e+11
5.403999999999999773e+02 1.374627222195166496e+02 3.175000000000000000e+11
5.406000000000000227e+02 1.593988707613702047e+02 3.175000000000000000e+11
5.408000000000000682e+02 1.241933975700801938e+02 3.175000000000000000e+11
5.410000000000000000e+02 1.098362417419678536e+02 3.175000000000000000e+11
5.412000000000000455e+02 9.208691546577070142e+01 3.175000000000000000e+11
5.413999999999999773e+02 8.099382692526634742e+01 3.175000000000000000e+11
5.416000000000000227e+02 6.905070600652827295e+01 3.175000000000000000e+11
5.418000000000000682e+02 5.824087911424414443e+01 3.175000000000000000e+11
5.420000000000000000e+02 5.122499389946278825e+01 3.175000000000000000e+11
5.422000000000000455e+02 4.472135954999579610e+01 3.175000000000000000e+11
5.423999999999999773e+02 4.019950248448355978e+01 3.175000000000000000e+11
5.426000000000000227e+02 3.298484500494128469e+01 3.175000000000000000e+11
5.428000000000000682e+02 2.884441020371191300e+01 3.175000000000000000e+11
5.430000000000000000e+02 2.561249694973139412e+01 3.175000000000000000e+11
5.432000000000000455e+02 2.039607805437113797e+01 3.175000000000000000e+11
5.433999999999999773e+02 2.000000000000000000e+01 3.175000000000000000e+11
5.436000000000000227e+02 1.442220510185595650e+01 3.175000000000000000e+11
5.438000000000000682e+02 1.131370849898476116e+01 3.175000000000000000e+11
5.440000000000000000e+02 8.944271909999159220e+00 0.000000000000000000e+00
5.442000000000000455e+02 8.000000000000000000e+00 0.000000000000000000e+00
5.443999999999999773e+02 8.944271909999159220e+00 0.000000000000000000e+00
5.446000000000000227e+02 8.944271909999159220e+00 0.000000000000000000e+00
5.448000000000000682e+02 8.000000000000000000e+00 0.000000000000000000e+00
5.450000000000000000e+02 8.944271909999159220e+00 0.000000000000000000e+00
5.452000000000000455e+02 8.944271909999159220e+00 0.000000000000000000e+00
5.453999999999999773e+02 1.200000000000000000e+01 0.000000000000000000e+00
5.456000000000000227e+02 1.264911064067351809e+01 0.000000000000000000e+00
5.458000000000000682e+02 1.264911064067351809e+01 0.000000000000000000e+00
5.460000000000000000e+02 1.131370849898476116e+01 0.000000000000000000e+00
5.462000000000000455e+02 1.264911064067351809e+01 0.000000000000000000e+00
5.463999999999999773e+02 1.200000000000000000e+01 0.000000000000000000e+00
5.466000000000000227e+02 1.264911064067351809e+01 0.000000000000000000e+00
5.468000000000000682e+02 8.944271909999159220e+00 0.000000000000000000e+00
5.470000000000000000e+02 8.944271909999159220e+00 0.000000000000000000e+00
5.472000000000000455e+02 8.000000000000000000e+00 0.000000000000000000e+00
5.473999999999999773e+02 5.656854249492380582e+00 0.000000000000000000e+00
5.476000000000000227e+02 5.656854249492380582e+00 0.000000000000000000e+00
5.478000000000000682e+02 8.000000000000000000e+00 0.000000000000000000e+00
5.480000000000000000e+02 8.944271909999159220e+00 3.175000000000000000e+11
5.482000000000000455e+02 8.944271909999159220e+00 3.175000000000000000e+11
5.483999999999999773e+02 8.000000000000000000e+00 3.175000000000000000e+11
5.486000000000000227e+02 8.000000000000000000e+00 3.175000000000000000e+11
5.488000000000000682e+02 8.944271909999159220e+00 3.175000000000000000e+11
5.490000000000000000e+02 5.656854249492380582e+00 3.175000000000000000e+11
5.492000000000000455e+02 5.656854249492380582e+00 3.175000000000000000e+11
5.493999999999999773e+02 5.656854249492380582e+00 3.175000000000000000e+11
5.496000000000000227e+02 4.000000000000000000e+00 3.175000000000000000e+11
5.498000000000000682e+02 4.000000000000000000e+00 3.175000000000000000e+11
5.500000000000000000e+02 4.000000000000000000e+00 3.175000000000000000e+11
5.502000000000000455e+02 4.000000000000000000e+00 3.175000000000000000e+11
5.503999999999999773e+02 0.000000000000000000e+00 3.175000000000000000e+11
5.506000000000000227e+02 0.000000000000000000e+00 3.175000000000000000e+11
5.508000000000000682e+02 0.000000000000000000e+00 3.175000000000000000e+11
5.510000000000000000e+02 4.000000000000000000e+00 3.175000000000000000e+11
5.512000000000000455e+02 4.000000000000000000e+00 3.175000000000000000e+11
5.513999999999999773e+02 4.000000000000000000e+00 3.175000000000000000e+11
5.516000000000000227e+02 4.000000000000000000e+00 3.175000000000000000e+11
5.518000000000000682e+02 5.656854249492380582e+00 3.175000000000000000e+11
5.520000000000000000e+02 5.656854249492380582e+00 0.000000000000000000e+00
5.522000000000000455e+02 5.656854249492380582e+00 0.000000000000000000e+00
5.523999999999999773e+02 5.656854249492380582e+00 0.000000000000000000e+00
5.526000000000000227e+02 4.000000000000000000e+00 0.000000000000000000e+00
5.528000000000000682e+02 4.000000000000000000e+00 0.000000000000000000e+00
5.530000000000000000e+02 4.000000000000000000e+00 0.000000000000000000e+00
5.532000000000000455e+02 0.000000000000000000e+00 0.000000000000000000e+00
5.533999999999999773e+02 0.000000000000000000e+00 0.000000000000000000e+00
5.536000000000000227e+02 0.000000000000000000e+00 0.000000000000000000e+00
5.538000000000000682e+02 4.000000000000000000e+00 0.000000000000000000e+00
5.540000000000000000e+02 4.000000000000000000e+00 0.000000000000000000e+00
5.542000000000000455e+02 4.000000000000000000e+00 0.000000000000000000e+00
5.543999999999999773e+02 4.000000000000000000e+00 0.000000000000000000e+00
5.546000000000000227e+02 5.656854249492380582e+00 0.000000000000000000e+00
5.548000000000000682e+02 5.656854249492380582e+00 0.000000000000000000e+00
5.550000000000000000e+02 5.656854249492380582e+00 0.000000000000000000e+00
5.552000000000000455e+02 4.000000000000000000e+00 0.000000000000000000e+00
5.553999999999999773e+02 4.000000000000000000e+00 0.000000000000000000e+00
5.556000000000000227e+02 4.000000000000000000e+00 0.000000000000000000e+00
5.558000000000000682e+02 4.000000000000000000e+00 0.000000000000000000e+00
5.560000000000000000e+02 0.000000000000000000e+00 3.175000000000000000e+11
5.562000000000000455e+02 0.000000000000000000e+00 3.175000000000000000e+11
5.563999999999999773e+02 0.000000000000000000e+00 3.175000000000000000e+11
5.566000000000000227e+02 4.000000000000000000e+00 3.175000000000000000e+11
5.568000000000000682e+02 4.000000000000000000e+00 3.175000000000000000e+11
5.570000000000000000e+02 4.000000000000000000e+00 3.175000000000000000e+11
5.572000000000000455e+02 4.000000000000000000e+00 3.175000000000000000e+11
5.573999999999999773e+02 5.656854249492380582e+00 3.175000000000000000e+11
5.576000000000000227e+02 5.656854249492380582e+00 3.175000000000000000e+11
5.578000000000000682e+02 5.656854249492380582e+00 3.175000000000000000e+11
5.580000000000000000e+02 4.000000000000000000e+00 3.175000000000000000e+11
5.582000000000000455e+02 4.000000000000000000e+00 3.175000000000000000e+11
5.583999999999999773e+02 4.000000000000000000e+00 3.175000000000000000e+11
5.586000000000000227e+02 4.000000000000000000e+00 3.175000000000000000e+11
5.588000000000000682e+02 0.000000000000000000e+00 3.175000000000000000e+11
5.590000000000000000e+02 0.000000000000000000e+00 3.175000000000000000e+11
5.592000000000000455e+02 0.000000000000000000e+00 3.175000000000000000e+11
5.593999999999999773e+02 4.000000000000000000e+00 3.175000000000000000e+11
5.596000000000000227e+02 4.000000000000000000e+00 3.175000000000000000e+11
5.598000000000000682e+02 4.000000000000000000e+00 3.175000000000000000e+11
