5.600000000000000000e+02 0.000000000000000000e+00 0.000000000000000000e+00
5.602000000000000455e+02 4.000000000000000000e+00 0.000000000000000000e+00
5.603999999999999773e+02 5.656854249492380582e+00 0.000000000000000000e+00
5.606000000000000227e+02 5.656854249492380582e+00 0.000000000000000000e+00
5.608000000000000682e+02 5.656854249492380582e+00 0.000000000000000000e+00
5.610000000000000000e+02 5.656854249492380582e+00 0.000000000000000000e+00
5.612000000000000455e+02 5.656854249492380582e+00 0.000000000000000000e+00
5.613999999999999773e+02 5.656854249492380582e+00 0.000000000000000000e+00
5.616000000000000227e+02 5.656854249492380582e+00 0.000000000000000000e+00
5.618000000000000682e+02 5.656854249492380582e+00 0.000000000000000000e+00
5.620000000000000000e+02 5.656854249492380582e+00 0.000000000000000000e+00
5.622000000000000455e+02 5.656854249492380582e+00 0.000000000000000000e+00
5.623999999999999773e+02 4.000000000000000000e+00 0.000000000000000000e+00
5.626000000000000227e+02 5.656854249492380582e+00 0.000000000000000000e+00
5.628000000000000682e+02 5.656854249492380582e+00 0.000000000000000000e+00
5.630000000000000000e+02 5.656854249492380582e+00 0.000000000000000000e+00
5.632000000000000455e+02 5.656854249492380582e+00 0.000000000000000000e+00
5.633999999999999773e+02 5.656854249492380582e+00 0.000000000000000000e+00
5.636000000000000227e+02 5.656854249492380582e+00 0.000000000000000000e+00
5.638000000000000682e+02 5.656854249492380582e+00 0.000000000000000000e+00
5.640000000000000000e+02 5.656854249492380582e+00 3.200000000000000000e+11
5.642000000000000455e+02 5.656854249492380582e+00 3.200000000000000000e+11
5.643999999999999773e+02 4.000000000000000000e+00 3.200000000000000000e+11
5.646000000000000227e+02 4.000000000000000000e+00 3.200000000000000000e+11
5.648000000000000682e+02 4.000000000000000000e+00 3.200000000000000000e+11
5.650000000000000000e+02 4.000000000000000000e+00 3.200000000000000000e+11
5.652000000000000455e+02 4.000000000000000000e+00 3.200000000000000000e+11
5.653999999999999773e+02 0.000000000000000000e+00 3.200000000000000000e+11
5.656000000000000227e+02 0.000000000000000000e+00 3.200000000000000000e+11
5.658000000000000682e+02 0.000000000000000000e+00 3.200000000000000000e+11
5.660000000000000000e+02 4.000000000000000000e+00 3.200000000000000000e+11
5.662000000000000455e+02 4.000000000000000000e+00 3.200000000000000000e+11
5.663999999999999773e+02 5.656854249492380582e+00 3.200000000000000000e+11
5.666000000000000227e+02 5.656854249492380582e+00 3.200000000000000000e+11
5.668000000000000682e+02 5.656854249492380582e+00 3.200000000000000000e+11
5.670000000000000000e+02 5.656854249492380582e+00 3.200000000000000000e+11
5.672000000000000455e+02 4.000000000000000000e+00 3.200000000000000000e+11
5.673999999999999773e+02 4.000000000000000000e+00 3.200000000000000000e+11
5.676000000000000227e+02 4.000000000000000000e+00 3.200000000000000000e+11
5.678000000000000682e+02 4.000000000000000000e+00 3.200000000000000000e+11
5.680000000000000000e+02 0.000000000000000000e+00 0.000000000000000000e+00
5.682000000000000455e+02 0.000000000000000000e+00 0.000000000000000000e+00
5.683999999999999773e+02 0.000000000000000000e+00 0.000000000000000000e+00
5.686000000000000227e+02 4.000000000000000000e+00 0.000000000000000000e+00
5.688000000000000682e+02 4.000000000000000000e+00 0.000000000000000000e+00
5.690000000000000000e+02 4.000000000000000000e+00 0.000000000000000000e+00
5.692000000000000455e+02 5.656854249492380582e+00 0.000000000000000000e+00
5.693999999999999773e+02 5.656854249492380582e+00 0.000000000000000000e+00
5.696000000000000227e+02 5.656854249492380582e+00 0.000000000000000000e+00
5.698000000000000682e+02 5.656854249492380582e+00 0.000000000000000000e+00
5.700000000000000000e+02 4.000000000000000000e+00 0.000000000000000000e+00
5.702000000000000455e+02 4.000000000000000000e+00 0.000000000000000000e+00
5.703999999999999773e+02 4.000000000000000000e+00 0.000000000000000000e+00
5.706000000000000227e+02 0.000000000000000000e+00 0.000000000000000000e+00
5.708000000000000682e+02 0.000000000000000000e+00 0.000000000000000000e+00
5.710000000000000000e+02 0.000000000000000000e+00 0.000000000000000000e+00
5.712000000000000455e+02 0.000000000000000000e+00 0.000000000000000000e+00
5.713999999999999773e+02 4.000000000000000000e+00 0.000000000000000000e+00
5.716000000000000227e+02 4.000000000000000000e+00 0.000000000000000000e+00
5.718000000000000682e+02 4.000000000000000000e+00 0.000000000000000000e+00
5.720000000000000000e+02 5.656854249492380582e+00 3.200000000000000000e+11
5.722000000000000455e+02 5.656854249492380582e+00 3.200000000000000000e+11
5.723999999999999773e+02 5.656854249492380582e+00 3.200000000000000000e+11
5.726000000000000227e+02 5.656854249492380582e+00 3.200000000000000000e+11
5.728000000000000682e+02 4.000000000000000000e+00 3.200000000000000000e+11
5.730000000000000000e+02 4.000000000000000000e+00 3.200000000000000000e+11
5.732000000000000455e+02 4.000000000000000000e+00 3.200000000000000000e+11
5.733999999999999773e+02 0.000000000000000000e+00 3.200000000000000000e+11
5.736000000000000227e+02 0.000000000000000000e+00 3.200000000000000000e+11
5.738000000000000682e+02 0.000000000000000000e+00 3.200000000000000000e+11
5.740000000000000000e+02 0.000000000000000000e+00 3.200000000000000000e+11
5.742000000000000455e+02 4.000000000000000000e+00 3.200000000000000000e+11
5.743999999999999773e+02 4.000000000000000000e+00 3.200000000000000000e+11
5.746000000000000227e+02 4.000000000000000000e+00 3.200000000000000000e+11
5.748000000000000682e+02 5.656854249492380582e+00 3.200000000000000000e+11
5.750000000000000000e+02 5.656854249492380582e+00 3.200000000000000000e+11
5.752000000000000455e+02 5.656854249492380582e+00 3.200000000000000000e+11
5.753999999999999773e+02 5.656854249492380582e+00 3.200000000000000000e+11
5.756000000000000227e+02 4.000000000000000000e+00 3.200000000000000000e+11
5.758000000000000682e+02 4.000000000000000000e+00 3.200000000000000000e+11
5.760000000000000000e+02 4.000000000000000000e+00 0.000000000000000000e+00
5.762000000000000455e+02 0.000000000000000000e+00 0.000000000000000000e+00
5.763999999999999773e+02 0.000000000000000000e+00 0.000000000000000000e+00
5.766000000000000227e+02 0.000000000000000000e+00 0.000000000000000000e+00
5.768000000000000682e+02 4.000000000000000000e+00 0.000000000000000000e+00
5.770000000000000000e+02 4.000000000000000000e+00 0.000000000000000000e+00
5.772000000000000455e+02 4.000000000000000000e+00 0.000000000000000000e+00
5.773999999999999773e+02 4.000000000000000000e+00 0.000000000000000000e+00
5.776000000000000227e+02 5.656854249492380582e+00 0.000000000000000000e+00
5.778000000000000682e+02 5.656854249492380582e+00 0.000000000000000000e+00
5.780000000000000000e+02 5.656854249492380582e+00 0.000000000000000000e+00
5.782000000000000455e+02 4.000000000000000000e+00 0.000000000000000000e+00
5.783999999999999773e+02 4.000000000000000000e+00 0.000000000000000000e+00
5.786000000000000227e+02 4.000000000000000000e+00 0.000000000000000000e+00
5.788000000000000682e+02 4.000000000000000000e+00 0.000000000000000000e+00
5.790000000000000000e+02 0.000000000000000000e+00 0.000000000000000000e+00
5.792000000000000455e+02 0.000000000000000000e+00 0.000000000000000000e+00
5.793999999999999773e+02 0.000000000000000000e+00 0.000000000000000000e+00
5.796000000000000227e+02 4.000000000000000000e+00 0.000000000000000000e+00
5.798000000000000682e+02 4.000000000000000000e+00 0.000000000000000000e+00
5.800000000000000000e+02 4.000000000000000000e+00 3.200000000000000000e+11
5.802000000000000455e+02 5.656854249492380582e+00 3.200000000000000000e+11
5.803999999999999773e+02 5.656854249492380582e+00 3.200000000000000000e+11
5.806000000000000227e+02 5.656854249492380582e+00 3.200000000000000000e+11
5.808000000000000682e+02 5.656854249492380582e+00 3.200000000000000000e+11
5.810000000000000000e+02 4.000000000000000000e+00 3.200000000000000000e+11
5.812000000000000455e+02 4.000000000000000000e+00 3.200000000000000000e+11
5.813999999999999773e+02 4.000000000000000000e+00 3.200000000000000000e+11
5.816000000000000227e+02 0.000000000000000000e+00 3.200000000000000000e+11
5.818000000000000682e+02 0.000000000000000000e+00 3.200000000000000000e+11
5.820000000000000000e+02 0.000000000000000000e+00 3.200000000000000000e+11
5.822000000000000455e+02 0.000000000000000000e+00 3.200000000000000000e+11
5.823999999999999773e+02 4.000000000000000000e+00 3.200000000000000000e+11
5.826000000000000227e+02 4.000000000000000000e+00 3.200000000000000000e+11
5.828000000000000682e+02 4.000000000000000000e+00 3.200000000000000000e+11
5.830000000000000000e+02 5.656854249492380582e+00 3.200000000000000000e+11
5.832000000000000455e+02 5.656854249492380582e+00 3.200000000000000000e+11
5.833999999999999773e+02 5.656854249492380582e+00 3.200000000000000000e+11
5.836000000000000227e+02 5.656854249492380582e+00 3.200000000000000000e+11
5.838000000000000682e+02 4.000000000000000000e+00 3.200000000000000000e+11
5.840000000000000000e+02 4.000000000000000000e+00 0.000000000000000000e+00
5.842000000000000455e+02 4.000000000000000000e+00 0.000000000000000000e+00
5.843999999999999773e+02 0.000000000000000000e+00 0.000000000000000000e+00
5.846000000000000227e+02 0.000000000000000000e+00 0.000000000000000000e+00
5.848000000000000682e+02 0.000000000000000000e+00 0.000000000000000000e+00
5.850000000000000000e+02 0.000000000000000000e+00 0.000000000000000000e+00
5.852000000000000455e+02 4.000000000000000000e+00 0.000000000000000000e+00
5.853999999999999773e+02 4.000000000000000000e+00 0.000000000000000000e+00
5.856000000000000227e+02 4.000000000000000000e+00 0.000000000000000000e+00
5.858000000000000682e+02 5.656854249492380582e+00 0.000000000000000000e+00
5.860000000000000000e+02 5.656854249492380582e+00 0.000000000000000000e+00
5.862000000000000455e+02 5.656854249492380582e+00 0.000000000000000000e+00
5.863999999999999773e+02 4.000000000000000000e+00 0.000000000000000000e+00
5.866000000000000227e+02 4.000000000000000000e+00 0.000000000000000000e+00
5.868000000000000682e+02 4.000000000000000000e+00 0.000000000000000000e+00
5.870000000000000000e+02 4.000000000000000000e+00 0.000000000000000000e+00
5.872000000000000455e+02 0.000000000000000000e+00 0.000000000000000000e+00
5.873999999999999773e+02 0.000000000000000000e+00 0.000000000000000000e+00
5.876000000000000227e+02 0.000000000000000000e+00 0.000000000000000000e+00
5.878000000000000682e+02 4.000000000000000000e+00 0.000000000000000000e+00
5.880000000000000000e+02 4.000000000000000000e+00 3.200000000000000000e+11
5.882000000000000455e+02 4.000000000000000000e+00 3.200000000000000000e+11
5.883999999999999773e+02 4.000000000000000000e+00 3.200000000000000000e+11
5.886000000000000227e+02 5.656854249492380582e+00 3.200000000000000000e+11
5.888000000000000682e+02 5.656854249492380582e+00 3.200000000000000000e+11
5.890000000000000000e+02 5.656854249492380582e+00 3.200000000000000000e+11
5.892000000000000455e+02 4.000000000000000000e+00 3.200000000000000000e+11
5.893999999999999773e+02 4.000000000000000000e+00 3.200000000000000000e+11
5.896000000000000227e+02 4.000000000000000000e+00 3.200000000000000000e+11
5.898000000000000682e+02 4.000000000000000000e+00 3.200000000000000000e+11
5.900000000000000000e+02 0.000000000000000000e+00 3.200000000000000000e+11
5.902000000000000455e+02 0.000000000000000000e+00 3.200000000000000000e+11
5.903999999999999773e+02 0.000000000000000000e+00 3.200000000000000000e+11
5.906000000000000227e+02 4.000000000000000000e+00 3.200000000000000000e+11
5.908000000000000682e+02 4.000000000000000000e+00 3.200000000000000000e+11
5.910000000000000000e+02 4.000000000000000000e+00 3.200000000000000000e+11
5.912000000000000455e+02 4.000000000000000000e+00 3.200000000000000000e+11
5.913999999999999773e+02 5.656854249492380582e+00 3.200000000000000000e+11
5.916000000000000227e+02 5.656854249492380582e+00 3.200000000000000000e+11
5.918000000000000682e+02 5.656854249492380582e+00 3.200000000000000000e+11
5.920000000000000000e+02 4.000000000000000000e+00 0.000000000000000000e+00
5.922000000000000455e+02 4.000000000000000000e+00 0.000000000000000000e+00
5.923999999999999773e+02 4.000000000000000000e+00 0.000000000000000000e+00
5.926000000000000227e+02 0.000000000000000000e+00 0.000000000000000000e+00
5.928000000000000682e+02 0.000000000000000000e+00 0.000000000000000000e+00
5.930000000000000000e+02 0.000000000000000000e+00 0.000000000000000000e+00
5.932000000000000455e+02 0.000000000000000000e+00 0.000000000000000000e+00
5.933999999999999773e+02 4.000000000000000000e+00 0.000000000000000000e+00
5.936000000000000227e+02 4.000000000000000000e+00 0.000000000000000000e+00
5.938000000000000682e+02 4.000000000000000000e+00 0.000000000000000000e+00
5.940000000000000000e+02 5.656854249492380582e+00 0.000000000000000000e+00
5.942000000000000455e+02 5.656854249492380582e+00 0.000000000000000000e+00
5.943999999999999773e+02 5.656854249492380582e+00 0.000000000000000000e+00
5.946000000000000227e+02 5.656854249492380582e+00 0.000000000000000000e+00
5.948000000000000682e+02 4.000000000000000000e+00 0.000000000000000000e+00
5.950000000000000000e+02 4.000000000000000000e+00 0.000000000000000000e+00
5.952000000000000455e+02 4.000000000000000000e+00 0.000000000000000000e+00
5.953999999999999773e+02 0.000000000000000000e+00 0.000000000000000000e+00
5.956000000000000227e+02 0.000000000000000000e+00 0.000000000000000000e+00
5.958000000000000682e+02 0.000000000000000000e+00 0.000000000000000000e+00
5.960000000000000000e+02 4.000000000000000000e+00 3.200000000000000000e+11
5.962000000000000455e+02 4.000000000000000000e+00 3.200000000000000000e+11
5.963999999999999773e+02 4.000000000000000000e+00 3.200000000000000000e+11
5.966000000000000227e+02 4.000000000000000000e+00 3.200000000000000000e+11
5.968000000000000682e+02 5.656854249492380582e+00 3.200000000000000000e+11
5.970000000000000000e+02 5.656854249492380582e+00 3.200000000000000000e+11
5.972000000000000455e+02 5.656854249492380582e+00 3.200000000000000000e+11
5.973999999999999773e+02 4.000000000000000000e+00 3.200000000000000000e+11
5.976000000000000227e+02 4.000000000000000000e+00 3.200000000000000000e+11
5.978000000000000682e+02 4.000000000000000000e+00 3.200000000000000000e+11
5.980000000000000000e+02 4.000000000000000000e+00 3.200000000000000000e+11
5.982000000000000455e+02 0.000000000000000000e+00 3.200000000000000000e+11
5.983999999999999773e+02 0.000000000000000000e+00 3.200000000000000000e+11
5.986000000000000227e+02 0.000000000000000000e+00 3.200000000000000000e+11
5.988000000000000682e+02 0.000000000000000000e+00 3.200000000000000000e+11
5.990000000000000000e+02 4.000000000000000000e+00 3.200000000000000000e+11
5.992000000000000455e+02 4.000000000000000000e+00 3.200000000000000000e+11
5.993999999999999773e+02 4.000000000000000000e+00 3.200000000000000000e+11
5.996000000000000227e+02 4.000000000000000000e+00 3.200000000000000000e+11
5.998000000000000682e+02 8.944271909999159220e+00 3.200000000000000000e+11
6.000000000000000000e+02 8.944271909999159220e+00 0.000000000000000000e+00
6.002000000000000455e+02 8.944271909999159220e+00 0.000000000000000000e+00
6.003999999999999773e+02 8.944271909999159220e+00 0.000000000000000000e+00
6.006000000000000227e+02 8.000000000000000000e+00 0.000000000000000000e+00
6.008000000000000682e+02 4.000000000000000000e+00 0.000000000000000000e+00
6.010000000000000000e+02 5.656854249492380582e+00 0.000000000000000000e+00
6.012000000000000455e+02 5.656854249492380582e+00 0.000000000000000000e+00
6.013999999999999773e+02 4.000000000000000000e+00 0.000000000000000000e+00
6.016000000000000227e+02 0.000000000000000000e+00 0.000000000000000000e+00
6.018000000000000682e+02 4.000000000000000000e+00 0.000000000000000000e+00
6.020000000000000000e+02 5.656854249492380582e+00 0.000000000000000000e+00
6.022000000000000455e+02 5.656854249492380582e+00 0.000000000000000000e+00
6.023999999999999773e+02 4.000000000000000000e+00 0.000000000000000000e+00
6.026000000000000227e+02 8.000000000000000000e+00 0.000000000000000000e+00
6.028000000000000682e+02 8.944271909999159220e+00 0.000000000000000000e+00
6.030000000000000000e+02 8.944271909999159220e+00 0.000000000000000000e+00
6.032000000000000455e+02 5.656854249492380582e+00 0.000000000000000000e+00
6.033999999999999773e+02 8.944271909999159220e+00 0.000000000000000000e+00
6.036000000000000227e+02 8.000000000000000000e+00 0.000000000000000000e+00
6.038000000000000682e+02 4.000000000000000000e+00 0.000000000000000000e+00
6.040000000000000000e+02 5.656854249492380582e+00 3.200000000000000000e+11
6.042000000000000455e+02 5.656854249492380582e+00 3.200000000000000000e+11
6.043999999999999773e+02 4.000000000000000000e+00 3.200000000000000000e+11
6.046000000000000227e+02 5.656854249492380582e+00 3.200000000000000000e+11
6.048000000000000682e+02 4.000000000000000000e+00 3.200000000000000000e+11
6.050000000000000000e+02 8.000000000000000000e+00 3.200000000000000000e+11
6.052000000000000455e+02 8.944271909999159220e+00 3.200000000000000000e+11
6.053999999999999773e+02 1.442220510185595650e+01 3.200000000000000000e+11
6.056000000000000227e+02 1.649242250247064234e+01 3.200000000000000000e+11
6.058000000000000682e+02 2.000000000000000000e+01 3.200000000000000000e+11
6.060000000000000000e+02 2.154065922853801496e+01 3.200000000000000000e+11
6.062000000000000455e+02 2.561249694973139412e+01 3.200000000000000000e+11
6.063999999999999773e+02 3.046309242345563462e+01 3.200000000000000000e+11
6.066000000000000227e+02 3.224903099319419653e+01 3.200000000000000000e+11
6.068000000000000682e+02 3.794733192202055250e+01 3.200000000000000000e+11
6.070000000000000000e+02 4.252058325093859992e+01 3.200000000000000000e+11
6.072000000000000455e+02 4.472135954999579610e+01 3.200000000000000000e+11
6.073999999999999773e+02 5.200000000000000000e+01 3.200000000000000000e+11
6.076000000000000227e+02 6.092618484691126923e+01 3.200000000000000000e+11
6.078000000000000682e+02 7.076722405181652675e+01 3.200000000000000000e+11
6.080000000000000000e+02 8.099382692526634742e+01 0.000000000000000000e+00
6.082000000000000455e+02 8.039900496896711957e+01 0.000000000000000000e+00
6.083999999999999773e+02 7.889233169326408301e+01 0.000000000000000000e+00
6.086000000000000227e+02 8.000000000000000000e+01 0.000000000000000000e+00
6.088000000000000682e+02 8.158431221748455187e+01 0.000000000000000000e+00
6.090000000000000000e+02 8.158431221748455187e+01 0.000000000000000000e+00
6.092000000000000455e+02 8.323460818673925132e+01 0.000000000000000000e+00
6.093999999999999773e+02 7.889233169326408301e+01 0.000000000000000000e+00
6.096000000000000227e+02 8.089499366462673891e+01 0.000000000000000000e+00
6.098000000000000682e+02 7.858753081755399705e+01 0.000000000000000000e+00
6.100000000000000000e+02 7.683749084919418237e+01 0.000000000000000000e+00
6.102000000000000455e+02 7.515317691222374208e+01 0.000000000000000000e+00
6.103999999999999773e+02 7.200000000000000000e+01 0.000000000000000000e+00
6.106000000000000227e+02 6.985699678629191567e+01 0.000000000000000000e+00
6.108000000000000682e+02 7.375635565834309659e+01 0.000000000000000000e+00
6.110000000000000000e+02 7.088018058667739751e+01 0.000000000000000000e+00
6.112000000000000455e+02 6.905070600652827295e+01 0.000000000000000000e+00
6.113999999999999773e+02 7.211102550927978427e+01 0.000000000000000000e+00
6.116000000000000227e+02 6.997142273814360180e+01 0.000000000000000000e+00
6.118000000000000682e+02 7.244308110509933840e+01 0.000000000000000000e+00
6.120000000000000000e+02 7.472616676907762212e+01 3.200000000000000000e+11
6.122000000000000455e+02 8.246211251235321527e+01 3.200000000000000000e+11
6.123999999999999773e+02 9.674709297958258958e+01 3.200000000000000000e+11
6.126000000000000227e+02 1.086646216576489934e+02 3.200000000000000000e+11
6.128000000000000682e+02 1.252836781069266010e+02 3.200000000000000000e+11
6.130000000000000000e+02 1.415344481036330535e+02 3.200000000000000000e+11
6.132000000000000455e+02 1.560000000000000000e+02 3.200000000000000000e+11
6.133999999999999773e+02 1.307822617941745307e+02 3.200000000000000000e+11
6.136000000000000227e+02 1.166190378969060077e+02 3.200000000000000000e+11
6.138000000000000682e+02 1.315750736271882033e+02 3.200000000000000000e+11
6.140000000000000000e+02 1.499333185119305085e+02 3.200000000000000000e+11
6.142000000000000455e+02 1.273106437027163906e+02 3.200000000000000000e+11
6.144000000000000909e+02 1.112115101956627541e+02 3.200000000000000000e+11
6.146000000000000227e+02 1.271219886565656338e+02 3.200000000000000000e+11
6.148000000000000682e+02 1.475127113166861932e+02 3.200000000000000000e+11
6.150000000000000000e+02 1.656019323558756184e+02 3.200000000000000000e+11
6.152000000000000455e+02 1.103449137930697788e+02 3.200000000000000000e+11
6.154000000000000909e+02 1.329661611087572908e+02 3.200000000000000000e+11
6.156000000000000227e+02 1.522103807235235706e+02 3.200000000000000000e+11
6.158000000000000682e+02 1.329661611087572908e+02 3.200000000000000000e+11
6.160000000000000000e+02 1.170982493464355798e+02 0.000000000000000000e+00
6.162000000000000455e+02 1.132077735846792450e+02 0.000000000000000000e+00
6.164000000000000909e+02 1.098362417419678536e+02 0.000000000000000000e+00
6.166000000000000227e+02 1.091787525116494493e+02 0.000000000000000000e+00
6.168000000000000682e+02 1.088117640698835515e+02 0.000000000000000000e+00
6.170000000000000000e+02 1.076289923765896788e+02 0.000000000000000000e+00
6.172000000000000455e+02 1.077032961426900783e+02 0.000000000000000000e+00
6.174000000000000909e+02 1.043072384832423865e+02 0.000000000000000000e+00
6.176000000000000227e+02 1.056787585089832504e+02 0.000000000000000000e+00
6.178000000000000682e+02 1.056030302595526820e+02 0.000000000000000000e+00
6.180000000000000000e+02 1.059056183589898126e+02 0.000000000000000000e+00
6.182000000000000455e+02 1.067333125130106737e+02 0.000000000000000000e+00
6.184000000000000909e+02 1.056030302595526820e+02 0.000000000000000000e+00
6.186000000000000227e+02 1.056787585089832504e+02 0.000000000000000000e+00
6.188000000000000682e+02 1.043072384832423865e+02 0.000000000000000000e+00
6.190000000000000000e+02 1.011928851253881447e+02 0.000000000000000000e+00
6.192000000000000455e+02 9.903534722511957966e+01 0.000000000000000000e+00
6.194000000000000909e+02 9.879271228182774678e+01 0.000000000000000000e+00
6.196000000000000227e+02 9.633275663033836622e+01 0.000000000000000000e+00
6.198000000000000682e+02 9.329523031752481188e+01 0.000000000000000000e+00
6.200000000000000000e+02 9.208691546577070142e+01 3.200000000000000000e+11
6.202000000000000455e+02 7.766595135579039777e+01 3.200000000000000000e+11
6.204000000000000909e+02 6.905070600652827295e+01 3.200000000000000000e+11
6.206000000000000227e+02 5.768882040742382600e+01 3.200000000000000000e+11
6.208000000000000682e+02 5.215361924162119323e+01 3.200000000000000000e+11
6.210000000000000000e+02 4.472135954999579610e+01 3.200000000000000000e+11
6.212000000000000455e+02 4.079215610874227593e+01 3.200000000000000000e+11
6.214000000000000909e+02 3.440930106817050671e+01 3.200000000000000000e+11
6.216000000000000227e+02 2.884441020371191300e+01 3.200000000000000000e+11
6.218000000000000682e+02 2.529822128134703618e+01 3.200000000000000000e+11
6.220000000000000000e+02 2.000000000000000000e+01 3.200000000000000000e+11
6.222000000000000455e+02 1.788854381999831844e+01 3.200000000000000000e+11
6.224000000000000909e+02 1.442220510185595650e+01 3.200000000000000000e+11
6.226000000000000227e+02 8.944271909999159220e+00 3.200000000000000000e+11
6.228000000000000682e+02 8.000000000000000000e+00 3.200000000000000000e+11
6.230000000000000000e+02 5.656854249492380582e+00 3.200000000000000000e+11
6.232000000000000455e+02 5.656854249492380582e+00 3.200000000000000000e+11
6.234000000000000909e+02 4.000000000000000000e+00 3.200000000000000000e+11
6.236000000000000227e+02 5.656854249492380582e+00 3.200000000000000000e+11
6.238000000000000682e+02 4.000000000000000000e+00 3.200000000000000000e+11
6.240000000000000000e+02 4.000000000000000000e+00 0.000000000000000000e+00
6.242000000000000455e+02 4.000000000000000000e+00 0.000000000000000000e+00
6.244000000000000909e+02 5.656854249492380582e+00 0.000000000000000000e+00
6.246000000000000227e+02 5.656854249492380582e+00 0.000000000000000000e+00
6.248000000000000682e+02 5.656854249492380582e+00 0.000000000000000000e+00
6.250000000000000000e+02 5.656854249492380582e+00 0.000000000000000000e+00
6.252000000000000455e+02 4.000000000000000000e+00 0.000000000000000000e+00
6.254000000000000909e+02 4.000000000000000000e+00 0.000000000000000000e+00
6.256000000000000227e+02 4.000000000000000000e+00 0.000000000000000000e+00
6.258000000000000682e+02 4.000000000000000000e+00 0.000000000000000000e+00
6.260000000000000000e+02 0.000000000000000000e+00 0.000000000000000000e+00
6.262000000000000455e+02 0.000000000000000000e+00 0.000000000000000000e+00
6.264000000000000909e+02 0.000000000000000000e+00 0.000000000000000000e+00
6.266000000000000227e+02 0.000000000000000000e+00 0.000000000000000000e+00
6.268000000000000682e+02 4.000000000000000000e+00 0.000000000000000000e+00
6.270000000000000000e+02 4.000000000000000000e+00 0.000000000000000000e+00
6.272000000000000455e+02 4.000000000000000000e+00 0.000000000000000000e+00
6.274000000000000909e+02 5.656854249492380582e+00 0.000000000000000000e+00
6.276000000000000227e+02 5.656854249492380582e+00 0.000000000000000000e+00
6.278000000000000682e+02 5.656854249492380582e+00 0.000000000000000000e+00
6.280000000000000000e+02 5.656854249492380582e+00 3.200000000000000000e+11
6.282000000000000455e+02 4.000000000000000000e+00 3.200000000000000000e+11
6.284000000000000909e+02 4.000000000000000000e+00 3.200000000000000000e+11
6.286000000000000227e+02 4.000000000000000000e+00 3.200000000000000000e+11
6.288000000000000682e+02 4.000000000000000000e+00 3.200000000000000000e+11
6.290000000000000000e+02 0.000000000000000000e+00 3.200000000000000000e+11
6.292000000000000455e+02 0.000000000000000000e+00 3.200000000000000000e+11
6.294000000000000909e+02 0.000000000000000000e+00 3.200000000000000000e+11
6.296000000000000227e+02 0.000000000000000000e+00 3.200000000000000000e+11
6.298000000000000682e+02 4.000000000000000000e+00 3.200000000000000000e+11
6.300000000000000000e+02 4.000000000000000000e+00 3.200000000000000000e+11
6.302000000000000455e+02 4.000000000000000000e+00 3.200000000000000000e+11
6.304000000000000909e+02 4.000000000000000000e+00 3.200000000000000000e+11
6.306000000000000227e+02 5.656854249492380582e+00 3.200000000000000000e+11
6.308000000000000682e+02 5.656854249492380582e+00 3.200000000000000000e+11
6.310000000000000000e+02 5.656854249492380582e+00 3.200000000000000000e+11
6.312000000000000455e+02 4.000000000000000000e+00 3.200000000000000000e+11
6.314000000000000909e+02 4.000000000000000000e+00 3.200000000000000000e+11
6.316000000000000227e+02 4.000000000000000000e+00 3.200000000000000000e+11
6.318000000000000682e+02 4.000000000000000000e+00 3.200000000000000000e+11
6.320000000000000000e+02 0.000000000000000000e+00 0.000000000000000000e+00
6.322000000000000455e+02 0.000000000000000000e+00 0.000000000000000000e+00
6.324000000000000909e+02 0.000000000000000000e+00 0.000000000000000000e+00
6.326000000000000227e+02 4.000000000000000000e+00 0.000000000000000000e+00
6.328000000000000682e+02 4.000000000000000000e+00 0.000000000000000000e+00
6.330000000000000000e+02 4.000000000000000000e+00 0.000000000000000000e+00
6.332000000000000455e+02 5.656854249492380582e+00 0.000000000000000000e+00
6.334000000000000909e+02 5.656854249492380582e+00 0.000000000000000000e+00
6.336000000000000227e+02 5.656854249492380582e+00 0.000000000000000000e+00
6.338000000000000682e+02 5.656854249492380582e+00 0.000000000000000000e+00
6.340000000000000000e+02 4.000000000000000000e+00 0.000000000000000000e+00
6.342000000000000455e+02 4.000000000000000000e+00 0.000000000000000000e+00
6.344000000000000909e+02 4.000000000000000000e+00 0.000000000000000000e+00
6.346000000000000227e+02 0.000000000000000000e+00 0.000000000000000000e+00
6.348000000000000682e+02 0.000000000000000000e+00 0.000000000000000000e+00
6.350000000000000000e+02 0.000000000000000000e+00 0.000000000000000000e+00
6.352000000000000455e+02 0.000000000000000000e+00 0.000000000000000000e+00
6.354000000000000909e+02 4.000000000000000000e+00 0.000000000000000000e+00
6.356000000000000227e+02 4.000000000000000000e+00 0.000000000000000000e+00
6.358000000000000682e+02 4.000000000000000000e+00 0.000000000000000000e+00
6.360000000000000000e+02 5.656854249492380582e+00 3.200000000000000000e+11
6.362000000000000455e+02 5.656854249492380582e+00 3.200000000000000000e+11
6.364000000000000909e+02 5.656854249492380582e+00 3.200000000000000000e+11
6.366000000000000227e+02 5.656854249492380582e+00 3.200000000000000000e+11
6.368000000000000682e+02 4.000000000000000000e+00 3.200000000000000000e+11
6.370000000000000000e+02 4.000000000000000000e+00 3.200000000000000000e+11
6.372000000000000455e+02 4.000000000000000000e+00 3.200000000000000000e+11
6.374000000000000909e+02 0.000000000000000000e+00 3.200000000000000000e+11
6.376000000000000227e+02 0.000000000000000000e+00 3.200000000000000000e+11
6.378000000000000682e+02 0.000000000000000000e+00 3.200000000000000000e+11
6.380000000000000000e+02 0.000000000000000000e+00 3.200000000000000000e+11
6.382000000000000455e+02 4.000000000000000000e+00 3.200000000000000000e+11
6.384000000000000909e+02 4.000000000000000000e+00 3.200000000000000000e+11
6.386000000000000227e+02 4.000000000000000000e+00 3.200000000000000000e+11
6.388000000000000682e+02 5.656854249492380582e+00 3.200000000000000000e+11
6.390000000000000000e+02 5.656854249492380582e+00 3.200000000000000000e+11
6.392000000000000455e+02 5.656854249492380582e+00 3.200000000000000000e+11
6.394000000000000909e+02 5.656854249492380582e+00 3.200000000000000000e+11
6.396000000000000227e+02 4.000000000000000000e+00 3.200000000000000000e+11
6.398000000000000682e+02 4.000000000000000000e+00 3.200000000000000000e+11
