6.400000000000000000e+02 4.000000000000000000e+00 0.000000000000000000e+00
6.402000000000000455e+02 4.000000000000000000e+00 0.000000000000000000e+00
6.404000000000000909e+02 4.000000000000000000e+00 0.000000000000000000e+00
6.406000000000000227e+02 5.656854249492380582e+00 0.000000000000000000e+00
6.408000000000000682e+02 5.656854249492380582e+00 0.000000000000000000e+00
6.410000000000000000e+02 5.656854249492380582e+00 0.000000000000000000e+00
6.412000000000000455e+02 5.656854249492380582e+00 0.000000000000000000e+00
6.414000000000000909e+02 5.656854249492380582e+00 0.000000000000000000e+00
6.416000000000000227e+02 5.656854249492380582e+00 0.000000000000000000e+00
6.418000000000000682e+02 5.656854249492380582e+00 0.000000000000000000e+00
6.420000000000000000e+02 5.656854249492380582e+00 0.000000000000000000e+00
6.422000000000000455e+02 5.656854249492380582e+00 0.000000000000000000e+00
6.424000000000000909e+02 4.000000000000000000e+00 0.000000000000000000e+00
6.426000000000000227e+02 0.000000000000000000e+00 0.000000000000000000e+00
6.428000000000000682e+02 0.000000000000000000e+00 0.000000000000000000e+00
6.430000000000000000e+02 5.656854249492380582e+00 0.000000000000000000e+00
6.432000000000000455e+02 5.656854249492380582e+00 0.000000000000000000e+00
6.434000000000000909e+02 5.656854249492380582e+00 0.000000000000000000e+00
6.436000000000000227e+02 5.656854249492380582e+00 0.000000000000000000e+00
6.438000000000000682e+02 5.656854249492380582e+00 0.000000000000000000e+00
6.440000000000000000e+02 5.656854249492380582e+00 3.225000000000000000e+11
6.442000000000000455e+02 5.656854249492380582e+00 3.225000000000000000e+11
6.444000000000000909e+02 4.000000000000000000e+00 3.225000000000000000e+11
6.446000000000000227e+02 4.000000000000000000e+00 3.225000000000000000e+11
6.448000000000000682e+02 4.000000000000000000e+00 3.225000000000000000e+11
6.450000000000000000e+02 4.000000000000000000e+00 3.225000000000000000e+11
6.452000000000000455e+02 0.000000000000000000e+00 3.225000000000000000e+11
6.454000000000000909e+02 0.000000000000000000e+00 3.225000000000000000e+11
6.456000000000000227e+02 0.000000000000000000e+00 3.225000000000000000e+11
6.458000000000000682e+02 4.000000000000000000e+00 3.225000000000000000e+11
6.460000000000000000e+02 4.000000000000000000e+00 3.225000000000000000e+11
6.462000000000000455e+02 4.000000000000000000e+00 3.225000000000000000e+11
6.464000000000000909e+02 5.656854249492380582e+00 3.225000000000000000e+11
6.466000000000000227e+02 5.656854249492380582e+00 3.225000000000000000e+11
6.468000000000000682e+02 5.656854249492380582e+00 3.225000000000000000e+11
6.470000000000000000e+02 5.656854249492380582e+00 3.225000300000000000e+11
6.472000000000000455e+02 4.000000000000000000e+00 3.225000000000000000e+11
6.474000000000000909e+02 4.000000000000000000e+00 3.225000000000000000e+11
6.476000000000000227e+02 4.000000000000000000e+00 3.225000300000000000e+11
6.478000000000000682e+02 4.000000000000000000e+00 3.225000000000000000e+11
6.480000000000000000e+02 0.000000000000000000e+00 0.000000000000000000e+00
6.482000000000000455e+02 0.000000000000000000e+00 0.000000000000000000e+00
6.484000000000000909e+02 0.000000000000000000e+00 0.000000000000000000e+00
6.486000000000000227e+02 4.000000000000000000e+00 0.000000000000000000e+00
6.488000000000000682e+02 4.000000000000000000e+00 0.000000000000000000e+00
6.490000000000000000e+02 4.000000000000000000e+00 0.000000000000000000e+00
6.492000000000000455e+02 5.656854249492380582e+00 0.000000000000000000e+00
6.494000000000000909e+02 5.656854249492380582e+00 0.000000000000000000e+00
6.496000000000000227e+02 5.656854249492380582e+00 0.000000000000000000e+00
6.498000000000000682e+02 5.656854249492380582e+00 0.000000000000000000e+00
6.500000000000000000e+02 4.000000000000000000e+00 0.000000000000000000e+00
6.502000000000000455e+02 4.000000000000000000e+00 0.000000000000000000e+00
6.504000000000000909e+02 4.000000000000000000e+00 0.000000000000000000e+00
6.506000000000000227e+02 0.000000000000000000e+00 0.000000000000000000e+00
6.508000000000000682e+02 0.000000000000000000e+00 0.000000000000000000e+00
6.510000000000000000e+02 0.000000000000000000e+00 0.000000000000000000e+00
6.512000000000000455e+02 0.000000000000000000e+00 0.000000000000000000e+00
6.514000000000000909e+02 4.000000000000000000e+00 0.000000000000000000e+00
6.516000000000000227e+02 4.000000000000000000e+00 0.000000000000000000e+00
6.518000000000000682e+02 4.000000000000000000e+00 0.000000000000000000e+00
6.520000000000000000e+02 5.656854249492380582e+00 3.225000000000000000e+11
6.522000000000000455e+02 5.656854249492380582e+00 3.225000000000000000e+11
6.524000000000000909e+02 5.656854249492380582e+00 3.225000000000000000e+11
6.526000000000000227e+02 4.000000000000000000e+00 3.225000000000000000e+11
6.528000000000000682e+02 4.000000000000000000e+00 3.225000000000000000e+11
6.530000000000000000e+02 4.000000000000000000e+00 3.225000300000000000e+11
6.532000000000000455e+02 4.000000000000000000e+00 3.225000000000000000e+11
6.534000000000000909e+02 0.000000000000000000e+00 3.225000000000000000e+11
6.536000000000000227e+02 0.000000000000000000e+00 3.225000000000000000e+11
6.538000000000000682e+02 0.000000000000000000e+00 3.225000000000000000e+11
6.540000000000000000e+02 4.000000000000000000e+00 3.225000000000000000e+11
6.542000000000000455e+02 4.000000000000000000e+00 3.225000000000000000e+11
6.544000000000000909e+02 4.000000000000000000e+00 3.225000000000000000e+11
6.546000000000000227e+02 4.000000000000000000e+00 3.225000000000000000e+11
6.548000000000000682e+02 5.656854249492380582e+00 3.225000300000000000e+11
6.550000000000000000e+02 5.656854249492380582e+00 3.225000000000000000e+11
6.552000000000000455e+02 5.656854249492380582e+00 3.225000000000000000e+11
6.554000000000000909e+02 4.000000000000000000e+00 3.225000000000000000e+11
6.556000000000000227e+02 4.000000000000000000e+00 3.225000300000000000e+11
6.558000000000000682e+02 4.000000000000000000e+00 3.225000000000000000e+11
6.560000000000000000e+02 4.000000000000000000e+00 0.000000000000000000e+00
6.562000000000000455e+02 0.000000000000000000e+00 0.000000000000000000e+00
6.564000000000000909e+02 0.000000000000000000e+00 0.000000000000000000e+00
6.566000000000000227e+02 0.000000000000000000e+00 0.000000000000000000e+00
6.568000000000000682e+02 4.000000000000000000e+00 0.000000000000000000e+00
6.570000000000000000e+02 4.000000000000000000e+00 0.000000000000000000e+00
6.572000000000000455e+02 4.000000000000000000e+00 0.000000000000000000e+00
6.574000000000000909e+02 4.000000000000000000e+00 0.000000000000000000e+00
6.576000000000000227e+02 5.656854249492380582e+00 0.000000000000000000e+00
6.578000000000000682e+02 5.656854249492380582e+00 0.000000000000000000e+00
6.580000000000000000e+02 5.656854249492380582e+00 0.000000000000000000e+00
6.582000000000000455e+02 4.000000000000000000e+00 0.000000000000000000e+00
6.584000000000000909e+02 4.000000000000000000e+00 0.000000000000000000e+00
6.586000000000000227e+02 4.000000000000000000e+00 0.000000000000000000e+00
6.588000000000000682e+02 0.000000000000000000e+00 0.000000000000000000e+00
6.590000000000000000e+02 0.000000000000000000e+00 0.000000000000000000e+00
6.592000000000000455e+02 0.000000000000000000e+00 0.000000000000000000e+00
6.594000000000000909e+02 0.000000000000000000e+00 0.000000000000000000e+00
6.596000000000000227e+02 4.000000000000000000e+00 0.000000000000000000e+00
6.598000000000000682e+02 4.000000000000000000e+00 0.000000000000000000e+00
6.600000000000000000e+02 4.000000000000000000e+00 3.225000000000000000e+11
6.602000000000000455e+02 5.656854249492380582e+00 3.225000000000000000e+11
6.604000000000000909e+02 5.656854249492380582e+00 3.225000000000000000e+11
6.606000000000000227e+02 5.656854249492380582e+00 3.225000000000000000e+11
6.608000000000000682e+02 5.656854249492380582e+00 3.225000000000000000e+11
6.610000000000000000e+02 4.000000000000000000e+00 3.225000000000000000e+11
6.612000000000000455e+02 4.000000000000000000e+00 3.225000000000000000e+11
6.614000000000000909e+02 4.000000000000000000e+00 3.225000000000000000e+11
6.616000000000000227e+02 0.000000000000000000e+00 3.225000000000000000e+11
6.618000000000000682e+02 0.000000000000000000e+00 3.225000300000000000e+11
6.620000000000000000e+02 0.000000000000000000e+00 3.225000000000000000e+11
6.622000000000000455e+02 0.000000000000000000e+00 3.225000000000000000e+11
6.624000000000000909e+02 4.000000000000000000e+00 3.225000000000000000e+11
6.626000000000000227e+02 4.000000000000000000e+00 3.225000000000000000e+11
6.628000000000000682e+02 4.000000000000000000e+00 3.225000000000000000e+11
6.630000000000000000e+02 5.656854249492380582e+00 3.225000000000000000e+11
6.632000000000000455e+02 5.656854249492380582e+00 3.225000300000000000e+11
6.634000000000000909e+02 5.656854249492380582e+00 3.225000000000000000e+11
6.636000000000000227e+02 5.656854249492380582e+00 3.225000000000000000e+11
6.638000000000000682e+02 4.000000000000000000e+00 3.225000000000000000e+11
6.640000000000000000e+02 4.000000000000000000e+00 0.000000000000000000e+00
6.642000000000000455e+02 4.000000000000000000e+00 0.000000000000000000e+00
6.644000000000000909e+02 0.000000000000000000e+00 0.000000000000000000e+00
6.646000000000000227e+02 0.000000000000000000e+00 0.000000000000000000e+00
6.648000000000000682e+02 0.000000000000000000e+00 0.000000000000000000e+00
6.650000000000000000e+02 4.000000000000000000e+00 0.000000000000000000e+00
6.652000000000000455e+02 4.000000000000000000e+00 0.000000000000000000e+00
6.654000000000000909e+02 4.000000000000000000e+00 0.000000000000000000e+00
6.656000000000000227e+02 4.000000000000000000e+00 0.000000000000000000e+00
6.658000000000000682e+02 5.656854249492380582e+00 0.000000000000000000e+00
6.660000000000000000e+02 5.656854249492380582e+00 0.000000000000000000e+00
6.662000000000000455e+02 5.656854249492380582e+00 0.000000000000000000e+00
6.664000000000000909e+02 4.000000000000000000e+00 0.000000000000000000e+00
6.666000000000000227e+02 4.000000000000000000e+00 0.000000000000000000e+00
6.668000000000000682e+02 4.000000000000000000e+00 0.000000000000000000e+00
6.670000000000000000e+02 4.000000000000000000e+00 0.000000000000000000e+00
6.672000000000000455e+02 0.000000000000000000e+00 0.000000000000000000e+00
6.674000000000000909e+02 0.000000000000000000e+00 0.000000000000000000e+00
6.676000000000000227e+02 0.000000000000000000e+00 0.000000000000000000e+00
6.678000000000000682e+02 4.000000000000000000e+00 0.000000000000000000e+00
6.680000000000000000e+02 4.000000000000000000e+00 3.225000000000000000e+11
6.682000000000000455e+02 4.000000000000000000e+00 3.225000000000000000e+11
6.684000000000000909e+02 5.656854249492380582e+00 3.225000000000000000e+11
6.686000000000000227e+02 5.656854249492380582e+00 3.225000000000000000e+11
6.688000000000000682e+02 5.656854249492380582e+00 3.225000000000000000e+11
6.690000000000000000e+02 5.656854249492380582e+00 3.225000000000000000e+11
6.692000000000000455e+02 4.000000000000000000e+00 3.225000000000000000e+11
6.694000000000000909e+02 4.000000000000000000e+00 3.225000000000000000e+11
6.696000000000000227e+02 4.000000000000000000e+00 3.225000000000000000e+11
6.698000000000000682e+02 0.000000000000000000e+00 3.225000000000000000e+11
6.700000000000000000e+02 0.000000000000000000e+00 3.225000300000000000e+11
6.702000000000000455e+02 0.000000000000000000e+00 3.225000000000000000e+11
6.704000000000000909e+02 0.000000000000000000e+00 3.225000000000000000e+11
6.706000000000000227e+02 4.000000000000000000e+00 3.225000000000000000e+11
6.708000000000000682e+02 4.000000000000000000e+00 3.225000000000000000e+11
6.710000000000000000e+02 4.000000000000000000e+00 3.225000000000000000e+11
6.712000000000000455e+02 5.656854249492380582e+00 3.225000000000000000e+11
6.714000000000000909e+02 5.656854249492380582e+00 3.225000000000000000e+11
6.716000000000000227e+02 5.656854249492380582e+00 3.225000000000000000e+11
6.718000000000000682e+02 5.656854249492380582e+00 3.225000000000000000e+11
6.720000000000000000e+02 4.000000000000000000e+00 0.000000000000000000e+00
6.722000000000000455e+02 4.000000000000000000e+00 0.000000000000000000e+00
6.724000000000000909e+02 4.000000000000000000e+00 0.000000000000000000e+00
6.726000000000000227e+02 0.000000000000000000e+00 0.000000000000000000e+00
6.728000000000000682e+02 0.000000000000000000e+00 0.000000000000000000e+00
6.730000000000000000e+02 0.000000000000000000e+00 0.000000000000000000e+00
6.732000000000000455e+02 0.000000000000000000e+00 0.000000000000000000e+00
6.734000000000000909e+02 4.000000000000000000e+00 0.000000000000000000e+00
6.736000000000000227e+02 4.000000000000000000e+00 0.000000000000000000e+00
6.738000000000000682e+02 4.000000000000000000e+00 0.000000000000000000e+00
6.740000000000000000e+02 5.656854249492380582e+00 0.000000000000000000e+00
6.742000000000000455e+02 5.656854249492380582e+00 0.000000000000000000e+00
6.744000000000000909e+02 5.656854249492380582e+00 0.000000000000000000e+00
6.746000000000000227e+02 5.656854249492380582e+00 0.000000000000000000e+00
6.748000000000000682e+02 4.000000000000000000e+00 0.000000000000000000e+00
6.750000000000000000e+02 4.000000000000000000e+00 0.000000000000000000e+00
6.752000000000000455e+02 4.000000000000000000e+00 0.000000000000000000e+00
6.754000000000000909e+02 0.000000000000000000e+00 0.000000000000000000e+00
6.756000000000000227e+02 0.000000000000000000e+00 0.000000000000000000e+00
6.758000000000000682e+02 0.000000000000000000e+00 0.000000000000000000e+00
6.760000000000000000e+02 4.000000000000000000e+00 3.225000300000000000e+11
6.762000000000000455e+02 4.000000000000000000e+00 3.225000000000000000e+11
6.764000000000000909e+02 4.000000000000000000e+00 3.225000000000000000e+11
6.766000000000000227e+02 4.000000000000000000e+00 3.225000000000000000e+11
6.768000000000000682e+02 5.656854249492380582e+00 3.225000000000000000e+11
6.770000000000000000e+02 5.656854249492380582e+00 3.225000000000000000e+11
6.772000000000000455e+02 5.656854249492380582e+00 3.225000300000000000e+11
6.774000000000000909e+02 4.000000000000000000e+00 3.225000000000000000e+11
6.776000000000000227e+02 4.000000000000000000e+00 3.225000000000000000e+11
6.778000000000000682e+02 4.000000000000000000e+00 3.225000000000000000e+11
6.780000000000000000e+02 4.000000000000000000e+00 3.225000000000000000e+11
6.782000000000000455e+02 0.000000000000000000e+00 3.225000000000000000e+11
6.784000000000000909e+02 0.000000000000000000e+00 3.225000000000000000e+11
6.786000000000000227e+02 0.000000000000000000e+00 3.225000000000000000e+11
6.788000000000000682e+02 0.000000000000000000e+00 3.225000300000000000e+11
6.790000000000000000e+02 4.000000000000000000e+00 3.225000000000000000e+11
6.792000000000000455e+02 4.000000000000000000e+00 3.225000000000000000e+11
6.794000000000000909e+02 4.000000000000000000e+00 3.225000000000000000e+11
6.796000000000000227e+02 8.000000000000000000e+00 3.225000000000000000e+11
6.798000000000000682e+02 8.944271909999159220e+00 3.225000000000000000e+11
6.800000000000000000e+02 8.944271909999159220e+00 0.000000000000000000e+00
6.802000000000000455e+02 8.944271909999159220e+00 0.000000000000000000e+00
6.804000000000000909e+02 8.944271909999159220e+00 0.000000000000000000e+00
6.806000000000000227e+02 8.000000000000000000e+00 0.000000000000000000e+00
6.808000000000000682e+02 8.000000000000000000e+00 0.000000000000000000e+00
6.810000000000000000e+02 5.656854249492380582e+00 0.000000000000000000e+00
6.812000000000000455e+02 5.656854249492380582e+00 0.000000000000000000e+00
6.814000000000000909e+02 4.000000000000000000e+00 0.000000000000000000e+00
6.816000000000000227e+02 5.656854249492380582e+00 0.000000000000000000e+00
6.818000000000000682e+02 4.000000000000000000e+00 0.000000000000000000e+00
6.820000000000000000e+02 5.656854249492380582e+00 0.000000000000000000e+00
6.822000000000000455e+02 5.656854249492380582e+00 0.000000000000000000e+00
6.824000000000000909e+02 8.944271909999159220e+00 0.000000000000000000e+00
6.826000000000000227e+02 8.000000000000000000e+00 0.000000000000000000e+00
6.828000000000000682e+02 8.944271909999159220e+00 0.000000000000000000e+00
6.830000000000000000e+02 8.944271909999159220e+00 0.000000000000000000e+00
6.832000000000000455e+02 8.944271909999159220e+00 0.000000000000000000e+00
6.834000000000000909e+02 8.944271909999159220e+00 0.000000000000000000e+00
6.836000000000000227e+02 8.000000000000000000e+00 0.000000000000000000e+00
6.838000000000000682e+02 8.000000000000000000e+00 0.000000000000000000e+00
6.840000000000000000e+02 5.656854249492380582e+00 3.225000000000000000e+11
6.842000000000000455e+02 5.656854249492380582e+00 3.225000300000000000e+11
6.844000000000000909e+02 4.000000000000000000e+00 3.225000000000000000e+11
6.846000000000000227e+02 5.656854249492380582e+00 3.225000000000000000e+11
6.848000000000000682e+02 8.944271909999159220e+00 3.225000000000000000e+11
6.850000000000000000e+02 8.000000000000000000e+00 3.225000000000000000e+11
6.852000000000000455e+02 1.264911064067351809e+01 3.225000000000000000e+11
6.854000000000000909e+02 1.697056274847713908e+01 3.225000000000000000e+11
6.856000000000000227e+02 2.154065922853801496e+01 3.225000000000000000e+11
6.858000000000000682e+02 2.400000000000000000e+01 3.225000000000000000e+11
6.860000000000000000e+02 2.529822128134703618e+01 3.225000000000000000e+11
6.862000000000000455e+02 3.124099870362661591e+01 3.225000000000000000e+11
6.864000000000000909e+02 3.773592452822641263e+01 3.225000000000000000e+11
6.866000000000000227e+02 4.079215610874227593e+01 3.225000000000000000e+11
6.868000000000000682e+02 4.560701700396551672e+01 3.225000000000000000e+11
6.870000000000000000e+02 5.122499389946278825e+01 3.225000000000000000e+11
6.872000000000000455e+02 5.905929224093360119e+01 3.225000000000000000e+11
6.874000000000000909e+02 6.846897107449476039e+01 3.225000000000000000e+11
6.876000000000000227e+02 7.589466384404110499e+01 3.225000000000000000e+11
6.878000000000000682e+02 8.772684879784523559e+01 3.225000000000000000e+11
6.880000000000000000e+02 1.040000000000000000e+02 0.000000000000000000e+00
6.882000000000000455e+02 1.040768946500615044e+02 0.000000000000000000e+00
6.884000000000000909e+02 1.037689741685827727e+02 0.000000000000000000e+00
6.886000000000000227e+02 1.024499877989255765e+02 0.000000000000000000e+00
6.888000000000000682e+02 1.028396810574595293e+02 0.000000000000000000e+00
6.890000000000000000e+02 1.019803902718556969e+02 0.000000000000000000e+00
6.892000000000000455e+02 1.032279032045115201e+02 0.000000000000000000e+00
6.894000000000000909e+02 1.022154587134451020e+02 0.000000000000000000e+00
6.896000000000000227e+02 1.007174264961133758e+02 0.000000000000000000e+00
6.898000000000000682e+02 9.616652224137045835e+01 0.000000000000000000e+00
6.900000000000000000e+02 9.633275663033836622e+01 0.000000000000000000e+00
6.902000000000000455e+02 9.507891459203770523e+01 0.000000000000000000e+00
6.904000000000000909e+02 9.208691546577070142e+01 0.000000000000000000e+00
6.906000000000000227e+02 8.944271909999159220e+01 0.000000000000000000e+00
6.908000000000000682e+02 9.121403400793103344e+01 0.000000000000000000e+00
6.910000000000000000e+02 9.024411338142782313e+01 0.000000000000000000e+00
6.912000000000000455e+02 9.024411338142782313e+01 0.000000000000000000e+00
6.914000000000000909e+02 9.121403400793103344e+01 0.000000000000000000e+00
6.916000000000000227e+02 9.130169768410661391e+01 0.000000000000000000e+00
6.918000000000000682e+02 9.234717104492156636e+01 0.000000000000000000e+00
6.920000000000000000e+02 8.988882021697692437e+01 3.225000000000000000e+11
6.922000000000000455e+02 1.046900186264192030e+02 3.225000000000000000e+11
6.924000000000000909e+02 1.181862936215532613e+02 3.225000000000000000e+11
6.926000000000000227e+02 1.360000000000000000e+02 3.225000000000000000e+11
6.928000000000000682e+02 1.539350512391508516e+02 3.225000300000000000e+11
6.930000000000000000e+02 1.393125981381439829e+02 3.225000000000000000e+11
6.932000000000000455e+02 1.160000000000000000e+02 3.225000000000000000e+11
6.934000000000000909e+02 1.315750736271882033e+02 3.225000000000000000e+11
6.936000000000000227e+02 1.488623525274271628e+02 3.225000000000000000e+11
6.938000000000000682e+02 1.250279968647022741e+02 3.225000000000000000e+11
6.940000000000000000e+02 1.088117640698835515e+02 3.225000000000000000e+11
6.942000000000000455e+02 9.372299611087984772e+01 3.225000300000000000e+11
6.944000000000000909e+02 8.049844718999243298e+01 3.225000000000000000e+11
6.946000000000000227e+02 7.211102550927978427e+01 3.225000000000000000e+11
6.948000000000000682e+02 5.946427498927402411e+01 3.225000300000000000e+11
6.950000000000000000e+02 5.122499389946278825e+01 3.225000300000000000e+11
6.952000000000000455e+02 4.664761515876240594e+01 3.225000000000000000e+11
6.954000000000000909e+02 3.622154055254966920e+01 3.225000000000000000e+11
6.956000000000000227e+02 3.298484500494128469e+01 3.225000300000000000e+11
6.958000000000000682e+02 2.884441020371191300e+01 3.225000000000000000e+11
6.960000000000000000e+02 2.000000000000000000e+01 0.000000000000000000e+00
6.962000000000000455e+02 2.039607805437113797e+01 0.000000000000000000e+00
6.964000000000000909e+02 2.039607805437113797e+01 0.000000000000000000e+00
6.966000000000000227e+02 1.697056274847713908e+01 0.000000000000000000e+00
6.968000000000000682e+02 1.788854381999831844e+01 0.000000000000000000e+00
6.970000000000000000e+02 2.039607805437113797e+01 0.000000000000000000e+00
6.972000000000000455e+02 2.000000000000000000e+01 0.000000000000000000e+00
6.974000000000000909e+02 2.000000000000000000e+01 0.000000000000000000e+00
6.976000000000000227e+02 2.433105012119287736e+01 0.000000000000000000e+00
6.978000000000000682e+02 2.433105012119287736e+01 0.000000000000000000e+00
6.980000000000000000e+02 2.332380757938120297e+01 0.000000000000000000e+00
6.982000000000000455e+02 2.561249694973139412e+01 0.000000000000000000e+00
6.984000000000000909e+02 2.154065922853801496e+01 0.000000000000000000e+00
6.986000000000000227e+02 2.000000000000000000e+01 0.000000000000000000e+00
6.988000000000000682e+02 2.154065922853801496e+01 0.000000000000000000e+00
6.990000000000000000e+02 2.000000000000000000e+01 0.000000000000000000e+00
6.992000000000000455e+02 1.649242250247064234e+01 0.000000000000000000e+00
6.994000000000000909e+02 1.649242250247064234e+01 0.000000000000000000e+00
6.996000000000000227e+02 1.697056274847713908e+01 0.000000000000000000e+00
6.998000000000000682e+02 1.788854381999831844e+01 0.000000000000000000e+00
7.000000000000000000e+02 1.600000000000000000e+01 3.225000000000000000e+11
7.002000000000000455e+02 1.442220510185595650e+01 3.225000300000000000e+11
7.004000000000000909e+02 1.442220510185595650e+01 3.225000000000000000e+11
7.006000000000000227e+02 1.264911064067351809e+01 3.225000000000000000e+11
7.008000000000000682e+02 1.200000000000000000e+01 3.225000000000000000e+11
7.010000000000000000e+02 1.264911064067351809e+01 3.225000000000000000e+11
7.012000000000000455e+02 1.131370849898476116e+01 3.225000300000000000e+11
7.014000000000000909e+02 8.944271909999159220e+00 3.225000000000000000e+11
7.016000000000000227e+02 8.944271909999159220e+00 3.225000000000000000e+11
7.018000000000000682e+02 8.000000000000000000e+00 3.225000000000000000e+11
7.020000000000000000e+02 4.000000000000000000e+00 3.225000300000000000e+11
7.022000000000000455e+02 4.000000000000000000e+00 3.225000000000000000e+11
7.024000000000000909e+02 4.000000000000000000e+00 3.225000000000000000e+11
7.026000000000000227e+02 0.000000000000000000e+00 3.225000000000000000e+11
7.028000000000000682e+02 0.000000000000000000e+00 3.225000000000000000e+11
7.030000000000000000e+02 0.000000000000000000e+00 3.225000300000000000e+11
7.032000000000000455e+02 0.000000000000000000e+00 3.225000000000000000e+11
7.034000000000000909e+02 4.000000000000000000e+00 3.225000000000000000e+11
7.036000000000000227e+02 4.000000000000000000e+00 3.225000000000000000e+11
7.038000000000000682e+02 4.000000000000000000e+00 3.225000000000000000e+11
7.040000000000000000e+02 5.656854249492380582e+00 0.000000000000000000e+00
7.042000000000000455e+02 5.656854249492380582e+00 0.000000000000000000e+00
7.044000000000000909e+02 5.656854249492380582e+00 0.000000000000000000e+00
7.046000000000000227e+02 5.656854249492380582e+00 0.000000000000000000e+00
7.048000000000000682e+02 4.000000000000000000e+00 0.000000000000000000e+00
7.050000000000000000e+02 4.000000000000000000e+00 0.000000000000000000e+00
7.052000000000000455e+02 4.000000000000000000e+00 0.000000000000000000e+00
7.054000000000000909e+02 0.000000000000000000e+00 0.000000000000000000e+00
7.056000000000000227e+02 0.000000000000000000e+00 0.000000000000000000e+00
7.058000000000000682e+02 0.000000000000000000e+00 0.000000000000000000e+00
7.060000000000000000e+02 0.000000000000000000e+00 0.000000000000000000e+00
7.062000000000000455e+02 4.000000000000000000e+00 0.000000000000000000e+00
7.064000000000000909e+02 4.000000000000000000e+00 0.000000000000000000e+00
7.066000000000000227e+02 4.000000000000000000e+00 0.000000000000000000e+00
7.068000000000000682e+02 5.656854249492380582e+00 0.000000000000000000e+00
7.070000000000000000e+02 5.656854249492380582e+00 0.000000000000000000e+00
7.072000000000000455e+02 5.656854249492380582e+00 0.000000000000000000e+00
7.074000000000000909e+02 5.656854249492380582e+00 0.000000000000000000e+00
7.076000000000000227e+02 4.000000000000000000e+00 0.000000000000000000e+00
7.078000000000000682e+02 4.000000000000000000e+00 0.000000000000000000e+00
7.080000000000000000e+02 4.000000000000000000e+00 3.225000300000000000e+11
7.082000000000000455e+02 0.000000000000000000e+00 3.225000000000000000e+11
7.084000000000000909e+02 0.000000000000000000e+00 3.225000000000000000e+11
7.086000000000000227e+02 0.000000000000000000e+00 3.225000000000000000e+11
7.088000000000000682e+02 0.000000000000000000e+00 3.225000000000000000e+11
7.090000000000000000e+02 4.000000000000000000e+00 3.225000300000000000e+11
7.092000000000000455e+02 4.000000000000000000e+00 3.225000000000000000e+11
7.094000000000000909e+02 4.000000000000000000e+00 3.225000000000000000e+11
7.096000000000000227e+02 5.656854249492380582e+00 3.225000000000000000e+11
7.098000000000000682e+02 5.656854249492380582e+00 3.225000000000000000e+11
7.100000000000000000e+02 5.656854249492380582e+00 3.225000000000000000e+11
7.102000000000000455e+02 5.656854249492380582e+00 3.225000000000000000e+11
7.104000000000000909e+02 4.000000000000000000e+00 3.225000000000000000e+11
7.106000000000000227e+02 4.000000000000000000e+00 3.225000000000000000e+11
7.108000000000000682e+02 4.000000000000000000e+00 3.225000000000000000e+11
7.110000000000000000e+02 0.000000000000000000e+00 3.225000000000000000e+11
7.112000000000000455e+02 0.000000000000000000e+00 3.225000000000000000e+11
7.114000000000000909e+02 0.000000000000000000e+00 3.225000000000000000e+11
7.116000000000000227e+02 0.000000000000000000e+00 3.225000000000000000e+11
7.118000000000000682e+02 4.000000000000000000e+00 3.225000000000000000e+11
7.120000000000000000e+02 4.000000000000000000e+00 0.000000000000000000e+00
7.122000000000000455e+02 4.000000000000000000e+00 0.000000000000000000e+00
7.124000000000000909e+02 5.656854249492380582e+00 0.000000000000000000e+00
7.126000000000000227e+02 5.656854249492380582e+00 0.000000000000000000e+00
7.128000000000000682e+02 5.656854249492380582e+00 0.000000000000000000e+00
7.130000000000000000e+02 5.656854249492380582e+00 0.000000000000000000e+00
7.132000000000000455e+02 4.000000000000000000e+00 0.000000000000000000e+00
7.134000000000000909e+02 4.000000000000000000e+00 0.000000000000000000e+00
7.136000000000000227e+02 4.000000000000000000e+00 0.000000000000000000e+00
7.138000000000000682e+02 0.000000000000000000e+00 0.000000000000000000e+00
7.140000000000000000e+02 0.000000000000000000e+00 0.000000000000000000e+00
7.142000000000000455e+02 0.000000000000000000e+00 0.000000000000000000e+00
7.144000000000000909e+02 4.000000000000000000e+00 0.000000000000000000e+00
7.146000000000000227e+02 4.000000000000000000e+00 0.000000000000000000e+00
7.148000000000000682e+02 4.000000000000000000e+00 0.000000000000000000e+00
7.150000000000000000e+02 4.000000000000000000e+00 0.000000000000000000e+00
7.152000000000000455e+02 5.656854249492380582e+00 0.000000000000000000e+00
7.154000000000000909e+02 5.656854249492380582e+00 0.000000000000000000e+00
7.156000000000000227e+02 5.656854249492380582e+00 0.000000000000000000e+00
7.158000000000000682e+02 4.000000000000000000e+00 0.000000000000000000e+00
7.160000000000000000e+02 4.000000000000000000e+00 3.225000000000000000e+11
7.162000000000000455e+02 4.000000000000000000e+00 3.225000300000000000e+11
7.164000000000000909e+02 0.000000000000000000e+00 3.225000000000000000e+11
7.166000000000000227e+02 0.000000000000000000e+00 3.225000000000000000e+11
7.168000000000000682e+02 0.000000000000000000e+00 3.225000000000000000e+11
7.170000000000000000e+02 0.000000000000000000e+00 3.225000000000000000e+11
7.172000000000000455e+02 4.000000000000000000e+00 3.225000000000000000e+11
7.174000000000000909e+02 4.000000000000000000e+00 3.225000000000000000e+11
7.176000000000000227e+02 4.000000000000000000e+00 3.225000300000000000e+11
7.178000000000000682e+02 4.000000000000000000e+00 3.225000000000000000e+11
7.180000000000000000e+02 5.656854249492380582e+00 3.225000000000000000e+11
7.182000000000000455e+02 5.656854249492380582e+00 3.225000000000000000e+11
7.184000000000000909e+02 5.656854249492380582e+00 3.225000000000000000e+11
7.186000000000000227e+02 4.000000000000000000e+00 3.225000000000000000e+11
7.188000000000000682e+02 4.000000000000000000e+00 3.225000000000000000e+11
7.190000000000000000e+02 4.000000000000000000e+00 3.225000000000000000e+11
7.192000000000000455e+02 4.000000000000000000e+00 3.225000000000000000e+11
7.194000000000000909e+02 0.000000000000000000e+00 3.225000000000000000e+11
7.196000000000000227e+02 0.000000000000000000e+00 3.225000000000000000e+11
7.198000000000000682e+02 0.000000000000000000e+00 3.225000000000000000e+11
