7.200000000000000000e+02 5.656854249492380582e+00 0.000000000000000000e+00
7.202000000000000455e+02 4.000000000000000000e+00 0.000000000000000000e+00
7.204000000000000909e+02 5.656854249492380582e+00 0.000000000000000000e+00
7.206000000000000227e+02 5.656854249492380582e+00 0.000000000000000000e+00
7.208000000000000682e+02 5.656854249492380582e+00 0.000000000000000000e+00
7.210000000000000000e+02 5.656854249492380582e+00 0.000000000000000000e+00
7.212000000000000455e+02 5.656854249492380582e+00 0.000000000000000000e+00
7.214000000000000909e+02 5.656854249492380582e+00 0.000000000000000000e+00
7.216000000000000227e+02 5.656854249492380582e+00 0.000000000000000000e+00
7.218000000000000682e+02 4.000000000000000000e+00 0.000000000000000000e+00
7.220000000000000000e+02 5.656854249492380582e+00 0.000000000000000000e+00
7.222000000000000455e+02 5.656854249492380582e+00 0.000000000000000000e+00
7.224000000000000909e+02 4.000000000000000000e+00 0.000000000000000000e+00
7.226000000000000227e+02 5.656854249492380582e+00 0.000000000000000000e+00
7.228000000000000682e+02 5.656854249492380582e+00 0.000000000000000000e+00
7.230000000000000000e+02 5.656854249492380582e+00 0.000000000000000000e+00
7.232000000000000455e+02 5.656854249492380582e+00 0.000000000000000000e+00
7.234000000000000909e+02 5.656854249492380582e+00 0.000000000000000000e+00
7.236000000000000227e+02 5.656854249492380582e+00 0.000000000000000000e+00
7.238000000000000682e+02 5.656854249492380582e+00 0.000000000000000000e+00
7.240000000000000000e+02 5.656854249492380582e+00 3.249999700000000000e+11
7.242000000000000455e+02 5.656854249492380582e+00 3.249999700000000000e+11
7.244000000000000909e+02 5.656854249492380582e+00 3.249999700000000000e+11
7.246000000000000227e+02 4.000000000000000000e+00 3.249999700000000000e+11
7.248000000000000682e+02 4.000000000000000000e+00 3.249999700000000000e+11
7.250000000000000000e+02 4.000000000000000000e+00 3.249999700000000000e+11
7.252000000000000455e+02 4.000000000000000000e+00 3.249999700000000000e+11
7.254000000000000909e+02 0.000000000000000000e+00 3.249999700000000000e+11
7.256000000000000227e+02 0.000000000000000000e+00 3.249999700000000000e+11
7.258000000000000682e+02 0.000000000000000000e+00 3.249999700000000000e+11
7.260000000000000000e+02 4.000000000000000000e+00 3.249999700000000000e+11
7.262000000000000455e+02 4.000000000000000000e+00 3.249999700000000000e+11
7.264000000000000909e+02 4.000000000000000000e+00 3.249999700000000000e+11
7.266000000000000227e+02 5.656854249492380582e+00 3.249999700000000000e+11
7.268000000000000682e+02 5.656854249492380582e+00 3.249999700000000000e+11
7.270000000000000000e+02 5.656854249492380582e+00 3.249999700000000000e+11
7.272000000000000455e+02 5.656854249492380582e+00 3.249999700000000000e+11
7.274000000000000909e+02 4.000000000000000000e+00 3.249999700000000000e+11
7.276000000000000227e+02 4.000000000000000000e+00 3.249999700000000000e+11
7.278000000000000682e+02 4.000000000000000000e+00 3.249999700000000000e+11
7.280000000000000000e+02 0.000000000000000000e+00 0.000000000000000000e+00
7.282000000000000455e+02 0.000000000000000000e+00 0.000000000000000000e+00
7.284000000000000909e+02 0.000000000000000000e+00 0.000000000000000000e+00
7.286000000000000227e+02 0.000000000000000000e+00 0.000000000000000000e+00
7.288000000000000682e+02 4.000000000000000000e+00 0.000000000000000000e+00
7.290000000000000000e+02 4.000000000000000000e+00 0.000000000000000000e+00
7.292000000000000455e+02 4.000000000000000000e+00 0.000000000000000000e+00
7.294000000000000909e+02 5.656854249492380582e+00 0.000000000000000000e+00
7.296000000000000227e+02 5.656854249492380582e+00 0.000000000000000000e+00
7.298000000000000682e+02 5.656854249492380582e+00 0.000000000000000000e+00
7.300000000000000000e+02 4.000000000000000000e+00 0.000000000000000000e+00
7.302000000000000455e+02 4.000000000000000000e+00 0.000000000000000000e+00
7.304000000000000909e+02 4.000000000000000000e+00 0.000000000000000000e+00
7.306000000000000227e+02 4.000000000000000000e+00 0.000000000000000000e+00
7.308000000000000682e+02 0.000000000000000000e+00 0.000000000000000000e+00
7.310000000000000000e+02 0.000000000000000000e+00 0.000000000000000000e+00
7.312000000000000455e+02 0.000000000000000000e+00 0.000000000000000000e+00
7.314000000000000909e+02 4.000000000000000000e+00 0.000000000000000000e+00
7.316000000000000227e+02 4.000000000000000000e+00 0.000000000000000000e+00
7.318000000000000682e+02 4.000000000000000000e+00 0.000000000000000000e+00
7.320000000000000000e+02 5.656854249492380582e+00 3.249999700000000000e+11
7.322000000000000455e+02 5.656854249492380582e+00 3.249999700000000000e+11
7.324000000000000909e+02 5.656854249492380582e+00 3.249999700000000000e+11
7.326000000000000227e+02 5.656854249492380582e+00 3.249999700000000000e+11
7.328000000000000682e+02 4.000000000000000000e+00 3.249999700000000000e+11
7.330000000000000000e+02 4.000000000000000000e+00 3.249999700000000000e+11
7.332000000000000455e+02 4.000000000000000000e+00 3.249999700000000000e+11
7.334000000000000909e+02 0.000000000000000000e+00 3.249999700000000000e+11
7.336000000000000227e+02 0.000000000000000000e+00 3.249999700000000000e+11
7.338000000000000682e+02 0.000000000000000000e+00 3.249999700000000000e+11
7.340000000000000000e+02 0.000000000000000000e+00 3.249999700000000000e+11
7.342000000000000455e+02 4.000000000000000000e+00 3.249999700000000000e+11
7.344000000000000909e+02 4.000000000000000000e+00 3.249999700000000000e+11
7.346000000000000227e+02 4.000000000000000000e+00 3.249999700000000000e+11
7.348000000000000682e+02 5.656854249492380582e+00 3.249999700000000000e+11
7.350000000000000000e+02 5.656854249492380582e+00 3.249999700000000000e+11
7.352000000000000455e+02 5.656854249492380582e+00 3.249999700000000000e+11
7.354000000000000909e+02 5.656854249492380582e+00 3.249999700000000000e+11
7.356000000000000227e+02 4.000000000000000000e+00 3.249999700000000000e+11
7.358000000000000682e+02 4.000000000000000000e+00 3.249999700000000000e+11
7.360000000000000000e+02 4.000000000000000000e+00 0.000000000000000000e+00
7.362000000000000455e+02 0.000000000000000000e+00 0.000000000000000000e+00
7.364000000000000909e+02 0.000000000000000000e+00 0.000000000000000000e+00
7.366000000000000227e+02 0.000000000000000000e+00 0.000000000000000000e+00
7.368000000000000682e+02 0.000000000000000000e+00 0.000000000000000000e+00
7.370000000000000000e+02 4.000000000000000000e+00 0.000000000000000000e+00
7.372000000000000455e+02 4.000000000000000000e+00 0.000000000000000000e+00
7.374000000000000909e+02 4.000000000000000000e+00 0.000000000000000000e+00
7.376000000000000227e+02 5.656854249492380582e+00 0.000000000000000000e+00
7.378000000000000682e+02 5.656854249492380582e+00 0.000000000000000000e+00
7.380000000000000000e+02 5.656854249492380582e+00 0.000000000000000000e+00
7.382000000000000455e+02 5.656854249492380582e+00 0.000000000000000000e+00
7.384000000000000909e+02 4.000000000000000000e+00 0.000000000000000000e+00
7.386000000000000227e+02 4.000000000000000000e+00 0.000000000000000000e+00
7.388000000000000682e+02 4.000000000000000000e+00 0.000000000000000000e+00
7.390000000000000000e+02 0.000000000000000000e+00 0.000000000000000000e+00
7.392000000000000455e+02 0.000000000000000000e+00 0.000000000000000000e+00
7.394000000000000909e+02 0.000000000000000000e+00 0.000000000000000000e+00
7.396000000000000227e+02 4.000000000000000000e+00 0.000000000000000000e+00
7.398000000000000682e+02 4.000000000000000000e+00 0.000000000000000000e+00
7.400000000000000000e+02 4.000000000000000000e+00 3.249999700000000000e+11
7.402000000000000455e+02 4.000000000000000000e+00 3.249999700000000000e+11
7.404000000000000909e+02 5.656854249492380582e+00 3.249999700000000000e+11
7.406000000000000227e+02 5.656854249492380582e+00 3.249999700000000000e+11
7.408000000000000682e+02 5.656854249492380582e+00 3.249999700000000000e+11
7.410000000000000000e+02 4.000000000000000000e+00 3.249999700000000000e+11
7.412000000000000455e+02 4.000000000000000000e+00 3.249999700000000000e+11
7.414000000000000909e+02 4.000000000000000000e+00 3.249999700000000000e+11
7.416000000000000227e+02 4.000000000000000000e+00 3.249999700000000000e+11
7.418000000000000682e+02 0.000000000000000000e+00 3.249999700000000000e+11
7.420000000000000000e+02 0.000000000000000000e+00 3.249999700000000000e+11
7.422000000000000455e+02 0.000000000000000000e+00 3.249999700000000000e+11
7.424000000000000909e+02 4.000000000000000000e+00 3.249999700000000000e+11
7.426000000000000227e+02 4.000000000000000000e+00 3.249999700000000000e+11
7.428000000000000682e+02 4.000000000000000000e+00 3.249999700000000000e+11
7.430000000000000000e+02 4.000000000000000000e+00 3.249999700000000000e+11
7.432000000000000455e+02 5.656854249492380582e+00 3.249999700000000000e+11
7.434000000000000909e+02 5.656854249492380582e+00 3.249999700000000000e+11
7.436000000000000227e+02 5.656854249492380582e+00 3.249999700000000000e+11
7.438000000000000682e+02 4.000000000000000000e+00 3.249999700000000000e+11
7.440000000000000000e+02 4.000000000000000000e+00 0.000000000000000000e+00
7.442000000000000455e+02 4.000000000000000000e+00 0.000000000000000000e+00
7.444000000000000909e+02 4.000000000000000000e+00 0.000000000000000000e+00
7.446000000000000227e+02 0.000000000000000000e+00 0.000000000000000000e+00
7.448000000000000682e+02 0.000000000000000000e+00 0.000000000000000000e+00
7.450000000000000000e+02 0.000000000000000000e+00 0.000000000000000000e+00
7.452000000000000455e+02 4.000000000000000000e+00 0.000000000000000000e+00
7.454000000000000909e+02 4.000000000000000000e+00 0.000000000000000000e+00
7.456000000000000227e+02 4.000000000000000000e+00 0.000000000000000000e+00
7.458000000000000682e+02 5.656854249492380582e+00 0.000000000000000000e+00
7.460000000000000000e+02 5.656854249492380582e+00 0.000000000000000000e+00
7.462000000000000455e+02 5.656854249492380582e+00 0.000000000000000000e+00
7.464000000000000909e+02 5.656854249492380582e+00 0.000000000000000000e+00
7.466000000000000227e+02 4.000000000000000000e+00 0.000000000000000000e+00
7.468000000000000682e+02 4.000000000000000000e+00 0.000000000000000000e+00
7.470000000000000000e+02 4.000000000000000000e+00 0.000000000000000000e+00
7.472000000000000455e+02 0.000000000000000000e+00 0.000000000000000000e+00
7.474000000000000909e+02 0.000000000000000000e+00 0.000000000000000000e+00
7.476000000000000227e+02 0.000000000000000000e+00 0.000000000000000000e+00
7.478000000000000682e+02 0.000000000000000000e+00 0.000000000000000000e+00
7.480000000000000000e+02 4.000000000000000000e+00 3.249999700000000000e+11
7.482000000000000455e+02 4.000000000000000000e+00 3.249999700000000000e+11
7.484000000000000909e+02 4.000000000000000000e+00 3.249999700000000000e+11
7.486000000000000227e+02 5.656854249492380582e+00 3.249999700000000000e+11
7.488000000000000682e+02 5.656854249492380582e+00 3.249999700000000000e+11
7.490000000000000000e+02 5.656854249492380582e+00 3.249999700000000000e+11
7.492000000000000455e+02 5.656854249492380582e+00 3.249999700000000000e+11
7.494000000000000909e+02 4.000000000000000000e+00 3.249999700000000000e+11
7.496000000000000227e+02 4.000000000000000000e+00 3.249999700000000000e+11
7.498000000000000682e+02 4.000000000000000000e+00 3.249999700000000000e+11
7.500000000000000000e+02 0.000000000000000000e+00 3.249999700000000000e+11
7.502000000000000455e+02 0.000000000000000000e+00 3.249999700000000000e+11
7.504000000000000909e+02 0.000000000000000000e+00 3.249999700000000000e+11
7.506000000000000227e+02 0.000000000000000000e+00 3.249999700000000000e+11
7.508000000000000682e+02 4.000000000000000000e+00 3.249999700000000000e+11
7.510000000000000000e+02 4.000000000000000000e+00 3.249999700000000000e+11
7.512000000000000455e+02 4.000000000000000000e+00 3.249999700000000000e+11
7.514000000000000909e+02 5.656854249492380582e+00 3.249999700000000000e+11
7.516000000000000227e+02 5.656854249492380582e+00 3.249999700000000000e+11
7.518000000000000682e+02 5.656854249492380582e+00 3.249999700000000000e+11
7.520000000000000000e+02 5.656854249492380582e+00 0.000000000000000000e+00
7.522000000000000455e+02 4.000000000000000000e+00 0.000000000000000000e+00
7.524000000000000909e+02 4.000000000000000000e+00 0.000000000000000000e+00
7.526000000000000227e+02 4.000000000000000000e+00 0.000000000000000000e+00
7.528000000000000682e+02 0.000000000000000000e+00 0.000000000000000000e+00
7.530000000000000000e+02 0.000000000000000000e+00 0.000000000000000000e+00
7.532000000000000455e+02 0.000000000000000000e+00 0.000000000000000000e+00
7.534000000000000909e+02 4.000000000000000000e+00 0.000000000000000000e+00
7.536000000000000227e+02 4.000000000000000000e+00 0.000000000000000000e+00
7.538000000000000682e+02 4.000000000000000000e+00 0.000000000000000000e+00
7.540000000000000000e+02 4.000000000000000000e+00 0.000000000000000000e+00
7.542000000000000455e+02 5.656854249492380582e+00 0.000000000000000000e+00
7.544000000000000909e+02 5.656854249492380582e+00 0.000000000000000000e+00
7.546000000000000227e+02 5.656854249492380582e+00 0.000000000000000000e+00
7.548000000000000682e+02 4.000000000000000000e+00 0.000000000000000000e+00
7.550000000000000000e+02 4.000000000000000000e+00 0.000000000000000000e+00
7.552000000000000455e+02 4.000000000000000000e+00 0.000000000000000000e+00
7.554000000000000909e+02 4.000000000000000000e+00 0.000000000000000000e+00
7.556000000000000227e+02 0.000000000000000000e+00 0.000000000000000000e+00
7.558000000000000682e+02 0.000000000000000000e+00 0.000000000000000000e+00
7.560000000000000000e+02 0.000000000000000000e+00 3.249999700000000000e+11
7.562000000000000455e+02 4.000000000000000000e+00 3.249999700000000000e+11
7.564000000000000909e+02 4.000000000000000000e+00 3.249999700000000000e+11
7.566000000000000227e+02 4.000000000000000000e+00 3.249999700000000000e+11
7.568000000000000682e+02 5.656854249492380582e+00 3.249999700000000000e+11
7.570000000000000000e+02 5.656854249492380582e+00 3.249999700000000000e+11
7.572000000000000455e+02 5.656854249492380582e+00 3.249999700000000000e+11
7.574000000000000909e+02 5.656854249492380582e+00 3.249999700000000000e+11
7.576000000000000227e+02 4.000000000000000000e+00 3.249999700000000000e+11
7.578000000000000682e+02 4.000000000000000000e+00 3.249999700000000000e+11
7.580000000000000000e+02 4.000000000000000000e+00 3.249999700000000000e+11
7.582000000000000455e+02 4.000000000000000000e+00 3.249999700000000000e+11
7.584000000000000909e+02 0.000000000000000000e+00 3.249999700000000000e+11
7.586000000000000227e+02 0.000000000000000000e+00 3.249999700000000000e+11
7.588000000000000682e+02 0.000000000000000000e+00 3.249999700000000000e+11
7.590000000000000000e+02 0.000000000000000000e+00 3.249999700000000000e+11
7.592000000000000455e+02 4.000000000000000000e+00 3.249999700000000000e+11
7.594000000000000909e+02 4.000000000000000000e+00 3.249999700000000000e+11
7.596000000000000227e+02 8.000000000000000000e+00 3.249999700000000000e+11
7.598000000000000682e+02 8.000000000000000000e+00 3.249999700000000000e+11
7.600000000000000000e+02 8.944271909999159220e+00 0.000000000000000000e+00
7.602000000000000455e+02 1.131370849898476116e+01 0.000000000000000000e+00
7.604000000000000909e+02 8.944271909999159220e+00 0.000000000000000000e+00
7.606000000000000227e+02 8.944271909999159220e+00 0.000000000000000000e+00
7.608000000000000682e+02 8.000000000000000000e+00 0.000000000000000000e+00
7.610000000000000000e+02 8.944271909999159220e+00 0.000000000000000000e+00
7.612000000000000455e+02 5.656854249492380582e+00 0.000000000000000000e+00
7.614000000000000909e+02 4.000000000000000000e+00 0.000000000000000000e+00
7.616000000000000227e+02 4.000000000000000000e+00 0.000000000000000000e+00
7.618000000000000682e+02 5.656854249492380582e+00 0.000000000000000000e+00
7.620000000000000000e+02 4.000000000000000000e+00 0.000000000000000000e+00
7.622000000000000455e+02 5.656854249492380582e+00 0.000000000000000000e+00
7.624000000000000909e+02 5.656854249492380582e+00 0.000000000000000000e+00
7.626000000000000227e+02 8.000000000000000000e+00 0.000000000000000000e+00
7.628000000000000682e+02 8.000000000000000000e+00 0.000000000000000000e+00
7.630000000000000000e+02 8.944271909999159220e+00 0.000000000000000000e+00
7.632000000000000455e+02 8.944271909999159220e+00 0.000000000000000000e+00
7.634000000000000909e+02 8.944271909999159220e+00 0.000000000000000000e+00
7.636000000000000227e+02 8.944271909999159220e+00 0.000000000000000000e+00
7.638000000000000682e+02 8.000000000000000000e+00 0.000000000000000000e+00
7.640000000000000000e+02 8.000000000000000000e+00 3.249999700000000000e+11
7.642000000000000455e+02 5.656854249492380582e+00 3.249999700000000000e+11
7.644000000000000909e+02 5.656854249492380582e+00 3.249999700000000000e+11
7.646000000000000227e+02 8.000000000000000000e+00 3.249999700000000000e+11
7.648000000000000682e+02 8.944271909999159220e+00 3.249999700000000000e+11
7.650000000000000000e+02 8.944271909999159220e+00 3.249999700000000000e+11
7.652000000000000455e+02 1.200000000000000000e+01 3.249999700000000000e+11
7.654000000000000909e+02 1.442220510185595650e+01 3.249999700000000000e+11
7.656000000000000227e+02 2.000000000000000000e+01 3.249999700000000000e+11
7.658000000000000682e+02 2.529822128134703618e+01 3.249999700000000000e+11
7.660000000000000000e+02 2.800000000000000000e+01 3.249999700000000000e+11
7.662000000000000455e+02 3.417601498127012150e+01 3.249999700000000000e+11
7.664000000000000909e+02 3.959797974644666141e+01 3.249999700000000000e+11
7.666000000000000227e+02 4.472135954999579610e+01 3.249999700000000000e+11
7.668000000000000682e+02 4.816637831516918311e+01 3.249999700000000000e+11
7.670000000000000000e+02 5.571355310873647682e+01 3.249999700000000000e+11
7.672000000000000455e+02 6.222539674441618018e+01 3.249999700000000000e+11
7.674000000000000909e+02 6.985699678629191567e+01 3.249999700000000000e+11
7.676000000000000227e+02 8.000000000000000000e+01 3.249999700000000000e+11
7.678000000000000682e+02 9.303762679690406401e+01 3.249999700000000000e+11
7.680000000000000000e+02 1.106345334875146449e+02 0.000000000000000000e+00
7.682000000000000455e+02 1.077032961426900783e+02 0.000000000000000000e+00
7.684000000000000909e+02 1.098362417419678536e+02 0.000000000000000000e+00
7.686000000000000227e+02 1.065082156455547846e+02 0.000000000000000000e+00
7.688000000000000682e+02 1.056787585089832504e+02 0.000000000000000000e+00
7.690000000000000000e+02 1.086646216576489934e+02 0.000000000000000000e+00
7.692000000000000455e+02 1.062826420446913858e+02 0.000000000000000000e+00
7.694000000000000909e+02 1.046900186264192030e+02 0.000000000000000000e+00
7.696000000000000227e+02 1.040000000000000000e+02 0.000000000000000000e+00
7.698000000000000682e+02 1.040768946500615044e+02 0.000000000000000000e+00
7.700000000000000000e+02 1.019803902718556969e+02 0.000000000000000000e+00
7.702000000000000455e+02 9.935793878699377046e+01 0.000000000000000000e+00
7.704000000000000909e+02 9.895453501482384695e+01 0.000000000000000000e+00
7.706000000000000227e+02 9.806120537705010065e+01 0.000000000000000000e+00
7.708000000000000682e+02 9.440338976964757478e+01 0.000000000000000000e+00
7.710000000000000000e+02 9.482615672903757797e+01 0.000000000000000000e+00
7.712000000000000455e+02 9.208691546577070142e+01 0.000000000000000000e+00
7.714000000000000909e+02 9.507891459203770523e+01 0.000000000000000000e+00
7.716000000000000227e+02 9.338094023943001787e+01 0.000000000000000000e+00
7.718000000000000682e+02 9.363759928575700542e+01 0.000000000000000000e+00
7.720000000000000000e+02 9.633275663033836622e+01 3.249999700000000000e+11
7.722000000000000455e+02 1.091787525116494493e+02 3.249999700000000000e+11
7.724000000000000909e+02 1.256025477448606580e+02 3.249999700000000000e+11
7.726000000000000227e+02 1.445544879967412157e+02 3.249999700000000000e+11
7.728000000000000682e+02 1.592482338991550535e+02 3.249999700000000000e+11
7.730000000000000000e+02 1.091787525116494493e+02 3.249999700000000000e+11
7.732000000000000455e+02 1.120714058089752001e+02 3.249999700000000000e+11
7.734000000000000909e+02 1.276244490683505290e+02 3.249999700000000000e+11
7.736000000000000227e+02 1.453822547630899749e+02 3.249999700000000000e+11
7.738000000000000682e+02 1.445544879967412157e+02 3.249999700000000000e+11
7.740000000000000000e+02 1.216552506059643974e+02 3.249999700000000000e+11
7.742000000000000455e+02 1.043072384832423865e+02 3.249999700000000000e+11
7.744000000000000909e+02 9.208691546577070142e+01 3.249999700000000000e+11
7.746000000000000227e+02 7.766595135579039777e+01 3.249999700000000000e+11
7.748000000000000682e+02 6.511528238439882443e+01 3.249999700000000000e+11
7.750000000000000000e+02 5.768882040742382600e+01 3.249999700000000000e+11
7.752000000000000455e+02 4.882622246293480828e+01 3.249999700000000000e+11
7.754000000000000909e+02 4.176122603564220270e+01 3.249999700000000000e+11
7.756000000000000227e+02 3.622154055254966920e+01 3.249999700000000000e+11
7.758000000000000682e+02 3.046309242345563462e+01 3.249999700000000000e+11
7.760000000000000000e+02 2.262741699796952233e+01 0.000000000000000000e+00
7.762000000000000455e+02 2.529822128134703618e+01 0.000000000000000000e+00
7.764000000000000909e+02 2.039607805437113797e+01 0.000000000000000000e+00
7.766000000000000227e+02 2.000000000000000000e+01 0.000000000000000000e+00
7.768000000000000682e+02 2.154065922853801496e+01 0.000000000000000000e+00
7.770000000000000000e+02 2.000000000000000000e+01 0.000000000000000000e+00
7.772000000000000455e+02 2.154065922853801496e+01 0.000000000000000000e+00
7.774000000000000909e+02 2.262741699796952233e+01 0.000000000000000000e+00
7.776000000000000227e+02 2.529822128134703618e+01 0.000000000000000000e+00
7.778000000000000682e+02 2.400000000000000000e+01 0.000000000000000000e+00
7.780000000000000000e+02 2.683281572999747766e+01 0.000000000000000000e+00
7.782000000000000455e+02 2.561249694973139412e+01 0.000000000000000000e+00
7.784000000000000909e+02 2.529822128134703618e+01 0.000000000000000000e+00
7.786000000000000227e+02 2.400000000000000000e+01 0.000000000000000000e+00
7.788000000000000682e+02 2.154065922853801496e+01 0.000000000000000000e+00
7.790000000000000000e+02 2.262741699796952233e+01 0.000000000000000000e+00
7.792000000000000455e+02 2.154065922853801496e+01 0.000000000000000000e+00
7.794000000000000909e+02 2.000000000000000000e+01 0.000000000000000000e+00
7.796000000000000227e+02 1.788854381999831844e+01 0.000000000000000000e+00
7.798000000000000682e+02 2.000000000000000000e+01 0.000000000000000000e+00
7.800000000000000000e+02 2.039607805437113797e+01 3.249999700000000000e+11
7.802000000000000455e+02 1.649242250247064234e+01 3.249999700000000000e+11
7.804000000000000909e+02 1.697056274847713908e+01 3.249999700000000000e+11
7.806000000000000227e+02 1.264911064067351809e+01 3.249999700000000000e+11
7.808000000000000682e+02 1.200000000000000000e+01 3.249999700000000000e+11
7.810000000000000000e+02 1.264911064067351809e+01 3.249999700000000000e+11
7.812000000000000455e+02 1.131370849898476116e+01 3.249999700000000000e+11
7.814000000000000909e+02 8.944271909999159220e+00 3.249999700000000000e+11
7.816000000000000227e+02 8.944271909999159220e+00 3.249999700000000000e+11
7.818000000000000682e+02 8.000000000000000000e+00 3.249999700000000000e+11
7.820000000000000000e+02 4.000000000000000000e+00 3.249999700000000000e+11
7.822000000000000455e+02 4.000000000000000000e+00 3.249999700000000000e+11
7.824000000000000909e+02 4.000000000000000000e+00 3.249999700000000000e+11
7.826000000000000227e+02 0.000000000000000000e+00 3.249999700000000000e+11
7.828000000000000682e+02 0.000000000000000000e+00 3.249999700000000000e+11
7.830000000000000000e+02 0.000000000000000000e+00 3.249999700000000000e+11
7.832000000000000455e+02 0.000000000000000000e+00 3.249999700000000000e+11
7.834000000000000909e+02 4.000000000000000000e+00 3.249999700000000000e+11
7.836000000000000227e+02 4.000000000000000000e+00 3.249999700000000000e+11
7.838000000000000682e+02 4.000000000000000000e+00 3.249999700000000000e+11
7.840000000000000000e+02 4.000000000000000000e+00 0.000000000000000000e+00
7.842000000000000455e+02 5.656854249492380582e+00 0.000000000000000000e+00
7.844000000000000909e+02 5.656854249492380582e+00 0.000000000000000000e+00
7.846000000000000227e+02 5.656854249492380582e+00 0.000000000000000000e+00
7.848000000000000682e+02 4.000000000000000000e+00 0.000000000000000000e+00
7.850000000000000000e+02 4.000000000000000000e+00 0.000000000000000000e+00
7.852000000000000455e+02 4.000000000000000000e+00 0.000000000000000000e+00
7.854000000000000909e+02 4.000000000000000000e+00 0.000000000000000000e+00
7.856000000000000227e+02 0.000000000000000000e+00 0.000000000000000000e+00
7.858000000000000682e+02 0.000000000000000000e+00 0.000000000000000000e+00
7.860000000000000000e+02 0.000000000000000000e+00 0.000000000000000000e+00
7.862000000000000455e+02 4.000000000000000000e+00 0.000000000000000000e+00
7.864000000000000909e+02 4.000000000000000000e+00 0.000000000000000000e+00
7.866000000000000227e+02 4.000000000000000000e+00 0.000000000000000000e+00
7.868000000000000682e+02 5.656854249492380582e+00 0.000000000000000000e+00
7.870000000000000000e+02 5.656854249492380582e+00 0.000000000000000000e+00
7.872000000000000455e+02 5.656854249492380582e+00 0.000000000000000000e+00
7.874000000000000909e+02 5.656854249492380582e+00 0.000000000000000000e+00
7.876000000000000227e+02 4.000000000000000000e+00 0.000000000000000000e+00
7.878000000000000682e+02 4.000000000000000000e+00 0.000000000000000000e+00
7.880000000000000000e+02 4.000000000000000000e+00 3.249999700000000000e+11
7.882000000000000455e+02 0.000000000000000000e+00 3.249999700000000000e+11
7.884000000000000909e+02 0.000000000000000000e+00 3.249999700000000000e+11
7.886000000000000227e+02 0.000000000000000000e+00 3.249999700000000000e+11
7.888000000000000682e+02 0.000000000000000000e+00 3.249999700000000000e+11
7.890000000000000000e+02 4.000000000000000000e+00 3.249999700000000000e+11
7.892000000000000455e+02 4.000000000000000000e+00 3.249999700000000000e+11
7.894000000000000909e+02 4.000000000000000000e+00 3.249999700000000000e+11
7.896000000000000227e+02 5.656854249492380582e+00 3.249999700000000000e+11
7.898000000000000682e+02 5.656854249492380582e+00 3.249999700000000000e+11
7.900000000000000000e+02 5.656854249492380582e+00 3.249999700000000000e+11
7.902000000000000455e+02 5.656854249492380582e+00 3.249999700000000000e+11
7.904000000000000909e+02 4.000000000000000000e+00 3.249999700000000000e+11
7.906000000000000227e+02 4.000000000000000000e+00 3.249999700000000000e+11
7.908000000000000682e+02 4.000000000000000000e+00 3.249999700000000000e+11
7.910000000000000000e+02 4.000000000000000000e+00 3.249999700000000000e+11
7.912000000000000455e+02 0.000000000000000000e+00 3.249999700000000000e+11
7.914000000000000909e+02 0.000000000000000000e+00 3.249999700000000000e+11
7.916000000000000227e+02 0.000000000000000000e+00 3.249999700000000000e+11
7.918000000000000682e+02 4.000000000000000000e+00 3.249999700000000000e+11
7.920000000000000000e+02 4.000000000000000000e+00 0.000000000000000000e+00
7.922000000000000455e+02 4.000000000000000000e+00 0.000000000000000000e+00
7.924000000000000909e+02 4.000000000000000000e+00 0.000000000000000000e+00
7.926000000000000227e+02 5.656854249492380582e+00 0.000000000000000000e+00
7.928000000000000682e+02 5.656854249492380582e+00 0.000000000000000000e+00
7.930000000000000000e+02 5.656854249492380582e+00 0.000000000000000000e+00
7.932000000000000455e+02 4.000000000000000000e+00 0.000000000000000000e+00
7.934000000000000909e+02 4.000000000000000000e+00 0.000000000000000000e+00
7.936000000000000227e+02 4.000000000000000000e+00 0.000000000000000000e+00
7.938000000000000682e+02 0.000000000000000000e+00 0.000000000000000000e+00
7.940000000000000000e+02 0.000000000000000000e+00 0.000000000000000000e+00
7.942000000000000455e+02 0.000000000000000000e+00 0.000000000000000000e+00
7.944000000000000909e+02 0.000000000000000000e+00 0.000000000000000000e+00
7.946000000000000227e+02 4.000000000000000000e+00 0.000000000000000000e+00
7.948000000000000682e+02 4.000000000000000000e+00 0.000000000000000000e+00
7.950000000000000000e+02 4.000000000000000000e+00 0.000000000000000000e+00
7.952000000000000455e+02 5.656854249492380582e+00 0.000000000000000000e+00
7.954000000000000909e+02 5.656854249492380582e+00 0.000000000000000000e+00
7.956000000000000227e+02 5.656854249492380582e+00 0.000000000000000000e+00
7.958000000000000682e+02 4.000000000000000000e+00 0.000000000000000000e+00
7.960000000000000000e+02 4.000000000000000000e+00 3.249999700000000000e+11
7.962000000000000455e+02 4.000000000000000000e+00 3.249999700000000000e+11
7.964000000000000909e+02 4.000000000000000000e+00 3.249999700000000000e+11
7.966000000000000227e+02 0.000000000000000000e+00 3.249999700000000000e+11
7.968000000000000682e+02 0.000000000000000000e+00 3.249999700000000000e+11
7.970000000000000000e+02 0.000000000000000000e+00 3.249999700000000000e+11
7.972000000000000455e+02 4.000000000000000000e+00 3.249999700000000000e+11
7.974000000000000909e+02 4.000000000000000000e+00 3.249999700000000000e+11
7.976000000000000227e+02 4.000000000000000000e+00 3.249999700000000000e+11
7.978000000000000682e+02 4.000000000000000000e+00 3.249999700000000000e+11
7.980000000000000000e+02 5.656854249492380582e+00 3.249999700000000000e+11
7.982000000000000455e+02 5.656854249492380582e+00 3.249999700000000000e+11
7.984000000000000909e+02 5.656854249492380582e+00 3.249999700000000000e+11
7.986000000000000227e+02 5.656854249492380582e+00 3.249999700000000000e+11
7.988000000000000682e+02 4.000000000000000000e+00 3.249999700000000000e+11
7.990000000000000000e+02 4.000000000000000000e+00 3.249999700000000000e+11
7.992000000000000455e+02 4.000000000000000000e+00 3.249999700000000000e+11
7.994000000000000909e+02 0.000000000000000000e+00 3.249999700000000000e+11
7.996000000000000227e+02 0.000000000000000000e+00 3.249999700000000000e+11
7.998000000000000682e+02 0.000000000000000000e+00 3.249999700000000000e+11
