8.000000000000000000e+02 5.656854249492380582e+00 0.000000000000000000e+00
8.002000000000000455e+02 4.000000000000000000e+00 0.000000000000000000e+00
8.004000000000000909e+02 4.000000000000000000e+00 0.000000000000000000e+00
8.006000000000000227e+02 5.656854249492380582e+00 0.000000000000000000e+00
8.008000000000000682e+02 5.656854249492380582e+00 0.000000000000000000e+00
8.010000000000000000e+02 5.656854249492380582e+00 0.000000000000000000e+00
8.012000000000000455e+02 5.656854249492380582e+00 0.000000000000000000e+00
8.014000000000000909e+02 5.656854249492380582e+00 0.000000000000000000e+00
8.016000000000000227e+02 5.656854249492380582e+00 0.000000000000000000e+00
8.018000000000000682e+02 5.656854249492380582e+00 0.000000000000000000e+00
8.020000000000000000e+02 5.656854249492380582e+00 0.000000000000000000e+00
8.022000000000000455e+02 5.656854249492380582e+00 0.000000000000000000e+00
8.024000000000000909e+02 4.000000000000000000e+00 0.000000000000000000e+00
8.026000000000000227e+02 5.656854249492380582e+00 0.000000000000000000e+00
8.028000000000000682e+02 5.656854249492380582e+00 0.000000000000000000e+00
8.030000000000000000e+02 5.656854249492380582e+00 0.000000000000000000e+00
8.032000000000000455e+02 5.656854249492380582e+00 0.000000000000000000e+00
8.034000000000000909e+02 5.656854249492380582e+00 0.000000000000000000e+00
8.036000000000000227e+02 5.656854249492380582e+00 0.000000000000000000e+00
8.038000000000000682e+02 5.656854249492380582e+00 0.000000000000000000e+00
8.040000000000000000e+02 5.656854249492380582e+00 3.275000000000000000e+11
8.042000000000000455e+02 5.656854249492380582e+00 3.275000000000000000e+11
8.044000000000000909e+02 5.656854249492380582e+00 3.275000000000000000e+11
8.046000000000000227e+02 4.000000000000000000e+00 3.275000000000000000e+11
8.048000000000000682e+02 4.000000000000000000e+00 3.275000000000000000e+11
8.050000000000000000e+02 4.000000000000000000e+00 3.275000000000000000e+11
8.052000000000000455e+02 4.000000000000000000e+00 3.275000000000000000e+11
8.054000000000000909e+02 0.000000000000000000e+00 3.275000000000000000e+11
8.056000000000000227e+02 0.000000000000000000e+00 3.275000000000000000e+11
8.058000000000000682e+02 0.000000000000000000e+00 3.275000000000000000e+11
8.060000000000000000e+02 4.000000000000000000e+00 3.275000000000000000e+11
8.062000000000000455e+02 4.000000000000000000e+00 3.275000000000000000e+11
8.064000000000000909e+02 4.000000000000000000e+00 3.275000000000000000e+11
8.066000000000000227e+02 5.656854249492380582e+00 3.275000000000000000e+11
8.068000000000000682e+02 5.656854249492380582e+00 3.275000000000000000e+11
8.070000000000000000e+02 5.656854249492380582e+00 3.275000000000000000e+11
8.072000000000000455e+02 5.656854249492380582e+00 3.275000000000000000e+11
8.074000000000000909e+02 4.000000000000000000e+00 3.275000000000000000e+11
8.076000000000000227e+02 4.000000000000000000e+00 3.275000000000000000e+11
8.078000000000000682e+02 4.000000000000000000e+00 3.275000000000000000e+11
8.080000000000000000e+02 0.000000000000000000e+00 0.000000000000000000e+00
8.082000000000000455e+02 0.000000000000000000e+00 0.000000000000000000e+00
8.084000000000000909e+02 0.000000000000000000e+00 0.000000000000000000e+00
8.086000000000000227e+02 0.000000000000000000e+00 0.000000000000000000e+00
8.088000000000000682e+02 4.000000000000000000e+00 0.000000000000000000e+00
8.090000000000000000e+02 4.000000000000000000e+00 0.000000000000000000e+00
8.092000000000000455e+02 4.000000000000000000e+00 0.000000000000000000e+00
8.094000000000000909e+02 5.656854249492380582e+00 0.000000000000000000e+00
8.096000000000000227e+02 5.656854249492380582e+00 0.000000000000000000e+00
8.098000000000000682e+02 5.656854249492380582e+00 0.000000000000000000e+00
8.100000000000000000e+02 4.000000000000000000e+00 0.000000000000000000e+00
8.102000000000000455e+02 4.000000000000000000e+00 0.000000000000000000e+00
8.104000000000000909e+02 4.000000000000000000e+00 0.000000000000000000e+00
8.106000000000000227e+02 4.000000000000000000e+00 0.000000000000000000e+00
8.108000000000000682e+02 0.000000000000000000e+00 0.000000000000000000e+00
8.110000000000000000e+02 0.000000000000000000e+00 0.000000000000000000e+00
8.112000000000000455e+02 0.000000000000000000e+00 0.000000000000000000e+00
8.114000000000000909e+02 4.000000000000000000e+00 0.000000000000000000e+00
8.116000000000000227e+02 4.000000000000000000e+00 0.000000000000000000e+00
8.118000000000000682e+02 4.000000000000000000e+00 0.000000000000000000e+00
8.120000000000000000e+02 5.656854249492380582e+00 3.275000000000000000e+11
8.122000000000000455e+02 5.656854249492380582e+00 3.275000000000000000e+11
8.124000000000000909e+02 5.656854249492380582e+00 3.275000000000000000e+11
8.126000000000000227e+02 5.656854249492380582e+00 3.275000000000000000e+11
8.128000000000000682e+02 4.000000000000000000e+00 3.275000000000000000e+11
8.130000000000000000e+02 4.000000000000000000e+00 3.275000000000000000e+11
8.132000000000000455e+02 4.000000000000000000e+00 3.275000000000000000e+11
8.134000000000000909e+02 0.000000000000000000e+00 3.275000000000000000e+11
8.136000000000000227e+02 0.000000000000000000e+00 3.275000000000000000e+11
8.138000000000000682e+02 0.000000000000000000e+00 3.275000000000000000e+11
8.140000000000000000e+02 0.000000000000000000e+00 3.275000000000000000e+11
8.142000000000000455e+02 4.000000000000000000e+00 3.275000000000000000e+11
8.144000000000000909e+02 4.000000000000000000e+00 3.275000000000000000e+11
8.146000000000000227e+02 4.000000000000000000e+00 3.275000000000000000e+11
8.148000000000000682e+02 5.656854249492380582e+00 3.275000000000000000e+11
8.150000000000000000e+02 5.656854249492380582e+00 3.275000000000000000e+11
8.152000000000000455e+02 5.656854249492380582e+00 3.275000000000000000e+11
8.154000000000000909e+02 5.656854249492380582e+00 3.275000000000000000e+11
8.156000000000000227e+02 4.000000000000000000e+00 3.275000000000000000e+11
8.158000000000000682e+02 4.000000000000000000e+00 3.275000000000000000e+11
8.160000000000000000e+02 4.000000000000000000e+00 0.000000000000000000e+00
8.162000000000000455e+02 0.000000000000000000e+00 0.000000000000000000e+00
8.164000000000000909e+02 0.000000000000000000e+00 0.000000000000000000e+00
8.166000000000000227e+02 0.000000000000000000e+00 0.000000000000000000e+00
8.168000000000000682e+02 0.000000000000000000e+00 0.000000000000000000e+00
8.170000000000000000e+02 4.000000000000000000e+00 0.000000000000000000e+00
8.172000000000000455e+02 4.000000000000000000e+00 0.000000000000000000e+00
8.174000000000000909e+02 4.000000000000000000e+00 0.000000000000000000e+00
8.176000000000000227e+02 5.656854249492380582e+00 0.000000000000000000e+00
8.178000000000000682e+02 5.656854249492380582e+00 0.000000000000000000e+00
8.180000000000000000e+02 5.656854249492380582e+00 0.000000000000000000e+00
8.182000000000000455e+02 5.656854249492380582e+00 0.000000000000000000e+00
8.184000000000000909e+02 4.000000000000000000e+00 0.000000000000000000e+00
8.186000000000000227e+02 4.000000000000000000e+00 0.000000000000000000e+00
8.188000000000000682e+02 4.000000000000000000e+00 0.000000000000000000e+00
8.190000000000000000e+02 0.000000000000000000e+00 0.000000000000000000e+00
8.192000000000000455e+02 0.000000000000000000e+00 0.000000000000000000e+00
8.194000000000000909e+02 0.000000000000000000e+00 0.000000000000000000e+00
8.196000000000000227e+02 4.000000000000000000e+00 0.000000000000000000e+00
8.198000000000000682e+02 4.000000000000000000e+00 0.000000000000000000e+00
8.200000000000000000e+02 4.000000000000000000e+00 3.275000000000000000e+11
8.202000000000000455e+02 4.000000000000000000e+00 3.275000000000000000e+11
8.204000000000000909e+02 5.656854249492380582e+00 3.275000000000000000e+11
8.206000000000000227e+02 5.656854249492380582e+00 3.275000000000000000e+11
8.208000000000000682e+02 5.656854249492380582e+00 3.275000000000000000e+11
8.210000000000000000e+02 4.000000000000000000e+00 3.275000000000000000e+11
8.212000000000000455e+02 4.000000000000000000e+00 3.275000000000000000e+11
8.214000000000000909e+02 4.000000000000000000e+00 3.275000000000000000e+11
8.216000000000000227e+02 4.000000000000000000e+00 3.275000000000000000e+11
8.218000000000000682e+02 0.000000000000000000e+00 3.275000000000000000e+11
8.220000000000000000e+02 0.000000000000000000e+00 3.275000000000000000e+11
8.222000000000000455e+02 0.000000000000000000e+00 3.275000000000000000e+11
8.224000000000000909e+02 4.000000000000000000e+00 3.275000000000000000e+11
8.226000000000000227e+02 4.000000000000000000e+00 3.275000000000000000e+11
8.228000000000000682e+02 4.000000000000000000e+00 3.275000000000000000e+11
8.230000000000000000e+02 4.000000000000000000e+00 3.275000000000000000e+11
8.232000000000000455e+02 5.656854249492380582e+00 3.275000000000000000e+11
8.234000000000000909e+02 5.656854249492380582e+00 3.275000000000000000e+11
8.236000000000000227e+02 5.656854249492380582e+00 3.275000000000000000e+11
8.238000000000000682e+02 4.000000000000000000e+00 3.275000000000000000e+11
8.240000000000000000e+02 4.000000000000000000e+00 0.000000000000000000e+00
8.242000000000000455e+02 4.000000000000000000e+00 0.000000000000000000e+00
8.244000000000000909e+02 4.000000000000000000e+00 0.000000000000000000e+00
8.246000000000000227e+02 0.000000000000000000e+00 0.000000000000000000e+00
8.248000000000000682e+02 0.000000000000000000e+00 0.000000000000000000e+00
8.250000000000000000e+02 0.000000000000000000e+00 0.000000000000000000e+00
8.252000000000000455e+02 4.000000000000000000e+00 0.000000000000000000e+00
8.254000000000000909e+02 4.000000000000000000e+00 0.000000000000000000e+00
8.256000000000000227e+02 4.000000000000000000e+00 0.000000000000000000e+00
8.258000000000000682e+02 5.656854249492380582e+00 0.000000000000000000e+00
8.260000000000000000e+02 5.656854249492380582e+00 0.000000000000000000e+00
8.262000000000000455e+02 5.656854249492380582e+00 0.000000000000000000e+00
8.264000000000000909e+02 5.656854249492380582e+00 0.000000000000000000e+00
8.266000000000000227e+02 4.000000000000000000e+00 0.000000000000000000e+00
8.268000000000000682e+02 4.000000000000000000e+00 0.000000000000000000e+00
8.270000000000000000e+02 4.000000000000000000e+00 0.000000000000000000e+00
8.272000000000000455e+02 0.000000000000000000e+00 0.000000000000000000e+00
8.274000000000000909e+02 0.000000000000000000e+00 0.000000000000000000e+00
8.276000000000000227e+02 0.000000000000000000e+00 0.000000000000000000e+00
8.278000000000000682e+02 0.000000000000000000e+00 0.000000000000000000e+00
8.280000000000000000e+02 4.000000000000000000e+00 3.275000000000000000e+11
8.282000000000000455e+02 4.000000000000000000e+00 3.275000000000000000e+11
8.284000000000000909e+02 4.000000000000000000e+00 3.275000000000000000e+11
8.286000000000000227e+02 5.656854249492380582e+00 3.275000000000000000e+11
8.288000000000000682e+02 5.656854249492380582e+00 3.275000000000000000e+11
8.290000000000000000e+02 5.656854249492380582e+00 3.275000000000000000e+11
8.292000000000000455e+02 4.000000000000000000e+00 3.275000000000000000e+11
8.294000000000000909e+02 4.000000000000000000e+00 3.275000000000000000e+11
8.296000000000000227e+02 4.000000000000000000e+00 3.275000000000000000e+11
8.298000000000000682e+02 4.000000000000000000e+00 3.275000000000000000e+11
8.300000000000000000e+02 0.000000000000000000e+00 3.275000000000000000e+11
8.302000000000000455e+02 0.000000000000000000e+00 3.275000000000000000e+11
8.304000000000000909e+02 0.000000000000000000e+00 3.275000000000000000e+11
8.306000000000000227e+02 0.000000000000000000e+00 3.275000000000000000e+11
8.308000000000000682e+02 4.000000000000000000e+00 3.275000000000000000e+11
8.310000000000000000e+02 4.000000000000000000e+00 3.275000000000000000e+11
8.312000000000000455e+02 4.000000000000000000e+00 3.275000000000000000e+11
8.314000000000000909e+02 5.656854249492380582e+00 3.275000000000000000e+11
8.316000000000000227e+02 5.656854249492380582e+00 3.275000000000000000e+11
8.318000000000000682e+02 5.656854249492380582e+00 3.275000000000000000e+11
8.320000000000000000e+02 5.656854249492380582e+00 0.000000000000000000e+00
8.322000000000000455e+02 4.000000000000000000e+00 0.000000000000000000e+00
8.324000000000000909e+02 4.000000000000000000e+00 0.000000000000000000e+00
8.326000000000000227e+02 4.000000000000000000e+00 0.000000000000000000e+00
8.328000000000000682e+02 0.000000000000000000e+00 0.000000000000000000e+00
8.330000000000000000e+02 0.000000000000000000e+00 0.000000000000000000e+00
8.332000000000000455e+02 0.000000000000000000e+00 0.000000000000000000e+00
8.334000000000000909e+02 4.000000000000000000e+00 0.000000000000000000e+00
8.336000000000000227e+02 4.000000000000000000e+00 0.000000000000000000e+00
8.338000000000000682e+02 4.000000000000000000e+00 0.000000000000000000e+00
8.340000000000000000e+02 4.000000000000000000e+00 0.000000000000000000e+00
8.342000000000000455e+02 5.656854249492380582e+00 0.000000000000000000e+00
8.344000000000000909e+02 5.656854249492380582e+00 0.000000000000000000e+00
8.346000000000000227e+02 5.656854249492380582e+00 0.000000000000000000e+00
8.348000000000000682e+02 4.000000000000000000e+00 0.000000000000000000e+00
8.350000000000000000e+02 4.000000000000000000e+00 0.000000000000000000e+00
8.352000000000000455e+02 4.000000000000000000e+00 0.000000000000000000e+00
8.354000000000000909e+02 4.000000000000000000e+00 0.000000000000000000e+00
8.356000000000000227e+02 0.000000000000000000e+00 0.000000000000000000e+00
8.358000000000000682e+02 0.000000000000000000e+00 0.000000000000000000e+00
8.360000000000000000e+02 0.000000000000000000e+00 3.275000000000000000e+11
8.362000000000000455e+02 4.000000000000000000e+00 3.275000000000000000e+11
8.364000000000000909e+02 4.000000000000000000e+00 3.275000000000000000e+11
8.366000000000000227e+02 4.000000000000000000e+00 3.275000000000000000e+11
8.368000000000000682e+02 4.000000000000000000e+00 3.275000000000000000e+11
8.370000000000000000e+02 5.656854249492380582e+00 3.275000000000000000e+11
8.372000000000000455e+02 5.656854249492380582e+00 3.275000000000000000e+11
8.374000000000000909e+02 5.656854249492380582e+00 3.275000000000000000e+11
8.376000000000000227e+02 4.000000000000000000e+00 3.275000000000000000e+11
8.378000000000000682e+02 4.000000000000000000e+00 3.275000000000000000e+11
8.380000000000000000e+02 4.000000000000000000e+00 3.275000000000000000e+11
8.382000000000000455e+02 4.000000000000000000e+00 3.275000000000000000e+11
8.384000000000000909e+02 0.000000000000000000e+00 3.275000000000000000e+11
8.386000000000000227e+02 0.000000000000000000e+00 3.275000000000000000e+11
8.388000000000000682e+02 0.000000000000000000e+00 3.275000000000000000e+11
8.390000000000000000e+02 4.000000000000000000e+00 3.275000000000000000e+11
8.392000000000000455e+02 5.656854249492380582e+00 3.275000000000000000e+11
8.394000000000000909e+02 5.656854249492380582e+00 3.275000000000000000e+11
8.396000000000000227e+02 8.944271909999159220e+00 3.275000000000000000e+11
8.398000000000000682e+02 1.200000000000000000e+01 3.275000000000000000e+11
8.400000000000000000e+02 1.264911064067351809e+01 0.000000000000000000e+00
8.402000000000000455e+02 1.131370849898476116e+01 0.000000000000000000e+00
8.404000000000000909e+02 1.442220510185595650e+01 0.000000000000000000e+00
8.406000000000000227e+02 1.264911064067351809e+01 0.000000000000000000e+00
8.408000000000000682e+02 1.200000000000000000e+01 0.000000000000000000e+00
8.410000000000000000e+02 8.944271909999159220e+00 0.000000000000000000e+00
8.412000000000000455e+02 1.131370849898476116e+01 0.000000000000000000e+00
8.414000000000000909e+02 8.944271909999159220e+00 0.000000000000000000e+00
8.416000000000000227e+02 8.000000000000000000e+00 0.000000000000000000e+00
8.418000000000000682e+02 5.656854249492380582e+00 0.000000000000000000e+00
8.420000000000000000e+02 8.000000000000000000e+00 0.000000000000000000e+00
8.422000000000000455e+02 8.944271909999159220e+00 0.000000000000000000e+00
8.424000000000000909e+02 8.944271909999159220e+00 0.000000000000000000e+00
8.426000000000000227e+02 8.944271909999159220e+00 0.000000000000000000e+00
8.428000000000000682e+02 1.200000000000000000e+01 0.000000000000000000e+00
8.430000000000000000e+02 1.264911064067351809e+01 0.000000000000000000e+00
8.432000000000000455e+02 1.131370849898476116e+01 0.000000000000000000e+00
8.434000000000000909e+02 1.131370849898476116e+01 0.000000000000000000e+00
8.436000000000000227e+02 1.264911064067351809e+01 0.000000000000000000e+00
8.438000000000000682e+02 1.200000000000000000e+01 0.000000000000000000e+00
8.440000000000000000e+02 8.944271909999159220e+00 3.275000000000000000e+11
8.442000000000000455e+02 1.131370849898476116e+01 3.275000000000000000e+11
8.444000000000000909e+02 8.944271909999159220e+00 3.275000000000000000e+11
8.446000000000000227e+02 1.200000000000000000e+01 3.275000000000000000e+11
8.448000000000000682e+02 1.442220510185595650e+01 3.275000000000000000e+11
8.450000000000000000e+02 1.442220510185595650e+01 3.275000000000000000e+11
8.452000000000000455e+02 1.600000000000000000e+01 3.275000000000000000e+11
8.454000000000000909e+02 2.154065922853801496e+01 3.275000000000000000e+11
8.456000000000000227e+02 2.561249694973139412e+01 3.275000000000000000e+11
8.458000000000000682e+02 3.224903099319419653e+01 3.275000000000000000e+11
8.460000000000000000e+02 4.019950248448355978e+01 3.275000000000000000e+11
8.462000000000000455e+02 4.560701700396551672e+01 3.275000000000000000e+11
8.464000000000000909e+02 5.122499389946278825e+01 3.275000000000000000e+11
8.466000000000000227e+02 6.105735008989498880e+01 3.275000000000000000e+11
8.468000000000000682e+02 6.846897107449476039e+01 3.275000000000000000e+11
8.470000000000000000e+02 7.858753081755399705e+01 3.275000000000000000e+11
8.472000000000000455e+02 8.809086218218095610e+01 3.275000000000000000e+11
8.474000000000000909e+02 1.002397126891333414e+02 3.275000000000000000e+11
8.476000000000000227e+02 1.162755348299890699e+02 3.275000000000000000e+11
8.478000000000000682e+02 1.329661611087572908e+02 3.275000000000000000e+11
8.480000000000000000e+02 1.499333185119305085e+02 0.000000000000000000e+00
8.482000000000000455e+02 1.278123624693636629e+02 0.000000000000000000e+00
8.484000000000000909e+02 1.273106437027163906e+02 0.000000000000000000e+00
8.486000000000000227e+02 1.240644993541665855e+02 0.000000000000000000e+00
8.488000000000000682e+02 1.245792920191794906e+02 0.000000000000000000e+00
8.490000000000000000e+02 1.221147001797899776e+02 0.000000000000000000e+00
8.492000000000000455e+02 1.242577965360725329e+02 0.000000000000000000e+00
8.494000000000000909e+02 1.210619676033724517e+02 0.000000000000000000e+00
8.496000000000000227e+02 1.214578116055118073e+02 0.000000000000000000e+00
8.498000000000000682e+02 1.219180052330253687e+02 0.000000000000000000e+00
8.500000000000000000e+02 1.181862936215532613e+02 0.000000000000000000e+00
8.502000000000000455e+02 1.200000000000000000e+02 0.000000000000000000e+00
8.504000000000000909e+02 1.162755348299890699e+02 0.000000000000000000e+00
8.506000000000000227e+02 1.137013632284151612e+02 0.000000000000000000e+00
8.508000000000000682e+02 1.115706054478508236e+02 0.000000000000000000e+00
8.510000000000000000e+02 1.106345334875146449e+02 0.000000000000000000e+00
8.512000000000000455e+02 1.088117640698835515e+02 0.000000000000000000e+00
8.514000000000000909e+02 1.073312629199899106e+02 0.000000000000000000e+00
8.516000000000000227e+02 1.080740486888503682e+02 0.000000000000000000e+00
8.518000000000000682e+02 1.056030302595526820e+02 0.000000000000000000e+00
8.520000000000000000e+02 1.076289923765896788e+02 3.275000000000000000e+11
8.522000000000000455e+02 9.234717104492156636e+01 3.275000000000000000e+11
8.524000000000000909e+02 8.039900496896711957e+01 3.275000000000000000e+11
8.526000000000000227e+02 6.800000000000000000e+01 3.275000000000000000e+11
8.528000000000000682e+02 5.946427498927402411e+01 3.275000000000000000e+11
8.530000000000000000e+02 5.059644256269407236e+01 3.275000000000000000e+11
8.532000000000000455e+02 4.400000000000000000e+01 3.275000000000000000e+11
8.534000000000000909e+02 3.417601498127012150e+01 3.275000000000000000e+11
8.536000000000000227e+02 2.828427124746190202e+01 3.275000000000000000e+11
8.538000000000000682e+02 2.332380757938120297e+01 3.275000000000000000e+11
8.540000000000000000e+02 2.000000000000000000e+01 3.275000000000000000e+11
8.542000000000000455e+02 1.649242250247064234e+01 3.275000000000000000e+11
8.544000000000000909e+02 1.131370849898476116e+01 3.275000000000000000e+11
8.546000000000000227e+02 1.264911064067351809e+01 3.275000000000000000e+11
8.548000000000000682e+02 8.944271909999159220e+00 3.275000000000000000e+11
8.550000000000000000e+02 8.944271909999159220e+00 3.275000000000000000e+11
8.552000000000000455e+02 8.944271909999159220e+00 3.275000000000000000e+11
8.554000000000000909e+02 8.000000000000000000e+00 3.275000000000000000e+11
8.556000000000000227e+02 8.944271909999159220e+00 3.275000000000000000e+11
8.558000000000000682e+02 8.944271909999159220e+00 3.275000000000000000e+11
8.560000000000000000e+02 5.656854249492380582e+00 0.000000000000000000e+00
8.562000000000000455e+02 8.944271909999159220e+00 0.000000000000000000e+00
8.564000000000000909e+02 8.000000000000000000e+00 0.000000000000000000e+00
8.566000000000000227e+02 4.000000000000000000e+00 0.000000000000000000e+00
8.568000000000000682e+02 4.000000000000000000e+00 0.000000000000000000e+00
8.570000000000000000e+02 4.000000000000000000e+00 0.000000000000000000e+00
8.572000000000000455e+02 0.000000000000000000e+00 0.000000000000000000e+00
8.574000000000000909e+02 0.000000000000000000e+00 0.000000000000000000e+00
8.576000000000000227e+02 0.000000000000000000e+00 0.000000000000000000e+00
8.578000000000000682e+02 0.000000000000000000e+00 0.000000000000000000e+00
8.580000000000000000e+02 4.000000000000000000e+00 0.000000000000000000e+00
8.582000000000000455e+02 4.000000000000000000e+00 0.000000000000000000e+00
8.584000000000000909e+02 4.000000000000000000e+00 0.000000000000000000e+00
8.586000000000000227e+02 4.000000000000000000e+00 0.000000000000000000e+00
8.588000000000000682e+02 5.656854249492380582e+00 0.000000000000000000e+00
8.590000000000000000e+02 5.656854249492380582e+00 0.000000000000000000e+00
8.592000000000000455e+02 5.656854249492380582e+00 0.000000000000000000e+00
8.594000000000000909e+02 5.656854249492380582e+00 0.000000000000000000e+00
8.596000000000000227e+02 4.000000000000000000e+00 0.000000000000000000e+00
8.598000000000000682e+02 4.000000000000000000e+00 0.000000000000000000e+00
8.600000000000000000e+02 4.000000000000000000e+00 3.275000000000000000e+11
8.602000000000000455e+02 4.000000000000000000e+00 3.275000000000000000e+11
8.604000000000000909e+02 0.000000000000000000e+00 3.275000000000000000e+11
8.606000000000000227e+02 0.000000000000000000e+00 3.275000000000000000e+11
8.608000000000000682e+02 0.000000000000000000e+00 3.275000000000000000e+11
8.610000000000000000e+02 0.000000000000000000e+00 3.275000000000000000e+11
8.612000000000000455e+02 4.000000000000000000e+00 3.275000000000000000e+11
8.614000000000000909e+02 4.000000000000000000e+00 3.275000000000000000e+11
8.616000000000000227e+02 4.000000000000000000e+00 3.275000000000000000e+11
8.618000000000000682e+02 5.656854249492380582e+00 3.275000000000000000e+11
8.620000000000000000e+02 5.656854249492380582e+00 3.275000000000000000e+11
8.622000000000000455e+02 5.656854249492380582e+00 3.275000000000000000e+11
8.624000000000000909e+02 5.656854249492380582e+00 3.275000000000000000e+11
8.626000000000000227e+02 4.000000000000000000e+00 3.275000000000000000e+11
8.628000000000000682e+02 4.000000000000000000e+00 3.275000000000000000e+11
8.630000000000000000e+02 4.000000000000000000e+00 3.275000000000000000e+11
8.632000000000000455e+02 0.000000000000000000e+00 3.275000000000000000e+11
8.634000000000000909e+02 0.000000000000000000e+00 3.275000000000000000e+11
8.636000000000000227e+02 0.000000000000000000e+00 3.275000000000000000e+11
8.638000000000000682e+02 0.000000000000000000e+00 3.275000000000000000e+11
8.640000000000000000e+02 4.000000000000000000e+00 0.000000000000000000e+00
8.642000000000000455e+02 4.000000000000000000e+00 0.000000000000000000e+00
8.644000000000000909e+02 4.000000000000000000e+00 0.000000000000000000e+00
8.646000000000000227e+02 5.656854249492380582e+00 0.000000000000000000e+00
8.648000000000000682e+02 5.656854249492380582e+00 0.000000000000000000e+00
8.650000000000000000e+02 5.656854249492380582e+00 0.000000000000000000e+00
8.652000000000000455e+02 5.656854249492380582e+00 0.000000000000000000e+00
8.654000000000000909e+02 4.000000000000000000e+00 0.000000000000000000e+00
8.656000000000000227e+02 4.000000000000000000e+00 0.000000000000000000e+00
8.658000000000000682e+02 4.000000000000000000e+00 0.000000000000000000e+00
8.660000000000000000e+02 0.000000000000000000e+00 0.000000000000000000e+00
8.662000000000000455e+02 0.000000000000000000e+00 0.000000000000000000e+00
8.664000000000000909e+02 0.000000000000000000e+00 0.000000000000000000e+00
8.666000000000000227e+02 0.000000000000000000e+00 0.000000000000000000e+00
8.668000000000000682e+02 4.000000000000000000e+00 0.000000000000000000e+00
8.670000000000000000e+02 4.000000000000000000e+00 0.000000000000000000e+00
8.672000000000000455e+02 4.000000000000000000e+00 0.000000000000000000e+00
8.674000000000000909e+02 5.656854249492380582e+00 0.000000000000000000e+00
8.676000000000000227e+02 5.656854249492380582e+00 0.000000000000000000e+00
8.678000000000000682e+02 5.656854249492380582e+00 0.000000000000000000e+00
8.680000000000000000e+02 4.000000000000000000e+00 3.275000000000000000e+11
8.682000000000000455e+02 4.000000000000000000e+00 3.275000000000000000e+11
8.684000000000000909e+02 4.000000000000000000e+00 3.275000000000000000e+11
8.686000000000000227e+02 4.000000000000000000e+00 3.275000000000000000e+11
8.688000000000000682e+02 0.000000000000000000e+00 3.275000000000000000e+11
8.690000000000000000e+02 0.000000000000000000e+00 3.275000000000000000e+11
8.692000000000000455e+02 0.000000000000000000e+00 3.275000000000000000e+11
8.694000000000000909e+02 4.000000000000000000e+00 3.275000000000000000e+11
8.696000000000000227e+02 4.000000000000000000e+00 3.275000000000000000e+11
8.698000000000000682e+02 4.000000000000000000e+00 3.275000000000000000e+11
8.700000000000000000e+02 4.000000000000000000e+00 3.275000000000000000e+11
8.702000000000000455e+02 5.656854249492380582e+00 3.275000000000000000e+11
8.704000000000000909e+02 5.656854249492380582e+00 3.275000000000000000e+11
8.706000000000000227e+02 5.656854249492380582e+00 3.275000000000000000e+11
8.708000000000000682e+02 4.000000000000000000e+00 3.275000000000000000e+11
8.710000000000000000e+02 4.000000000000000000e+00 3.275000000000000000e+11
8.712000000000000455e+02 4.000000000000000000e+00 3.275000000000000000e+11
8.714000000000000909e+02 4.000000000000000000e+00 3.275000000000000000e+11
8.716000000000000227e+02 0.000000000000000000e+00 3.275000000000000000e+11
8.718000000000000682e+02 0.000000000000000000e+00 3.275000000000000000e+11
8.720000000000000000e+02 0.000000000000000000e+00 0.000000000000000000e+00
8.722000000000000455e+02 4.000000000000000000e+00 0.000000000000000000e+00
8.724000000000000909e+02 4.000000000000000000e+00 0.000000000000000000e+00
8.726000000000000227e+02 4.000000000000000000e+00 0.000000000000000000e+00
8.728000000000000682e+02 4.000000000000000000e+00 0.000000000000000000e+00
8.730000000000000000e+02 5.656854249492380582e+00 0.000000000000000000e+00
8.732000000000000455e+02 5.656854249492380582e+00 0.000000000000000000e+00
8.734000000000000909e+02 5.656854249492380582e+00 0.000000000000000000e+00
8.736000000000000227e+02 4.000000000000000000e+00 0.000000000000000000e+00
8.738000000000000682e+02 4.000000000000000000e+00 0.000000000000000000e+00
8.740000000000000000e+02 4.000000000000000000e+00 0.000000000000000000e+00
8.742000000000000455e+02 4.000000000000000000e+00 0.000000000000000000e+00
8.744000000000000909e+02 0.000000000000000000e+00 0.000000000000000000e+00
8.746000000000000227e+02 0.000000000000000000e+00 0.000000000000000000e+00
8.748000000000000682e+02 0.000000000000000000e+00 0.000000000000000000e+00
8.750000000000000000e+02 4.000000000000000000e+00 0.000000000000000000e+00
8.752000000000000455e+02 4.000000000000000000e+00 0.000000000000000000e+00
8.754000000000000909e+02 4.000000000000000000e+00 0.000000000000000000e+00
8.756000000000000227e+02 5.656854249492380582e+00 0.000000000000000000e+00
8.758000000000000682e+02 5.656854249492380582e+00 0.000000000000000000e+00
8.760000000000000000e+02 5.656854249492380582e+00 3.275000000000000000e+11
8.762000000000000455e+02 5.656854249492380582e+00 3.275000000000000000e+11
8.764000000000000909e+02 4.000000000000000000e+00 3.275000000000000000e+11
8.766000000000000227e+02 4.000000000000000000e+00 3.275000000000000000e+11
8.768000000000000682e+02 4.000000000000000000e+00 3.275000000000000000e+11
8.770000000000000000e+02 0.000000000000000000e+00 3.275000000000000000e+11
8.772000000000000455e+02 0.000000000000000000e+00 3.275000000000000000e+11
8.774000000000000909e+02 0.000000000000000000e+00 3.275000000000000000e+11
8.776000000000000227e+02 0.000000000000000000e+00 3.275000000000000000e+11
8.778000000000000682e+02 4.000000000000000000e+00 3.275000000000000000e+11
8.780000000000000000e+02 4.000000000000000000e+00 3.275000000000000000e+11
8.782000000000000455e+02 4.000000000000000000e+00 3.275000000000000000e+11
8.784000000000000909e+02 5.656854249492380582e+00 3.275000000000000000e+11
8.786000000000000227e+02 5.656854249492380582e+00 3.275000000000000000e+11
8.788000000000000682e+02 5.656854249492380582e+00 3.275000000000000000e+11
8.790000000000000000e+02 5.656854249492380582e+00 3.275000000000000000e+11
8.792000000000000455e+02 4.000000000000000000e+00 3.275000000000000000e+11
8.794000000000000909e+02 4.000000000000000000e+00 3.275000000000000000e+11
8.796000000000000227e+02 4.000000000000000000e+00 3.275000000000000000e+11
8.798000000000000682e+02 4.000000000000000000e+00 3.275000000000000000e+11
