9.600000000000000000e+02 5.656854249492380582e+00 3.300000000000000000e+11
9.602000000000000455e+02 4.000000000000000000e+00 0.000000000000000000e+00
9.604000000000000909e+02 4.000000000000000000e+00 0.000000000000000000e+00
9.606000000000000227e+02 5.656854249492380582e+00 0.000000000000000000e+00
9.608000000000000682e+02 5.656854249492380582e+00 0.000000000000000000e+00
9.610000000000000000e+02 5.656854249492380582e+00 0.000000000000000000e+00
9.612000000000000455e+02 5.656854249492380582e+00 0.000000000000000000e+00
9.614000000000000909e+02 5.656854249492380582e+00 0.000000000000000000e+00
9.616000000000000227e+02 5.656854249492380582e+00 0.000000000000000000e+00
9.618000000000000682e+02 5.656854249492380582e+00 0.000000000000000000e+00
9.620000000000000000e+02 5.656854249492380582e+00 0.000000000000000000e+00
9.622000000000000455e+02 5.656854249492380582e+00 0.000000000000000000e+00
9.624000000000000909e+02 4.000000000000000000e+00 0.000000000000000000e+00
9.626000000000000227e+02 5.656854249492380582e+00 0.000000000000000000e+00
9.628000000000000682e+02 5.656854249492380582e+00 0.000000000000000000e+00
9.630000000000000000e+02 5.656854249492380582e+00 0.000000000000000000e+00
9.632000000000000455e+02 5.656854249492380582e+00 0.000000000000000000e+00
9.634000000000000909e+02 5.656854249492380582e+00 0.000000000000000000e+00
9.636000000000000227e+02 5.656854249492380582e+00 0.000000000000000000e+00
9.638000000000000682e+02 5.656854249492380582e+00 0.000000000000000000e+00
9.640000000000000000e+02 5.656854249492380582e+00 3.325000000000000000e+11
9.642000000000000455e+02 5.656854249492380582e+00 3.325000000000000000e+11
9.644000000000000909e+02 5.656854249492380582e+00 3.325000000000000000e+11
9.646000000000000227e+02 4.000000000000000000e+00 3.325000000000000000e+11
9.648000000000000682e+02 4.000000000000000000e+00 3.325000000000000000e+11
9.650000000000000000e+02 4.000000000000000000e+00 3.325000000000000000e+11
9.652000000000000455e+02 4.000000000000000000e+00 3.325000000000000000e+11
9.654000000000000909e+02 0.000000000000000000e+00 3.325000000000000000e+11
9.656000000000000227e+02 0.000000000000000000e+00 3.325000000000000000e+11
9.658000000000000682e+02 0.000000000000000000e+00 3.325000000000000000e+11
9.660000000000000000e+02 4.000000000000000000e+00 3.325000000000000000e+11
9.662000000000000455e+02 4.000000000000000000e+00 3.325000000000000000e+11
9.664000000000000909e+02 4.000000000000000000e+00 3.325000000000000000e+11
9.666000000000000227e+02 5.656854249492380582e+00 3.325000000000000000e+11
9.668000000000000682e+02 5.656854249492380582e+00 3.325000000000000000e+11
9.670000000000000000e+02 5.656854249492380582e+00 3.325000000000000000e+11
9.672000000000000455e+02 5.656854249492380582e+00 3.325000000000000000e+11
9.674000000000000909e+02 4.000000000000000000e+00 3.325000000000000000e+11
9.676000000000000227e+02 4.000000000000000000e+00 3.325000000000000000e+11
9.678000000000000682e+02 4.000000000000000000e+00 3.325000000000000000e+11
9.680000000000000000e+02 4.000000000000000000e+00 0.000000000000000000e+00
9.682000000000000455e+02 0.000000000000000000e+00 0.000000000000000000e+00
9.684000000000000909e+02 0.000000000000000000e+00 0.000000000000000000e+00
9.686000000000000227e+02 0.000000000000000000e+00 0.000000000000000000e+00
9.688000000000000682e+02 4.000000000000000000e+00 0.000000000000000000e+00
9.690000000000000000e+02 4.000000000000000000e+00 0.000000000000000000e+00
9.692000000000000455e+02 4.000000000000000000e+00 0.000000000000000000e+00
9.694000000000000909e+02 5.656854249492380582e+00 0.000000000000000000e+00
9.696000000000000227e+02 5.656854249492380582e+00 0.000000000000000000e+00
9.698000000000000682e+02 5.656854249492380582e+00 0.000000000000000000e+00
9.700000000000000000e+02 5.656854249492380582e+00 0.000000000000000000e+00
9.702000000000000455e+02 4.000000000000000000e+00 0.000000000000000000e+00
9.704000000000000909e+02 4.000000000000000000e+00 0.000000000000000000e+00
9.706000000000000227e+02 4.000000000000000000e+00 0.000000000000000000e+00
9.708000000000000682e+02 0.000000000000000000e+00 0.000000000000000000e+00
9.710000000000000000e+02 0.000000000000000000e+00 0.000000000000000000e+00
9.712000000000000455e+02 0.000000000000000000e+00 0.000000000000000000e+00
9.714000000000000909e+02 4.000000000000000000e+00 0.000000000000000000e+00
9.716000000000000227e+02 4.000000000000000000e+00 0.000000000000000000e+00
9.718000000000000682e+02 4.000000000000000000e+00 0.000000000000000000e+00
9.720000000000000000e+02 5.656854249492380582e+00 3.325000000000000000e+11
9.722000000000000455e+02 5.656854249492380582e+00 3.325000000000000000e+11
9.724000000000000909e+02 5.656854249492380582e+00 3.325000000000000000e+11
9.726000000000000227e+02 5.656854249492380582e+00 3.325000000000000000e+11
9.728000000000000682e+02 4.000000000000000000e+00 3.325000000000000000e+11
9.730000000000000000e+02 4.000000000000000000e+00 3.325000000000000000e+11
9.732000000000000455e+02 4.000000000000000000e+00 3.325000000000000000e+11
9.734000000000000909e+02 4.000000000000000000e+00 3.325000000000000000e+11
9.736000000000000227e+02 0.000000000000000000e+00 3.325000000000000000e+11
9.738000000000000682e+02 0.000000000000000000e+00 3.325000000000000000e+11
9.740000000000000000e+02 0.000000000000000000e+00 3.325000000000000000e+11
9.742000000000000455e+02 4.000000000000000000e+00 3.325000000000000000e+11
9.744000000000000909e+02 4.000000000000000000e+00 3.325000000000000000e+11
9.746000000000000227e+02 4.000000000000000000e+00 3.325000000000000000e+11
9.748000000000000682e+02 4.000000000000000000e+00 3.325000000000000000e+11
9.750000000000000000e+02 5.656854249492380582e+00 3.325000000000000000e+11
9.752000000000000455e+02 5.656854249492380582e+00 3.325000000000000000e+11
9.754000000000000909e+02 5.656854249492380582e+00 3.325000000000000000e+11
9.756000000000000227e+02 4.000000000000000000e+00 3.325000000000000000e+11
9.758000000000000682e+02 4.000000000000000000e+00 3.325000000000000000e+11
9.760000000000000000e+02 4.000000000000000000e+00 0.000000000000000000e+00
9.762000000000000455e+02 4.000000000000000000e+00 0.000000000000000000e+00
9.764000000000000909e+02 0.000000000000000000e+00 0.000000000000000000e+00
9.766000000000000227e+02 0.000000000000000000e+00 0.000000000000000000e+00
9.768000000000000682e+02 0.000000000000000000e+00 0.000000000000000000e+00
9.770000000000000000e+02 4.000000000000000000e+00 0.000000000000000000e+00
9.772000000000000455e+02 4.000000000000000000e+00 0.000000000000000000e+00
9.774000000000000909e+02 4.000000000000000000e+00 0.000000000000000000e+00
9.776000000000000227e+02 5.656854249492380582e+00 0.000000000000000000e+00
9.778000000000000682e+02 5.656854249492380582e+00 0.000000000000000000e+00
9.780000000000000000e+02 5.656854249492380582e+00 0.000000000000000000e+00
9.782000000000000455e+02 5.656854249492380582e+00 0.000000000000000000e+00
9.784000000000000909e+02 4.000000000000000000e+00 0.000000000000000000e+00
9.786000000000000227e+02 4.000000000000000000e+00 0.000000000000000000e+00
9.788000000000000682e+02 4.000000000000000000e+00 0.000000000000000000e+00
9.790000000000000000e+02 0.000000000000000000e+00 0.000000000000000000e+00
9.792000000000000455e+02 0.000000000000000000e+00 0.000000000000000000e+00
9.794000000000000909e+02 0.000000000000000000e+00 0.000000000000000000e+00
9.796000000000000227e+02 0.000000000000000000e+00 0.000000000000000000e+00
9.798000000000000682e+02 4.000000000000000000e+00 0.000000000000000000e+00
9.800000000000000000e+02 4.000000000000000000e+00 3.325000000000000000e+11
9.802000000000000455e+02 4.000000000000000000e+00 3.325000000000000000e+11
9.804000000000000909e+02 5.656854249492380582e+00 3.325000000000000000e+11
9.806000000000000227e+02 5.656854249492380582e+00 3.325000000000000000e+11
9.808000000000000682e+02 5.656854249492380582e+00 3.325000000000000000e+11
9.810000000000000000e+02 5.656854249492380582e+00 3.325000000000000000e+11
9.812000000000000455e+02 4.000000000000000000e+00 3.325000000000000000e+11
9.814000000000000909e+02 4.000000000000000000e+00 3.325000000000000000e+11
9.816000000000000227e+02 4.000000000000000000e+00 3.325000000000000000e+11
9.818000000000000682e+02 0.000000000000000000e+00 3.325000000000000000e+11
9.820000000000000000e+02 0.000000000000000000e+00 3.325000000000000000e+11
9.822000000000000455e+02 0.000000000000000000e+00 3.325000000000000000e+11
9.824000000000000909e+02 0.000000000000000000e+00 3.325000000000000000e+11
9.826000000000000227e+02 4.000000000000000000e+00 3.325000000000000000e+11
9.828000000000000682e+02 4.000000000000000000e+00 3.325000000000000000e+11
9.830000000000000000e+02 4.000000000000000000e+00 3.325000000000000000e+11
9.832000000000000455e+02 5.656854249492380582e+00 3.325000000000000000e+11
9.834000000000000909e+02 5.656854249492380582e+00 3.325000000000000000e+11
9.836000000000000227e+02 5.656854249492380582e+00 3.325000000000000000e+11
9.838000000000000682e+02 5.656854249492380582e+00 3.325000000000000000e+11
9.840000000000000000e+02 4.000000000000000000e+00 0.000000000000000000e+00
9.842000000000000455e+02 4.000000000000000000e+00 0.000000000000000000e+00
9.844000000000000909e+02 4.000000000000000000e+00 0.000000000000000000e+00
9.846000000000000227e+02 0.000000000000000000e+00 0.000000000000000000e+00
9.848000000000000682e+02 0.000000000000000000e+00 0.000000000000000000e+00
9.850000000000000000e+02 0.000000000000000000e+00 0.000000000000000000e+00
9.852000000000000455e+02 4.000000000000000000e+00 0.000000000000000000e+00
9.854000000000000909e+02 4.000000000000000000e+00 0.000000000000000000e+00
9.856000000000000227e+02 4.000000000000000000e+00 0.000000000000000000e+00
9.858000000000000682e+02 4.000000000000000000e+00 0.000000000000000000e+00
9.860000000000000000e+02 5.656854249492380582e+00 0.000000000000000000e+00
9.862000000000000455e+02 5.656854249492380582e+00 0.000000000000000000e+00
9.864000000000000909e+02 5.656854249492380582e+00 0.000000000000000000e+00
9.866000000000000227e+02 4.000000000000000000e+00 0.000000000000000000e+00
9.868000000000000682e+02 4.000000000000000000e+00 0.000000000000000000e+00
9.870000000000000000e+02 4.000000000000000000e+00 0.000000000000000000e+00
9.872000000000000455e+02 4.000000000000000000e+00 0.000000000000000000e+00
9.874000000000000909e+02 0.000000000000000000e+00 0.000000000000000000e+00
9.876000000000000227e+02 0.000000000000000000e+00 0.000000000000000000e+00
9.878000000000000682e+02 0.000000000000000000e+00 0.000000000000000000e+00
9.880000000000000000e+02 4.000000000000000000e+00 3.325000000000000000e+11
9.882000000000000455e+02 4.000000000000000000e+00 3.325000000000000000e+11
9.884000000000000909e+02 4.000000000000000000e+00 3.325000000000000000e+11
9.886000000000000227e+02 5.656854249492380582e+00 3.325000000000000000e+11
9.888000000000000682e+02 5.656854249492380582e+00 3.325000000000000000e+11
9.890000000000000000e+02 5.656854249492380582e+00 3.325000000000000000e+11
9.892000000000000455e+02 5.656854249492380582e+00 3.325000000000000000e+11
9.894000000000000909e+02 4.000000000000000000e+00 3.325000000000000000e+11
9.896000000000000227e+02 4.000000000000000000e+00 3.325000000000000000e+11
9.898000000000000682e+02 4.000000000000000000e+00 3.325000000000000000e+11
9.900000000000000000e+02 0.000000000000000000e+00 3.325000000000000000e+11
9.902000000000000455e+02 0.000000000000000000e+00 3.325000000000000000e+11
9.904000000000000909e+02 0.000000000000000000e+00 3.325000000000000000e+11
9.906000000000000227e+02 0.000000000000000000e+00 3.325000000000000000e+11
9.908000000000000682e+02 4.000000000000000000e+00 3.325000000000000000e+11
9.910000000000000000e+02 4.000000000000000000e+00 3.325000000000000000e+11
9.912000000000000455e+02 4.000000000000000000e+00 3.325000000000000000e+11
9.914000000000000909e+02 5.656854249492380582e+00 3.325000000000000000e+11
9.916000000000000227e+02 5.656854249492380582e+00 3.325000000000000000e+11
9.918000000000000682e+02 5.656854249492380582e+00 3.325000000000000000e+11
9.920000000000000000e+02 5.656854249492380582e+00 0.000000000000000000e+00
9.922000000000000455e+02 4.000000000000000000e+00 0.000000000000000000e+00
9.924000000000000909e+02 4.000000000000000000e+00 0.000000000000000000e+00
9.926000000000000227e+02 4.000000000000000000e+00 0.000000000000000000e+00
9.928000000000000682e+02 0.000000000000000000e+00 0.000000000000000000e+00
9.930000000000000000e+02 0.000000000000000000e+00 0.000000000000000000e+00
9.932000000000000455e+02 0.000000000000000000e+00 0.000000000000000000e+00
9.934000000000000909e+02 0.000000000000000000e+00 0.000000000000000000e+00
9.936000000000000227e+02 4.000000000000000000e+00 0.000000000000000000e+00
9.938000000000000682e+02 4.000000000000000000e+00 0.000000000000000000e+00
9.940000000000000000e+02 4.000000000000000000e+00 0.000000000000000000e+00
9.942000000000000455e+02 5.656854249492380582e+00 0.000000000000000000e+00
9.944000000000000909e+02 5.656854249492380582e+00 0.000000000000000000e+00
9.946000000000000227e+02 5.656854249492380582e+00 0.000000000000000000e+00
9.948000000000000682e+02 5.656854249492380582e+00 0.000000000000000000e+00
9.950000000000000000e+02 4.000000000000000000e+00 0.000000000000000000e+00
9.952000000000000455e+02 4.000000000000000000e+00 0.000000000000000000e+00
9.954000000000000909e+02 4.000000000000000000e+00 0.000000000000000000e+00
9.956000000000000227e+02 0.000000000000000000e+00 0.000000000000000000e+00
9.958000000000000682e+02 0.000000000000000000e+00 0.000000000000000000e+00
9.960000000000000000e+02 0.000000000000000000e+00 3.325000000000000000e+11
9.962000000000000455e+02 4.000000000000000000e+00 3.325000000000000000e+11
9.964000000000000909e+02 4.000000000000000000e+00 3.325000000000000000e+11
9.966000000000000227e+02 4.000000000000000000e+00 3.325000000000000000e+11
9.968000000000000682e+02 4.000000000000000000e+00 3.325000000000000000e+11
9.970000000000000000e+02 5.656854249492380582e+00 3.325000000000000000e+11
9.972000000000000455e+02 5.656854249492380582e+00 3.325000000000000000e+11
9.974000000000000909e+02 5.656854249492380582e+00 3.325000000000000000e+11
9.976000000000000227e+02 5.656854249492380582e+00 3.325000000000000000e+11
9.978000000000000682e+02 4.000000000000000000e+00 3.325000000000000000e+11
9.980000000000000000e+02 4.000000000000000000e+00 3.325000000000000000e+11
9.982000000000000455e+02 4.000000000000000000e+00 3.325000000000000000e+11
9.984000000000000909e+02 0.000000000000000000e+00 3.325000000000000000e+11
9.986000000000000227e+02 0.000000000000000000e+00 3.325000000000000000e+11
9.988000000000000682e+02 0.000000000000000000e+00 3.325000000000000000e+11
9.990000000000000000e+02 0.000000000000000000e+00 3.325000000000000000e+11
9.992000000000000455e+02 5.656854249492380582e+00 3.325000000000000000e+11
9.994000000000000909e+02 5.656854249492380582e+00 3.325000000000000000e+11
9.996000000000000227e+02 8.944271909999159220e+00 3.325000000000000000e+11
9.998000000000000682e+02 8.000000000000000000e+00 3.325000000000000000e+11
1.000000000000000000e+03 1.264911064067351809e+01 0.000000000000000000e+00
1.000200000000000045e+03 8.944271909999159220e+00 0.000000000000000000e+00
1.000400000000000091e+03 1.131370849898476116e+01 0.000000000000000000e+00
1.000600000000000023e+03 1.264911064067351809e+01 0.000000000000000000e+00
1.000800000000000068e+03 1.200000000000000000e+01 0.000000000000000000e+00
1.001000000000000000e+03 8.944271909999159220e+00 0.000000000000000000e+00
1.001200000000000045e+03 8.944271909999159220e+00 0.000000000000000000e+00
1.001400000000000091e+03 8.944271909999159220e+00 0.000000000000000000e+00
1.001600000000000023e+03 8.000000000000000000e+00 0.000000000000000000e+00
1.001800000000000068e+03 5.656854249492380582e+00 0.000000000000000000e+00
1.002000000000000000e+03 5.656854249492380582e+00 0.000000000000000000e+00
1.002200000000000045e+03 8.000000000000000000e+00 0.000000000000000000e+00
1.002400000000000091e+03 8.944271909999159220e+00 0.000000000000000000e+00
1.002600000000000023e+03 8.944271909999159220e+00 0.000000000000000000e+00
1.002800000000000068e+03 8.000000000000000000e+00 0.000000000000000000e+00
1.003000000000000000e+03 1.200000000000000000e+01 0.000000000000000000e+00
1.003200000000000045e+03 8.944271909999159220e+00 0.000000000000000000e+00
1.003400000000000091e+03 1.131370849898476116e+01 0.000000000000000000e+00
1.003600000000000023e+03 8.944271909999159220e+00 0.000000000000000000e+00
1.003800000000000068e+03 8.000000000000000000e+00 0.000000000000000000e+00
1.004000000000000000e+03 8.000000000000000000e+00 3.325000000000000000e+11
1.004200000000000045e+03 8.944271909999159220e+00 3.325000000000000000e+11
1.004400000000000091e+03 8.944271909999159220e+00 3.325000000000000000e+11
1.004600000000000023e+03 1.200000000000000000e+01 3.325000000000000000e+11
1.004800000000000068e+03 1.264911064067351809e+01 3.325000000000000000e+11
1.005000000000000000e+03 1.442220510185595650e+01 3.325000000000000000e+11
1.005200000000000045e+03 1.649242250247064234e+01 3.325000000000000000e+11
1.005400000000000091e+03 2.039607805437113797e+01 3.325000000000000000e+11
1.005600000000000023e+03 2.332380757938120297e+01 3.325000000000000000e+11
1.005800000000000068e+03 2.884441020371191300e+01 3.325000000000000000e+11
1.006000000000000000e+03 3.687817782917154830e+01 3.325000000000000000e+11
1.006200000000000045e+03 4.418144406874904462e+01 3.325000000000000000e+11
1.006400000000000091e+03 5.011985634456667071e+01 3.325000000000000000e+11
1.006600000000000023e+03 5.685068161420758059e+01 3.325000000000000000e+11
1.006800000000000068e+03 6.705221845696084415e+01 3.325000000000000000e+11
1.007000000000000000e+03 7.641989269817119634e+01 3.325000000000000000e+11
1.007200000000000045e+03 8.588364221433555201e+01 3.325000000000000000e+11
1.007400000000000091e+03 1.000000000000000000e+02 3.325000000000000000e+11
1.007600000000000023e+03 1.154469575172944928e+02 3.325000000000000000e+11
1.007800000000000068e+03 1.302305647687976489e+02 3.325000000000000000e+11
1.008000000000000000e+03 1.488086019019062007e+02 0.000000000000000000e+00
1.008200000000000045e+03 1.289961239727767861e+02 0.000000000000000000e+00
1.008400000000000091e+03 1.256025477448606580e+02 0.000000000000000000e+00
1.008600000000000023e+03 1.232233744059949032e+02 0.000000000000000000e+00
1.008800000000000068e+03 1.232233744059949032e+02 0.000000000000000000e+00
1.009000000000000000e+03 1.224418229201117327e+02 0.000000000000000000e+00
1.009200000000000045e+03 1.198665925101735752e+02 0.000000000000000000e+00
1.009400000000000091e+03 1.200666481584290750e+02 0.000000000000000000e+00
1.009600000000000023e+03 1.218523696938225385e+02 0.000000000000000000e+00
1.009800000000000068e+03 1.219180052330253687e+02 0.000000000000000000e+00
1.010000000000000000e+03 1.176435293588219366e+02 0.000000000000000000e+00
1.010200000000000045e+03 1.170982493464355798e+02 0.000000000000000000e+00
1.010400000000000091e+03 1.153776408148476520e+02 0.000000000000000000e+00
1.010600000000000023e+03 1.132077735846792450e+02 0.000000000000000000e+00
1.010800000000000068e+03 1.086646216576489934e+02 0.000000000000000000e+00
1.011000000000000000e+03 1.100545319375808333e+02 0.000000000000000000e+00
1.011200000000000045e+03 1.074802307403552248e+02 0.000000000000000000e+00
1.011400000000000091e+03 1.062826420446913858e+02 0.000000000000000000e+00
1.011600000000000023e+03 1.046900186264192030e+02 0.000000000000000000e+00
1.011800000000000068e+03 1.077032961426900783e+02 0.000000000000000000e+00
1.012000000000000000e+03 1.065082156455547846e+02 3.325000000000000000e+11
1.012200000000000045e+03 9.338094023943001787e+01 3.325000000000000000e+11
1.012400000000000091e+03 7.766595135579039777e+01 3.325000000000000000e+11
1.012600000000000023e+03 6.657326790837295505e+01 3.325000000000000000e+11
1.012800000000000068e+03 5.768882040742382600e+01 3.325000000000000000e+11
1.013000000000000000e+03 4.947726750741192348e+01 3.325000000000000000e+11
1.013200000000000045e+03 4.019950248448355978e+01 3.325000000000000000e+11
1.013400000000000091e+03 3.577708763999663688e+01 3.325000000000000000e+11
1.013600000000000023e+03 2.828427124746190202e+01 3.325000000000000000e+11
1.013800000000000068e+03 2.154065922853801496e+01 3.325000000000000000e+11
1.014000000000000000e+03 2.000000000000000000e+01 3.325000000000000000e+11
1.014200000000000045e+03 1.442220510185595650e+01 3.325000000000000000e+11
1.014400000000000091e+03 1.131370849898476116e+01 3.325000000000000000e+11
1.014600000000000023e+03 1.200000000000000000e+01 3.325000000000000000e+11
1.014800000000000068e+03 8.944271909999159220e+00 3.325000000000000000e+11
1.015000000000000000e+03 8.944271909999159220e+00 3.325000000000000000e+11
1.015200000000000045e+03 8.944271909999159220e+00 3.325000000000000000e+11
1.015400000000000091e+03 8.000000000000000000e+00 3.325000000000000000e+11
1.015600000000000023e+03 8.944271909999159220e+00 3.325000000000000000e+11
1.015800000000000068e+03 5.656854249492380582e+00 3.325000000000000000e+11
1.016000000000000000e+03 5.656854249492380582e+00 0.000000000000000000e+00
1.016200000000000045e+03 5.656854249492380582e+00 0.000000000000000000e+00
1.016400000000000091e+03 4.000000000000000000e+00 0.000000000000000000e+00
1.016600000000000023e+03 4.000000000000000000e+00 0.000000000000000000e+00
1.016800000000000068e+03 4.000000000000000000e+00 0.000000000000000000e+00
1.017000000000000000e+03 4.000000000000000000e+00 0.000000000000000000e+00
1.017200000000000045e+03 0.000000000000000000e+00 0.000000000000000000e+00
1.017400000000000091e+03 0.000000000000000000e+00 0.000000000000000000e+00
1.017600000000000023e+03 0.000000000000000000e+00 0.000000000000000000e+00
1.017800000000000068e+03 0.000000000000000000e+00 0.000000000000000000e+00
1.018000000000000000e+03 4.000000000000000000e+00 0.000000000000000000e+00
1.018200000000000045e+03 4.000000000000000000e+00 0.000000000000000000e+00
1.018400000000000091e+03 4.000000000000000000e+00 0.000000000000000000e+00
1.018600000000000023e+03 4.000000000000000000e+00 0.000000000000000000e+00
1.018800000000000068e+03 5.656854249492380582e+00 0.000000000000000000e+00
1.019000000000000000e+03 5.656854249492380582e+00 0.000000000000000000e+00
1.019200000000000045e+03 5.656854249492380582e+00 0.000000000000000000e+00
1.019400000000000091e+03 5.656854249492380582e+00 0.000000000000000000e+00
1.019600000000000023e+03 4.000000000000000000e+00 0.000000000000000000e+00
1.019800000000000068e+03 4.000000000000000000e+00 0.000000000000000000e+00
1.020000000000000000e+03 4.000000000000000000e+00 3.325000000000000000e+11
1.020200000000000045e+03 0.000000000000000000e+00 3.325000000000000000e+11
1.020400000000000091e+03 0.000000000000000000e+00 3.325000000000000000e+11
1.020600000000000023e+03 0.000000000000000000e+00 3.325000000000000000e+11
1.020800000000000068e+03 0.000000000000000000e+00 3.325000000000000000e+11
1.021000000000000000e+03 4.000000000000000000e+00 3.325000000000000000e+11
1.021200000000000045e+03 4.000000000000000000e+00 3.325000000000000000e+11
1.021400000000000091e+03 4.000000000000000000e+00 3.325000000000000000e+11
1.021600000000000023e+03 4.000000000000000000e+00 3.325000000000000000e+11
1.021800000000000068e+03 5.656854249492380582e+00 3.325000000000000000e+11
1.022000000000000000e+03 5.656854249492380582e+00 3.325000000000000000e+11
1.022200000000000045e+03 5.656854249492380582e+00 3.325000000000000000e+11
1.022400000000000091e+03 5.656854249492380582e+00 3.325000000000000000e+11
1.022600000000000023e+03 4.000000000000000000e+00 3.325000000000000000e+11
1.022800000000000068e+03 4.000000000000000000e+00 3.325000000000000000e+11
1.023000000000000000e+03 4.000000000000000000e+00 3.325000000000000000e+11
1.023200000000000045e+03 0.000000000000000000e+00 3.325000000000000000e+11
1.023400000000000091e+03 0.000000000000000000e+00 3.325000000000000000e+11
1.023600000000000023e+03 0.000000000000000000e+00 3.325000000000000000e+11
1.023800000000000068e+03 0.000000000000000000e+00 3.325000000000000000e+11
1.024000000000000000e+03 4.000000000000000000e+00 0.000000000000000000e+00
1.024200000000000045e+03 4.000000000000000000e+00 0.000000000000000000e+00
1.024400000000000091e+03 4.000000000000000000e+00 0.000000000000000000e+00
1.024600000000000136e+03 5.656854249492380582e+00 0.000000000000000000e+00
1.024799999999999955e+03 5.656854249492380582e+00 0.000000000000000000e+00
1.025000000000000000e+03 5.656854249492380582e+00 0.000000000000000000e+00
1.025200000000000045e+03 5.656854249492380582e+00 0.000000000000000000e+00
1.025400000000000091e+03 4.000000000000000000e+00 0.000000000000000000e+00
1.025600000000000136e+03 4.000000000000000000e+00 0.000000000000000000e+00
1.025799999999999955e+03 4.000000000000000000e+00 0.000000000000000000e+00
1.026000000000000000e+03 0.000000000000000000e+00 0.000000000000000000e+00
1.026200000000000045e+03 0.000000000000000000e+00 0.000000000000000000e+00
1.026400000000000091e+03 0.000000000000000000e+00 0.000000000000000000e+00
1.026600000000000136e+03 4.000000000000000000e+00 0.000000000000000000e+00
1.026799999999999955e+03 4.000000000000000000e+00 0.000000000000000000e+00
1.027000000000000000e+03 4.000000000000000000e+00 0.000000000000000000e+00
1.027200000000000045e+03 4.000000000000000000e+00 0.000000000000000000e+00
1.027400000000000091e+03 5.656854249492380582e+00 0.000000000000000000e+00
1.027600000000000136e+03 5.656854249492380582e+00 0.000000000000000000e+00
1.027799999999999955e+03 5.656854249492380582e+00 0.000000000000000000e+00
1.028000000000000000e+03 4.000000000000000000e+00 3.325000000000000000e+11
1.028200000000000045e+03 4.000000000000000000e+00 3.325000000000000000e+11
1.028400000000000091e+03 4.000000000000000000e+00 3.325000000000000000e+11
1.028600000000000136e+03 4.000000000000000000e+00 3.325000000000000000e+11
1.028799999999999955e+03 0.000000000000000000e+00 3.325000000000000000e+11
1.029000000000000000e+03 0.000000000000000000e+00 3.325000000000000000e+11
1.029200000000000045e+03 0.000000000000000000e+00 3.325000000000000000e+11
1.029400000000000091e+03 4.000000000000000000e+00 3.325000000000000000e+11
1.029600000000000136e+03 4.000000000000000000e+00 3.325000000000000000e+11
1.029799999999999955e+03 4.000000000000000000e+00 3.325000000000000000e+11
1.030000000000000000e+03 4.000000000000000000e+00 3.325000000000000000e+11
1.030200000000000045e+03 5.656854249492380582e+00 3.325000000000000000e+11
1.030400000000000091e+03 5.656854249492380582e+00 3.325000000000000000e+11
1.030600000000000136e+03 5.656854249492380582e+00 3.325000000000000000e+11
1.030799999999999955e+03 4.000000000000000000e+00 3.325000000000000000e+11
1.031000000000000000e+03 4.000000000000000000e+00 3.325000000000000000e+11
1.031200000000000045e+03 4.000000000000000000e+00 3.325000000000000000e+11
1.031400000000000091e+03 4.000000000000000000e+00 3.325000000000000000e+11
1.031600000000000136e+03 0.000000000000000000e+00 3.325000000000000000e+11
1.031799999999999955e+03 0.000000000000000000e+00 3.325000000000000000e+11
1.032000000000000000e+03 0.000000000000000000e+00 0.000000000000000000e+00
1.032200000000000045e+03 4.000000000000000000e+00 0.000000000000000000e+00
1.032400000000000091e+03 4.000000000000000000e+00 0.000000000000000000e+00
1.032600000000000136e+03 4.000000000000000000e+00 0.000000000000000000e+00
1.032799999999999955e+03 4.000000000000000000e+00 0.000000000000000000e+00
1.033000000000000000e+03 5.656854249492380582e+00 0.000000000000000000e+00
1.033200000000000045e+03 5.656854249492380582e+00 0.000000000000000000e+00
1.033400000000000091e+03 5.656854249492380582e+00 0.000000000000000000e+00
1.033600000000000136e+03 4.000000000000000000e+00 0.000000000000000000e+00
1.033799999999999955e+03 4.000000000000000000e+00 0.000000000000000000e+00
1.034000000000000000e+03 4.000000000000000000e+00 0.000000000000000000e+00
1.034200000000000045e+03 0.000000000000000000e+00 0.000000000000000000e+00
1.034400000000000091e+03 0.000000000000000000e+00 0.000000000000000000e+00
1.034600000000000136e+03 0.000000000000000000e+00 0.000000000000000000e+00
1.034799999999999955e+03 0.000000000000000000e+00 0.000000000000000000e+00
1.035000000000000000e+03 4.000000000000000000e+00 0.000000000000000000e+00
1.035200000000000045e+03 4.000000000000000000e+00 0.000000000000000000e+00
1.035400000000000091e+03 4.000000000000000000e+00 0.000000000000000000e+00
1.035600000000000136e+03 5.656854249492380582e+00 0.000000000000000000e+00
1.035799999999999955e+03 5.656854249492380582e+00 0.000000000000000000e+00
1.036000000000000000e+03 5.656854249492380582e+00 3.325000000000000000e+11
1.036200000000000045e+03 5.656854249492380582e+00 3.325000000000000000e+11
1.036400000000000091e+03 4.000000000000000000e+00 3.325000000000000000e+11
1.036600000000000136e+03 4.000000000000000000e+00 3.325000000000000000e+11
1.036799999999999955e+03 4.000000000000000000e+00 3.325000000000000000e+11
1.037000000000000000e+03 0.000000000000000000e+00 3.325000000000000000e+11
1.037200000000000045e+03 0.000000000000000000e+00 3.325000000000000000e+11
1.037400000000000091e+03 0.000000000000000000e+00 3.325000000000000000e+11
1.037600000000000136e+03 0.000000000000000000e+00 3.325000000000000000e+11
1.037799999999999955e+03 4.000000000000000000e+00 3.325000000000000000e+11
1.038000000000000000e+03 4.000000000000000000e+00 3.325000000000000000e+11
1.038200000000000045e+03 4.000000000000000000e+00 3.325000000000000000e+11
1.038400000000000091e+03 5.656854249492380582e+00 3.325000000000000000e+11
1.038600000000000136e+03 5.656854249492380582e+00 3.325000000000000000e+11
1.038799999999999955e+03 5.656854249492380582e+00 3.325000000000000000e+11
1.039000000000000000e+03 5.656854249492380582e+00 3.325000000000000000e+11
1.039200000000000045e+03 4.000000000000000000e+00 3.325000000000000000e+11
1.039400000000000091e+03 4.000000000000000000e+00 3.325000000000000000e+11
1.039600000000000136e+03 4.000000000000000000e+00 3.325000000000000000e+11
1.039799999999999955e+03 0.000000000000000000e+00 3.325000000000000000e+11
