1.040000000000000000e+03 0.000000000000000000e+00 0.000000000000000000e+00
1.040200000000000045e+03 4.000000000000000000e+00 0.000000000000000000e+00
1.040400000000000091e+03 5.656854249492380582e+00 0.000000000000000000e+00
1.040600000000000136e+03 5.656854249492380582e+00 0.000000000000000000e+00
1.040799999999999955e+03 5.656854249492380582e+00 0.000000000000000000e+00
1.041000000000000000e+03 5.656854249492380582e+00 0.000000000000000000e+00
1.041200000000000045e+03 5.656854249492380582e+00 0.000000000000000000e+00
1.041400000000000091e+03 5.656854249492380582e+00 0.000000000000000000e+00
1.041600000000000136e+03 5.656854249492380582e+00 0.000000000000000000e+00
1.041799999999999955e+03 5.656854249492380582e+00 0.000000000000000000e+00
1.042000000000000000e+03 5.656854249492380582e+00 0.000000000000000000e+00
1.042200000000000045e+03 0.000000000000000000e+00 0.000000000000000000e+00
1.042400000000000091e+03 4.000000000000000000e+00 0.000000000000000000e+00
1.042600000000000136e+03 5.656854249492380582e+00 0.000000000000000000e+00
1.042799999999999955e+03 0.000000000000000000e+00 0.000000000000000000e+00
1.043000000000000000e+03 5.656854249492380582e+00 0.000000000000000000e+00
1.043200000000000045e+03 5.656854249492380582e+00 0.000000000000000000e+00
1.043400000000000091e+03 5.656854249492380582e+00 0.000000000000000000e+00
1.043600000000000136e+03 5.656854249492380582e+00 0.000000000000000000e+00
1.043799999999999955e+03 5.656854249492380582e+00 0.000000000000000000e+00
1.044000000000000000e+03 5.656854249492380582e+00 3.350000000000000000e+11
1.044200000000000045e+03 5.656854249492380582e+00 3.350000000000000000e+11
1.044400000000000091e+03 5.656854249492380582e+00 3.350000000000000000e+11
1.044600000000000136e+03 4.000000000000000000e+00 3.350000000000000000e+11
1.044799999999999955e+03 4.000000000000000000e+00 3.350000000000000000e+11
1.045000000000000000e+03 4.000000000000000000e+00 3.350000000000000000e+11
1.045200000000000045e+03 0.000000000000000000e+00 3.350000000000000000e+11
1.045400000000000091e+03 0.000000000000000000e+00 3.350000000000000000e+11
1.045600000000000136e+03 0.000000000000000000e+00 3.350000000000000000e+11
1.045799999999999955e+03 0.000000000000000000e+00 3.350000000000000000e+11
1.046000000000000000e+03 4.000000000000000000e+00 3.350000000000000000e+11
1.046200000000000045e+03 4.000000000000000000e+00 3.350000000000000000e+11
1.046400000000000091e+03 4.000000000000000000e+00 3.350000000000000000e+11
1.046600000000000136e+03 5.656854249492380582e+00 3.350000000000000000e+11
1.046799999999999955e+03 5.656854249492380582e+00 3.350000000000000000e+11
1.047000000000000000e+03 5.656854249492380582e+00 3.350000000000000000e+11
1.047200000000000045e+03 5.656854249492380582e+00 3.350000000000000000e+11
1.047400000000000091e+03 4.000000000000000000e+00 3.350000000000000000e+11
1.047600000000000136e+03 4.000000000000000000e+00 3.350000000000000000e+11
1.047799999999999955e+03 4.000000000000000000e+00 3.350000000000000000e+11
1.048000000000000000e+03 0.000000000000000000e+00 0.000000000000000000e+00
1.048200000000000045e+03 0.000000000000000000e+00 0.000000000000000000e+00
1.048400000000000091e+03 0.000000000000000000e+00 0.000000000000000000e+00
1.048600000000000136e+03 4.000000000000000000e+00 0.000000000000000000e+00
1.048799999999999955e+03 4.000000000000000000e+00 0.000000000000000000e+00
1.049000000000000000e+03 4.000000000000000000e+00 0.000000000000000000e+00
1.049200000000000045e+03 4.000000000000000000e+00 0.000000000000000000e+00
1.049400000000000091e+03 5.656854249492380582e+00 0.000000000000000000e+00
1.049600000000000136e+03 5.656854249492380582e+00 0.000000000000000000e+00
1.049799999999999955e+03 5.656854249492380582e+00 0.000000000000000000e+00
1.050000000000000000e+03 4.000000000000000000e+00 0.000000000000000000e+00
1.050200000000000045e+03 4.000000000000000000e+00 0.000000000000000000e+00
1.050400000000000091e+03 4.000000000000000000e+00 0.000000000000000000e+00
1.050600000000000136e+03 4.000000000000000000e+00 0.000000000000000000e+00
1.050799999999999955e+03 0.000000000000000000e+00 0.000000000000000000e+00
1.051000000000000000e+03 0.000000000000000000e+00 0.000000000000000000e+00
1.051200000000000045e+03 0.000000000000000000e+00 0.000000000000000000e+00
1.051400000000000091e+03 4.000000000000000000e+00 0.000000000000000000e+00
1.051600000000000136e+03 4.000000000000000000e+00 0.000000000000000000e+00
1.051799999999999955e+03 4.000000000000000000e+00 0.000000000000000000e+00
1.052000000000000000e+03 5.656854249492380582e+00 3.350000000000000000e+11
1.052200000000000045e+03 5.656854249492380582e+00 3.350000000000000000e+11
1.052400000000000091e+03 5.656854249492380582e+00 3.350000000000000000e+11
1.052600000000000136e+03 5.656854249492380582e+00 3.350000000000000000e+11
1.052799999999999955e+03 4.000000000000000000e+00 3.350000000000000000e+11
1.053000000000000000e+03 4.000000000000000000e+00 3.350000000000000000e+11
1.053200000000000045e+03 4.000000000000000000e+00 3.350000000000000000e+11
1.053400000000000091e+03 0.000000000000000000e+00 3.350000000000000000e+11
1.053600000000000136e+03 0.000000000000000000e+00 3.350000000000000000e+11
1.053799999999999955e+03 0.000000000000000000e+00 3.350000000000000000e+11
1.054000000000000000e+03 0.000000000000000000e+00 3.350000000000000000e+11
1.054200000000000045e+03 4.000000000000000000e+00 3.350000000000000000e+11
1.054400000000000091e+03 4.000000000000000000e+00 3.350000000000000000e+11
1.054600000000000136e+03 4.000000000000000000e+00 3.350000000000000000e+11
1.054799999999999955e+03 5.656854249492380582e+00 3.350000000000000000e+11
1.055000000000000000e+03 5.656854249492380582e+00 3.350000000000000000e+11
1.055200000000000045e+03 5.656854249492380582e+00 3.350000000000000000e+11
1.055400000000000091e+03 5.656854249492380582e+00 3.350000000000000000e+11
1.055600000000000136e+03 4.000000000000000000e+00 3.350000000000000000e+11
1.055799999999999955e+03 4.000000000000000000e+00 3.350000000000000000e+11
1.056000000000000000e+03 4.000000000000000000e+00 0.000000000000000000e+00
1.056200000000000045e+03 0.000000000000000000e+00 0.000000000000000000e+00
1.056400000000000091e+03 0.000000000000000000e+00 0.000000000000000000e+00
1.056600000000000136e+03 0.000000000000000000e+00 0.000000000000000000e+00
1.056799999999999955e+03 0.000000000000000000e+00 0.000000000000000000e+00
1.057000000000000000e+03 4.000000000000000000e+00 0.000000000000000000e+00
1.057200000000000045e+03 4.000000000000000000e+00 0.000000000000000000e+00
1.057400000000000091e+03 4.000000000000000000e+00 0.000000000000000000e+00
1.057600000000000136e+03 5.656854249492380582e+00 0.000000000000000000e+00
1.057799999999999955e+03 5.656854249492380582e+00 0.000000000000000000e+00
1.058000000000000000e+03 5.656854249492380582e+00 0.000000000000000000e+00
1.058200000000000045e+03 4.000000000000000000e+00 0.000000000000000000e+00
1.058400000000000091e+03 4.000000000000000000e+00 0.000000000000000000e+00
1.058600000000000136e+03 4.000000000000000000e+00 0.000000000000000000e+00
1.058799999999999955e+03 4.000000000000000000e+00 0.000000000000000000e+00
1.059000000000000000e+03 0.000000000000000000e+00 0.000000000000000000e+00
1.059200000000000045e+03 0.000000000000000000e+00 0.000000000000000000e+00
1.059400000000000091e+03 0.000000000000000000e+00 0.000000000000000000e+00
1.059600000000000136e+03 4.000000000000000000e+00 0.000000000000000000e+00
1.059799999999999955e+03 4.000000000000000000e+00 0.000000000000000000e+00
1.060000000000000000e+03 4.000000000000000000e+00 3.350000000000000000e+11
1.060200000000000045e+03 4.000000000000000000e+00 3.350000000000000000e+11
1.060400000000000091e+03 5.656854249492380582e+00 3.350000000000000000e+11
1.060600000000000136e+03 5.656854249492380582e+00 3.350000000000000000e+11
1.060799999999999955e+03 5.656854249492380582e+00 3.350000000000000000e+11
1.061000000000000000e+03 4.000000000000000000e+00 3.350000000000000000e+11
1.061200000000000045e+03 4.000000000000000000e+00 3.350000000000000000e+11
1.061400000000000091e+03 4.000000000000000000e+00 3.350000000000000000e+11
1.061600000000000136e+03 4.000000000000000000e+00 3.350000000000000000e+11
1.061799999999999955e+03 0.000000000000000000e+00 3.350000000000000000e+11
1.062000000000000000e+03 0.000000000000000000e+00 3.350000000000000000e+11
1.062200000000000045e+03 0.000000000000000000e+00 3.350000000000000000e+11
1.062400000000000091e+03 4.000000000000000000e+00 3.350000000000000000e+11
1.062600000000000136e+03 4.000000000000000000e+00 3.350000000000000000e+11
1.062799999999999955e+03 4.000000000000000000e+00 3.350000000000000000e+11
1.063000000000000000e+03 4.000000000000000000e+00 3.350000000000000000e+11
1.063200000000000045e+03 5.656854249492380582e+00 3.350000000000000000e+11
1.063400000000000091e+03 5.656854249492380582e+00 3.350000000000000000e+11
1.063600000000000136e+03 5.656854249492380582e+00 3.350000000000000000e+11
1.063799999999999955e+03 4.000000000000000000e+00 3.350000000000000000e+11
1.064000000000000000e+03 4.000000000000000000e+00 0.000000000000000000e+00
1.064200000000000045e+03 4.000000000000000000e+00 0.000000000000000000e+00
1.064400000000000091e+03 4.000000000000000000e+00 0.000000000000000000e+00
1.064600000000000136e+03 0.000000000000000000e+00 0.000000000000000000e+00
1.064799999999999955e+03 0.000000000000000000e+00 0.000000000000000000e+00
1.065000000000000000e+03 0.000000000000000000e+00 0.000000000000000000e+00
1.065200000000000045e+03 4.000000000000000000e+00 0.000000000000000000e+00
1.065400000000000091e+03 4.000000000000000000e+00 0.000000000000000000e+00
1.065600000000000136e+03 4.000000000000000000e+00 0.000000000000000000e+00
1.065799999999999955e+03 5.656854249492380582e+00 0.000000000000000000e+00
1.066000000000000000e+03 5.656854249492380582e+00 0.000000000000000000e+00
1.066200000000000045e+03 5.656854249492380582e+00 0.000000000000000000e+00
1.066400000000000091e+03 5.656854249492380582e+00 0.000000000000000000e+00
1.066600000000000136e+03 4.000000000000000000e+00 0.000000000000000000e+00
1.066799999999999955e+03 4.000000000000000000e+00 0.000000000000000000e+00
1.067000000000000000e+03 4.000000000000000000e+00 0.000000000000000000e+00
1.067200000000000045e+03 0.000000000000000000e+00 0.000000000000000000e+00
1.067400000000000091e+03 0.000000000000000000e+00 0.000000000000000000e+00
1.067600000000000136e+03 0.000000000000000000e+00 0.000000000000000000e+00
1.067799999999999955e+03 0.000000000000000000e+00 0.000000000000000000e+00
1.068000000000000000e+03 4.000000000000000000e+00 3.350000000000000000e+11
1.068200000000000045e+03 4.000000000000000000e+00 3.350000000000000000e+11
1.068400000000000091e+03 4.000000000000000000e+00 3.350000000000000000e+11
1.068600000000000136e+03 5.656854249492380582e+00 3.350000000000000000e+11
1.068799999999999955e+03 5.656854249492380582e+00 3.350000000000000000e+11
1.069000000000000000e+03 5.656854249492380582e+00 3.350000000000000000e+11
1.069200000000000045e+03 4.000000000000000000e+00 3.350000000000000000e+11
1.069400000000000091e+03 4.000000000000000000e+00 3.350000000000000000e+11
1.069600000000000136e+03 4.000000000000000000e+00 3.350000000000000000e+11
1.069799999999999955e+03 4.000000000000000000e+00 3.350000000000000000e+11
1.070000000000000000e+03 0.000000000000000000e+00 3.350000000000000000e+11
1.070200000000000045e+03 0.000000000000000000e+00 3.350000000000000000e+11
1.070400000000000091e+03 0.000000000000000000e+00 3.350000000000000000e+11
1.070600000000000136e+03 0.000000000000000000e+00 3.350000000000000000e+11
1.070799999999999955e+03 4.000000000000000000e+00 3.350000000000000000e+11
1.071000000000000000e+03 4.000000000000000000e+00 3.350000000000000000e+11
1.071200000000000045e+03 4.000000000000000000e+00 3.350000000000000000e+11
1.071400000000000091e+03 5.656854249492380582e+00 3.350000000000000000e+11
1.071600000000000136e+03 5.656854249492380582e+00 3.350000000000000000e+11
1.071799999999999955e+03 5.656854249492380582e+00 3.350000000000000000e+11
1.072000000000000000e+03 5.656854249492380582e+00 0.000000000000000000e+00
1.072200000000000045e+03 4.000000000000000000e+00 0.000000000000000000e+00
1.072400000000000091e+03 4.000000000000000000e+00 0.000000000000000000e+00
1.072600000000000136e+03 4.000000000000000000e+00 0.000000000000000000e+00
1.072799999999999955e+03 0.000000000000000000e+00 0.000000000000000000e+00
1.073000000000000000e+03 0.000000000000000000e+00 0.000000000000000000e+00
1.073200000000000045e+03 0.000000000000000000e+00 0.000000000000000000e+00
1.073400000000000091e+03 0.000000000000000000e+00 0.000000000000000000e+00
1.073600000000000136e+03 4.000000000000000000e+00 0.000000000000000000e+00
1.073799999999999955e+03 4.000000000000000000e+00 0.000000000000000000e+00
1.074000000000000000e+03 4.000000000000000000e+00 0.000000000000000000e+00
1.074200000000000045e+03 5.656854249492380582e+00 0.000000000000000000e+00
1.074400000000000091e+03 5.656854249492380582e+00 0.000000000000000000e+00
1.074600000000000136e+03 5.656854249492380582e+00 0.000000000000000000e+00
1.074799999999999955e+03 5.656854249492380582e+00 0.000000000000000000e+00
1.075000000000000000e+03 4.000000000000000000e+00 0.000000000000000000e+00
1.075200000000000045e+03 4.000000000000000000e+00 0.000000000000000000e+00
1.075400000000000091e+03 4.000000000000000000e+00 0.000000000000000000e+00
1.075600000000000136e+03 0.000000000000000000e+00 0.000000000000000000e+00
1.075799999999999955e+03 0.000000000000000000e+00 0.000000000000000000e+00
1.076000000000000000e+03 0.000000000000000000e+00 3.350000000000000000e+11
1.076200000000000045e+03 0.000000000000000000e+00 3.350000000000000000e+11
1.076400000000000091e+03 4.000000000000000000e+00 3.350000000000000000e+11
1.076600000000000136e+03 4.000000000000000000e+00 3.350000000000000000e+11
1.076799999999999955e+03 4.000000000000000000e+00 3.350000000000000000e+11
1.077000000000000000e+03 5.656854249492380582e+00 3.350000000000000000e+11
1.077200000000000045e+03 5.656854249492380582e+00 3.350000000000000000e+11
1.077400000000000091e+03 5.656854249492380582e+00 3.350000000000000000e+11
1.077600000000000136e+03 5.656854249492380582e+00 3.350000000000000000e+11
1.077799999999999955e+03 4.000000000000000000e+00 3.350000000000000000e+11
1.078000000000000000e+03 4.000000000000000000e+00 3.350000000000000000e+11
1.078200000000000045e+03 4.000000000000000000e+00 3.350000000000000000e+11
1.078400000000000091e+03 5.656854249492380582e+00 3.350000000000000000e+11
1.078600000000000136e+03 4.000000000000000000e+00 3.350000000000000000e+11
1.078799999999999955e+03 4.000000000000000000e+00 3.350000000000000000e+11
1.079000000000000000e+03 5.656854249492380582e+00 3.350000000000000000e+11
1.079200000000000045e+03 8.000000000000000000e+00 3.350000000000000000e+11
1.079400000000000091e+03 1.264911064067351809e+01 3.350000000000000000e+11
1.079600000000000136e+03 1.442220510185595650e+01 3.350000000000000000e+11
1.079799999999999955e+03 1.788854381999831844e+01 3.350000000000000000e+11
1.080000000000000000e+03 2.039607805437113797e+01 0.000000000000000000e+00
1.080200000000000045e+03 2.039607805437113797e+01 0.000000000000000000e+00
1.080400000000000091e+03 2.332380757938120297e+01 0.000000000000000000e+00
1.080600000000000136e+03 2.000000000000000000e+01 0.000000000000000000e+00
1.080799999999999955e+03 2.154065922853801496e+01 0.000000000000000000e+00
1.081000000000000000e+03 2.000000000000000000e+01 0.000000000000000000e+00
1.081200000000000045e+03 2.154065922853801496e+01 0.000000000000000000e+00
1.081400000000000091e+03 2.000000000000000000e+01 0.000000000000000000e+00
1.081600000000000136e+03 1.649242250247064234e+01 0.000000000000000000e+00
1.081799999999999955e+03 1.649242250247064234e+01 0.000000000000000000e+00
1.082000000000000000e+03 1.442220510185595650e+01 0.000000000000000000e+00
1.082200000000000045e+03 1.788854381999831844e+01 0.000000000000000000e+00
1.082400000000000091e+03 1.600000000000000000e+01 0.000000000000000000e+00
1.082600000000000136e+03 1.788854381999831844e+01 0.000000000000000000e+00
1.082799999999999955e+03 2.000000000000000000e+01 0.000000000000000000e+00
1.083000000000000000e+03 2.039607805437113797e+01 0.000000000000000000e+00
1.083200000000000045e+03 2.000000000000000000e+01 0.000000000000000000e+00
1.083400000000000091e+03 2.154065922853801496e+01 0.000000000000000000e+00
1.083600000000000136e+03 2.000000000000000000e+01 0.000000000000000000e+00
1.083799999999999955e+03 2.154065922853801496e+01 0.000000000000000000e+00
1.084000000000000000e+03 2.000000000000000000e+01 3.350000000000000000e+11
1.084200000000000045e+03 2.154065922853801496e+01 3.350000000000000000e+11
1.084400000000000091e+03 2.262741699796952233e+01 3.350000000000000000e+11
1.084600000000000136e+03 2.529822128134703618e+01 3.350000000000000000e+11
1.084799999999999955e+03 2.800000000000000000e+01 3.350000000000000000e+11
1.085000000000000000e+03 3.224903099319419653e+01 3.350000000000000000e+11
1.085200000000000045e+03 4.000000000000000000e+01 3.350000000000000000e+11
1.085400000000000091e+03 4.560701700396551672e+01 3.350000000000000000e+11
1.085600000000000136e+03 5.656854249492380404e+01 3.350000000000000000e+11
1.085799999999999955e+03 6.657326790837295505e+01 3.350000000000000000e+11
1.086000000000000000e+03 7.766595135579039777e+01 3.350000000000000000e+11
1.086200000000000045e+03 9.414881836751855815e+01 3.350000000000000000e+11
1.086400000000000091e+03 1.059056183589898126e+02 3.350000000000000000e+11
1.086600000000000136e+03 1.232233744059949032e+02 3.350000000000000000e+11
1.086799999999999955e+03 1.399428454762872036e+02 3.350000000000000000e+11
1.087000000000000000e+03 1.607980099379342391e+02 3.350000000000000000e+11
1.087200000000000045e+03 1.302305647687976489e+02 3.350000000000000000e+11
1.087400000000000091e+03 1.170982493464355798e+02 3.350000000000000000e+11
1.087600000000000136e+03 1.368210510118965715e+02 3.350000000000000000e+11
1.087799999999999955e+03 1.531535177526131690e+02 3.350000000000000000e+11
1.088000000000000000e+03 1.358823020117042404e+02 0.000000000000000000e+00
1.088200000000000045e+03 9.440338976964757478e+01 0.000000000000000000e+00
1.088400000000000091e+03 9.338094023943001787e+01 0.000000000000000000e+00
1.088600000000000136e+03 9.121403400793103344e+01 0.000000000000000000e+00
1.088799999999999955e+03 8.809086218218095610e+01 0.000000000000000000e+00
1.089000000000000000e+03 8.772684879784523559e+01 0.000000000000000000e+00
1.089200000000000045e+03 8.800000000000000000e+01 0.000000000000000000e+00
1.089400000000000091e+03 8.772684879784523559e+01 0.000000000000000000e+00
1.089600000000000136e+03 8.809086218218095610e+01 0.000000000000000000e+00
1.089799999999999955e+03 9.121403400793103344e+01 0.000000000000000000e+00
1.090000000000000000e+03 8.881441324469807341e+01 0.000000000000000000e+00
1.090200000000000045e+03 8.988882021697692437e+01 0.000000000000000000e+00
1.090400000000000091e+03 8.881441324469807341e+01 0.000000000000000000e+00
1.090600000000000136e+03 8.944271909999159220e+01 0.000000000000000000e+00
1.090799999999999955e+03 8.634813257969160816e+01 0.000000000000000000e+00
1.091000000000000000e+03 8.560373823613078059e+01 0.000000000000000000e+00
1.091200000000000045e+03 8.236504112789600640e+01 0.000000000000000000e+00
1.091400000000000091e+03 8.009993757800314995e+01 0.000000000000000000e+00
1.091600000000000136e+03 8.099382692526634742e+01 0.000000000000000000e+00
1.091799999999999955e+03 7.641989269817119634e+01 0.000000000000000000e+00
1.092000000000000000e+03 7.969943538068510236e+01 3.350000000000000000e+11
1.092200000000000045e+03 9.234717104492156636e+01 3.350000000000000000e+11
1.092400000000000091e+03 1.056787585089832504e+02 3.350000000000000000e+11
1.092600000000000136e+03 1.256025477448606580e+02 3.350000000000000000e+11
1.092799999999999955e+03 1.436105845681299229e+02 3.350000000000000000e+11
1.093000000000000000e+03 1.640000000000000000e+02 3.350000000000000000e+11
1.093200000000000045e+03 1.038460398859773619e+02 3.350000000000000000e+11
1.093400000000000091e+03 1.224418229201117327e+02 3.350000000000000000e+11
1.093600000000000136e+03 1.395421083400992757e+02 3.350000000000000000e+11
1.093799999999999955e+03 1.601998751560062999e+02 3.350000000000000000e+11
1.094000000000000000e+03 1.322422020385323265e+02 3.350000000000000000e+11
1.094200000000000045e+03 1.218523696938225385e+02 3.350000000000000000e+11
1.094400000000000091e+03 1.358823020117042404e+02 3.350000000000000000e+11
1.094600000000000136e+03 1.544020725249502561e+02 3.350000000000000000e+11
1.094799999999999955e+03 1.240644993541665855e+02 3.350000000000000000e+11
1.095000000000000000e+03 1.074802307403552248e+02 3.350000000000000000e+11
1.095200000000000045e+03 9.507891459203770523e+01 3.349999800000000000e+11
1.095400000000000091e+03 8.409518416651455652e+01 3.350000000000000000e+11
1.095600000000000136e+03 6.985699678629191567e+01 3.350000000000000000e+11
1.095799999999999955e+03 6.222539674441618018e+01 3.350000000000000000e+11
1.096000000000000000e+03 5.200000000000000000e+01 0.000000000000000000e+00
1.096200000000000045e+03 5.200000000000000000e+01 0.000000000000000000e+00
1.096400000000000091e+03 4.833218389437828932e+01 0.000000000000000000e+00
1.096600000000000136e+03 4.525483399593904466e+01 0.000000000000000000e+00
1.096799999999999955e+03 4.681879964287850271e+01 0.000000000000000000e+00
1.097000000000000000e+03 4.418144406874904462e+01 0.000000000000000000e+00
1.097200000000000045e+03 4.118252056394800320e+01 0.000000000000000000e+00
1.097400000000000091e+03 4.326661530556787483e+01 0.000000000000000000e+00
1.097600000000000136e+03 4.472135954999579610e+01 0.000000000000000000e+00
1.097799999999999955e+03 4.176122603564220270e+01 0.000000000000000000e+00
1.098000000000000000e+03 4.560701700396551672e+01 0.000000000000000000e+00
1.098200000000000045e+03 4.472135954999579610e+01 0.000000000000000000e+00
1.098400000000000091e+03 4.418144406874904462e+01 0.000000000000000000e+00
1.098600000000000136e+03 4.681879964287850271e+01 0.000000000000000000e+00
1.098799999999999955e+03 4.816637831516918311e+01 0.000000000000000000e+00
1.099000000000000000e+03 4.472135954999579610e+01 0.000000000000000000e+00
1.099200000000000045e+03 4.418144406874904462e+01 0.000000000000000000e+00
1.099400000000000091e+03 4.308131845707602992e+01 0.000000000000000000e+00
1.099600000000000136e+03 4.252058325093859992e+01 0.000000000000000000e+00
1.099799999999999955e+03 3.939543120718441571e+01 0.000000000000000000e+00
1.100000000000000000e+03 4.000000000000000000e+01 3.350000000000000000e+11
1.100200000000000045e+03 3.046309242345563462e+01 3.350000000000000000e+11
1.100400000000000091e+03 2.561249694973139412e+01 3.350000000000000000e+11
1.100600000000000136e+03 2.529822128134703618e+01 3.350000000000000000e+11
1.100799999999999955e+03 2.039607805437113797e+01 3.350000000000000000e+11
1.101000000000000000e+03 1.788854381999831844e+01 3.350000000000000000e+11
1.101200000000000045e+03 1.442220510185595650e+01 3.350000000000000000e+11
1.101400000000000091e+03 1.649242250247064234e+01 3.350000000000000000e+11
1.101600000000000136e+03 1.264911064067351809e+01 3.350000000000000000e+11
1.101799999999999955e+03 1.442220510185595650e+01 3.350000000000000000e+11
1.102000000000000000e+03 1.131370849898476116e+01 3.350000000000000000e+11
1.102200000000000045e+03 8.944271909999159220e+00 3.350000000000000000e+11
1.102400000000000091e+03 8.000000000000000000e+00 3.350000000000000000e+11
1.102600000000000136e+03 8.000000000000000000e+00 3.350000000000000000e+11
1.102799999999999955e+03 4.000000000000000000e+00 3.350000000000000000e+11
1.103000000000000000e+03 4.000000000000000000e+00 3.350000000000000000e+11
1.103200000000000045e+03 0.000000000000000000e+00 3.350000000000000000e+11
1.103400000000000091e+03 0.000000000000000000e+00 3.350000000000000000e+11
1.103600000000000136e+03 0.000000000000000000e+00 3.350000000000000000e+11
1.103799999999999955e+03 0.000000000000000000e+00 3.350000000000000000e+11
1.104000000000000000e+03 4.000000000000000000e+00 0.000000000000000000e+00
1.104200000000000045e+03 4.000000000000000000e+00 0.000000000000000000e+00
1.104400000000000091e+03 4.000000000000000000e+00 0.000000000000000000e+00
1.104600000000000136e+03 4.000000000000000000e+00 0.000000000000000000e+00
1.104799999999999955e+03 5.656854249492380582e+00 0.000000000000000000e+00
1.105000000000000000e+03 5.656854249492380582e+00 0.000000000000000000e+00
1.105200000000000045e+03 5.656854249492380582e+00 0.000000000000000000e+00
1.105400000000000091e+03 5.656854249492380582e+00 0.000000000000000000e+00
1.105600000000000136e+03 4.000000000000000000e+00 0.000000000000000000e+00
1.105799999999999955e+03 4.000000000000000000e+00 0.000000000000000000e+00
1.106000000000000000e+03 4.000000000000000000e+00 0.000000000000000000e+00
1.106200000000000045e+03 0.000000000000000000e+00 0.000000000000000000e+00
1.106400000000000091e+03 0.000000000000000000e+00 0.000000000000000000e+00
1.106600000000000136e+03 0.000000000000000000e+00 0.000000000000000000e+00
1.106799999999999955e+03 0.000000000000000000e+00 0.000000000000000000e+00
1.107000000000000000e+03 4.000000000000000000e+00 0.000000000000000000e+00
1.107200000000000045e+03 4.000000000000000000e+00 0.000000000000000000e+00
1.107400000000000091e+03 4.000000000000000000e+00 0.000000000000000000e+00
1.107600000000000136e+03 5.656854249492380582e+00 0.000000000000000000e+00
1.107799999999999955e+03 5.656854249492380582e+00 0.000000000000000000e+00
1.108000000000000000e+03 5.656854249492380582e+00 3.350000000000000000e+11
1.108200000000000045e+03 5.656854249492380582e+00 3.350000000000000000e+11
1.108400000000000091e+03 4.000000000000000000e+00 3.350000000000000000e+11
1.108600000000000136e+03 4.000000000000000000e+00 3.350000000000000000e+11
1.108799999999999955e+03 4.000000000000000000e+00 3.350000000000000000e+11
1.109000000000000000e+03 0.000000000000000000e+00 3.350000000000000000e+11
1.109200000000000045e+03 0.000000000000000000e+00 3.350000000000000000e+11
1.109400000000000091e+03 0.000000000000000000e+00 3.350000000000000000e+11
1.109600000000000136e+03 0.000000000000000000e+00 3.350000000000000000e+11
1.109799999999999955e+03 4.000000000000000000e+00 3.350000000000000000e+11
1.110000000000000000e+03 4.000000000000000000e+00 3.350000000000000000e+11
1.110200000000000045e+03 4.000000000000000000e+00 3.350000000000000000e+11
1.110400000000000091e+03 4.000000000000000000e+00 3.350000000000000000e+11
1.110600000000000136e+03 5.656854249492380582e+00 3.350000000000000000e+11
1.110799999999999955e+03 5.656854249492380582e+00 3.350000000000000000e+11
1.111000000000000000e+03 5.656854249492380582e+00 3.350000000000000000e+11
1.111200000000000045e+03 4.000000000000000000e+00 3.350000000000000000e+11
1.111400000000000091e+03 4.000000000000000000e+00 3.350000000000000000e+11
1.111600000000000136e+03 4.000000000000000000e+00 3.350000000000000000e+11
1.111799999999999955e+03 4.000000000000000000e+00 3.350000000000000000e+11
1.112000000000000000e+03 0.000000000000000000e+00 0.000000000000000000e+00
1.112200000000000045e+03 0.000000000000000000e+00 0.000000000000000000e+00
1.112400000000000091e+03 0.000000000000000000e+00 0.000000000000000000e+00
1.112600000000000136e+03 4.000000000000000000e+00 0.000000000000000000e+00
1.112799999999999955e+03 4.000000000000000000e+00 0.000000000000000000e+00
1.113000000000000000e+03 4.000000000000000000e+00 0.000000000000000000e+00
1.113200000000000045e+03 4.000000000000000000e+00 0.000000000000000000e+00
1.113400000000000091e+03 5.656854249492380582e+00 0.000000000000000000e+00
1.113600000000000136e+03 5.656854249492380582e+00 0.000000000000000000e+00
1.113799999999999955e+03 5.656854249492380582e+00 0.000000000000000000e+00
1.114000000000000000e+03 4.000000000000000000e+00 0.000000000000000000e+00
1.114200000000000045e+03 4.000000000000000000e+00 0.000000000000000000e+00
1.114400000000000091e+03 4.000000000000000000e+00 0.000000000000000000e+00
1.114600000000000136e+03 0.000000000000000000e+00 0.000000000000000000e+00
1.114799999999999955e+03 0.000000000000000000e+00 0.000000000000000000e+00
1.115000000000000000e+03 0.000000000000000000e+00 0.000000000000000000e+00
1.115200000000000045e+03 0.000000000000000000e+00 0.000000000000000000e+00
1.115400000000000091e+03 4.000000000000000000e+00 0.000000000000000000e+00
1.115600000000000136e+03 4.000000000000000000e+00 0.000000000000000000e+00
1.115799999999999955e+03 4.000000000000000000e+00 0.000000000000000000e+00
1.116000000000000000e+03 5.656854249492380582e+00 3.350000000000000000e+11
1.116200000000000045e+03 5.656854249492380582e+00 3.350000000000000000e+11
1.116400000000000091e+03 5.656854249492380582e+00 3.350000000000000000e+11
1.116600000000000136e+03 5.656854249492380582e+00 3.350000000000000000e+11
1.116799999999999955e+03 4.000000000000000000e+00 3.350000000000000000e+11
1.117000000000000000e+03 4.000000000000000000e+00 3.350000000000000000e+11
1.117200000000000045e+03 4.000000000000000000e+00 3.350000000000000000e+11
1.117400000000000091e+03 0.000000000000000000e+00 3.350000000000000000e+11
1.117600000000000136e+03 0.000000000000000000e+00 3.350000000000000000e+11
1.117799999999999955e+03 0.000000000000000000e+00 3.350000000000000000e+11
1.118000000000000000e+03 0.000000000000000000e+00 3.350000000000000000e+11
1.118200000000000045e+03 4.000000000000000000e+00 3.350000000000000000e+11
1.118400000000000091e+03 4.000000000000000000e+00 3.350000000000000000e+11
1.118600000000000136e+03 4.000000000000000000e+00 3.350000000000000000e+11
1.118799999999999955e+03 5.656854249492380582e+00 3.350000000000000000e+11
1.119000000000000000e+03 5.656854249492380582e+00 3.350000000000000000e+11
1.119200000000000045e+03 5.656854249492380582e+00 3.350000000000000000e+11
1.119400000000000091e+03 5.656854249492380582e+00 3.350000000000000000e+11
1.119600000000000136e+03 4.000000000000000000e+00 3.350000000000000000e+11
1.119799999999999955e+03 4.000000000000000000e+00 3.350000000000000000e+11
