1.120000000000000000e+03 4.000000000000000000e+00 0.000000000000000000e+00
1.120200000000000045e+03 4.000000000000000000e+00 0.000000000000000000e+00
1.120400000000000091e+03 4.000000000000000000e+00 0.000000000000000000e+00
1.120600000000000136e+03 5.656854249492380582e+00 0.000000000000000000e+00
1.120799999999999955e+03 5.656854249492380582e+00 0.000000000000000000e+00
1.121000000000000000e+03 5.656854249492380582e+00 0.000000000000000000e+00
1.121200000000000045e+03 5.656854249492380582e+00 0.000000000000000000e+00
1.121400000000000091e+03 5.656854249492380582e+00 0.000000000000000000e+00
1.121600000000000136e+03 5.656854249492380582e+00 0.000000000000000000e+00
1.121799999999999955e+03 4.000000000000000000e+00 0.000000000000000000e+00
1.122000000000000000e+03 5.656854249492380582e+00 0.000000000000000000e+00
1.122200000000000045e+03 5.656854249492380582e+00 0.000000000000000000e+00
1.122400000000000091e+03 4.000000000000000000e+00 0.000000000000000000e+00
1.122600000000000136e+03 5.656854249492380582e+00 0.000000000000000000e+00
1.122799999999999955e+03 5.656854249492380582e+00 0.000000000000000000e+00
1.123000000000000000e+03 5.656854249492380582e+00 0.000000000000000000e+00
1.123200000000000045e+03 5.656854249492380582e+00 0.000000000000000000e+00
1.123400000000000091e+03 5.656854249492380582e+00 0.000000000000000000e+00
1.123600000000000136e+03 5.656854249492380582e+00 0.000000000000000000e+00
1.123799999999999955e+03 5.656854249492380582e+00 0.000000000000000000e+00
1.124000000000000000e+03 5.656854249492380582e+00 3.375000000000000000e+11
1.124200000000000045e+03 5.656854249492380582e+00 3.375000000000000000e+11
1.124400000000000091e+03 5.656854249492380582e+00 3.375000000000000000e+11
1.124600000000000136e+03 4.000000000000000000e+00 3.375000000000000000e+11
1.124799999999999955e+03 4.000000000000000000e+00 3.375000000000000000e+11
1.125000000000000000e+03 0.000000000000000000e+00 3.375000000000000000e+11
1.125200000000000045e+03 4.000000000000000000e+00 3.375000000000000000e+11
1.125400000000000091e+03 0.000000000000000000e+00 3.375000000000000000e+11
1.125600000000000136e+03 0.000000000000000000e+00 3.375000000000000000e+11
1.125799999999999955e+03 0.000000000000000000e+00 3.375000000000000000e+11
1.126000000000000000e+03 4.000000000000000000e+00 3.375000000000000000e+11
1.126200000000000045e+03 4.000000000000000000e+00 3.375000000000000000e+11
1.126400000000000091e+03 5.656854249492380582e+00 3.375000000000000000e+11
1.126600000000000136e+03 5.656854249492380582e+00 3.375000000000000000e+11
1.126799999999999955e+03 5.656854249492380582e+00 3.375000000000000000e+11
1.127000000000000000e+03 5.656854249492380582e+00 3.375000000000000000e+11
1.127200000000000045e+03 5.656854249492380582e+00 3.375000000000000000e+11
1.127400000000000091e+03 4.000000000000000000e+00 3.375000000000000000e+11
1.127600000000000136e+03 4.000000000000000000e+00 3.375000000000000000e+11
1.127799999999999955e+03 4.000000000000000000e+00 3.375000000000000000e+11
1.128000000000000000e+03 0.000000000000000000e+00 0.000000000000000000e+00
1.128200000000000045e+03 0.000000000000000000e+00 0.000000000000000000e+00
1.128400000000000091e+03 0.000000000000000000e+00 0.000000000000000000e+00
1.128600000000000136e+03 4.000000000000000000e+00 0.000000000000000000e+00
1.128799999999999955e+03 4.000000000000000000e+00 0.000000000000000000e+00
1.129000000000000000e+03 4.000000000000000000e+00 0.000000000000000000e+00
1.129200000000000045e+03 5.656854249492380582e+00 0.000000000000000000e+00
1.129400000000000091e+03 5.656854249492380582e+00 0.000000000000000000e+00
1.129600000000000136e+03 5.656854249492380582e+00 0.000000000000000000e+00
1.129799999999999955e+03 5.656854249492380582e+00 0.000000000000000000e+00
1.130000000000000000e+03 4.000000000000000000e+00 0.000000000000000000e+00
1.130200000000000045e+03 4.000000000000000000e+00 0.000000000000000000e+00
1.130400000000000091e+03 4.000000000000000000e+00 0.000000000000000000e+00
1.130600000000000136e+03 4.000000000000000000e+00 0.000000000000000000e+00
1.130799999999999955e+03 0.000000000000000000e+00 0.000000000000000000e+00
1.131000000000000000e+03 0.000000000000000000e+00 0.000000000000000000e+00
1.131200000000000045e+03 0.000000000000000000e+00 0.000000000000000000e+00
1.131400000000000091e+03 4.000000000000000000e+00 0.000000000000000000e+00
1.131600000000000136e+03 4.000000000000000000e+00 0.000000000000000000e+00
1.131799999999999955e+03 4.000000000000000000e+00 0.000000000000000000e+00
1.132000000000000000e+03 5.656854249492380582e+00 3.375000000000000000e+11
1.132200000000000045e+03 5.656854249492380582e+00 3.375000000000000000e+11
1.132400000000000091e+03 5.656854249492380582e+00 3.375000000000000000e+11
1.132600000000000136e+03 5.656854249492380582e+00 3.375000000000000000e+11
1.132799999999999955e+03 4.000000000000000000e+00 3.375000000000000000e+11
1.133000000000000000e+03 4.000000000000000000e+00 3.375000000000000000e+11
1.133200000000000045e+03 4.000000000000000000e+00 3.375000000000000000e+11
1.133400000000000091e+03 0.000000000000000000e+00 3.375000000000000000e+11
1.133600000000000136e+03 0.000000000000000000e+00 3.375000000000000000e+11
1.133799999999999955e+03 0.000000000000000000e+00 3.375000000000000000e+11
1.134000000000000000e+03 0.000000000000000000e+00 3.375000000000000000e+11
1.134200000000000045e+03 4.000000000000000000e+00 3.375000000000000000e+11
1.134400000000000091e+03 4.000000000000000000e+00 3.375000000000000000e+11
1.134600000000000136e+03 4.000000000000000000e+00 3.375000000000000000e+11
1.134799999999999955e+03 5.656854249492380582e+00 3.375000000000000000e+11
1.135000000000000000e+03 5.656854249492380582e+00 3.375000000000000000e+11
1.135200000000000045e+03 5.656854249492380582e+00 3.375000000000000000e+11
1.135400000000000091e+03 5.656854249492380582e+00 3.375000000000000000e+11
1.135600000000000136e+03 4.000000000000000000e+00 3.375000000000000000e+11
1.135799999999999955e+03 4.000000000000000000e+00 3.375000000000000000e+11
1.136000000000000000e+03 4.000000000000000000e+00 0.000000000000000000e+00
1.136200000000000045e+03 0.000000000000000000e+00 0.000000000000000000e+00
1.136400000000000091e+03 0.000000000000000000e+00 0.000000000000000000e+00
1.136600000000000136e+03 0.000000000000000000e+00 0.000000000000000000e+00
1.136799999999999955e+03 0.000000000000000000e+00 0.000000000000000000e+00
1.137000000000000000e+03 4.000000000000000000e+00 0.000000000000000000e+00
1.137200000000000045e+03 4.000000000000000000e+00 0.000000000000000000e+00
1.137400000000000091e+03 4.000000000000000000e+00 0.000000000000000000e+00
1.137600000000000136e+03 5.656854249492380582e+00 0.000000000000000000e+00
1.137799999999999955e+03 5.656854249492380582e+00 0.000000000000000000e+00
1.138000000000000000e+03 5.656854249492380582e+00 0.000000000000000000e+00
1.138200000000000045e+03 4.000000000000000000e+00 0.000000000000000000e+00
1.138400000000000091e+03 4.000000000000000000e+00 0.000000000000000000e+00
1.138600000000000136e+03 4.000000000000000000e+00 0.000000000000000000e+00
1.138799999999999955e+03 4.000000000000000000e+00 0.000000000000000000e+00
1.139000000000000000e+03 0.000000000000000000e+00 0.000000000000000000e+00
1.139200000000000045e+03 0.000000000000000000e+00 0.000000000000000000e+00
1.139400000000000091e+03 0.000000000000000000e+00 0.000000000000000000e+00
1.139600000000000136e+03 4.000000000000000000e+00 0.000000000000000000e+00
1.139799999999999955e+03 4.000000000000000000e+00 0.000000000000000000e+00
1.140000000000000000e+03 4.000000000000000000e+00 3.375000000000000000e+11
1.140200000000000045e+03 4.000000000000000000e+00 3.375000000000000000e+11
1.140400000000000091e+03 5.656854249492380582e+00 3.375000000000000000e+11
1.140600000000000136e+03 5.656854249492380582e+00 3.375000000000000000e+11
1.140799999999999955e+03 5.656854249492380582e+00 3.375000000000000000e+11
1.141000000000000000e+03 4.000000000000000000e+00 3.375000000000000000e+11
1.141200000000000045e+03 4.000000000000000000e+00 3.375000000000000000e+11
1.141400000000000091e+03 4.000000000000000000e+00 3.375000000000000000e+11
1.141600000000000136e+03 4.000000000000000000e+00 3.375000000000000000e+11
1.141799999999999955e+03 0.000000000000000000e+00 3.375000000000000000e+11
1.142000000000000000e+03 0.000000000000000000e+00 3.375000000000000000e+11
1.142200000000000045e+03 0.000000000000000000e+00 3.375000000000000000e+11
1.142400000000000091e+03 4.000000000000000000e+00 3.375000000000000000e+11
1.142600000000000136e+03 4.000000000000000000e+00 3.375000000000000000e+11
1.142799999999999955e+03 4.000000000000000000e+00 3.375000000000000000e+11
1.143000000000000000e+03 4.000000000000000000e+00 3.375000000000000000e+11
1.143200000000000045e+03 5.656854249492380582e+00 3.375000000000000000e+11
1.143400000000000091e+03 5.656854249492380582e+00 3.375000000000000000e+11
1.143600000000000136e+03 5.656854249492380582e+00 3.375000000000000000e+11
1.143799999999999955e+03 4.000000000000000000e+00 3.375000000000000000e+11
1.144000000000000000e+03 4.000000000000000000e+00 0.000000000000000000e+00
1.144200000000000045e+03 4.000000000000000000e+00 0.000000000000000000e+00
1.144400000000000091e+03 4.000000000000000000e+00 0.000000000000000000e+00
1.144600000000000136e+03 0.000000000000000000e+00 0.000000000000000000e+00
1.144799999999999955e+03 0.000000000000000000e+00 0.000000000000000000e+00
1.145000000000000000e+03 0.000000000000000000e+00 0.000000000000000000e+00
1.145200000000000045e+03 4.000000000000000000e+00 0.000000000000000000e+00
1.145400000000000091e+03 4.000000000000000000e+00 0.000000000000000000e+00
1.145600000000000136e+03 4.000000000000000000e+00 0.000000000000000000e+00
1.145799999999999955e+03 5.656854249492380582e+00 0.000000000000000000e+00
1.146000000000000000e+03 5.656854249492380582e+00 0.000000000000000000e+00
1.146200000000000045e+03 5.656854249492380582e+00 0.000000000000000000e+00
1.146400000000000091e+03 5.656854249492380582e+00 0.000000000000000000e+00
1.146600000000000136e+03 4.000000000000000000e+00 0.000000000000000000e+00
1.146799999999999955e+03 4.000000000000000000e+00 0.000000000000000000e+00
1.147000000000000000e+03 4.000000000000000000e+00 0.000000000000000000e+00
1.147200000000000045e+03 0.000000000000000000e+00 0.000000000000000000e+00
1.147400000000000091e+03 0.000000000000000000e+00 0.000000000000000000e+00
1.147600000000000136e+03 0.000000000000000000e+00 0.000000000000000000e+00
1.147799999999999955e+03 4.000000000000000000e+00 0.000000000000000000e+00
1.148000000000000000e+03 4.000000000000000000e+00 3.375000000000000000e+11
1.148200000000000045e+03 4.000000000000000000e+00 3.375000000000000000e+11
1.148400000000000091e+03 4.000000000000000000e+00 3.375000000000000000e+11
1.148600000000000136e+03 5.656854249492380582e+00 3.375000000000000000e+11
1.148799999999999955e+03 5.656854249492380582e+00 3.375000000000000000e+11
1.149000000000000000e+03 5.656854249492380582e+00 3.375000000000000000e+11
1.149200000000000045e+03 4.000000000000000000e+00 3.375000000000000000e+11
1.149400000000000091e+03 4.000000000000000000e+00 3.375000000000000000e+11
1.149600000000000136e+03 4.000000000000000000e+00 3.375000000000000000e+11
1.149799999999999955e+03 4.000000000000000000e+00 3.375000000000000000e+11
1.150000000000000000e+03 0.000000000000000000e+00 3.375000000000000000e+11
1.150200000000000045e+03 0.000000000000000000e+00 3.375000000000000000e+11
1.150400000000000091e+03 0.000000000000000000e+00 3.375000000000000000e+11
1.150600000000000136e+03 4.000000000000000000e+00 3.375000000000000000e+11
1.150799999999999955e+03 4.000000000000000000e+00 3.375000000000000000e+11
1.151000000000000000e+03 4.000000000000000000e+00 3.375000000000000000e+11
1.151200000000000045e+03 4.000000000000000000e+00 3.375000000000000000e+11
1.151400000000000091e+03 5.656854249492380582e+00 3.375000000000000000e+11
1.151600000000000136e+03 5.656854249492380582e+00 3.375000000000000000e+11
1.151799999999999955e+03 5.656854249492380582e+00 3.375000000000000000e+11
1.152000000000000000e+03 4.000000000000000000e+00 0.000000000000000000e+00
1.152200000000000045e+03 4.000000000000000000e+00 0.000000000000000000e+00
1.152400000000000091e+03 4.000000000000000000e+00 0.000000000000000000e+00
1.152600000000000136e+03 4.000000000000000000e+00 0.000000000000000000e+00
1.152799999999999955e+03 0.000000000000000000e+00 0.000000000000000000e+00
1.153000000000000000e+03 0.000000000000000000e+00 0.000000000000000000e+00
1.153200000000000045e+03 0.000000000000000000e+00 0.000000000000000000e+00
1.153400000000000091e+03 4.000000000000000000e+00 0.000000000000000000e+00
1.153600000000000136e+03 4.000000000000000000e+00 0.000000000000000000e+00
1.153799999999999955e+03 4.000000000000000000e+00 0.000000000000000000e+00
1.154000000000000000e+03 4.000000000000000000e+00 0.000000000000000000e+00
1.154200000000000045e+03 5.656854249492380582e+00 0.000000000000000000e+00
1.154400000000000091e+03 5.656854249492380582e+00 0.000000000000000000e+00
1.154600000000000136e+03 5.656854249492380582e+00 0.000000000000000000e+00
1.154799999999999955e+03 4.000000000000000000e+00 0.000000000000000000e+00
1.155000000000000000e+03 4.000000000000000000e+00 0.000000000000000000e+00
1.155200000000000045e+03 4.000000000000000000e+00 0.000000000000000000e+00
1.155400000000000091e+03 0.000000000000000000e+00 0.000000000000000000e+00
1.155600000000000136e+03 0.000000000000000000e+00 0.000000000000000000e+00
1.155799999999999955e+03 0.000000000000000000e+00 0.000000000000000000e+00
1.156000000000000000e+03 0.000000000000000000e+00 3.375000000000000000e+11
1.156200000000000045e+03 4.000000000000000000e+00 3.375000000000000000e+11
1.156400000000000091e+03 4.000000000000000000e+00 3.375000000000000000e+11
1.156600000000000136e+03 4.000000000000000000e+00 3.375000000000000000e+11
1.156799999999999955e+03 5.656854249492380582e+00 3.375000000000000000e+11
1.157000000000000000e+03 5.656854249492380582e+00 3.375000000000000000e+11
1.157200000000000045e+03 5.656854249492380582e+00 3.375000000000000000e+11
1.157400000000000091e+03 5.656854249492380582e+00 3.375000000000000000e+11
1.157600000000000136e+03 4.000000000000000000e+00 3.375000000000000000e+11
1.157799999999999955e+03 4.000000000000000000e+00 3.375000000000000000e+11
1.158000000000000000e+03 4.000000000000000000e+00 3.375000000000000000e+11
1.158200000000000045e+03 4.000000000000000000e+00 3.375000000000000000e+11
1.158400000000000091e+03 0.000000000000000000e+00 3.375000000000000000e+11
1.158600000000000136e+03 0.000000000000000000e+00 3.375000000000000000e+11
1.158799999999999955e+03 0.000000000000000000e+00 3.375000000000000000e+11
1.159000000000000000e+03 0.000000000000000000e+00 3.375000000000000000e+11
1.159200000000000045e+03 5.656854249492380582e+00 3.375000000000000000e+11
1.159400000000000091e+03 4.000000000000000000e+00 3.375000000000000000e+11
1.159600000000000136e+03 8.000000000000000000e+00 3.375000000000000000e+11
1.159799999999999955e+03 8.000000000000000000e+00 3.375000000000000000e+11
1.160000000000000000e+03 8.944271909999159220e+00 0.000000000000000000e+00
1.160200000000000045e+03 1.131370849898476116e+01 0.000000000000000000e+00
1.160400000000000091e+03 8.944271909999159220e+00 0.000000000000000000e+00
1.160600000000000136e+03 8.944271909999159220e+00 0.000000000000000000e+00
1.160799999999999955e+03 8.000000000000000000e+00 0.000000000000000000e+00
1.161000000000000000e+03 8.944271909999159220e+00 0.000000000000000000e+00
1.161200000000000045e+03 5.656854249492380582e+00 0.000000000000000000e+00
1.161400000000000091e+03 4.000000000000000000e+00 0.000000000000000000e+00
1.161600000000000136e+03 4.000000000000000000e+00 0.000000000000000000e+00
1.161799999999999955e+03 5.656854249492380582e+00 0.000000000000000000e+00
1.162000000000000000e+03 4.000000000000000000e+00 0.000000000000000000e+00
1.162200000000000045e+03 5.656854249492380582e+00 0.000000000000000000e+00
1.162400000000000091e+03 5.656854249492380582e+00 0.000000000000000000e+00
1.162600000000000136e+03 8.944271909999159220e+00 0.000000000000000000e+00
1.162799999999999955e+03 8.000000000000000000e+00 0.000000000000000000e+00
1.163000000000000000e+03 8.944271909999159220e+00 0.000000000000000000e+00
1.163200000000000045e+03 8.944271909999159220e+00 0.000000000000000000e+00
1.163400000000000091e+03 8.944271909999159220e+00 0.000000000000000000e+00
1.163600000000000136e+03 8.944271909999159220e+00 0.000000000000000000e+00
1.163799999999999955e+03 8.000000000000000000e+00 0.000000000000000000e+00
1.164000000000000000e+03 8.944271909999159220e+00 3.375000000000000000e+11
1.164200000000000045e+03 8.944271909999159220e+00 3.375000000000000000e+11
1.164400000000000091e+03 8.944271909999159220e+00 3.375000000000000000e+11
1.164600000000000136e+03 8.000000000000000000e+00 3.375000000000000000e+11
1.164799999999999955e+03 1.131370849898476116e+01 3.375000000000000000e+11
1.165000000000000000e+03 1.264911064067351809e+01 3.375000000000000000e+11
1.165200000000000045e+03 1.600000000000000000e+01 3.375000000000000000e+11
1.165400000000000091e+03 1.788854381999831844e+01 3.375000000000000000e+11
1.165600000000000136e+03 2.262741699796952233e+01 3.375000000000000000e+11
1.165799999999999955e+03 3.046309242345563462e+01 3.375000000000000000e+11
1.166000000000000000e+03 3.200000000000000000e+01 3.375000000000000000e+11
1.166200000000000045e+03 3.794733192202055250e+01 3.375000000000000000e+11
1.166400000000000091e+03 4.560701700396551672e+01 3.375000000000000000e+11
1.166600000000000136e+03 5.366563145999495532e+01 3.375000000000000000e+11
1.166799999999999955e+03 6.013318551349163243e+01 3.375000000000000000e+11
1.167000000000000000e+03 7.088018058667739751e+01 3.375000000000000000e+11
1.167200000000000045e+03 7.939773296511683043e+01 3.375000000000000000e+11
1.167400000000000091e+03 8.944271909999159220e+01 3.375000000000000000e+11
1.167600000000000136e+03 1.040768946500615044e+02 3.375000000000000000e+11
1.167799999999999955e+03 1.218523696938225385e+02 3.375000000000000000e+11
1.168000000000000000e+03 1.388524396616782610e+02 0.000000000000000000e+00
1.168200000000000045e+03 1.379275171965333300e+02 0.000000000000000000e+00
1.168400000000000091e+03 1.341640786499873741e+02 0.000000000000000000e+00
1.168600000000000136e+03 1.376372042726820268e+02 0.000000000000000000e+00
1.168799999999999955e+03 1.360000000000000000e+02 0.000000000000000000e+00
1.169000000000000000e+03 1.362350909274112212e+02 0.000000000000000000e+00
1.169200000000000045e+03 1.344618905117728787e+02 0.000000000000000000e+00
1.169400000000000091e+03 1.358823020117042404e+02 0.000000000000000000e+00
1.169600000000000136e+03 1.341044369139216883e+02 0.000000000000000000e+00
1.169799999999999955e+03 1.289961239727767861e+02 0.000000000000000000e+00
1.170000000000000000e+03 1.276244490683505290e+02 0.000000000000000000e+00
1.170200000000000045e+03 1.255388386118017223e+02 0.000000000000000000e+00
1.170400000000000091e+03 1.245792920191794906e+02 0.000000000000000000e+00
1.170600000000000136e+03 1.240644993541665855e+02 0.000000000000000000e+00
1.170799999999999955e+03 1.216552506059643974e+02 0.000000000000000000e+00
1.171000000000000000e+03 1.176435293588219366e+02 0.000000000000000000e+00
1.171200000000000045e+03 1.170982493464355798e+02 0.000000000000000000e+00
1.171400000000000091e+03 1.209297316626477965e+02 0.000000000000000000e+00
1.171600000000000136e+03 1.200666481584290750e+02 0.000000000000000000e+00
1.171799999999999955e+03 1.205985074534506793e+02 0.000000000000000000e+00
1.172000000000000000e+03 1.189285499785480482e+02 3.375000000000000000e+11
1.172200000000000045e+03 1.358823020117042404e+02 3.375000000000000000e+11
1.172400000000000091e+03 1.575817248287376628e+02 3.375000000000000000e+11
1.172600000000000136e+03 1.329661611087572908e+02 3.375000000000000000e+11
1.172799999999999955e+03 1.162755348299890699e+02 3.375000000000000000e+11
1.173000000000000000e+03 1.002397126891333414e+02 3.375000000000000000e+11
1.173200000000000045e+03 8.438009243891595190e+01 3.375000000000000000e+11
1.173400000000000091e+03 7.088018058667739751e+01 3.375000000000000000e+11
1.173600000000000136e+03 6.000000000000000000e+01 3.375000000000000000e+11
1.173799999999999955e+03 4.664761515876240594e+01 3.375000000000000000e+11
1.174000000000000000e+03 4.019950248448355978e+01 3.375000000000000000e+11
1.174200000000000045e+03 3.298484500494128469e+01 3.375000000000000000e+11
1.174400000000000091e+03 2.561249694973139412e+01 3.375000000000000000e+11
1.174600000000000136e+03 2.154065922853801496e+01 3.375000000000000000e+11
1.174799999999999955e+03 2.000000000000000000e+01 3.375000000000000000e+11
1.175000000000000000e+03 1.788854381999831844e+01 3.375000000000000000e+11
1.175200000000000045e+03 1.442220510185595650e+01 3.375000000000000000e+11
1.175400000000000091e+03 1.264911064067351809e+01 3.375000000000000000e+11
1.175600000000000136e+03 1.200000000000000000e+01 3.375000000000000000e+11
1.175799999999999955e+03 1.264911064067351809e+01 3.375000000000000000e+11
1.176000000000000000e+03 1.131370849898476116e+01 0.000000000000000000e+00
1.176200000000000045e+03 8.944271909999159220e+00 0.000000000000000000e+00
1.176400000000000091e+03 8.944271909999159220e+00 0.000000000000000000e+00
1.176600000000000136e+03 8.000000000000000000e+00 0.000000000000000000e+00
1.176799999999999955e+03 8.944271909999159220e+00 0.000000000000000000e+00
1.177000000000000000e+03 5.656854249492380582e+00 0.000000000000000000e+00
1.177200000000000045e+03 4.000000000000000000e+00 0.000000000000000000e+00
1.177400000000000091e+03 4.000000000000000000e+00 0.000000000000000000e+00
1.177600000000000136e+03 5.656854249492380582e+00 0.000000000000000000e+00
1.177799999999999955e+03 4.000000000000000000e+00 0.000000000000000000e+00
1.178000000000000000e+03 5.656854249492380582e+00 0.000000000000000000e+00
1.178200000000000045e+03 5.656854249492380582e+00 0.000000000000000000e+00
1.178400000000000091e+03 8.944271909999159220e+00 0.000000000000000000e+00
1.178600000000000136e+03 8.000000000000000000e+00 0.000000000000000000e+00
1.178799999999999955e+03 8.944271909999159220e+00 0.000000000000000000e+00
1.179000000000000000e+03 8.944271909999159220e+00 0.000000000000000000e+00
1.179200000000000045e+03 8.944271909999159220e+00 0.000000000000000000e+00
1.179400000000000091e+03 8.944271909999159220e+00 0.000000000000000000e+00
1.179600000000000136e+03 8.000000000000000000e+00 0.000000000000000000e+00
1.179799999999999955e+03 8.944271909999159220e+00 0.000000000000000000e+00
1.180000000000000000e+03 5.656854249492380582e+00 3.375000000000000000e+11
1.180200000000000045e+03 5.656854249492380582e+00 3.375000000000000000e+11
1.180400000000000091e+03 4.000000000000000000e+00 3.375000000000000000e+11
1.180600000000000136e+03 0.000000000000000000e+00 3.375000000000000000e+11
1.180799999999999955e+03 0.000000000000000000e+00 3.375000000000000000e+11
1.181000000000000000e+03 0.000000000000000000e+00 3.375000000000000000e+11
1.181200000000000045e+03 4.000000000000000000e+00 3.375000000000000000e+11
1.181400000000000091e+03 4.000000000000000000e+00 3.375000000000000000e+11
1.181600000000000136e+03 4.000000000000000000e+00 3.375000000000000000e+11
1.181799999999999955e+03 4.000000000000000000e+00 3.375000000000000000e+11
1.182000000000000000e+03 5.656854249492380582e+00 3.375000000000000000e+11
1.182200000000000045e+03 5.656854249492380582e+00 3.375000000000000000e+11
1.182400000000000091e+03 5.656854249492380582e+00 3.375000000000000000e+11
1.182600000000000136e+03 4.000000000000000000e+00 3.375000000000000000e+11
1.182799999999999955e+03 4.000000000000000000e+00 3.375000000000000000e+11
1.183000000000000000e+03 4.000000000000000000e+00 3.375000000000000000e+11
1.183200000000000045e+03 4.000000000000000000e+00 3.375000000000000000e+11
1.183400000000000091e+03 0.000000000000000000e+00 3.375000000000000000e+11
1.183600000000000136e+03 0.000000000000000000e+00 3.375000000000000000e+11
1.183799999999999955e+03 0.000000000000000000e+00 3.375000000000000000e+11
1.184000000000000000e+03 0.000000000000000000e+00 0.000000000000000000e+00
1.184200000000000045e+03 4.000000000000000000e+00 0.000000000000000000e+00
1.184400000000000091e+03 4.000000000000000000e+00 0.000000000000000000e+00
1.184600000000000136e+03 4.000000000000000000e+00 0.000000000000000000e+00
1.184799999999999955e+03 5.656854249492380582e+00 0.000000000000000000e+00
1.185000000000000000e+03 5.656854249492380582e+00 0.000000000000000000e+00
1.185200000000000045e+03 5.656854249492380582e+00 0.000000000000000000e+00
1.185400000000000091e+03 4.000000000000000000e+00 0.000000000000000000e+00
1.185600000000000136e+03 4.000000000000000000e+00 0.000000000000000000e+00
1.185799999999999955e+03 4.000000000000000000e+00 0.000000000000000000e+00
1.186000000000000000e+03 4.000000000000000000e+00 0.000000000000000000e+00
1.186200000000000045e+03 0.000000000000000000e+00 0.000000000000000000e+00
1.186400000000000091e+03 0.000000000000000000e+00 0.000000000000000000e+00
1.186600000000000136e+03 0.000000000000000000e+00 0.000000000000000000e+00
1.186799999999999955e+03 4.000000000000000000e+00 0.000000000000000000e+00
1.187000000000000000e+03 4.000000000000000000e+00 0.000000000000000000e+00
1.187200000000000045e+03 4.000000000000000000e+00 0.000000000000000000e+00
1.187400000000000091e+03 4.000000000000000000e+00 0.000000000000000000e+00
1.187600000000000136e+03 5.656854249492380582e+00 0.000000000000000000e+00
1.187799999999999955e+03 5.656854249492380582e+00 0.000000000000000000e+00
1.188000000000000000e+03 5.656854249492380582e+00 3.375000000000000000e+11
1.188200000000000045e+03 4.000000000000000000e+00 3.375000000000000000e+11
1.188400000000000091e+03 4.000000000000000000e+00 3.375000000000000000e+11
1.188600000000000136e+03 4.000000000000000000e+00 3.375000000000000000e+11
1.188799999999999955e+03 4.000000000000000000e+00 3.375000000000000000e+11
1.189000000000000000e+03 0.000000000000000000e+00 3.375000000000000000e+11
1.189200000000000045e+03 0.000000000000000000e+00 3.375000000000000000e+11
1.189400000000000091e+03 0.000000000000000000e+00 3.375000000000000000e+11
1.189600000000000136e+03 4.000000000000000000e+00 3.375000000000000000e+11
1.189799999999999955e+03 4.000000000000000000e+00 3.375000000000000000e+11
1.190000000000000000e+03 4.000000000000000000e+00 3.375000000000000000e+11
1.190200000000000045e+03 4.000000000000000000e+00 3.375000000000000000e+11
1.190400000000000091e+03 5.656854249492380582e+00 3.375000000000000000e+11
1.190600000000000136e+03 5.656854249492380582e+00 3.375000000000000000e+11
1.190799999999999955e+03 5.656854249492380582e+00 3.375000000000000000e+11
1.191000000000000000e+03 4.000000000000000000e+00 3.375000000000000000e+11
1.191200000000000045e+03 4.000000000000000000e+00 3.375000000000000000e+11
1.191400000000000091e+03 4.000000000000000000e+00 3.375000000000000000e+11
1.191600000000000136e+03 4.000000000000000000e+00 3.375000000000000000e+11
1.191799999999999955e+03 0.000000000000000000e+00 3.375000000000000000e+11
1.192000000000000000e+03 0.000000000000000000e+00 0.000000000000000000e+00
1.192200000000000045e+03 0.000000000000000000e+00 0.000000000000000000e+00
1.192400000000000091e+03 4.000000000000000000e+00 0.000000000000000000e+00
1.192600000000000136e+03 4.000000000000000000e+00 0.000000000000000000e+00
1.192799999999999955e+03 4.000000000000000000e+00 0.000000000000000000e+00
1.193000000000000000e+03 4.000000000000000000e+00 0.000000000000000000e+00
1.193200000000000045e+03 5.656854249492380582e+00 0.000000000000000000e+00
1.193400000000000091e+03 5.656854249492380582e+00 0.000000000000000000e+00
1.193600000000000136e+03 5.656854249492380582e+00 0.000000000000000000e+00
1.193799999999999955e+03 4.000000000000000000e+00 0.000000000000000000e+00
1.194000000000000000e+03 4.000000000000000000e+00 0.000000000000000000e+00
1.194200000000000045e+03 4.000000000000000000e+00 0.000000000000000000e+00
1.194400000000000091e+03 0.000000000000000000e+00 0.000000000000000000e+00
1.194600000000000136e+03 0.000000000000000000e+00 0.000000000000000000e+00
1.194799999999999955e+03 0.000000000000000000e+00 0.000000000000000000e+00
1.195000000000000000e+03 0.000000000000000000e+00 0.000000000000000000e+00
1.195200000000000045e+03 4.000000000000000000e+00 0.000000000000000000e+00
1.195400000000000091e+03 4.000000000000000000e+00 0.000000000000000000e+00
1.195600000000000136e+03 4.000000000000000000e+00 0.000000000000000000e+00
1.195799999999999955e+03 5.656854249492380582e+00 0.000000000000000000e+00
1.196000000000000000e+03 5.656854249492380582e+00 3.375000000000000000e+11
1.196200000000000045e+03 5.656854249492380582e+00 3.375000000000000000e+11
1.196400000000000091e+03 5.656854249492380582e+00 3.375000000000000000e+11
1.196600000000000136e+03 4.000000000000000000e+00 3.375000000000000000e+11
1.196799999999999955e+03 4.000000000000000000e+00 3.375000000000000000e+11
1.197000000000000000e+03 4.000000000000000000e+00 3.375000000000000000e+11
1.197200000000000045e+03 0.000000000000000000e+00 3.375000000000000000e+11
1.197400000000000091e+03 0.000000000000000000e+00 3.375000000000000000e+11
1.197600000000000136e+03 0.000000000000000000e+00 3.375000000000000000e+11
1.197799999999999955e+03 0.000000000000000000e+00 3.375000000000000000e+11
1.198000000000000000e+03 4.000000000000000000e+00 3.375000000000000000e+11
1.198200000000000045e+03 4.000000000000000000e+00 3.375000000000000000e+11
1.198400000000000091e+03 4.000000000000000000e+00 3.375000000000000000e+11
1.198600000000000136e+03 5.656854249492380582e+00 3.375000000000000000e+11
1.198799999999999955e+03 5.656854249492380582e+00 3.375000000000000000e+11
1.199000000000000000e+03 5.656854249492380582e+00 3.375000000000000000e+11
1.199200000000000045e+03 5.656854249492380582e+00 3.375000000000000000e+11
1.199400000000000091e+03 4.000000000000000000e+00 3.375000000000000000e+11
1.199600000000000136e+03 4.000000000000000000e+00 3.375000000000000000e+11
1.199799999999999955e+03 4.000000000000000000e+00 3.375000000000000000e+11
