1.200000000000000000e+03 0.000000000000000000e+00 0.000000000000000000e+00
1.200200000000000045e+03 4.000000000000000000e+00 0.000000000000000000e+00
1.200400000000000091e+03 4.000000000000000000e+00 0.000000000000000000e+00
1.200600000000000136e+03 5.656854249492380582e+00 0.000000000000000000e+00
1.200799999999999955e+03 5.656854249492380582e+00 0.000000000000000000e+00
1.201000000000000000e+03 5.656854249492380582e+00 0.000000000000000000e+00
1.201200000000000045e+03 5.656854249492380582e+00 0.000000000000000000e+00
1.201400000000000091e+03 5.656854249492380582e+00 0.000000000000000000e+00
1.201600000000000136e+03 5.656854249492380582e+00 0.000000000000000000e+00
1.201799999999999955e+03 5.656854249492380582e+00 0.000000000000000000e+00
1.202000000000000000e+03 5.656854249492380582e+00 0.000000000000000000e+00
1.202200000000000045e+03 5.656854249492380582e+00 0.000000000000000000e+00
1.202400000000000091e+03 4.000000000000000000e+00 0.000000000000000000e+00
1.202600000000000136e+03 5.656854249492380582e+00 0.000000000000000000e+00
1.202799999999999955e+03 5.656854249492380582e+00 0.000000000000000000e+00
1.203000000000000000e+03 5.656854249492380582e+00 0.000000000000000000e+00
1.203200000000000045e+03 5.656854249492380582e+00 0.000000000000000000e+00
1.203400000000000091e+03 5.656854249492380582e+00 0.000000000000000000e+00
1.203600000000000136e+03 5.656854249492380582e+00 0.000000000000000000e+00
1.203799999999999955e+03 5.656854249492380582e+00 0.000000000000000000e+00
1.204000000000000000e+03 5.656854249492380582e+00 3.399999800000000000e+11
1.204200000000000045e+03 5.656854249492380582e+00 3.399999800000000000e+11
1.204400000000000091e+03 5.656854249492380582e+00 3.399999800000000000e+11
1.204600000000000136e+03 4.000000000000000000e+00 3.399999800000000000e+11
1.204799999999999955e+03 4.000000000000000000e+00 3.399999800000000000e+11
1.205000000000000000e+03 4.000000000000000000e+00 3.399999800000000000e+11
1.205200000000000045e+03 4.000000000000000000e+00 3.399999800000000000e+11
1.205400000000000091e+03 0.000000000000000000e+00 3.399999800000000000e+11
1.205600000000000136e+03 0.000000000000000000e+00 3.399999800000000000e+11
1.205799999999999955e+03 0.000000000000000000e+00 3.399999800000000000e+11
1.206000000000000000e+03 4.000000000000000000e+00 3.399999800000000000e+11
1.206200000000000045e+03 4.000000000000000000e+00 3.399999800000000000e+11
1.206400000000000091e+03 4.000000000000000000e+00 3.399999800000000000e+11
1.206600000000000136e+03 4.000000000000000000e+00 3.399999800000000000e+11
1.206799999999999955e+03 5.656854249492380582e+00 3.399999800000000000e+11
1.207000000000000000e+03 5.656854249492380582e+00 3.399999800000000000e+11
1.207200000000000045e+03 5.656854249492380582e+00 3.399999800000000000e+11
1.207400000000000091e+03 4.000000000000000000e+00 3.399999800000000000e+11
1.207600000000000136e+03 4.000000000000000000e+00 3.399999800000000000e+11
1.207799999999999955e+03 4.000000000000000000e+00 3.399999800000000000e+11
1.208000000000000000e+03 4.000000000000000000e+00 0.000000000000000000e+00
1.208200000000000045e+03 0.000000000000000000e+00 0.000000000000000000e+00
1.208400000000000091e+03 0.000000000000000000e+00 0.000000000000000000e+00
1.208600000000000136e+03 0.000000000000000000e+00 0.000000000000000000e+00
1.208799999999999955e+03 4.000000000000000000e+00 0.000000000000000000e+00
1.209000000000000000e+03 4.000000000000000000e+00 0.000000000000000000e+00
1.209200000000000045e+03 4.000000000000000000e+00 0.000000000000000000e+00
1.209400000000000091e+03 4.000000000000000000e+00 0.000000000000000000e+00
1.209600000000000136e+03 5.656854249492380582e+00 0.000000000000000000e+00
1.209799999999999955e+03 5.656854249492380582e+00 0.000000000000000000e+00
1.210000000000000000e+03 5.656854249492380582e+00 0.000000000000000000e+00
1.210200000000000045e+03 4.000000000000000000e+00 0.000000000000000000e+00
1.210400000000000091e+03 4.000000000000000000e+00 0.000000000000000000e+00
1.210600000000000136e+03 4.000000000000000000e+00 0.000000000000000000e+00
1.210799999999999955e+03 0.000000000000000000e+00 0.000000000000000000e+00
1.211000000000000000e+03 0.000000000000000000e+00 0.000000000000000000e+00
1.211200000000000045e+03 0.000000000000000000e+00 0.000000000000000000e+00
1.211400000000000091e+03 0.000000000000000000e+00 0.000000000000000000e+00
1.211600000000000136e+03 4.000000000000000000e+00 0.000000000000000000e+00
1.211799999999999955e+03 4.000000000000000000e+00 0.000000000000000000e+00
1.212000000000000000e+03 4.000000000000000000e+00 3.399999800000000000e+11
1.212200000000000045e+03 5.656854249492380582e+00 3.399999800000000000e+11
1.212400000000000091e+03 5.656854249492380582e+00 3.399999800000000000e+11
1.212600000000000136e+03 5.656854249492380582e+00 3.399999800000000000e+11
1.212799999999999955e+03 5.656854249492380582e+00 3.399999800000000000e+11
1.213000000000000000e+03 4.000000000000000000e+00 3.399999800000000000e+11
1.213200000000000045e+03 4.000000000000000000e+00 3.399999800000000000e+11
1.213400000000000091e+03 4.000000000000000000e+00 3.399999800000000000e+11
1.213600000000000136e+03 0.000000000000000000e+00 3.399999800000000000e+11
1.213799999999999955e+03 0.000000000000000000e+00 3.399999800000000000e+11
1.214000000000000000e+03 0.000000000000000000e+00 3.399999800000000000e+11
1.214200000000000045e+03 0.000000000000000000e+00 3.399999800000000000e+11
1.214400000000000091e+03 4.000000000000000000e+00 3.399999800000000000e+11
1.214600000000000136e+03 4.000000000000000000e+00 3.399999800000000000e+11
1.214799999999999955e+03 4.000000000000000000e+00 3.399999800000000000e+11
1.215000000000000000e+03 5.656854249492380582e+00 3.399999800000000000e+11
1.215200000000000045e+03 5.656854249492380582e+00 3.399999800000000000e+11
1.215400000000000091e+03 5.656854249492380582e+00 3.399999800000000000e+11
1.215600000000000136e+03 5.656854249492380582e+00 3.399999800000000000e+11
1.215799999999999955e+03 4.000000000000000000e+00 3.399999800000000000e+11
1.216000000000000000e+03 4.000000000000000000e+00 0.000000000000000000e+00
1.216200000000000045e+03 4.000000000000000000e+00 0.000000000000000000e+00
1.216400000000000091e+03 0.000000000000000000e+00 0.000000000000000000e+00
1.216600000000000136e+03 0.000000000000000000e+00 0.000000000000000000e+00
1.216799999999999955e+03 0.000000000000000000e+00 0.000000000000000000e+00
1.217000000000000000e+03 0.000000000000000000e+00 0.000000000000000000e+00
1.217200000000000045e+03 4.000000000000000000e+00 0.000000000000000000e+00
1.217400000000000091e+03 4.000000000000000000e+00 0.000000000000000000e+00
1.217600000000000136e+03 4.000000000000000000e+00 0.000000000000000000e+00
1.217799999999999955e+03 5.656854249492380582e+00 0.000000000000000000e+00
1.218000000000000000e+03 5.656854249492380582e+00 0.000000000000000000e+00
1.218200000000000045e+03 5.656854249492380582e+00 0.000000000000000000e+00
1.218400000000000091e+03 4.000000000000000000e+00 0.000000000000000000e+00
1.218600000000000136e+03 4.000000000000000000e+00 0.000000000000000000e+00
1.218799999999999955e+03 4.000000000000000000e+00 0.000000000000000000e+00
1.219000000000000000e+03 4.000000000000000000e+00 0.000000000000000000e+00
1.219200000000000045e+03 0.000000000000000000e+00 0.000000000000000000e+00
1.219400000000000091e+03 0.000000000000000000e+00 0.000000000000000000e+00
1.219600000000000136e+03 0.000000000000000000e+00 0.000000000000000000e+00
1.219799999999999955e+03 4.000000000000000000e+00 0.000000000000000000e+00
1.220000000000000000e+03 4.000000000000000000e+00 3.399999800000000000e+11
1.220200000000000045e+03 4.000000000000000000e+00 3.399999800000000000e+11
1.220400000000000091e+03 4.000000000000000000e+00 3.399999800000000000e+11
1.220600000000000136e+03 5.656854249492380582e+00 3.399999800000000000e+11
1.220799999999999955e+03 5.656854249492380582e+00 3.399999800000000000e+11
1.221000000000000000e+03 5.656854249492380582e+00 3.399999800000000000e+11
1.221200000000000045e+03 4.000000000000000000e+00 3.399999800000000000e+11
1.221400000000000091e+03 4.000000000000000000e+00 3.399999800000000000e+11
1.221600000000000136e+03 4.000000000000000000e+00 3.399999800000000000e+11
1.221799999999999955e+03 4.000000000000000000e+00 3.399999800000000000e+11
1.222000000000000000e+03 0.000000000000000000e+00 3.399999800000000000e+11
1.222200000000000045e+03 0.000000000000000000e+00 3.399999800000000000e+11
1.222400000000000091e+03 0.000000000000000000e+00 3.399999800000000000e+11
1.222600000000000136e+03 4.000000000000000000e+00 3.399999800000000000e+11
1.222799999999999955e+03 4.000000000000000000e+00 3.399999800000000000e+11
1.223000000000000000e+03 4.000000000000000000e+00 3.399999800000000000e+11
1.223200000000000045e+03 4.000000000000000000e+00 3.399999800000000000e+11
1.223400000000000091e+03 5.656854249492380582e+00 3.399999800000000000e+11
1.223600000000000136e+03 5.656854249492380582e+00 3.399999800000000000e+11
1.223799999999999955e+03 5.656854249492380582e+00 3.399999800000000000e+11
1.224000000000000000e+03 4.000000000000000000e+00 0.000000000000000000e+00
1.224200000000000045e+03 4.000000000000000000e+00 0.000000000000000000e+00
1.224400000000000091e+03 4.000000000000000000e+00 0.000000000000000000e+00
1.224600000000000136e+03 0.000000000000000000e+00 0.000000000000000000e+00
1.224799999999999955e+03 0.000000000000000000e+00 0.000000000000000000e+00
1.225000000000000000e+03 0.000000000000000000e+00 0.000000000000000000e+00
1.225200000000000045e+03 0.000000000000000000e+00 0.000000000000000000e+00
1.225400000000000091e+03 4.000000000000000000e+00 0.000000000000000000e+00
1.225600000000000136e+03 4.000000000000000000e+00 0.000000000000000000e+00
1.225799999999999955e+03 4.000000000000000000e+00 0.000000000000000000e+00
1.226000000000000000e+03 5.656854249492380582e+00 0.000000000000000000e+00
1.226200000000000045e+03 5.656854249492380582e+00 0.000000000000000000e+00
1.226400000000000091e+03 5.656854249492380582e+00 0.000000000000000000e+00
1.226600000000000136e+03 5.656854249492380582e+00 0.000000000000000000e+00
1.226799999999999955e+03 4.000000000000000000e+00 0.000000000000000000e+00
1.227000000000000000e+03 4.000000000000000000e+00 0.000000000000000000e+00
1.227200000000000045e+03 4.000000000000000000e+00 0.000000000000000000e+00
1.227400000000000091e+03 0.000000000000000000e+00 0.000000000000000000e+00
1.227600000000000136e+03 0.000000000000000000e+00 0.000000000000000000e+00
1.227799999999999955e+03 0.000000000000000000e+00 0.000000000000000000e+00
1.228000000000000000e+03 4.000000000000000000e+00 3.399999800000000000e+11
1.228200000000000045e+03 4.000000000000000000e+00 3.399999800000000000e+11
1.228400000000000091e+03 4.000000000000000000e+00 3.399999800000000000e+11
1.228600000000000136e+03 4.000000000000000000e+00 3.399999800000000000e+11
1.228800000000000182e+03 5.656854249492380582e+00 3.399999800000000000e+11
1.229000000000000000e+03 5.656854249492380582e+00 3.399999800000000000e+11
1.229200000000000045e+03 5.656854249492380582e+00 3.399999800000000000e+11
1.229400000000000091e+03 4.000000000000000000e+00 3.399999800000000000e+11
1.229600000000000136e+03 4.000000000000000000e+00 3.399999800000000000e+11
1.229800000000000182e+03 4.000000000000000000e+00 3.399999800000000000e+11
1.230000000000000000e+03 4.000000000000000000e+00 3.399999800000000000e+11
1.230200000000000045e+03 0.000000000000000000e+00 3.399999800000000000e+11
1.230400000000000091e+03 0.000000000000000000e+00 3.399999800000000000e+11
1.230600000000000136e+03 0.000000000000000000e+00 3.399999800000000000e+11
1.230800000000000182e+03 4.000000000000000000e+00 3.399999800000000000e+11
1.231000000000000000e+03 4.000000000000000000e+00 3.399999800000000000e+11
1.231200000000000045e+03 4.000000000000000000e+00 3.399999800000000000e+11
1.231400000000000091e+03 4.000000000000000000e+00 3.399999800000000000e+11
1.231600000000000136e+03 5.656854249492380582e+00 3.399999800000000000e+11
1.231800000000000182e+03 5.656854249492380582e+00 3.399999800000000000e+11
1.232000000000000000e+03 5.656854249492380582e+00 0.000000000000000000e+00
1.232200000000000045e+03 5.656854249492380582e+00 0.000000000000000000e+00
1.232400000000000091e+03 4.000000000000000000e+00 0.000000000000000000e+00
1.232600000000000136e+03 4.000000000000000000e+00 0.000000000000000000e+00
1.232800000000000182e+03 4.000000000000000000e+00 0.000000000000000000e+00
1.233000000000000000e+03 0.000000000000000000e+00 0.000000000000000000e+00
1.233200000000000045e+03 0.000000000000000000e+00 0.000000000000000000e+00
1.233400000000000091e+03 0.000000000000000000e+00 0.000000000000000000e+00
1.233600000000000136e+03 4.000000000000000000e+00 0.000000000000000000e+00
1.233800000000000182e+03 4.000000000000000000e+00 0.000000000000000000e+00
1.234000000000000000e+03 4.000000000000000000e+00 0.000000000000000000e+00
1.234200000000000045e+03 4.000000000000000000e+00 0.000000000000000000e+00
1.234400000000000091e+03 5.656854249492380582e+00 0.000000000000000000e+00
1.234600000000000136e+03 5.656854249492380582e+00 0.000000000000000000e+00
1.234800000000000182e+03 5.656854249492380582e+00 0.000000000000000000e+00
1.235000000000000000e+03 4.000000000000000000e+00 0.000000000000000000e+00
1.235200000000000045e+03 4.000000000000000000e+00 0.000000000000000000e+00
1.235400000000000091e+03 4.000000000000000000e+00 0.000000000000000000e+00
1.235600000000000136e+03 4.000000000000000000e+00 0.000000000000000000e+00
1.235800000000000182e+03 0.000000000000000000e+00 0.000000000000000000e+00
1.236000000000000000e+03 0.000000000000000000e+00 3.399999800000000000e+11
1.236200000000000045e+03 0.000000000000000000e+00 3.399999800000000000e+11
1.236400000000000091e+03 4.000000000000000000e+00 3.399999800000000000e+11
1.236600000000000136e+03 4.000000000000000000e+00 3.399999800000000000e+11
1.236800000000000182e+03 4.000000000000000000e+00 3.399999800000000000e+11
1.237000000000000000e+03 4.000000000000000000e+00 3.399999800000000000e+11
1.237200000000000045e+03 5.656854249492380582e+00 3.399999800000000000e+11
1.237400000000000091e+03 5.656854249492380582e+00 3.399999800000000000e+11
1.237600000000000136e+03 5.656854249492380582e+00 3.399999800000000000e+11
1.237800000000000182e+03 5.656854249492380582e+00 3.399999800000000000e+11
1.238000000000000000e+03 4.000000000000000000e+00 3.399999800000000000e+11
1.238200000000000045e+03 8.000000000000000000e+00 3.399999800000000000e+11
1.238400000000000091e+03 5.656854249492380582e+00 3.399999800000000000e+11
1.238600000000000136e+03 5.656854249492380582e+00 3.399999800000000000e+11
1.238800000000000182e+03 4.000000000000000000e+00 3.399999800000000000e+11
1.239000000000000000e+03 5.656854249492380582e+00 3.399999800000000000e+11
1.239200000000000045e+03 5.656854249492380582e+00 3.399999800000000000e+11
1.239400000000000091e+03 8.000000000000000000e+00 3.399999800000000000e+11
1.239600000000000136e+03 1.264911064067351809e+01 3.399999800000000000e+11
1.239800000000000182e+03 1.442220510185595650e+01 3.399999800000000000e+11
1.240000000000000000e+03 1.788854381999831844e+01 0.000000000000000000e+00
1.240200000000000045e+03 2.039607805437113797e+01 0.000000000000000000e+00
1.240400000000000091e+03 2.039607805437113797e+01 0.000000000000000000e+00
1.240600000000000136e+03 2.000000000000000000e+01 0.000000000000000000e+00
1.240800000000000182e+03 2.000000000000000000e+01 0.000000000000000000e+00
1.241000000000000000e+03 2.039607805437113797e+01 0.000000000000000000e+00
1.241200000000000045e+03 2.039607805437113797e+01 0.000000000000000000e+00
1.241400000000000091e+03 1.788854381999831844e+01 0.000000000000000000e+00
1.241600000000000136e+03 1.442220510185595650e+01 0.000000000000000000e+00
1.241800000000000182e+03 1.649242250247064234e+01 0.000000000000000000e+00
1.242000000000000000e+03 1.264911064067351809e+01 0.000000000000000000e+00
1.242200000000000045e+03 1.442220510185595650e+01 0.000000000000000000e+00
1.242400000000000091e+03 1.264911064067351809e+01 0.000000000000000000e+00
1.242600000000000136e+03 1.649242250247064234e+01 0.000000000000000000e+00
1.242800000000000182e+03 1.442220510185595650e+01 0.000000000000000000e+00
1.243000000000000000e+03 1.788854381999831844e+01 0.000000000000000000e+00
1.243200000000000045e+03 1.649242250247064234e+01 0.000000000000000000e+00
1.243400000000000091e+03 2.039607805437113797e+01 0.000000000000000000e+00
1.243600000000000136e+03 1.788854381999831844e+01 0.000000000000000000e+00
1.243800000000000182e+03 2.000000000000000000e+01 0.000000000000000000e+00
1.244000000000000000e+03 1.649242250247064234e+01 3.399999800000000000e+11
1.244200000000000045e+03 2.000000000000000000e+01 3.399999800000000000e+11
1.244400000000000091e+03 2.154065922853801496e+01 3.399999800000000000e+11
1.244600000000000136e+03 2.561249694973139412e+01 3.399999800000000000e+11
1.244800000000000182e+03 2.912043955712207222e+01 3.399999800000000000e+11
1.245000000000000000e+03 3.224903099319419653e+01 3.399999800000000000e+11
1.245200000000000045e+03 3.773592452822641263e+01 3.399999800000000000e+11
1.245400000000000091e+03 4.326661530556787483e+01 3.399999800000000000e+11
1.245600000000000136e+03 5.261178575186362139e+01 3.399999800000000000e+11
1.245800000000000182e+03 6.209669878504009688e+01 3.399999800000000000e+11
1.246000000000000000e+03 7.440430095095310037e+01 3.399999800000000000e+11
1.246200000000000045e+03 8.781799360040059810e+01 3.399999800000000000e+11
1.246400000000000091e+03 1.007174264961133758e+02 3.399999800000000000e+11
1.246600000000000136e+03 1.176435293588219366e+02 3.399999800000000000e+11
1.246800000000000182e+03 1.362350909274112212e+02 3.399999800000000000e+11
1.247000000000000000e+03 1.556406116667497486e+02 3.399999800000000000e+11
1.247200000000000045e+03 1.397139935725838313e+02 3.399999800000000000e+11
1.247400000000000091e+03 1.160689450283752677e+02 3.399999800000000000e+11
1.247600000000000136e+03 1.324235628579747868e+02 3.399999800000000000e+11
1.247800000000000182e+03 1.531535177526131690e+02 3.399999800000000000e+11
1.248000000000000000e+03 1.256025477448606580e+02 0.000000000000000000e+00
1.248200000000000045e+03 1.305986217385160728e+02 0.000000000000000000e+00
1.248400000000000091e+03 1.280624847486569706e+02 0.000000000000000000e+00
1.248600000000000136e+03 1.255388386118017223e+02 0.000000000000000000e+00
1.248800000000000182e+03 1.275617497528157998e+02 0.000000000000000000e+00
1.249000000000000000e+03 1.252836781069266010e+02 0.000000000000000000e+00
1.249200000000000045e+03 1.250279968647022741e+02 0.000000000000000000e+00
1.249400000000000091e+03 1.221147001797899776e+02 0.000000000000000000e+00
1.249600000000000136e+03 1.187265766372466373e+02 0.000000000000000000e+00
1.249800000000000182e+03 1.166190378969060077e+02 0.000000000000000000e+00
1.250000000000000000e+03 1.138419957660616575e+02 0.000000000000000000e+00
1.250200000000000045e+03 1.131370849898476081e+02 0.000000000000000000e+00
1.250400000000000091e+03 1.138419957660616575e+02 0.000000000000000000e+00
1.250600000000000136e+03 1.126410227226297849e+02 0.000000000000000000e+00
1.250800000000000182e+03 1.132077735846792450e+02 0.000000000000000000e+00
1.251000000000000000e+03 1.132077735846792450e+02 0.000000000000000000e+00
1.251200000000000045e+03 1.131370849898476081e+02 0.000000000000000000e+00
1.251400000000000091e+03 1.126410227226297849e+02 0.000000000000000000e+00
1.251600000000000136e+03 1.106345334875146449e+02 0.000000000000000000e+00
1.251800000000000182e+03 1.109233969908963786e+02 0.000000000000000000e+00
1.252000000000000000e+03 1.080000000000000000e+02 3.399999800000000000e+11
1.252200000000000045e+03 9.138927727036690385e+01 3.399999800000000000e+11
1.252400000000000091e+03 7.641989269817119634e+01 3.399999800000000000e+11
1.252600000000000136e+03 6.092618484691126923e+01 3.399999800000000000e+11
1.252800000000000182e+03 5.200000000000000000e+01 3.399999800000000000e+11
1.253000000000000000e+03 4.308131845707602992e+01 3.399999800000000000e+11
1.253200000000000045e+03 3.687817782917154830e+01 3.399999800000000000e+11
1.253400000000000091e+03 3.046309242345563462e+01 3.399999800000000000e+11
1.253600000000000136e+03 2.433105012119287736e+01 3.399999800000000000e+11
1.253800000000000182e+03 2.332380757938120297e+01 3.399999800000000000e+11
1.254000000000000000e+03 2.000000000000000000e+01 3.399999800000000000e+11
1.254200000000000045e+03 1.649242250247064234e+01 3.399999800000000000e+11
1.254400000000000091e+03 1.649242250247064234e+01 3.399999800000000000e+11
1.254600000000000136e+03 1.442220510185595650e+01 3.399999800000000000e+11
1.254800000000000182e+03 1.131370849898476116e+01 3.399999800000000000e+11
1.255000000000000000e+03 8.944271909999159220e+00 3.399999800000000000e+11
1.255200000000000045e+03 8.944271909999159220e+00 3.399999800000000000e+11
1.255400000000000091e+03 8.000000000000000000e+00 3.399999800000000000e+11
1.255600000000000136e+03 4.000000000000000000e+00 3.399999800000000000e+11
1.255800000000000182e+03 4.000000000000000000e+00 3.399999800000000000e+11
1.256000000000000000e+03 4.000000000000000000e+00 0.000000000000000000e+00
1.256200000000000045e+03 0.000000000000000000e+00 0.000000000000000000e+00
1.256400000000000091e+03 0.000000000000000000e+00 0.000000000000000000e+00
1.256600000000000136e+03 0.000000000000000000e+00 0.000000000000000000e+00
1.256800000000000182e+03 4.000000000000000000e+00 0.000000000000000000e+00
1.257000000000000000e+03 4.000000000000000000e+00 0.000000000000000000e+00
1.257200000000000045e+03 4.000000000000000000e+00 0.000000000000000000e+00
1.257400000000000091e+03 4.000000000000000000e+00 0.000000000000000000e+00
1.257600000000000136e+03 5.656854249492380582e+00 0.000000000000000000e+00
1.257800000000000182e+03 5.656854249492380582e+00 0.000000000000000000e+00
1.258000000000000000e+03 5.656854249492380582e+00 0.000000000000000000e+00
1.258200000000000045e+03 5.656854249492380582e+00 0.000000000000000000e+00
1.258400000000000091e+03 4.000000000000000000e+00 0.000000000000000000e+00
1.258600000000000136e+03 4.000000000000000000e+00 0.000000000000000000e+00
1.258800000000000182e+03 4.000000000000000000e+00 0.000000000000000000e+00
1.259000000000000000e+03 4.000000000000000000e+00 0.000000000000000000e+00
1.259200000000000045e+03 0.000000000000000000e+00 0.000000000000000000e+00
1.259400000000000091e+03 0.000000000000000000e+00 0.000000000000000000e+00
1.259600000000000136e+03 0.000000000000000000e+00 0.000000000000000000e+00
1.259800000000000182e+03 0.000000000000000000e+00 0.000000000000000000e+00
1.260000000000000000e+03 4.000000000000000000e+00 3.399999800000000000e+11
1.260200000000000045e+03 4.000000000000000000e+00 3.399999800000000000e+11
1.260400000000000091e+03 4.000000000000000000e+00 3.399999800000000000e+11
1.260600000000000136e+03 4.000000000000000000e+00 3.399999800000000000e+11
1.260800000000000182e+03 5.656854249492380582e+00 3.399999800000000000e+11
1.261000000000000000e+03 5.656854249492380582e+00 3.399999800000000000e+11
1.261200000000000045e+03 5.656854249492380582e+00 3.399999800000000000e+11
1.261400000000000091e+03 5.656854249492380582e+00 3.399999800000000000e+11
1.261600000000000136e+03 4.000000000000000000e+00 3.399999800000000000e+11
1.261800000000000182e+03 4.000000000000000000e+00 3.399999800000000000e+11
1.262000000000000000e+03 4.000000000000000000e+00 3.399999800000000000e+11
1.262200000000000045e+03 0.000000000000000000e+00 3.399999800000000000e+11
1.262400000000000091e+03 0.000000000000000000e+00 3.399999800000000000e+11
1.262600000000000136e+03 0.000000000000000000e+00 3.399999800000000000e+11
1.262800000000000182e+03 0.000000000000000000e+00 3.399999800000000000e+11
1.263000000000000000e+03 4.000000000000000000e+00 3.399999800000000000e+11
1.263200000000000045e+03 4.000000000000000000e+00 3.399999800000000000e+11
1.263400000000000091e+03 4.000000000000000000e+00 3.399999800000000000e+11
1.263600000000000136e+03 5.656854249492380582e+00 3.399999800000000000e+11
1.263800000000000182e+03 5.656854249492380582e+00 3.399999800000000000e+11
1.264000000000000000e+03 5.656854249492380582e+00 0.000000000000000000e+00
1.264200000000000045e+03 5.656854249492380582e+00 0.000000000000000000e+00
1.264400000000000091e+03 4.000000000000000000e+00 0.000000000000000000e+00
1.264600000000000136e+03 4.000000000000000000e+00 0.000000000000000000e+00
1.264800000000000182e+03 4.000000000000000000e+00 0.000000000000000000e+00
1.265000000000000000e+03 0.000000000000000000e+00 0.000000000000000000e+00
1.265200000000000045e+03 0.000000000000000000e+00 0.000000000000000000e+00
1.265400000000000091e+03 0.000000000000000000e+00 0.000000000000000000e+00
1.265600000000000136e+03 0.000000000000000000e+00 0.000000000000000000e+00
1.265800000000000182e+03 4.000000000000000000e+00 0.000000000000000000e+00
1.266000000000000000e+03 4.000000000000000000e+00 0.000000000000000000e+00
1.266200000000000045e+03 4.000000000000000000e+00 0.000000000000000000e+00
1.266400000000000091e+03 5.656854249492380582e+00 0.000000000000000000e+00
1.266600000000000136e+03 5.656854249492380582e+00 0.000000000000000000e+00
1.266800000000000182e+03 5.656854249492380582e+00 0.000000000000000000e+00
1.267000000000000000e+03 4.000000000000000000e+00 0.000000000000000000e+00
1.267200000000000045e+03 4.000000000000000000e+00 0.000000000000000000e+00
1.267400000000000091e+03 4.000000000000000000e+00 0.000000000000000000e+00
1.267600000000000136e+03 4.000000000000000000e+00 0.000000000000000000e+00
1.267800000000000182e+03 0.000000000000000000e+00 0.000000000000000000e+00
1.268000000000000000e+03 0.000000000000000000e+00 3.399999800000000000e+11
1.268200000000000045e+03 0.000000000000000000e+00 3.399999800000000000e+11
1.268400000000000091e+03 4.000000000000000000e+00 3.399999800000000000e+11
1.268600000000000136e+03 4.000000000000000000e+00 3.399999800000000000e+11
1.268800000000000182e+03 4.000000000000000000e+00 3.399999800000000000e+11
1.269000000000000000e+03 4.000000000000000000e+00 3.399999800000000000e+11
1.269200000000000045e+03 5.656854249492380582e+00 3.399999800000000000e+11
1.269400000000000091e+03 5.656854249492380582e+00 3.399999800000000000e+11
1.269600000000000136e+03 5.656854249492380582e+00 3.399999800000000000e+11
1.269800000000000182e+03 4.000000000000000000e+00 3.399999800000000000e+11
1.270000000000000000e+03 4.000000000000000000e+00 3.399999800000000000e+11
1.270200000000000045e+03 4.000000000000000000e+00 3.399999800000000000e+11
1.270400000000000091e+03 4.000000000000000000e+00 3.399999800000000000e+11
1.270600000000000136e+03 0.000000000000000000e+00 3.399999800000000000e+11
1.270800000000000182e+03 0.000000000000000000e+00 3.399999800000000000e+11
1.271000000000000000e+03 0.000000000000000000e+00 3.399999800000000000e+11
1.271200000000000045e+03 4.000000000000000000e+00 3.399999800000000000e+11
1.271400000000000091e+03 4.000000000000000000e+00 3.399999800000000000e+11
1.271600000000000136e+03 4.000000000000000000e+00 3.399999800000000000e+11
1.271800000000000182e+03 4.000000000000000000e+00 3.399999800000000000e+11
1.272000000000000000e+03 5.656854249492380582e+00 0.000000000000000000e+00
1.272200000000000045e+03 5.656854249492380582e+00 0.000000000000000000e+00
1.272400000000000091e+03 5.656854249492380582e+00 0.000000000000000000e+00
1.272600000000000136e+03 4.000000000000000000e+00 0.000000000000000000e+00
1.272800000000000182e+03 4.000000000000000000e+00 0.000000000000000000e+00
1.273000000000000000e+03 4.000000000000000000e+00 0.000000000000000000e+00
1.273200000000000045e+03 4.000000000000000000e+00 0.000000000000000000e+00
1.273400000000000091e+03 0.000000000000000000e+00 0.000000000000000000e+00
1.273600000000000136e+03 0.000000000000000000e+00 0.000000000000000000e+00
1.273800000000000182e+03 0.000000000000000000e+00 0.000000000000000000e+00
1.274000000000000000e+03 4.000000000000000000e+00 0.000000000000000000e+00
1.274200000000000045e+03 4.000000000000000000e+00 0.000000000000000000e+00
1.274400000000000091e+03 4.000000000000000000e+00 0.000000000000000000e+00
1.274600000000000136e+03 4.000000000000000000e+00 0.000000000000000000e+00
1.274800000000000182e+03 5.656854249492380582e+00 0.000000000000000000e+00
1.275000000000000000e+03 5.656854249492380582e+00 0.000000000000000000e+00
1.275200000000000045e+03 5.656854249492380582e+00 0.000000000000000000e+00
1.275400000000000091e+03 4.000000000000000000e+00 0.000000000000000000e+00
1.275600000000000136e+03 4.000000000000000000e+00 0.000000000000000000e+00
1.275800000000000182e+03 4.000000000000000000e+00 0.000000000000000000e+00
1.276000000000000000e+03 0.000000000000000000e+00 3.399999800000000000e+11
1.276200000000000045e+03 0.000000000000000000e+00 3.399999800000000000e+11
1.276400000000000091e+03 0.000000000000000000e+00 3.399999800000000000e+11
1.276600000000000136e+03 0.000000000000000000e+00 3.399999800000000000e+11
1.276800000000000182e+03 4.000000000000000000e+00 3.399999800000000000e+11
1.277000000000000000e+03 4.000000000000000000e+00 3.399999800000000000e+11
1.277200000000000045e+03 4.000000000000000000e+00 3.399999800000000000e+11
1.277400000000000091e+03 5.656854249492380582e+00 3.399999800000000000e+11
1.277600000000000136e+03 5.656854249492380582e+00 3.399999800000000000e+11
1.277800000000000182e+03 5.656854249492380582e+00 3.399999800000000000e+11
1.278000000000000000e+03 5.656854249492380582e+00 3.399999800000000000e+11
1.278200000000000045e+03 4.000000000000000000e+00 3.399999800000000000e+11
1.278400000000000091e+03 4.000000000000000000e+00 3.399999800000000000e+11
1.278600000000000136e+03 4.000000000000000000e+00 3.399999800000000000e+11
1.278800000000000182e+03 4.000000000000000000e+00 3.399999800000000000e+11
1.279000000000000000e+03 0.000000000000000000e+00 3.399999800000000000e+11
1.279200000000000045e+03 0.000000000000000000e+00 3.399999800000000000e+11
1.279400000000000091e+03 0.000000000000000000e+00 3.399999800000000000e+11
1.279600000000000136e+03 4.000000000000000000e+00 3.399999800000000000e+11
1.279800000000000182e+03 4.000000000000000000e+00 3.399999800000000000e+11
