1.280000000000000000e+03 4.000000000000000000e+00 0.000000000000000000e+00
1.280200000000000045e+03 4.000000000000000000e+00 0.000000000000000000e+00
1.280400000000000091e+03 4.000000000000000000e+00 0.000000000000000000e+00
1.280600000000000136e+03 5.656854249492380582e+00 0.000000000000000000e+00
1.280800000000000182e+03 5.656854249492380582e+00 0.000000000000000000e+00
1.281000000000000000e+03 5.656854249492380582e+00 0.000000000000000000e+00
1.281200000000000045e+03 5.656854249492380582e+00 0.000000000000000000e+00
1.281400000000000091e+03 5.656854249492380582e+00 0.000000000000000000e+00
1.281600000000000136e+03 5.656854249492380582e+00 0.000000000000000000e+00
1.281800000000000182e+03 5.656854249492380582e+00 0.000000000000000000e+00
1.282000000000000000e+03 4.000000000000000000e+00 0.000000000000000000e+00
1.282200000000000045e+03 5.656854249492380582e+00 0.000000000000000000e+00
1.282400000000000091e+03 4.000000000000000000e+00 0.000000000000000000e+00
1.282600000000000136e+03 5.656854249492380582e+00 0.000000000000000000e+00
1.282800000000000182e+03 5.656854249492380582e+00 0.000000000000000000e+00
1.283000000000000000e+03 5.656854249492380582e+00 0.000000000000000000e+00
1.283200000000000045e+03 5.656854249492380582e+00 0.000000000000000000e+00
1.283400000000000091e+03 5.656854249492380582e+00 0.000000000000000000e+00
1.283600000000000136e+03 5.656854249492380582e+00 0.000000000000000000e+00
1.283800000000000182e+03 5.656854249492380582e+00 0.000000000000000000e+00
1.284000000000000000e+03 5.656854249492380582e+00 3.425000000000000000e+11
1.284200000000000045e+03 5.656854249492380582e+00 3.425000000000000000e+11
1.284400000000000091e+03 5.656854249492380582e+00 3.425000000000000000e+11
1.284600000000000136e+03 4.000000000000000000e+00 3.425000000000000000e+11
1.284800000000000182e+03 4.000000000000000000e+00 3.425000000000000000e+11
1.285000000000000000e+03 4.000000000000000000e+00 3.425000000000000000e+11
1.285200000000000045e+03 4.000000000000000000e+00 3.425000000000000000e+11
1.285400000000000091e+03 0.000000000000000000e+00 3.425000000000000000e+11
1.285600000000000136e+03 0.000000000000000000e+00 3.425000000000000000e+11
1.285800000000000182e+03 4.000000000000000000e+00 3.425000000000000000e+11
1.286000000000000000e+03 4.000000000000000000e+00 3.425000000000000000e+11
1.286200000000000045e+03 4.000000000000000000e+00 3.425000000000000000e+11
1.286400000000000091e+03 5.656854249492380582e+00 3.425000000000000000e+11
1.286600000000000136e+03 5.656854249492380582e+00 3.425000000000000000e+11
1.286800000000000182e+03 5.656854249492380582e+00 3.425000000000000000e+11
1.287000000000000000e+03 5.656854249492380582e+00 3.425000000000000000e+11
1.287200000000000045e+03 4.000000000000000000e+00 3.425000000000000000e+11
1.287400000000000091e+03 4.000000000000000000e+00 3.425000000000000000e+11
1.287600000000000136e+03 4.000000000000000000e+00 3.425000000000000000e+11
1.287800000000000182e+03 4.000000000000000000e+00 3.425000000000000000e+11
1.288000000000000000e+03 0.000000000000000000e+00 0.000000000000000000e+00
1.288200000000000045e+03 0.000000000000000000e+00 0.000000000000000000e+00
1.288400000000000091e+03 0.000000000000000000e+00 0.000000000000000000e+00
1.288600000000000136e+03 4.000000000000000000e+00 0.000000000000000000e+00
1.288800000000000182e+03 4.000000000000000000e+00 0.000000000000000000e+00
1.289000000000000000e+03 4.000000000000000000e+00 0.000000000000000000e+00
1.289200000000000045e+03 5.656854249492380582e+00 0.000000000000000000e+00
1.289400000000000091e+03 5.656854249492380582e+00 0.000000000000000000e+00
1.289600000000000136e+03 5.656854249492380582e+00 0.000000000000000000e+00
1.289800000000000182e+03 5.656854249492380582e+00 0.000000000000000000e+00
1.290000000000000000e+03 4.000000000000000000e+00 0.000000000000000000e+00
1.290200000000000045e+03 4.000000000000000000e+00 0.000000000000000000e+00
1.290400000000000091e+03 4.000000000000000000e+00 0.000000000000000000e+00
1.290600000000000136e+03 0.000000000000000000e+00 0.000000000000000000e+00
1.290800000000000182e+03 0.000000000000000000e+00 0.000000000000000000e+00
1.291000000000000000e+03 0.000000000000000000e+00 0.000000000000000000e+00
1.291200000000000045e+03 4.000000000000000000e+00 0.000000000000000000e+00
1.291400000000000091e+03 4.000000000000000000e+00 0.000000000000000000e+00
1.291600000000000136e+03 4.000000000000000000e+00 0.000000000000000000e+00
1.291800000000000182e+03 4.000000000000000000e+00 0.000000000000000000e+00
1.292000000000000000e+03 5.656854249492380582e+00 3.425000000000000000e+11
1.292200000000000045e+03 5.656854249492380582e+00 3.425000000000000000e+11
1.292400000000000091e+03 5.656854249492380582e+00 3.425000000000000000e+11
1.292600000000000136e+03 4.000000000000000000e+00 3.425000000000000000e+11
1.292800000000000182e+03 4.000000000000000000e+00 3.425000000000000000e+11
1.293000000000000000e+03 4.000000000000000000e+00 3.425000000000000000e+11
1.293200000000000045e+03 4.000000000000000000e+00 3.425000000000000000e+11
1.293400000000000091e+03 0.000000000000000000e+00 3.425000000000000000e+11
1.293600000000000136e+03 0.000000000000000000e+00 3.425000000000000000e+11
1.293800000000000182e+03 0.000000000000000000e+00 3.425000000000000000e+11
1.294000000000000000e+03 4.000000000000000000e+00 3.425000000000000000e+11
1.294200000000000045e+03 4.000000000000000000e+00 3.425000000000000000e+11
1.294400000000000091e+03 4.000000000000000000e+00 3.425000000000000000e+11
1.294600000000000136e+03 4.000000000000000000e+00 3.425000000000000000e+11
1.294800000000000182e+03 5.656854249492380582e+00 3.425000000000000000e+11
1.295000000000000000e+03 5.656854249492380582e+00 3.425000000000000000e+11
1.295200000000000045e+03 5.656854249492380582e+00 3.425000000000000000e+11
1.295400000000000091e+03 4.000000000000000000e+00 3.425000000000000000e+11
1.295600000000000136e+03 4.000000000000000000e+00 3.425000000000000000e+11
1.295800000000000182e+03 4.000000000000000000e+00 3.425000000000000000e+11
1.296000000000000000e+03 4.000000000000000000e+00 0.000000000000000000e+00
1.296200000000000045e+03 0.000000000000000000e+00 0.000000000000000000e+00
1.296400000000000091e+03 0.000000000000000000e+00 0.000000000000000000e+00
1.296600000000000136e+03 0.000000000000000000e+00 0.000000000000000000e+00
1.296800000000000182e+03 4.000000000000000000e+00 0.000000000000000000e+00
1.297000000000000000e+03 4.000000000000000000e+00 0.000000000000000000e+00
1.297200000000000045e+03 4.000000000000000000e+00 0.000000000000000000e+00
1.297400000000000091e+03 4.000000000000000000e+00 0.000000000000000000e+00
1.297600000000000136e+03 5.656854249492380582e+00 0.000000000000000000e+00
1.297800000000000182e+03 5.656854249492380582e+00 0.000000000000000000e+00
1.298000000000000000e+03 5.656854249492380582e+00 0.000000000000000000e+00
1.298200000000000045e+03 4.000000000000000000e+00 0.000000000000000000e+00
1.298400000000000091e+03 4.000000000000000000e+00 0.000000000000000000e+00
1.298600000000000136e+03 4.000000000000000000e+00 0.000000000000000000e+00
1.298800000000000182e+03 0.000000000000000000e+00 0.000000000000000000e+00
1.299000000000000000e+03 0.000000000000000000e+00 0.000000000000000000e+00
1.299200000000000045e+03 0.000000000000000000e+00 0.000000000000000000e+00
1.299400000000000091e+03 0.000000000000000000e+00 0.000000000000000000e+00
1.299600000000000136e+03 4.000000000000000000e+00 0.000000000000000000e+00
1.299800000000000182e+03 4.000000000000000000e+00 0.000000000000000000e+00
1.300000000000000000e+03 4.000000000000000000e+00 3.425000000000000000e+11
1.300200000000000045e+03 5.656854249492380582e+00 3.425000000000000000e+11
1.300400000000000091e+03 5.656854249492380582e+00 3.425000000000000000e+11
1.300600000000000136e+03 5.656854249492380582e+00 3.425000000000000000e+11
1.300800000000000182e+03 5.656854249492380582e+00 3.425000000000000000e+11
1.301000000000000000e+03 4.000000000000000000e+00 3.425000000000000000e+11
1.301200000000000045e+03 4.000000000000000000e+00 3.425000000000000000e+11
1.301400000000000091e+03 4.000000000000000000e+00 3.425000000000000000e+11
1.301600000000000136e+03 0.000000000000000000e+00 3.425000000000000000e+11
1.301800000000000182e+03 0.000000000000000000e+00 3.425000000000000000e+11
1.302000000000000000e+03 0.000000000000000000e+00 3.425000000000000000e+11
1.302200000000000045e+03 0.000000000000000000e+00 3.425000000000000000e+11
1.302400000000000091e+03 4.000000000000000000e+00 3.425000000000000000e+11
1.302600000000000136e+03 4.000000000000000000e+00 3.425000000000000000e+11
1.302800000000000182e+03 4.000000000000000000e+00 3.425000000000000000e+11
1.303000000000000000e+03 5.656854249492380582e+00 3.425000000000000000e+11
1.303200000000000045e+03 5.656854249492380582e+00 3.425000000000000000e+11
1.303400000000000091e+03 5.656854249492380582e+00 3.425000000000000000e+11
1.303600000000000136e+03 5.656854249492380582e+00 3.425000000000000000e+11
1.303800000000000182e+03 4.000000000000000000e+00 3.425000000000000000e+11
1.304000000000000000e+03 4.000000000000000000e+00 0.000000000000000000e+00
1.304200000000000045e+03 4.000000000000000000e+00 0.000000000000000000e+00
1.304400000000000091e+03 0.000000000000000000e+00 0.000000000000000000e+00
1.304600000000000136e+03 0.000000000000000000e+00 0.000000000000000000e+00
1.304800000000000182e+03 0.000000000000000000e+00 0.000000000000000000e+00
1.305000000000000000e+03 4.000000000000000000e+00 0.000000000000000000e+00
1.305200000000000045e+03 4.000000000000000000e+00 0.000000000000000000e+00
1.305400000000000091e+03 4.000000000000000000e+00 0.000000000000000000e+00
1.305600000000000136e+03 4.000000000000000000e+00 0.000000000000000000e+00
1.305800000000000182e+03 5.656854249492380582e+00 0.000000000000000000e+00
1.306000000000000000e+03 5.656854249492380582e+00 0.000000000000000000e+00
1.306200000000000045e+03 5.656854249492380582e+00 0.000000000000000000e+00
1.306400000000000091e+03 4.000000000000000000e+00 0.000000000000000000e+00
1.306600000000000136e+03 4.000000000000000000e+00 0.000000000000000000e+00
1.306800000000000182e+03 4.000000000000000000e+00 0.000000000000000000e+00
1.307000000000000000e+03 4.000000000000000000e+00 0.000000000000000000e+00
1.307200000000000045e+03 0.000000000000000000e+00 0.000000000000000000e+00
1.307400000000000091e+03 0.000000000000000000e+00 0.000000000000000000e+00
1.307600000000000136e+03 0.000000000000000000e+00 0.000000000000000000e+00
1.307800000000000182e+03 4.000000000000000000e+00 0.000000000000000000e+00
1.308000000000000000e+03 4.000000000000000000e+00 3.425000000000000000e+11
1.308200000000000045e+03 4.000000000000000000e+00 3.425000000000000000e+11
1.308400000000000091e+03 4.000000000000000000e+00 3.425000000000000000e+11
1.308600000000000136e+03 5.656854249492380582e+00 3.425000000000000000e+11
1.308800000000000182e+03 5.656854249492380582e+00 3.425000000000000000e+11
1.309000000000000000e+03 5.656854249492380582e+00 3.425000000000000000e+11
1.309200000000000045e+03 4.000000000000000000e+00 3.425000000000000000e+11
1.309400000000000091e+03 4.000000000000000000e+00 3.425000000000000000e+11
1.309600000000000136e+03 4.000000000000000000e+00 3.425000000000000000e+11
1.309800000000000182e+03 4.000000000000000000e+00 3.425000000000000000e+11
1.310000000000000000e+03 0.000000000000000000e+00 3.425000000000000000e+11
1.310200000000000045e+03 0.000000000000000000e+00 3.425000000000000000e+11
1.310400000000000091e+03 0.000000000000000000e+00 3.425000000000000000e+11
1.310600000000000136e+03 4.000000000000000000e+00 3.425000000000000000e+11
1.310800000000000182e+03 4.000000000000000000e+00 3.425000000000000000e+11
1.311000000000000000e+03 4.000000000000000000e+00 3.425000000000000000e+11
1.311200000000000045e+03 4.000000000000000000e+00 3.425000000000000000e+11
1.311400000000000091e+03 5.656854249492380582e+00 3.425000000000000000e+11
1.311600000000000136e+03 5.656854249492380582e+00 3.425000000000000000e+11
1.311800000000000182e+03 5.656854249492380582e+00 3.425000000000000000e+11
1.312000000000000000e+03 4.000000000000000000e+00 0.000000000000000000e+00
1.312200000000000045e+03 4.000000000000000000e+00 0.000000000000000000e+00
1.312400000000000091e+03 4.000000000000000000e+00 0.000000000000000000e+00
1.312600000000000136e+03 4.000000000000000000e+00 0.000000000000000000e+00
1.312800000000000182e+03 0.000000000000000000e+00 0.000000000000000000e+00
1.313000000000000000e+03 0.000000000000000000e+00 0.000000000000000000e+00
1.313200000000000045e+03 0.000000000000000000e+00 0.000000000000000000e+00
1.313400000000000091e+03 4.000000000000000000e+00 0.000000000000000000e+00
1.313600000000000136e+03 4.000000000000000000e+00 0.000000000000000000e+00
1.313800000000000182e+03 4.000000000000000000e+00 0.000000000000000000e+00
1.314000000000000000e+03 5.656854249492380582e+00 0.000000000000000000e+00
1.314200000000000045e+03 5.656854249492380582e+00 0.000000000000000000e+00
1.314400000000000091e+03 5.656854249492380582e+00 0.000000000000000000e+00
1.314600000000000136e+03 5.656854249492380582e+00 0.000000000000000000e+00
1.314800000000000182e+03 4.000000000000000000e+00 0.000000000000000000e+00
1.315000000000000000e+03 4.000000000000000000e+00 0.000000000000000000e+00
1.315200000000000045e+03 4.000000000000000000e+00 0.000000000000000000e+00
1.315400000000000091e+03 0.000000000000000000e+00 0.000000000000000000e+00
1.315600000000000136e+03 0.000000000000000000e+00 0.000000000000000000e+00
1.315800000000000182e+03 0.000000000000000000e+00 0.000000000000000000e+00
1.316000000000000000e+03 0.000000000000000000e+00 3.425000000000000000e+11
1.316200000000000045e+03 4.000000000000000000e+00 3.425000000000000000e+11
1.316400000000000091e+03 4.000000000000000000e+00 3.425000000000000000e+11
1.316600000000000136e+03 4.000000000000000000e+00 3.425000000000000000e+11
1.316800000000000182e+03 5.656854249492380582e+00 3.425000000000000000e+11
1.317000000000000000e+03 5.656854249492380582e+00 3.425000000000000000e+11
1.317200000000000045e+03 5.656854249492380582e+00 3.425000000000000000e+11
1.317400000000000091e+03 5.656854249492380582e+00 3.425000000000000000e+11
1.317600000000000136e+03 4.000000000000000000e+00 3.425000000000000000e+11
1.317800000000000182e+03 4.000000000000000000e+00 3.425000000000000000e+11
1.318000000000000000e+03 4.000000000000000000e+00 3.425000000000000000e+11
1.318200000000000045e+03 4.000000000000000000e+00 3.425000000000000000e+11
1.318400000000000091e+03 0.000000000000000000e+00 3.425000000000000000e+11
1.318600000000000136e+03 0.000000000000000000e+00 3.425000000000000000e+11
1.318800000000000182e+03 0.000000000000000000e+00 3.425000000000000000e+11
1.319000000000000000e+03 4.000000000000000000e+00 3.425000000000000000e+11
1.319200000000000045e+03 5.656854249492380582e+00 3.425000000000000000e+11
1.319400000000000091e+03 8.944271909999159220e+00 3.425000000000000000e+11
1.319600000000000136e+03 8.000000000000000000e+00 3.425000000000000000e+11
1.319800000000000182e+03 1.200000000000000000e+01 3.425000000000000000e+11
1.320000000000000000e+03 1.264911064067351809e+01 0.000000000000000000e+00
1.320200000000000045e+03 1.131370849898476116e+01 0.000000000000000000e+00
1.320400000000000091e+03 1.442220510185595650e+01 0.000000000000000000e+00
1.320600000000000136e+03 1.200000000000000000e+01 0.000000000000000000e+00
1.320800000000000182e+03 1.264911064067351809e+01 0.000000000000000000e+00
1.321000000000000000e+03 8.944271909999159220e+00 0.000000000000000000e+00
1.321200000000000045e+03 8.944271909999159220e+00 0.000000000000000000e+00
1.321400000000000091e+03 8.000000000000000000e+00 0.000000000000000000e+00
1.321600000000000136e+03 8.944271909999159220e+00 0.000000000000000000e+00
1.321800000000000182e+03 8.944271909999159220e+00 0.000000000000000000e+00
1.322000000000000000e+03 8.000000000000000000e+00 0.000000000000000000e+00
1.322200000000000045e+03 8.944271909999159220e+00 0.000000000000000000e+00
1.322400000000000091e+03 1.131370849898476116e+01 0.000000000000000000e+00
1.322600000000000136e+03 1.264911064067351809e+01 0.000000000000000000e+00
1.322800000000000182e+03 1.200000000000000000e+01 0.000000000000000000e+00
1.323000000000000000e+03 1.264911064067351809e+01 0.000000000000000000e+00
1.323200000000000045e+03 1.131370849898476116e+01 0.000000000000000000e+00
1.323400000000000091e+03 1.442220510185595650e+01 0.000000000000000000e+00
1.323600000000000136e+03 1.264911064067351809e+01 0.000000000000000000e+00
1.323800000000000182e+03 1.200000000000000000e+01 0.000000000000000000e+00
1.324000000000000000e+03 8.944271909999159220e+00 3.425000000000000000e+11
1.324200000000000045e+03 1.131370849898476116e+01 3.425000000000000000e+11
1.324400000000000091e+03 1.264911064067351809e+01 3.425000000000000000e+11
1.324600000000000136e+03 1.264911064067351809e+01 3.425000000000000000e+11
1.324800000000000182e+03 1.697056274847713908e+01 3.425000000000000000e+11
1.325000000000000000e+03 1.649242250247064234e+01 3.425000000000000000e+11
1.325200000000000045e+03 2.039607805437113797e+01 3.425000000000000000e+11
1.325400000000000091e+03 2.683281572999747766e+01 3.425000000000000000e+11
1.325600000000000136e+03 3.124099870362661591e+01 3.425000000000000000e+11
1.325800000000000182e+03 3.794733192202055250e+01 3.425000000000000000e+11
1.326000000000000000e+03 4.418144406874904462e+01 3.425000000000000000e+11
1.326200000000000045e+03 5.366563145999495532e+01 3.425000000000000000e+11
1.326400000000000091e+03 6.222539674441618018e+01 3.425000000000000000e+11
1.326600000000000136e+03 7.211102550927978427e+01 3.425000000000000000e+11
1.326800000000000182e+03 8.409518416651455652e+01 3.425000000000000000e+11
1.327000000000000000e+03 9.666436778875657865e+01 3.425000000000000000e+11
1.327200000000000045e+03 1.076289923765896788e+02 3.425000000000000000e+11
1.327400000000000091e+03 1.252836781069266010e+02 3.425000000000000000e+11
1.327600000000000136e+03 1.453822547630899749e+02 3.425000000000000000e+11
1.327800000000000182e+03 1.442220510185595685e+02 3.425000000000000000e+11
1.328000000000000000e+03 1.223764683262268420e+02 0.000000000000000000e+00
1.328200000000000045e+03 1.193314711214103880e+02 0.000000000000000000e+00
1.328400000000000091e+03 1.193314711214103880e+02 0.000000000000000000e+00
1.328600000000000136e+03 1.198665925101735752e+02 0.000000000000000000e+00
1.328800000000000182e+03 1.200000000000000000e+02 0.000000000000000000e+00
1.329000000000000000e+03 1.218523696938225385e+02 0.000000000000000000e+00
1.329200000000000045e+03 1.219180052330253687e+02 0.000000000000000000e+00
1.329400000000000091e+03 1.164817582284882889e+02 0.000000000000000000e+00
1.329600000000000136e+03 1.170982493464355798e+02 0.000000000000000000e+00
1.329800000000000182e+03 1.153776408148476520e+02 0.000000000000000000e+00
1.330000000000000000e+03 1.132077735846792450e+02 0.000000000000000000e+00
1.330200000000000045e+03 1.086646216576489934e+02 0.000000000000000000e+00
1.330400000000000091e+03 1.100545319375808333e+02 0.000000000000000000e+00
1.330600000000000136e+03 1.074802307403552248e+02 0.000000000000000000e+00
1.330800000000000182e+03 1.062826420446913858e+02 0.000000000000000000e+00
1.331000000000000000e+03 1.046900186264192030e+02 0.000000000000000000e+00
1.331200000000000045e+03 1.077032961426900783e+02 0.000000000000000000e+00
1.331400000000000091e+03 1.065082156455547846e+02 0.000000000000000000e+00
1.331600000000000136e+03 1.052235715037272428e+02 0.000000000000000000e+00
1.331800000000000182e+03 1.077032961426900783e+02 0.000000000000000000e+00
1.332000000000000000e+03 1.049952379872535033e+02 3.425000000000000000e+11
1.332200000000000045e+03 9.130169768410661391e+01 3.425000000000000000e+11
1.332400000000000091e+03 7.641989269817119634e+01 3.425000000000000000e+11
1.332600000000000136e+03 6.209669878504009688e+01 3.425000000000000000e+11
1.332800000000000182e+03 5.122499389946278825e+01 3.425000000000000000e+11
1.333000000000000000e+03 4.326661530556787483e+01 3.425000000000000000e+11
1.333200000000000045e+03 3.622154055254966920e+01 3.425000000000000000e+11
1.333400000000000091e+03 2.912043955712207222e+01 3.425000000000000000e+11
1.333600000000000136e+03 2.561249694973139412e+01 3.425000000000000000e+11
1.333800000000000182e+03 1.788854381999831844e+01 3.425000000000000000e+11
1.334000000000000000e+03 1.600000000000000000e+01 3.425000000000000000e+11
1.334200000000000045e+03 1.442220510185595650e+01 3.425000000000000000e+11
1.334400000000000091e+03 1.442220510185595650e+01 3.425000000000000000e+11
1.334600000000000136e+03 1.264911064067351809e+01 3.425000000000000000e+11
1.334800000000000182e+03 1.200000000000000000e+01 3.425000000000000000e+11
1.335000000000000000e+03 8.944271909999159220e+00 3.425000000000000000e+11
1.335200000000000045e+03 1.131370849898476116e+01 3.425000000000000000e+11
1.335400000000000091e+03 8.944271909999159220e+00 3.425000000000000000e+11
1.335600000000000136e+03 8.944271909999159220e+00 3.425000000000000000e+11
1.335800000000000182e+03 4.000000000000000000e+00 3.425000000000000000e+11
1.336000000000000000e+03 4.000000000000000000e+00 0.000000000000000000e+00
1.336200000000000045e+03 4.000000000000000000e+00 0.000000000000000000e+00
1.336400000000000091e+03 4.000000000000000000e+00 0.000000000000000000e+00
1.336600000000000136e+03 0.000000000000000000e+00 0.000000000000000000e+00
1.336800000000000182e+03 0.000000000000000000e+00 0.000000000000000000e+00
1.337000000000000000e+03 0.000000000000000000e+00 0.000000000000000000e+00
1.337200000000000045e+03 0.000000000000000000e+00 0.000000000000000000e+00
1.337400000000000091e+03 4.000000000000000000e+00 0.000000000000000000e+00
1.337600000000000136e+03 4.000000000000000000e+00 0.000000000000000000e+00
1.337800000000000182e+03 4.000000000000000000e+00 0.000000000000000000e+00
1.338000000000000000e+03 5.656854249492380582e+00 0.000000000000000000e+00
1.338200000000000045e+03 5.656854249492380582e+00 0.000000000000000000e+00
1.338400000000000091e+03 5.656854249492380582e+00 0.000000000000000000e+00
1.338600000000000136e+03 5.656854249492380582e+00 0.000000000000000000e+00
1.338800000000000182e+03 4.000000000000000000e+00 0.000000000000000000e+00
1.339000000000000000e+03 4.000000000000000000e+00 0.000000000000000000e+00
1.339200000000000045e+03 4.000000000000000000e+00 0.000000000000000000e+00
1.339400000000000091e+03 4.000000000000000000e+00 0.000000000000000000e+00
1.339600000000000136e+03 0.000000000000000000e+00 0.000000000000000000e+00
1.339800000000000182e+03 0.000000000000000000e+00 0.000000000000000000e+00
1.340000000000000000e+03 0.000000000000000000e+00 3.425000000000000000e+11
1.340200000000000045e+03 0.000000000000000000e+00 3.425000000000000000e+11
1.340400000000000091e+03 4.000000000000000000e+00 3.425000000000000000e+11
1.340600000000000136e+03 4.000000000000000000e+00 3.425000000000000000e+11
1.340800000000000182e+03 4.000000000000000000e+00 3.425000000000000000e+11
1.341000000000000000e+03 4.000000000000000000e+00 3.425000000000000000e+11
1.341200000000000045e+03 5.656854249492380582e+00 3.425000000000000000e+11
1.341400000000000091e+03 5.656854249492380582e+00 3.425000000000000000e+11
1.341600000000000136e+03 5.656854249492380582e+00 3.425000000000000000e+11
1.341800000000000182e+03 5.656854249492380582e+00 3.425000000000000000e+11
1.342000000000000000e+03 4.000000000000000000e+00 3.425000000000000000e+11
1.342200000000000045e+03 4.000000000000000000e+00 3.425000000000000000e+11
1.342400000000000091e+03 4.000000000000000000e+00 3.425000000000000000e+11
1.342600000000000136e+03 0.000000000000000000e+00 3.425000000000000000e+11
1.342800000000000182e+03 0.000000000000000000e+00 3.425000000000000000e+11
1.343000000000000000e+03 0.000000000000000000e+00 3.425000000000000000e+11
1.343200000000000045e+03 0.000000000000000000e+00 3.425000000000000000e+11
1.343400000000000091e+03 4.000000000000000000e+00 3.425000000000000000e+11
1.343600000000000136e+03 4.000000000000000000e+00 3.425000000000000000e+11
1.343800000000000182e+03 4.000000000000000000e+00 3.425000000000000000e+11
1.344000000000000000e+03 5.656854249492380582e+00 0.000000000000000000e+00
1.344200000000000045e+03 5.656854249492380582e+00 0.000000000000000000e+00
1.344400000000000091e+03 5.656854249492380582e+00 0.000000000000000000e+00
1.344600000000000136e+03 5.656854249492380582e+00 0.000000000000000000e+00
1.344800000000000182e+03 4.000000000000000000e+00 0.000000000000000000e+00
1.345000000000000000e+03 4.000000000000000000e+00 0.000000000000000000e+00
1.345200000000000045e+03 4.000000000000000000e+00 0.000000000000000000e+00
1.345400000000000091e+03 0.000000000000000000e+00 0.000000000000000000e+00
1.345600000000000136e+03 0.000000000000000000e+00 0.000000000000000000e+00
1.345800000000000182e+03 0.000000000000000000e+00 0.000000000000000000e+00
1.346000000000000000e+03 0.000000000000000000e+00 0.000000000000000000e+00
1.346200000000000045e+03 4.000000000000000000e+00 0.000000000000000000e+00
1.346400000000000091e+03 4.000000000000000000e+00 0.000000000000000000e+00
1.346600000000000136e+03 4.000000000000000000e+00 0.000000000000000000e+00
1.346800000000000182e+03 5.656854249492380582e+00 0.000000000000000000e+00
1.347000000000000000e+03 5.656854249492380582e+00 0.000000000000000000e+00
1.347200000000000045e+03 5.656854249492380582e+00 0.000000000000000000e+00
1.347400000000000091e+03 4.000000000000000000e+00 0.000000000000000000e+00
1.347600000000000136e+03 4.000000000000000000e+00 0.000000000000000000e+00
1.347800000000000182e+03 4.000000000000000000e+00 0.000000000000000000e+00
1.348000000000000000e+03 4.000000000000000000e+00 3.425000000000000000e+11
1.348200000000000045e+03 0.000000000000000000e+00 3.425000000000000000e+11
1.348400000000000091e+03 0.000000000000000000e+00 3.425000000000000000e+11
1.348600000000000136e+03 0.000000000000000000e+00 3.425000000000000000e+11
1.348800000000000182e+03 4.000000000000000000e+00 3.425000000000000000e+11
1.349000000000000000e+03 4.000000000000000000e+00 3.425000000000000000e+11
1.349200000000000045e+03 4.000000000000000000e+00 3.425000000000000000e+11
1.349400000000000091e+03 4.000000000000000000e+00 3.425000000000000000e+11
1.349600000000000136e+03 5.656854249492380582e+00 3.425000000000000000e+11
1.349800000000000182e+03 5.656854249492380582e+00 3.425000000000000000e+11
1.350000000000000000e+03 5.656854249492380582e+00 3.425000000000000000e+11
1.350200000000000045e+03 4.000000000000000000e+00 3.425000000000000000e+11
1.350400000000000091e+03 4.000000000000000000e+00 3.425000000000000000e+11
1.350600000000000136e+03 4.000000000000000000e+00 3.425000000000000000e+11
1.350800000000000182e+03 4.000000000000000000e+00 3.425000000000000000e+11
1.351000000000000000e+03 0.000000000000000000e+00 3.425000000000000000e+11
1.351200000000000045e+03 0.000000000000000000e+00 3.425000000000000000e+11
1.351400000000000091e+03 0.000000000000000000e+00 3.425000000000000000e+11
1.351600000000000136e+03 4.000000000000000000e+00 3.425000000000000000e+11
1.351800000000000182e+03 4.000000000000000000e+00 3.425000000000000000e+11
1.352000000000000000e+03 4.000000000000000000e+00 0.000000000000000000e+00
1.352200000000000045e+03 4.000000000000000000e+00 0.000000000000000000e+00
1.352400000000000091e+03 5.656854249492380582e+00 0.000000000000000000e+00
1.352600000000000136e+03 5.656854249492380582e+00 0.000000000000000000e+00
1.352800000000000182e+03 5.656854249492380582e+00 0.000000000000000000e+00
1.353000000000000000e+03 4.000000000000000000e+00 0.000000000000000000e+00
1.353200000000000045e+03 4.000000000000000000e+00 0.000000000000000000e+00
1.353400000000000091e+03 4.000000000000000000e+00 0.000000000000000000e+00
1.353600000000000136e+03 4.000000000000000000e+00 0.000000000000000000e+00
1.353800000000000182e+03 0.000000000000000000e+00 0.000000000000000000e+00
1.354000000000000000e+03 0.000000000000000000e+00 0.000000000000000000e+00
1.354200000000000045e+03 0.000000000000000000e+00 0.000000000000000000e+00
1.354400000000000091e+03 4.000000000000000000e+00 0.000000000000000000e+00
1.354600000000000136e+03 4.000000000000000000e+00 0.000000000000000000e+00
1.354800000000000182e+03 4.000000000000000000e+00 0.000000000000000000e+00
1.355000000000000000e+03 5.656854249492380582e+00 0.000000000000000000e+00
1.355200000000000045e+03 5.656854249492380582e+00 0.000000000000000000e+00
1.355400000000000091e+03 5.656854249492380582e+00 0.000000000000000000e+00
1.355600000000000136e+03 5.656854249492380582e+00 0.000000000000000000e+00
1.355800000000000182e+03 4.000000000000000000e+00 0.000000000000000000e+00
1.356000000000000000e+03 4.000000000000000000e+00 3.425000000000000000e+11
1.356200000000000045e+03 4.000000000000000000e+00 3.425000000000000000e+11
1.356400000000000091e+03 0.000000000000000000e+00 3.425000000000000000e+11
1.356600000000000136e+03 0.000000000000000000e+00 3.425000000000000000e+11
1.356800000000000182e+03 0.000000000000000000e+00 3.425000000000000000e+11
1.357000000000000000e+03 0.000000000000000000e+00 3.425000000000000000e+11
1.357200000000000045e+03 4.000000000000000000e+00 3.425000000000000000e+11
1.357400000000000091e+03 4.000000000000000000e+00 3.425000000000000000e+11
1.357600000000000136e+03 4.000000000000000000e+00 3.425000000000000000e+11
1.357800000000000182e+03 5.656854249492380582e+00 3.425000000000000000e+11
1.358000000000000000e+03 5.656854249492380582e+00 3.425000000000000000e+11
1.358200000000000045e+03 5.656854249492380582e+00 3.425000000000000000e+11
1.358400000000000091e+03 5.656854249492380582e+00 3.425000000000000000e+11
1.358600000000000136e+03 4.000000000000000000e+00 3.425000000000000000e+11
1.358800000000000182e+03 4.000000000000000000e+00 3.425000000000000000e+11
1.359000000000000000e+03 4.000000000000000000e+00 3.425000000000000000e+11
1.359200000000000045e+03 4.000000000000000000e+00 3.425000000000000000e+11
1.359400000000000091e+03 0.000000000000000000e+00 3.425000000000000000e+11
1.359600000000000136e+03 0.000000000000000000e+00 3.425000000000000000e+11
1.359800000000000182e+03 0.000000000000000000e+00 3.425000000000000000e+11
