1.360000000000000000e+03 4.000000000000000000e+00 0.000000000000000000e+00
1.360200000000000045e+03 4.000000000000000000e+00 0.000000000000000000e+00
1.360400000000000091e+03 5.656854249492380582e+00 0.000000000000000000e+00
1.360600000000000136e+03 5.656854249492380582e+00 0.000000000000000000e+00
1.360800000000000182e+03 5.656854249492380582e+00 0.000000000000000000e+00
1.361000000000000000e+03 5.656854249492380582e+00 0.000000000000000000e+00
1.361200000000000045e+03 5.656854249492380582e+00 0.000000000000000000e+00
1.361400000000000091e+03 5.656854249492380582e+00 0.000000000000000000e+00
1.361600000000000136e+03 5.656854249492380582e+00 0.000000000000000000e+00
1.361800000000000182e+03 5.656854249492380582e+00 0.000000000000000000e+00
1.362000000000000000e+03 5.656854249492380582e+00 0.000000000000000000e+00
1.362200000000000045e+03 5.656854249492380582e+00 0.000000000000000000e+00
1.362400000000000091e+03 4.000000000000000000e+00 0.000000000000000000e+00
1.362600000000000136e+03 5.656854249492380582e+00 0.000000000000000000e+00
1.362800000000000182e+03 5.656854249492380582e+00 0.000000000000000000e+00
1.363000000000000000e+03 5.656854249492380582e+00 0.000000000000000000e+00
1.363200000000000045e+03 5.656854249492380582e+00 0.000000000000000000e+00
1.363400000000000091e+03 5.656854249492380582e+00 0.000000000000000000e+00
1.363600000000000136e+03 5.656854249492380582e+00 0.000000000000000000e+00
1.363800000000000182e+03 5.656854249492380582e+00 0.000000000000000000e+00
1.364000000000000000e+03 5.656854249492380582e+00 3.450000000000000000e+11
1.364200000000000045e+03 5.656854249492380582e+00 3.450000000000000000e+11
1.364400000000000091e+03 5.656854249492380582e+00 3.450000000000000000e+11
1.364600000000000136e+03 5.656854249492380582e+00 3.450000000000000000e+11
1.364800000000000182e+03 4.000000000000000000e+00 3.450000000000000000e+11
1.365000000000000000e+03 4.000000000000000000e+00 3.450000000000000000e+11
1.365200000000000045e+03 4.000000000000000000e+00 3.450000000000000000e+11
1.365400000000000091e+03 0.000000000000000000e+00 3.450000000000000000e+11
1.365600000000000136e+03 0.000000000000000000e+00 3.450000000000000000e+11
1.365800000000000182e+03 0.000000000000000000e+00 3.450000000000000000e+11
1.366000000000000000e+03 4.000000000000000000e+00 3.450000000000000000e+11
1.366200000000000045e+03 4.000000000000000000e+00 3.450000000000000000e+11
1.366400000000000091e+03 4.000000000000000000e+00 3.450000000000000000e+11
1.366600000000000136e+03 5.656854249492380582e+00 3.450000000000000000e+11
1.366800000000000182e+03 5.656854249492380582e+00 3.450000000000000000e+11
1.367000000000000000e+03 5.656854249492380582e+00 3.450000000000000000e+11
1.367200000000000045e+03 5.656854249492380582e+00 3.450000000000000000e+11
1.367400000000000091e+03 4.000000000000000000e+00 3.450000000000000000e+11
1.367600000000000136e+03 4.000000000000000000e+00 3.450000000000000000e+11
1.367800000000000182e+03 4.000000000000000000e+00 3.450000000000000000e+11
1.368000000000000000e+03 4.000000000000000000e+00 0.000000000000000000e+00
1.368200000000000045e+03 0.000000000000000000e+00 0.000000000000000000e+00
1.368400000000000091e+03 0.000000000000000000e+00 0.000000000000000000e+00
1.368600000000000136e+03 0.000000000000000000e+00 0.000000000000000000e+00
1.368800000000000182e+03 4.000000000000000000e+00 0.000000000000000000e+00
1.369000000000000000e+03 4.000000000000000000e+00 0.000000000000000000e+00
1.369200000000000045e+03 4.000000000000000000e+00 0.000000000000000000e+00
1.369400000000000091e+03 5.656854249492380582e+00 0.000000000000000000e+00
1.369600000000000136e+03 5.656854249492380582e+00 0.000000000000000000e+00
1.369800000000000182e+03 5.656854249492380582e+00 0.000000000000000000e+00
1.370000000000000000e+03 5.656854249492380582e+00 0.000000000000000000e+00
1.370200000000000045e+03 4.000000000000000000e+00 0.000000000000000000e+00
1.370400000000000091e+03 4.000000000000000000e+00 0.000000000000000000e+00
1.370600000000000136e+03 4.000000000000000000e+00 0.000000000000000000e+00
1.370800000000000182e+03 0.000000000000000000e+00 0.000000000000000000e+00
1.371000000000000000e+03 0.000000000000000000e+00 0.000000000000000000e+00
1.371200000000000045e+03 0.000000000000000000e+00 0.000000000000000000e+00
1.371400000000000091e+03 0.000000000000000000e+00 0.000000000000000000e+00
1.371600000000000136e+03 4.000000000000000000e+00 0.000000000000000000e+00
1.371800000000000182e+03 4.000000000000000000e+00 0.000000000000000000e+00
1.372000000000000000e+03 4.000000000000000000e+00 3.450000000000000000e+11
1.372200000000000045e+03 5.656854249492380582e+00 3.450000000000000000e+11
1.372400000000000091e+03 5.656854249492380582e+00 3.450000000000000000e+11
1.372600000000000136e+03 5.656854249492380582e+00 3.450000000000000000e+11
1.372800000000000182e+03 4.000000000000000000e+00 3.450000000000000000e+11
1.373000000000000000e+03 4.000000000000000000e+00 3.450000000000000000e+11
1.373200000000000045e+03 4.000000000000000000e+00 3.450000000000000000e+11
1.373400000000000091e+03 4.000000000000000000e+00 3.450000000000000000e+11
1.373600000000000136e+03 0.000000000000000000e+00 3.450000000000000000e+11
1.373800000000000182e+03 0.000000000000000000e+00 3.450000000000000000e+11
1.374000000000000000e+03 0.000000000000000000e+00 3.450000000000000000e+11
1.374200000000000045e+03 0.000000000000000000e+00 3.450000000000000000e+11
1.374400000000000091e+03 4.000000000000000000e+00 3.450000000000000000e+11
1.374600000000000136e+03 4.000000000000000000e+00 3.450000000000000000e+11
1.374800000000000182e+03 4.000000000000000000e+00 3.450000000000000000e+11
1.375000000000000000e+03 5.656854249492380582e+00 3.450000000000000000e+11
1.375200000000000045e+03 5.656854249492380582e+00 3.450000000000000000e+11
1.375400000000000091e+03 5.656854249492380582e+00 3.450000000000000000e+11
1.375600000000000136e+03 5.656854249492380582e+00 3.450000000000000000e+11
1.375800000000000182e+03 4.000000000000000000e+00 3.450000000000000000e+11
1.376000000000000000e+03 4.000000000000000000e+00 0.000000000000000000e+00
1.376200000000000045e+03 4.000000000000000000e+00 0.000000000000000000e+00
1.376400000000000091e+03 0.000000000000000000e+00 0.000000000000000000e+00
1.376600000000000136e+03 0.000000000000000000e+00 0.000000000000000000e+00
1.376800000000000182e+03 0.000000000000000000e+00 0.000000000000000000e+00
1.377000000000000000e+03 4.000000000000000000e+00 0.000000000000000000e+00
1.377200000000000045e+03 4.000000000000000000e+00 0.000000000000000000e+00
1.377400000000000091e+03 4.000000000000000000e+00 0.000000000000000000e+00
1.377600000000000136e+03 4.000000000000000000e+00 0.000000000000000000e+00
1.377800000000000182e+03 5.656854249492380582e+00 0.000000000000000000e+00
1.378000000000000000e+03 5.656854249492380582e+00 0.000000000000000000e+00
1.378200000000000045e+03 5.656854249492380582e+00 0.000000000000000000e+00
1.378400000000000091e+03 4.000000000000000000e+00 0.000000000000000000e+00
1.378600000000000136e+03 4.000000000000000000e+00 0.000000000000000000e+00
1.378800000000000182e+03 4.000000000000000000e+00 0.000000000000000000e+00
1.379000000000000000e+03 4.000000000000000000e+00 0.000000000000000000e+00
1.379200000000000045e+03 0.000000000000000000e+00 0.000000000000000000e+00
1.379400000000000091e+03 0.000000000000000000e+00 0.000000000000000000e+00
1.379600000000000136e+03 0.000000000000000000e+00 0.000000000000000000e+00
1.379800000000000182e+03 4.000000000000000000e+00 0.000000000000000000e+00
1.380000000000000000e+03 4.000000000000000000e+00 3.450000000000000000e+11
1.380200000000000045e+03 4.000000000000000000e+00 3.450000000000000000e+11
1.380400000000000091e+03 5.656854249492380582e+00 3.450000000000000000e+11
1.380600000000000136e+03 5.656854249492380582e+00 3.450000000000000000e+11
1.380800000000000182e+03 5.656854249492380582e+00 3.450000000000000000e+11
1.381000000000000000e+03 5.656854249492380582e+00 3.450000000000000000e+11
1.381200000000000045e+03 4.000000000000000000e+00 3.450000000000000000e+11
1.381400000000000091e+03 4.000000000000000000e+00 3.450000000000000000e+11
1.381600000000000136e+03 4.000000000000000000e+00 3.450000000000000000e+11
1.381800000000000182e+03 0.000000000000000000e+00 3.450000000000000000e+11
1.382000000000000000e+03 0.000000000000000000e+00 3.450000000000000000e+11
1.382200000000000045e+03 0.000000000000000000e+00 3.450000000000000000e+11
1.382400000000000091e+03 0.000000000000000000e+00 3.450000000000000000e+11
1.382600000000000136e+03 4.000000000000000000e+00 3.450000000000000000e+11
1.382800000000000182e+03 4.000000000000000000e+00 3.450000000000000000e+11
1.383000000000000000e+03 4.000000000000000000e+00 3.450000000000000000e+11
1.383200000000000045e+03 5.656854249492380582e+00 3.450000000000000000e+11
1.383400000000000091e+03 5.656854249492380582e+00 3.450000000000000000e+11
1.383600000000000136e+03 5.656854249492380582e+00 3.450000000000000000e+11
1.383800000000000182e+03 5.656854249492380582e+00 3.450000000000000000e+11
1.384000000000000000e+03 4.000000000000000000e+00 0.000000000000000000e+00
1.384200000000000045e+03 4.000000000000000000e+00 0.000000000000000000e+00
1.384400000000000091e+03 4.000000000000000000e+00 0.000000000000000000e+00
1.384600000000000136e+03 0.000000000000000000e+00 0.000000000000000000e+00
1.384800000000000182e+03 0.000000000000000000e+00 0.000000000000000000e+00
1.385000000000000000e+03 0.000000000000000000e+00 0.000000000000000000e+00
1.385200000000000045e+03 0.000000000000000000e+00 0.000000000000000000e+00
1.385400000000000091e+03 4.000000000000000000e+00 0.000000000000000000e+00
1.385600000000000136e+03 4.000000000000000000e+00 0.000000000000000000e+00
1.385800000000000182e+03 4.000000000000000000e+00 0.000000000000000000e+00
1.386000000000000000e+03 5.656854249492380582e+00 0.000000000000000000e+00
1.386200000000000045e+03 5.656854249492380582e+00 0.000000000000000000e+00
1.386400000000000091e+03 5.656854249492380582e+00 0.000000000000000000e+00
1.386600000000000136e+03 4.000000000000000000e+00 0.000000000000000000e+00
1.386800000000000182e+03 4.000000000000000000e+00 0.000000000000000000e+00
1.387000000000000000e+03 4.000000000000000000e+00 0.000000000000000000e+00
1.387200000000000045e+03 4.000000000000000000e+00 0.000000000000000000e+00
1.387400000000000091e+03 0.000000000000000000e+00 0.000000000000000000e+00
1.387600000000000136e+03 0.000000000000000000e+00 0.000000000000000000e+00
1.387800000000000182e+03 0.000000000000000000e+00 0.000000000000000000e+00
1.388000000000000000e+03 4.000000000000000000e+00 3.450000000000000000e+11
1.388200000000000045e+03 4.000000000000000000e+00 3.450000000000000000e+11
1.388400000000000091e+03 4.000000000000000000e+00 3.450000000000000000e+11
1.388600000000000136e+03 4.000000000000000000e+00 3.450000000000000000e+11
1.388800000000000182e+03 5.656854249492380582e+00 3.450000000000000000e+11
1.389000000000000000e+03 5.656854249492380582e+00 3.450000000000000000e+11
1.389200000000000045e+03 5.656854249492380582e+00 3.450000000000000000e+11
1.389400000000000091e+03 4.000000000000000000e+00 3.450000000000000000e+11
1.389600000000000136e+03 4.000000000000000000e+00 3.450000000000000000e+11
1.389800000000000182e+03 4.000000000000000000e+00 3.450000000000000000e+11
1.390000000000000000e+03 4.000000000000000000e+00 3.450000000000000000e+11
1.390200000000000045e+03 0.000000000000000000e+00 3.450000000000000000e+11
1.390400000000000091e+03 0.000000000000000000e+00 3.450000000000000000e+11
1.390600000000000136e+03 0.000000000000000000e+00 3.450000000000000000e+11
1.390800000000000182e+03 4.000000000000000000e+00 3.450000000000000000e+11
1.391000000000000000e+03 4.000000000000000000e+00 3.450000000000000000e+11
1.391200000000000045e+03 4.000000000000000000e+00 3.450000000000000000e+11
1.391400000000000091e+03 4.000000000000000000e+00 3.450000000000000000e+11
1.391600000000000136e+03 5.656854249492380582e+00 3.450000000000000000e+11
1.391800000000000182e+03 5.656854249492380582e+00 3.450000000000000000e+11
1.392000000000000000e+03 5.656854249492380582e+00 0.000000000000000000e+00
1.392200000000000045e+03 4.000000000000000000e+00 0.000000000000000000e+00
1.392400000000000091e+03 4.000000000000000000e+00 0.000000000000000000e+00
1.392600000000000136e+03 4.000000000000000000e+00 0.000000000000000000e+00
1.392800000000000182e+03 4.000000000000000000e+00 0.000000000000000000e+00
1.393000000000000000e+03 0.000000000000000000e+00 0.000000000000000000e+00
1.393200000000000045e+03 0.000000000000000000e+00 0.000000000000000000e+00
1.393400000000000091e+03 0.000000000000000000e+00 0.000000000000000000e+00
1.393600000000000136e+03 4.000000000000000000e+00 0.000000000000000000e+00
1.393800000000000182e+03 4.000000000000000000e+00 0.000000000000000000e+00
1.394000000000000000e+03 4.000000000000000000e+00 0.000000000000000000e+00
1.394200000000000045e+03 4.000000000000000000e+00 0.000000000000000000e+00
1.394400000000000091e+03 5.656854249492380582e+00 0.000000000000000000e+00
1.394600000000000136e+03 5.656854249492380582e+00 0.000000000000000000e+00
1.394800000000000182e+03 5.656854249492380582e+00 0.000000000000000000e+00
1.395000000000000000e+03 4.000000000000000000e+00 0.000000000000000000e+00
1.395200000000000045e+03 4.000000000000000000e+00 0.000000000000000000e+00
1.395400000000000091e+03 4.000000000000000000e+00 0.000000000000000000e+00
1.395600000000000136e+03 4.000000000000000000e+00 0.000000000000000000e+00
1.395800000000000182e+03 0.000000000000000000e+00 0.000000000000000000e+00
1.396000000000000000e+03 0.000000000000000000e+00 3.450000000000000000e+11
1.396200000000000045e+03 0.000000000000000000e+00 3.450000000000000000e+11
1.396400000000000091e+03 4.000000000000000000e+00 3.450000000000000000e+11
1.396600000000000136e+03 4.000000000000000000e+00 3.450000000000000000e+11
1.396800000000000182e+03 4.000000000000000000e+00 3.450000000000000000e+11
1.397000000000000000e+03 4.000000000000000000e+00 3.450000000000000000e+11
1.397200000000000045e+03 5.656854249492380582e+00 3.450000000000000000e+11
1.397400000000000091e+03 5.656854249492380582e+00 3.450000000000000000e+11
1.397600000000000136e+03 5.656854249492380582e+00 3.450000000000000000e+11
1.397800000000000182e+03 5.656854249492380582e+00 3.450000000000000000e+11
1.398000000000000000e+03 4.000000000000000000e+00 3.450000000000000000e+11
1.398200000000000045e+03 4.000000000000000000e+00 3.450000000000000000e+11
1.398400000000000091e+03 5.656854249492380582e+00 3.450000000000000000e+11
1.398600000000000136e+03 5.656854249492380582e+00 3.450000000000000000e+11
1.398800000000000182e+03 4.000000000000000000e+00 3.450000000000000000e+11
1.399000000000000000e+03 5.656854249492380582e+00 3.450000000000000000e+11
1.399200000000000045e+03 5.656854249492380582e+00 3.450000000000000000e+11
1.399400000000000091e+03 8.000000000000000000e+00 3.450000000000000000e+11
1.399600000000000136e+03 8.944271909999159220e+00 3.450000000000000000e+11
1.399800000000000182e+03 1.442220510185595650e+01 3.450000000000000000e+11
1.400000000000000000e+03 1.649242250247064234e+01 0.000000000000000000e+00
1.400200000000000045e+03 1.600000000000000000e+01 0.000000000000000000e+00
1.400400000000000091e+03 1.788854381999831844e+01 0.000000000000000000e+00
1.400600000000000136e+03 1.697056274847713908e+01 0.000000000000000000e+00
1.400800000000000182e+03 1.788854381999831844e+01 0.000000000000000000e+00
1.401000000000000000e+03 2.000000000000000000e+01 0.000000000000000000e+00
1.401200000000000045e+03 1.649242250247064234e+01 0.000000000000000000e+00
1.401400000000000091e+03 1.442220510185595650e+01 0.000000000000000000e+00
1.401600000000000136e+03 1.442220510185595650e+01 0.000000000000000000e+00
1.401800000000000182e+03 1.200000000000000000e+01 0.000000000000000000e+00
1.402000000000000000e+03 1.264911064067351809e+01 0.000000000000000000e+00
1.402200000000000045e+03 1.442220510185595650e+01 0.000000000000000000e+00
1.402400000000000091e+03 1.200000000000000000e+01 0.000000000000000000e+00
1.402600000000000136e+03 1.264911064067351809e+01 0.000000000000000000e+00
1.402800000000000182e+03 1.697056274847713908e+01 0.000000000000000000e+00
1.403000000000000000e+03 1.788854381999831844e+01 0.000000000000000000e+00
1.403200000000000045e+03 1.600000000000000000e+01 0.000000000000000000e+00
1.403400000000000091e+03 1.649242250247064234e+01 0.000000000000000000e+00
1.403600000000000136e+03 1.697056274847713908e+01 0.000000000000000000e+00
1.403800000000000182e+03 1.788854381999831844e+01 0.000000000000000000e+00
1.404000000000000000e+03 1.649242250247064234e+01 3.450000000000000000e+11
1.404200000000000045e+03 2.039607805437113797e+01 3.450000000000000000e+11
1.404400000000000091e+03 2.000000000000000000e+01 3.450000000000000000e+11
1.404600000000000136e+03 2.332380757938120297e+01 3.450000000000000000e+11
1.404800000000000182e+03 2.433105012119287736e+01 3.450000000000000000e+11
1.405000000000000000e+03 2.912043955712207222e+01 3.450000000000000000e+11
1.405200000000000045e+03 3.394112549695427816e+01 3.450000000000000000e+11
1.405400000000000091e+03 3.939543120718441571e+01 3.450000000000000000e+11
1.405600000000000136e+03 4.800000000000000000e+01 3.450000000000000000e+11
1.405800000000000182e+03 5.727128425310541360e+01 3.450000000000000000e+11
1.406000000000000000e+03 6.788225099390855632e+01 3.450000000000000000e+11
1.406200000000000045e+03 8.246211251235321527e+01 3.450000000000000000e+11
1.406400000000000091e+03 9.600000000000000000e+01 3.450000000000000000e+11
1.406600000000000136e+03 1.092520022699813040e+02 3.450000000000000000e+11
1.406800000000000182e+03 1.273106437027163906e+02 3.450000000000000000e+11
1.407000000000000000e+03 1.480000000000000000e+02 3.450000000000000000e+11
1.407200000000000045e+03 1.647786393923678361e+02 3.450000000000000000e+11
1.407400000000000091e+03 1.280624847486569706e+02 3.450000000000000000e+11
1.407600000000000136e+03 1.112115101956627541e+02 3.450000000000000000e+11
1.407800000000000182e+03 9.329523031752481188e+01 3.450000000000000000e+11
1.408000000000000000e+03 8.089499366462673891e+01 0.000000000000000000e+00
1.408200000000000045e+03 7.858753081755399705e+01 0.000000000000000000e+00
1.408400000000000091e+03 7.683749084919418237e+01 0.000000000000000000e+00
1.408600000000000136e+03 7.343023900274327787e+01 0.000000000000000000e+00
1.408800000000000182e+03 7.211102550927978427e+01 0.000000000000000000e+00
1.409000000000000000e+03 6.985699678629191567e+01 0.000000000000000000e+00
1.409200000000000045e+03 7.076722405181652675e+01 0.000000000000000000e+00
1.409400000000000091e+03 6.705221845696084415e+01 0.000000000000000000e+00
1.409600000000000136e+03 6.846897107449476039e+01 0.000000000000000000e+00
1.409800000000000182e+03 6.997142273814360180e+01 0.000000000000000000e+00
1.410000000000000000e+03 7.211102550927978427e+01 0.000000000000000000e+00
1.410200000000000045e+03 6.905070600652827295e+01 0.000000000000000000e+00
1.410400000000000091e+03 6.985699678629191567e+01 0.000000000000000000e+00
1.410600000000000136e+03 7.121797525905942905e+01 0.000000000000000000e+00
1.410800000000000182e+03 6.997142273814360180e+01 0.000000000000000000e+00
1.411000000000000000e+03 6.846897107449476039e+01 0.000000000000000000e+00
1.411200000000000045e+03 6.705221845696084415e+01 0.000000000000000000e+00
1.411400000000000091e+03 6.811754546370561059e+01 0.000000000000000000e+00
1.411600000000000136e+03 6.621178142898739338e+01 0.000000000000000000e+00
1.411800000000000182e+03 6.400000000000000000e+01 0.000000000000000000e+00
1.412000000000000000e+03 6.092618484691126923e+01 3.450000000000000000e+11
1.412200000000000045e+03 5.091168824543142080e+01 3.450000000000000000e+11
1.412400000000000091e+03 4.176122603564220270e+01 3.450000000000000000e+11
1.412600000000000136e+03 3.622154055254966920e+01 3.450000000000000000e+11
1.412800000000000182e+03 3.224903099319419653e+01 3.450000000000000000e+11
1.413000000000000000e+03 2.561249694973139412e+01 3.450000000000000000e+11
1.413200000000000045e+03 2.529822128134703618e+01 3.450000000000000000e+11
1.413400000000000091e+03 2.039607805437113797e+01 3.450000000000000000e+11
1.413600000000000136e+03 1.788854381999831844e+01 3.450000000000000000e+11
1.413800000000000182e+03 1.697056274847713908e+01 3.450000000000000000e+11
1.414000000000000000e+03 1.442220510185595650e+01 3.450000000000000000e+11
1.414200000000000045e+03 1.264911064067351809e+01 3.450000000000000000e+11
1.414400000000000091e+03 8.000000000000000000e+00 3.450000000000000000e+11
1.414600000000000136e+03 8.944271909999159220e+00 3.450000000000000000e+11
1.414800000000000182e+03 5.656854249492380582e+00 3.450000000000000000e+11
1.415000000000000000e+03 5.656854249492380582e+00 3.450000000000000000e+11
1.415200000000000045e+03 0.000000000000000000e+00 3.450000000000000000e+11
1.415400000000000091e+03 0.000000000000000000e+00 3.450000000000000000e+11
1.415600000000000136e+03 0.000000000000000000e+00 3.450000000000000000e+11
1.415800000000000182e+03 0.000000000000000000e+00 3.450000000000000000e+11
1.416000000000000000e+03 4.000000000000000000e+00 0.000000000000000000e+00
1.416200000000000045e+03 4.000000000000000000e+00 0.000000000000000000e+00
1.416400000000000091e+03 4.000000000000000000e+00 0.000000000000000000e+00
1.416600000000000136e+03 5.656854249492380582e+00 0.000000000000000000e+00
1.416800000000000182e+03 5.656854249492380582e+00 0.000000000000000000e+00
1.417000000000000000e+03 5.656854249492380582e+00 0.000000000000000000e+00
1.417200000000000045e+03 5.656854249492380582e+00 0.000000000000000000e+00
1.417400000000000091e+03 4.000000000000000000e+00 0.000000000000000000e+00
1.417600000000000136e+03 4.000000000000000000e+00 0.000000000000000000e+00
1.417800000000000182e+03 4.000000000000000000e+00 0.000000000000000000e+00
1.418000000000000000e+03 4.000000000000000000e+00 0.000000000000000000e+00
1.418200000000000045e+03 0.000000000000000000e+00 0.000000000000000000e+00
1.418400000000000091e+03 0.000000000000000000e+00 0.000000000000000000e+00
1.418600000000000136e+03 0.000000000000000000e+00 0.000000000000000000e+00
1.418800000000000182e+03 0.000000000000000000e+00 0.000000000000000000e+00
1.419000000000000000e+03 4.000000000000000000e+00 0.000000000000000000e+00
1.419200000000000045e+03 4.000000000000000000e+00 0.000000000000000000e+00
1.419400000000000091e+03 4.000000000000000000e+00 0.000000000000000000e+00
1.419600000000000136e+03 5.656854249492380582e+00 0.000000000000000000e+00
1.419800000000000182e+03 5.656854249492380582e+00 0.000000000000000000e+00
1.420000000000000000e+03 5.656854249492380582e+00 3.450000000000000000e+11
1.420200000000000045e+03 5.656854249492380582e+00 3.450000000000000000e+11
1.420400000000000091e+03 4.000000000000000000e+00 3.450000000000000000e+11
1.420600000000000136e+03 4.000000000000000000e+00 3.450000000000000000e+11
1.420800000000000182e+03 4.000000000000000000e+00 3.450000000000000000e+11
1.421000000000000000e+03 4.000000000000000000e+00 3.450000000000000000e+11
1.421200000000000045e+03 0.000000000000000000e+00 3.450000000000000000e+11
1.421400000000000091e+03 0.000000000000000000e+00 3.450000000000000000e+11
1.421600000000000136e+03 0.000000000000000000e+00 3.450000000000000000e+11
1.421800000000000182e+03 4.000000000000000000e+00 3.450000000000000000e+11
1.422000000000000000e+03 4.000000000000000000e+00 3.450000000000000000e+11
1.422200000000000045e+03 4.000000000000000000e+00 3.450000000000000000e+11
1.422400000000000091e+03 4.000000000000000000e+00 3.450000000000000000e+11
1.422600000000000136e+03 5.656854249492380582e+00 3.450000000000000000e+11
1.422800000000000182e+03 5.656854249492380582e+00 3.450000000000000000e+11
1.423000000000000000e+03 5.656854249492380582e+00 3.450000000000000000e+11
1.423200000000000045e+03 4.000000000000000000e+00 3.450000000000000000e+11
1.423400000000000091e+03 4.000000000000000000e+00 3.450000000000000000e+11
1.423600000000000136e+03 4.000000000000000000e+00 3.450000000000000000e+11
1.423800000000000182e+03 4.000000000000000000e+00 3.450000000000000000e+11
1.424000000000000000e+03 0.000000000000000000e+00 0.000000000000000000e+00
1.424200000000000045e+03 0.000000000000000000e+00 0.000000000000000000e+00
1.424400000000000091e+03 0.000000000000000000e+00 0.000000000000000000e+00
1.424600000000000136e+03 4.000000000000000000e+00 0.000000000000000000e+00
1.424800000000000182e+03 4.000000000000000000e+00 0.000000000000000000e+00
1.425000000000000000e+03 4.000000000000000000e+00 0.000000000000000000e+00
1.425200000000000045e+03 4.000000000000000000e+00 0.000000000000000000e+00
1.425400000000000091e+03 5.656854249492380582e+00 0.000000000000000000e+00
1.425600000000000136e+03 5.656854249492380582e+00 0.000000000000000000e+00
1.425800000000000182e+03 5.656854249492380582e+00 0.000000000000000000e+00
1.426000000000000000e+03 4.000000000000000000e+00 0.000000000000000000e+00
1.426200000000000045e+03 4.000000000000000000e+00 0.000000000000000000e+00
1.426400000000000091e+03 4.000000000000000000e+00 0.000000000000000000e+00
1.426600000000000136e+03 4.000000000000000000e+00 0.000000000000000000e+00
1.426800000000000182e+03 0.000000000000000000e+00 0.000000000000000000e+00
1.427000000000000000e+03 0.000000000000000000e+00 0.000000000000000000e+00
1.427200000000000045e+03 0.000000000000000000e+00 0.000000000000000000e+00
1.427400000000000091e+03 4.000000000000000000e+00 0.000000000000000000e+00
1.427600000000000136e+03 4.000000000000000000e+00 0.000000000000000000e+00
1.427800000000000182e+03 4.000000000000000000e+00 0.000000000000000000e+00
1.428000000000000000e+03 5.656854249492380582e+00 3.450000000000000000e+11
1.428200000000000045e+03 5.656854249492380582e+00 3.450000000000000000e+11
1.428400000000000091e+03 5.656854249492380582e+00 3.450000000000000000e+11
1.428600000000000136e+03 5.656854249492380582e+00 3.450000000000000000e+11
1.428800000000000182e+03 4.000000000000000000e+00 3.450000000000000000e+11
1.429000000000000000e+03 4.000000000000000000e+00 3.450000000000000000e+11
1.429200000000000045e+03 4.000000000000000000e+00 3.450000000000000000e+11
1.429400000000000091e+03 0.000000000000000000e+00 3.450000000000000000e+11
1.429600000000000136e+03 0.000000000000000000e+00 3.450000000000000000e+11
1.429800000000000182e+03 0.000000000000000000e+00 3.450000000000000000e+11
1.430000000000000000e+03 0.000000000000000000e+00 3.450000000000000000e+11
1.430200000000000045e+03 4.000000000000000000e+00 3.450000000000000000e+11
1.430400000000000091e+03 4.000000000000000000e+00 3.450000000000000000e+11
1.430600000000000136e+03 4.000000000000000000e+00 3.450000000000000000e+11
1.430800000000000182e+03 4.000000000000000000e+00 3.450000000000000000e+11
1.431000000000000000e+03 5.656854249492380582e+00 3.450000000000000000e+11
1.431200000000000045e+03 5.656854249492380582e+00 3.450000000000000000e+11
1.431400000000000091e+03 5.656854249492380582e+00 3.450000000000000000e+11
1.431600000000000136e+03 4.000000000000000000e+00 3.450000000000000000e+11
1.431800000000000182e+03 4.000000000000000000e+00 3.450000000000000000e+11
1.432000000000000000e+03 4.000000000000000000e+00 0.000000000000000000e+00
1.432200000000000045e+03 4.000000000000000000e+00 0.000000000000000000e+00
1.432400000000000091e+03 0.000000000000000000e+00 0.000000000000000000e+00
1.432600000000000136e+03 0.000000000000000000e+00 0.000000000000000000e+00
1.432800000000000182e+03 0.000000000000000000e+00 0.000000000000000000e+00
1.433000000000000000e+03 4.000000000000000000e+00 0.000000000000000000e+00
1.433200000000000045e+03 4.000000000000000000e+00 0.000000000000000000e+00
1.433400000000000091e+03 4.000000000000000000e+00 0.000000000000000000e+00
1.433600000000000136e+03 5.656854249492380582e+00 0.000000000000000000e+00
1.433800000000000182e+03 5.656854249492380582e+00 0.000000000000000000e+00
1.434000000000000000e+03 5.656854249492380582e+00 0.000000000000000000e+00
1.434200000000000045e+03 5.656854249492380582e+00 0.000000000000000000e+00
1.434400000000000091e+03 4.000000000000000000e+00 0.000000000000000000e+00
1.434600000000000136e+03 4.000000000000000000e+00 0.000000000000000000e+00
1.434800000000000182e+03 4.000000000000000000e+00 0.000000000000000000e+00
1.435000000000000000e+03 0.000000000000000000e+00 0.000000000000000000e+00
1.435200000000000045e+03 0.000000000000000000e+00 0.000000000000000000e+00
1.435400000000000091e+03 0.000000000000000000e+00 0.000000000000000000e+00
1.435600000000000136e+03 4.000000000000000000e+00 0.000000000000000000e+00
1.435800000000000182e+03 4.000000000000000000e+00 0.000000000000000000e+00
1.436000000000000000e+03 4.000000000000000000e+00 3.450000000000000000e+11
1.436200000000000045e+03 4.000000000000000000e+00 3.450000000000000000e+11
1.436400000000000091e+03 5.656854249492380582e+00 3.450000000000000000e+11
1.436600000000000136e+03 5.656854249492380582e+00 3.450000000000000000e+11
1.436800000000000182e+03 5.656854249492380582e+00 3.450000000000000000e+11
1.437000000000000000e+03 4.000000000000000000e+00 3.450000000000000000e+11
1.437200000000000045e+03 4.000000000000000000e+00 3.450000000000000000e+11
1.437400000000000091e+03 4.000000000000000000e+00 3.450000000000000000e+11
1.437600000000000136e+03 4.000000000000000000e+00 3.450000000000000000e+11
1.437800000000000182e+03 0.000000000000000000e+00 3.450000000000000000e+11
1.438000000000000000e+03 0.000000000000000000e+00 3.450000000000000000e+11
1.438200000000000045e+03 0.000000000000000000e+00 3.450000000000000000e+11
1.438400000000000091e+03 4.000000000000000000e+00 3.450000000000000000e+11
1.438600000000000136e+03 4.000000000000000000e+00 3.450000000000000000e+11
1.438800000000000182e+03 4.000000000000000000e+00 3.450000000000000000e+11
1.439000000000000000e+03 4.000000000000000000e+00 3.450000000000000000e+11
1.439200000000000045e+03 5.656854249492380582e+00 3.450000000000000000e+11
1.439400000000000091e+03 5.656854249492380582e+00 3.450000000000000000e+11
1.439600000000000136e+03 5.656854249492380582e+00 3.450000000000000000e+11
1.439800000000000182e+03 5.656854249492380582e+00 3.450000000000000000e+11
