1.520000000000000000e+03 4.000000000000000000e+00 0.000000000000000000e+00
1.520200000000000045e+03 4.000000000000000000e+00 0.000000000000000000e+00
1.520400000000000091e+03 4.000000000000000000e+00 0.000000000000000000e+00
1.520600000000000136e+03 5.656854249492380582e+00 0.000000000000000000e+00
1.520800000000000182e+03 5.656854249492380582e+00 0.000000000000000000e+00
1.521000000000000000e+03 5.656854249492380582e+00 0.000000000000000000e+00
1.521200000000000045e+03 5.656854249492380582e+00 0.000000000000000000e+00
1.521400000000000091e+03 5.656854249492380582e+00 0.000000000000000000e+00
1.521600000000000136e+03 5.656854249492380582e+00 0.000000000000000000e+00
1.521800000000000182e+03 4.000000000000000000e+00 0.000000000000000000e+00
1.522000000000000000e+03 4.000000000000000000e+00 0.000000000000000000e+00
1.522200000000000045e+03 0.000000000000000000e+00 0.000000000000000000e+00
1.522400000000000091e+03 4.000000000000000000e+00 0.000000000000000000e+00
1.522600000000000136e+03 0.000000000000000000e+00 0.000000000000000000e+00
1.522800000000000182e+03 4.000000000000000000e+00 0.000000000000000000e+00
1.523000000000000000e+03 5.656854249492380582e+00 0.000000000000000000e+00
1.523200000000000045e+03 5.656854249492380582e+00 0.000000000000000000e+00
1.523400000000000091e+03 5.656854249492380582e+00 0.000000000000000000e+00
1.523600000000000136e+03 5.656854249492380582e+00 0.000000000000000000e+00
1.523800000000000182e+03 5.656854249492380582e+00 0.000000000000000000e+00
1.524000000000000000e+03 5.656854249492380582e+00 3.500000000000000000e+11
1.524200000000000045e+03 5.656854249492380582e+00 3.499999600000000000e+11
1.524400000000000091e+03 4.000000000000000000e+00 3.500000000000000000e+11
1.524600000000000136e+03 4.000000000000000000e+00 3.500000000000000000e+11
1.524800000000000182e+03 4.000000000000000000e+00 3.500000000000000000e+11
1.525000000000000000e+03 4.000000000000000000e+00 3.499999600000000000e+11
1.525200000000000045e+03 0.000000000000000000e+00 3.500000000000000000e+11
1.525400000000000091e+03 0.000000000000000000e+00 3.500000000000000000e+11
1.525600000000000136e+03 0.000000000000000000e+00 3.500000000000000000e+11
1.525800000000000182e+03 0.000000000000000000e+00 3.500000000000000000e+11
1.526000000000000000e+03 4.000000000000000000e+00 3.500000000000000000e+11
1.526200000000000045e+03 4.000000000000000000e+00 3.500000000000000000e+11
1.526400000000000091e+03 5.656854249492380582e+00 3.499999600000000000e+11
1.526600000000000136e+03 5.656854249492380582e+00 3.500000000000000000e+11
1.526800000000000182e+03 5.656854249492380582e+00 3.500000000000000000e+11
1.527000000000000000e+03 5.656854249492380582e+00 3.500000000000000000e+11
1.527200000000000045e+03 4.000000000000000000e+00 3.500000000000000000e+11
1.527400000000000091e+03 4.000000000000000000e+00 3.500000000000000000e+11
1.527600000000000136e+03 4.000000000000000000e+00 3.499999600000000000e+11
1.527800000000000182e+03 4.000000000000000000e+00 3.499999600000000000e+11
1.528000000000000000e+03 0.000000000000000000e+00 0.000000000000000000e+00
1.528200000000000045e+03 0.000000000000000000e+00 0.000000000000000000e+00
1.528400000000000091e+03 0.000000000000000000e+00 0.000000000000000000e+00
1.528600000000000136e+03 4.000000000000000000e+00 0.000000000000000000e+00
1.528800000000000182e+03 4.000000000000000000e+00 0.000000000000000000e+00
1.529000000000000000e+03 4.000000000000000000e+00 0.000000000000000000e+00
1.529200000000000045e+03 4.000000000000000000e+00 0.000000000000000000e+00
1.529400000000000091e+03 5.656854249492380582e+00 0.000000000000000000e+00
1.529600000000000136e+03 5.656854249492380582e+00 0.000000000000000000e+00
1.529800000000000182e+03 5.656854249492380582e+00 0.000000000000000000e+00
1.530000000000000000e+03 4.000000000000000000e+00 0.000000000000000000e+00
1.530200000000000045e+03 4.000000000000000000e+00 0.000000000000000000e+00
1.530400000000000091e+03 4.000000000000000000e+00 0.000000000000000000e+00
1.530600000000000136e+03 0.000000000000000000e+00 0.000000000000000000e+00
1.530800000000000182e+03 0.000000000000000000e+00 0.000000000000000000e+00
1.531000000000000000e+03 0.000000000000000000e+00 0.000000000000000000e+00
1.531200000000000045e+03 0.000000000000000000e+00 0.000000000000000000e+00
1.531400000000000091e+03 4.000000000000000000e+00 0.000000000000000000e+00
1.531600000000000136e+03 4.000000000000000000e+00 0.000000000000000000e+00
1.531800000000000182e+03 4.000000000000000000e+00 0.000000000000000000e+00
1.532000000000000000e+03 5.656854249492380582e+00 3.500000000000000000e+11
1.532200000000000045e+03 5.656854249492380582e+00 3.500000000000000000e+11
1.532400000000000091e+03 5.656854249492380582e+00 3.500000000000000000e+11
1.532600000000000136e+03 5.656854249492380582e+00 3.500000000000000000e+11
1.532800000000000182e+03 4.000000000000000000e+00 3.499999600000000000e+11
1.533000000000000000e+03 4.000000000000000000e+00 3.500000000000000000e+11
1.533200000000000045e+03 4.000000000000000000e+00 3.500000000000000000e+11
1.533400000000000091e+03 0.000000000000000000e+00 3.500000000000000000e+11
1.533600000000000136e+03 0.000000000000000000e+00 3.500000000000000000e+11
1.533800000000000182e+03 0.000000000000000000e+00 3.500000000000000000e+11
1.534000000000000000e+03 0.000000000000000000e+00 3.500000000000000000e+11
1.534200000000000045e+03 4.000000000000000000e+00 3.500000000000000000e+11
1.534400000000000091e+03 4.000000000000000000e+00 3.500000000000000000e+11
1.534600000000000136e+03 4.000000000000000000e+00 3.500000000000000000e+11
1.534800000000000182e+03 5.656854249492380582e+00 3.500000000000000000e+11
1.535000000000000000e+03 5.656854249492380582e+00 3.500000000000000000e+11
1.535200000000000045e+03 5.656854249492380582e+00 3.500000000000000000e+11
1.535400000000000091e+03 5.656854249492380582e+00 3.500000000000000000e+11
1.535600000000000136e+03 4.000000000000000000e+00 3.499999600000000000e+11
1.535800000000000182e+03 4.000000000000000000e+00 3.500000000000000000e+11
1.536000000000000000e+03 4.000000000000000000e+00 0.000000000000000000e+00
1.536200000000000045e+03 0.000000000000000000e+00 0.000000000000000000e+00
1.536400000000000091e+03 0.000000000000000000e+00 0.000000000000000000e+00
1.536600000000000136e+03 0.000000000000000000e+00 0.000000000000000000e+00
1.536800000000000182e+03 0.000000000000000000e+00 0.000000000000000000e+00
1.537000000000000000e+03 4.000000000000000000e+00 0.000000000000000000e+00
1.537200000000000045e+03 4.000000000000000000e+00 0.000000000000000000e+00
1.537400000000000091e+03 4.000000000000000000e+00 0.000000000000000000e+00
1.537600000000000136e+03 5.656854249492380582e+00 0.000000000000000000e+00
1.537800000000000182e+03 5.656854249492380582e+00 0.000000000000000000e+00
1.538000000000000000e+03 5.656854249492380582e+00 0.000000000000000000e+00
1.538200000000000045e+03 4.000000000000000000e+00 0.000000000000000000e+00
1.538400000000000091e+03 4.000000000000000000e+00 0.000000000000000000e+00
1.538600000000000136e+03 4.000000000000000000e+00 0.000000000000000000e+00
1.538800000000000182e+03 4.000000000000000000e+00 0.000000000000000000e+00
1.539000000000000000e+03 0.000000000000000000e+00 0.000000000000000000e+00
1.539200000000000045e+03 0.000000000000000000e+00 0.000000000000000000e+00
1.539400000000000091e+03 0.000000000000000000e+00 0.000000000000000000e+00
1.539600000000000136e+03 4.000000000000000000e+00 0.000000000000000000e+00
1.539800000000000182e+03 4.000000000000000000e+00 0.000000000000000000e+00
1.540000000000000000e+03 4.000000000000000000e+00 3.500000000000000000e+11
1.540200000000000045e+03 4.000000000000000000e+00 3.500000000000000000e+11
1.540400000000000091e+03 5.656854249492380582e+00 3.500000000000000000e+11
1.540600000000000136e+03 5.656854249492380582e+00 3.500000000000000000e+11
1.540800000000000182e+03 5.656854249492380582e+00 3.500000000000000000e+11
1.541000000000000000e+03 4.000000000000000000e+00 3.500000000000000000e+11
1.541200000000000045e+03 4.000000000000000000e+00 3.500000000000000000e+11
1.541400000000000091e+03 4.000000000000000000e+00 3.500000000000000000e+11
1.541600000000000136e+03 4.000000000000000000e+00 3.500000000000000000e+11
1.541800000000000182e+03 0.000000000000000000e+00 3.500000000000000000e+11
1.542000000000000000e+03 0.000000000000000000e+00 3.500000000000000000e+11
1.542200000000000045e+03 0.000000000000000000e+00 3.500000000000000000e+11
1.542400000000000091e+03 4.000000000000000000e+00 3.500000000000000000e+11
1.542600000000000136e+03 4.000000000000000000e+00 3.500000000000000000e+11
1.542800000000000182e+03 4.000000000000000000e+00 3.499999600000000000e+11
1.543000000000000000e+03 4.000000000000000000e+00 3.500000000000000000e+11
1.543200000000000045e+03 5.656854249492380582e+00 3.500000000000000000e+11
1.543400000000000091e+03 5.656854249492380582e+00 3.500000000000000000e+11
1.543600000000000136e+03 5.656854249492380582e+00 3.500000000000000000e+11
1.543800000000000182e+03 4.000000000000000000e+00 3.500000000000000000e+11
1.544000000000000000e+03 4.000000000000000000e+00 0.000000000000000000e+00
1.544200000000000045e+03 4.000000000000000000e+00 0.000000000000000000e+00
1.544400000000000091e+03 4.000000000000000000e+00 0.000000000000000000e+00
1.544600000000000136e+03 0.000000000000000000e+00 0.000000000000000000e+00
1.544800000000000182e+03 0.000000000000000000e+00 0.000000000000000000e+00
1.545000000000000000e+03 0.000000000000000000e+00 0.000000000000000000e+00
1.545200000000000045e+03 4.000000000000000000e+00 0.000000000000000000e+00
1.545400000000000091e+03 4.000000000000000000e+00 0.000000000000000000e+00
1.545600000000000136e+03 4.000000000000000000e+00 0.000000000000000000e+00
1.545800000000000182e+03 5.656854249492380582e+00 0.000000000000000000e+00
1.546000000000000000e+03 5.656854249492380582e+00 0.000000000000000000e+00
1.546200000000000045e+03 5.656854249492380582e+00 0.000000000000000000e+00
1.546400000000000091e+03 5.656854249492380582e+00 0.000000000000000000e+00
1.546600000000000136e+03 4.000000000000000000e+00 0.000000000000000000e+00
1.546800000000000182e+03 4.000000000000000000e+00 0.000000000000000000e+00
1.547000000000000000e+03 4.000000000000000000e+00 0.000000000000000000e+00
1.547200000000000045e+03 0.000000000000000000e+00 0.000000000000000000e+00
1.547400000000000091e+03 0.000000000000000000e+00 0.000000000000000000e+00
1.547600000000000136e+03 0.000000000000000000e+00 0.000000000000000000e+00
1.547800000000000182e+03 4.000000000000000000e+00 0.000000000000000000e+00
1.548000000000000000e+03 4.000000000000000000e+00 3.500000000000000000e+11
1.548200000000000045e+03 4.000000000000000000e+00 3.500000000000000000e+11
1.548400000000000091e+03 4.000000000000000000e+00 3.500000000000000000e+11
1.548600000000000136e+03 5.656854249492380582e+00 3.500000000000000000e+11
1.548800000000000182e+03 5.656854249492380582e+00 3.500000000000000000e+11
1.549000000000000000e+03 5.656854249492380582e+00 3.500000000000000000e+11
1.549200000000000045e+03 4.000000000000000000e+00 3.500000000000000000e+11
1.549400000000000091e+03 4.000000000000000000e+00 3.500000000000000000e+11
1.549600000000000136e+03 4.000000000000000000e+00 3.500000000000000000e+11
1.549800000000000182e+03 4.000000000000000000e+00 3.500000000000000000e+11
1.550000000000000000e+03 0.000000000000000000e+00 3.500000000000000000e+11
1.550200000000000045e+03 0.000000000000000000e+00 3.499999600000000000e+11
1.550400000000000091e+03 0.000000000000000000e+00 3.500000000000000000e+11
1.550600000000000136e+03 4.000000000000000000e+00 3.500000000000000000e+11
1.550800000000000182e+03 4.000000000000000000e+00 3.499999600000000000e+11
1.551000000000000000e+03 4.000000000000000000e+00 3.500000000000000000e+11
1.551200000000000045e+03 4.000000000000000000e+00 3.499999600000000000e+11
1.551400000000000091e+03 5.656854249492380582e+00 3.500000000000000000e+11
1.551600000000000136e+03 5.656854249492380582e+00 3.500000000000000000e+11
1.551800000000000182e+03 5.656854249492380582e+00 3.499999600000000000e+11
1.552000000000000000e+03 5.656854249492380582e+00 0.000000000000000000e+00
1.552200000000000045e+03 4.000000000000000000e+00 0.000000000000000000e+00
1.552400000000000091e+03 4.000000000000000000e+00 0.000000000000000000e+00
1.552600000000000136e+03 4.000000000000000000e+00 0.000000000000000000e+00
1.552800000000000182e+03 0.000000000000000000e+00 0.000000000000000000e+00
1.553000000000000000e+03 0.000000000000000000e+00 0.000000000000000000e+00
1.553200000000000045e+03 0.000000000000000000e+00 0.000000000000000000e+00
1.553400000000000091e+03 0.000000000000000000e+00 0.000000000000000000e+00
1.553600000000000136e+03 4.000000000000000000e+00 0.000000000000000000e+00
1.553800000000000182e+03 4.000000000000000000e+00 0.000000000000000000e+00
1.554000000000000000e+03 4.000000000000000000e+00 0.000000000000000000e+00
1.554200000000000045e+03 4.000000000000000000e+00 0.000000000000000000e+00
1.554400000000000091e+03 5.656854249492380582e+00 0.000000000000000000e+00
1.554600000000000136e+03 5.656854249492380582e+00 0.000000000000000000e+00
1.554800000000000182e+03 5.656854249492380582e+00 0.000000000000000000e+00
1.555000000000000000e+03 4.000000000000000000e+00 0.000000000000000000e+00
1.555200000000000045e+03 4.000000000000000000e+00 0.000000000000000000e+00
1.555400000000000091e+03 4.000000000000000000e+00 0.000000000000000000e+00
1.555600000000000136e+03 4.000000000000000000e+00 0.000000000000000000e+00
1.555800000000000182e+03 0.000000000000000000e+00 0.000000000000000000e+00
1.556000000000000000e+03 0.000000000000000000e+00 3.500000000000000000e+11
1.556200000000000045e+03 0.000000000000000000e+00 3.500000000000000000e+11
1.556400000000000091e+03 0.000000000000000000e+00 3.500000000000000000e+11
1.556600000000000136e+03 4.000000000000000000e+00 3.500000000000000000e+11
1.556800000000000182e+03 4.000000000000000000e+00 3.500000000000000000e+11
1.557000000000000000e+03 4.000000000000000000e+00 3.500000000000000000e+11
1.557200000000000045e+03 4.000000000000000000e+00 3.500000000000000000e+11
1.557400000000000091e+03 5.656854249492380582e+00 3.499999600000000000e+11
1.557600000000000136e+03 5.656854249492380582e+00 3.499999600000000000e+11
1.557800000000000182e+03 8.944271909999159220e+00 3.500000000000000000e+11
1.558000000000000000e+03 8.944271909999159220e+00 3.499999600000000000e+11
1.558200000000000045e+03 8.000000000000000000e+00 3.500000000000000000e+11
1.558400000000000091e+03 8.944271909999159220e+00 3.500000000000000000e+11
1.558600000000000136e+03 1.131370849898476116e+01 3.500000000000000000e+11
1.558800000000000182e+03 1.264911064067351809e+01 3.499999600000000000e+11
1.559000000000000000e+03 1.264911064067351809e+01 3.500000000000000000e+11
1.559200000000000045e+03 1.697056274847713908e+01 3.500000000000000000e+11
1.559400000000000091e+03 1.788854381999831844e+01 3.500000000000000000e+11
1.559600000000000136e+03 2.400000000000000000e+01 3.500000000000000000e+11
1.559800000000000182e+03 2.683281572999747766e+01 3.500000000000000000e+11
1.560000000000000000e+03 3.394112549695427816e+01 0.000000000000000000e+00
1.560200000000000045e+03 3.417601498127012150e+01 0.000000000000000000e+00
1.560400000000000091e+03 3.622154055254966920e+01 0.000000000000000000e+00
1.560600000000000136e+03 3.577708763999663688e+01 0.000000000000000000e+00
1.560800000000000182e+03 3.687817782917154830e+01 0.000000000000000000e+00
1.561000000000000000e+03 3.417601498127012150e+01 0.000000000000000000e+00
1.561200000000000045e+03 3.622154055254966920e+01 0.000000000000000000e+00
1.561400000000000091e+03 3.224903099319419653e+01 0.000000000000000000e+00
1.561600000000000136e+03 3.124099870362661591e+01 0.000000000000000000e+00
1.561800000000000182e+03 2.912043955712207222e+01 0.000000000000000000e+00
1.562000000000000000e+03 2.828427124746190202e+01 0.000000000000000000e+00
1.562200000000000045e+03 2.884441020371191300e+01 0.000000000000000000e+00
1.562400000000000091e+03 2.683281572999747766e+01 0.000000000000000000e+00
1.562600000000000136e+03 2.800000000000000000e+01 0.000000000000000000e+00
1.562800000000000182e+03 3.046309242345563462e+01 0.000000000000000000e+00
1.563000000000000000e+03 2.828427124746190202e+01 0.000000000000000000e+00
1.563200000000000045e+03 3.046309242345563462e+01 0.000000000000000000e+00
1.563400000000000091e+03 3.200000000000000000e+01 0.000000000000000000e+00
1.563600000000000136e+03 3.046309242345563462e+01 0.000000000000000000e+00
1.563800000000000182e+03 3.394112549695427816e+01 0.000000000000000000e+00
1.564000000000000000e+03 3.046309242345563462e+01 3.499999600000000000e+11
1.564200000000000045e+03 3.600000000000000000e+01 3.500000000000000000e+11
1.564400000000000091e+03 4.308131845707602992e+01 3.500000000000000000e+11
1.564600000000000136e+03 4.525483399593904466e+01 3.500000000000000000e+11
1.564800000000000182e+03 5.200000000000000000e+01 3.500000000000000000e+11
1.565000000000000000e+03 6.013318551349163243e+01 3.500000000000000000e+11
1.565200000000000045e+03 7.155417527999327376e+01 3.500000000000000000e+11
1.565400000000000091e+03 8.504116650187719983e+01 3.500000000000000000e+11
1.565600000000000136e+03 1.000000000000000000e+02 3.500000000000000000e+11
1.565800000000000182e+03 1.170982493464355798e+02 3.500000000000000000e+11
1.566000000000000000e+03 1.386794865868777151e+02 3.500000000000000000e+11
1.566200000000000045e+03 1.619876538505326948e+02 3.500000000000000000e+11
1.566400000000000091e+03 1.176435293588219366e+02 3.500000000000000000e+11
1.566600000000000136e+03 1.409113196304682845e+02 3.500000000000000000e+11
1.566800000000000182e+03 1.577846633865281660e+02 3.499999600000000000e+11
1.567000000000000000e+03 1.062826420446913858e+02 3.500000000000000000e+11
1.567200000000000045e+03 1.219180052330253687e+02 3.500000000000000000e+11
1.567400000000000091e+03 1.413647763765783338e+02 3.500000000000000000e+11
1.567600000000000136e+03 1.600499921899404399e+02 3.500000000000000000e+11
1.567800000000000182e+03 1.360588108135596030e+02 3.500000000000000000e+11
1.568000000000000000e+03 1.193314711214103880e+02 0.000000000000000000e+00
1.568200000000000045e+03 1.168246549320818701e+02 0.000000000000000000e+00
1.568400000000000091e+03 1.127120224288429711e+02 0.000000000000000000e+00
1.568600000000000136e+03 1.120714058089752001e+02 0.000000000000000000e+00
1.568800000000000182e+03 1.129247537079448307e+02 0.000000000000000000e+00
1.569000000000000000e+03 1.106345334875146449e+02 0.000000000000000000e+00
1.569200000000000045e+03 1.077032961426900783e+02 0.000000000000000000e+00
1.569400000000000091e+03 1.098362417419678536e+02 0.000000000000000000e+00
1.569600000000000136e+03 1.088117640698835515e+02 0.000000000000000000e+00
1.569800000000000182e+03 1.111395519155984317e+02 0.000000000000000000e+00
1.570000000000000000e+03 1.086646216576489934e+02 0.000000000000000000e+00
1.570200000000000045e+03 1.100545319375808333e+02 0.000000000000000000e+00
1.570400000000000091e+03 1.103449137930697788e+02 0.000000000000000000e+00
1.570600000000000136e+03 1.077032961426900783e+02 0.000000000000000000e+00
1.570800000000000182e+03 1.040768946500615044e+02 0.000000000000000000e+00
1.571000000000000000e+03 1.019803902718556969e+02 0.000000000000000000e+00
1.571200000000000045e+03 1.024499877989255765e+02 0.000000000000000000e+00
1.571400000000000091e+03 9.895453501482384695e+01 0.000000000000000000e+00
1.571600000000000136e+03 9.806120537705010065e+01 0.000000000000000000e+00
1.571800000000000182e+03 9.440338976964757478e+01 0.000000000000000000e+00
1.572000000000000000e+03 9.482615672903757797e+01 3.499999600000000000e+11
1.572200000000000045e+03 1.122853507809455920e+02 3.499999600000000000e+11
1.572400000000000091e+03 1.315750736271882033e+02 3.500000000000000000e+11
1.572600000000000136e+03 1.527350647362942766e+02 3.500000000000000000e+11
1.572800000000000182e+03 1.249639948145064636e+02 3.500000000000000000e+11
1.573000000000000000e+03 1.100545319375808333e+02 3.500000000000000000e+11
1.573200000000000045e+03 1.282497563350511882e+02 3.500000000000000000e+11
1.573400000000000091e+03 1.484856895461646786e+02 3.500000000000000000e+11
1.573600000000000136e+03 1.656019323558756184e+02 3.500000000000000000e+11
1.573800000000000182e+03 1.278123624693636629e+02 3.500000000000000000e+11
1.574000000000000000e+03 1.482160585091912424e+02 3.500000000000000000e+11
1.574200000000000045e+03 1.329661611087572908e+02 3.500000000000000000e+11
1.574400000000000091e+03 1.170982493464355798e+02 3.500000000000000000e+11
1.574600000000000136e+03 9.879271228182774678e+01 3.500000000000000000e+11
1.574800000000000182e+03 8.000000000000000000e+01 3.500000000000000000e+11
1.575000000000000000e+03 7.088018058667739751e+01 3.500000000000000000e+11
1.575200000000000045e+03 6.013318551349163243e+01 3.500000000000000000e+11
1.575400000000000091e+03 4.833218389437828932e+01 3.500000000000000000e+11
1.575600000000000136e+03 4.252058325093859992e+01 3.499999600000000000e+11
1.575800000000000182e+03 3.417601498127012150e+01 3.499999600000000000e+11
1.576000000000000000e+03 2.800000000000000000e+01 0.000000000000000000e+00
1.576200000000000045e+03 2.683281572999747766e+01 0.000000000000000000e+00
1.576400000000000091e+03 2.561249694973139412e+01 0.000000000000000000e+00
1.576600000000000136e+03 2.433105012119287736e+01 0.000000000000000000e+00
1.576800000000000182e+03 2.529822128134703618e+01 0.000000000000000000e+00
1.577000000000000000e+03 2.828427124746190202e+01 0.000000000000000000e+00
1.577200000000000045e+03 2.683281572999747766e+01 0.000000000000000000e+00
1.577400000000000091e+03 2.800000000000000000e+01 0.000000000000000000e+00
1.577600000000000136e+03 3.046309242345563462e+01 0.000000000000000000e+00
1.577800000000000182e+03 3.124099870362661591e+01 0.000000000000000000e+00
1.578000000000000000e+03 2.683281572999747766e+01 0.000000000000000000e+00
1.578200000000000045e+03 2.828427124746190202e+01 0.000000000000000000e+00
1.578400000000000091e+03 2.529822128134703618e+01 0.000000000000000000e+00
1.578600000000000136e+03 2.561249694973139412e+01 0.000000000000000000e+00
1.578800000000000182e+03 2.332380757938120297e+01 0.000000000000000000e+00
1.579000000000000000e+03 2.400000000000000000e+01 0.000000000000000000e+00
1.579200000000000045e+03 2.154065922853801496e+01 0.000000000000000000e+00
1.579400000000000091e+03 2.000000000000000000e+01 0.000000000000000000e+00
1.579600000000000136e+03 2.039607805437113797e+01 0.000000000000000000e+00
1.579800000000000182e+03 2.433105012119287736e+01 0.000000000000000000e+00
1.580000000000000000e+03 2.561249694973139412e+01 3.499999600000000000e+11
1.580200000000000045e+03 1.788854381999831844e+01 3.500000000000000000e+11
1.580400000000000091e+03 2.000000000000000000e+01 3.500000000000000000e+11
1.580600000000000136e+03 1.649242250247064234e+01 3.500000000000000000e+11
1.580800000000000182e+03 1.442220510185595650e+01 3.500000000000000000e+11
1.581000000000000000e+03 1.442220510185595650e+01 3.500000000000000000e+11
1.581200000000000045e+03 1.264911064067351809e+01 3.500000000000000000e+11
1.581400000000000091e+03 8.000000000000000000e+00 3.500000000000000000e+11
1.581600000000000136e+03 8.000000000000000000e+00 3.500000000000000000e+11
1.581800000000000182e+03 5.656854249492380582e+00 3.500000000000000000e+11
1.582000000000000000e+03 5.656854249492380582e+00 3.500000000000000000e+11
1.582200000000000045e+03 0.000000000000000000e+00 3.499999600000000000e+11
1.582400000000000091e+03 0.000000000000000000e+00 3.500000000000000000e+11
1.582600000000000136e+03 0.000000000000000000e+00 3.500000000000000000e+11
1.582800000000000182e+03 0.000000000000000000e+00 3.500000000000000000e+11
1.583000000000000000e+03 4.000000000000000000e+00 3.499999600000000000e+11
1.583200000000000045e+03 4.000000000000000000e+00 3.500000000000000000e+11
1.583400000000000091e+03 4.000000000000000000e+00 3.500000000000000000e+11
1.583600000000000136e+03 4.000000000000000000e+00 3.500000000000000000e+11
1.583800000000000182e+03 5.656854249492380582e+00 3.500000000000000000e+11
1.584000000000000000e+03 5.656854249492380582e+00 0.000000000000000000e+00
1.584200000000000045e+03 5.656854249492380582e+00 0.000000000000000000e+00
1.584400000000000091e+03 5.656854249492380582e+00 0.000000000000000000e+00
1.584600000000000136e+03 4.000000000000000000e+00 0.000000000000000000e+00
1.584800000000000182e+03 4.000000000000000000e+00 0.000000000000000000e+00
1.585000000000000000e+03 4.000000000000000000e+00 0.000000000000000000e+00
1.585200000000000045e+03 0.000000000000000000e+00 0.000000000000000000e+00
1.585400000000000091e+03 0.000000000000000000e+00 0.000000000000000000e+00
1.585600000000000136e+03 0.000000000000000000e+00 0.000000000000000000e+00
1.585800000000000182e+03 4.000000000000000000e+00 0.000000000000000000e+00
1.586000000000000000e+03 4.000000000000000000e+00 0.000000000000000000e+00
1.586200000000000045e+03 4.000000000000000000e+00 0.000000000000000000e+00
1.586400000000000091e+03 4.000000000000000000e+00 0.000000000000000000e+00
1.586600000000000136e+03 5.656854249492380582e+00 0.000000000000000000e+00
1.586800000000000182e+03 5.656854249492380582e+00 0.000000000000000000e+00
1.587000000000000000e+03 5.656854249492380582e+00 0.000000000000000000e+00
1.587200000000000045e+03 4.000000000000000000e+00 0.000000000000000000e+00
1.587400000000000091e+03 4.000000000000000000e+00 0.000000000000000000e+00
1.587600000000000136e+03 4.000000000000000000e+00 0.000000000000000000e+00
1.587800000000000182e+03 4.000000000000000000e+00 0.000000000000000000e+00
1.588000000000000000e+03 0.000000000000000000e+00 3.499999600000000000e+11
1.588200000000000045e+03 0.000000000000000000e+00 3.500000000000000000e+11
1.588400000000000091e+03 0.000000000000000000e+00 3.500000000000000000e+11
1.588600000000000136e+03 4.000000000000000000e+00 3.500000000000000000e+11
1.588800000000000182e+03 4.000000000000000000e+00 3.500000000000000000e+11
1.589000000000000000e+03 4.000000000000000000e+00 3.500000000000000000e+11
1.589200000000000045e+03 4.000000000000000000e+00 3.500000000000000000e+11
1.589400000000000091e+03 5.656854249492380582e+00 3.500000000000000000e+11
1.589600000000000136e+03 5.656854249492380582e+00 3.500000000000000000e+11
1.589800000000000182e+03 5.656854249492380582e+00 3.500000000000000000e+11
1.590000000000000000e+03 4.000000000000000000e+00 3.500000000000000000e+11
1.590200000000000045e+03 4.000000000000000000e+00 3.500000000000000000e+11
1.590400000000000091e+03 4.000000000000000000e+00 3.500000000000000000e+11
1.590600000000000136e+03 4.000000000000000000e+00 3.500000000000000000e+11
1.590800000000000182e+03 0.000000000000000000e+00 3.500000000000000000e+11
1.591000000000000000e+03 0.000000000000000000e+00 3.500000000000000000e+11
1.591200000000000045e+03 0.000000000000000000e+00 3.499999600000000000e+11
1.591400000000000091e+03 0.000000000000000000e+00 3.500000000000000000e+11
1.591600000000000136e+03 4.000000000000000000e+00 3.500000000000000000e+11
1.591800000000000182e+03 4.000000000000000000e+00 3.499999600000000000e+11
1.592000000000000000e+03 4.000000000000000000e+00 0.000000000000000000e+00
1.592200000000000045e+03 5.656854249492380582e+00 0.000000000000000000e+00
1.592400000000000091e+03 5.656854249492380582e+00 0.000000000000000000e+00
1.592600000000000136e+03 5.656854249492380582e+00 0.000000000000000000e+00
1.592800000000000182e+03 4.000000000000000000e+00 0.000000000000000000e+00
1.593000000000000000e+03 4.000000000000000000e+00 0.000000000000000000e+00
1.593200000000000045e+03 4.000000000000000000e+00 0.000000000000000000e+00
1.593400000000000091e+03 4.000000000000000000e+00 0.000000000000000000e+00
1.593600000000000136e+03 0.000000000000000000e+00 0.000000000000000000e+00
1.593800000000000182e+03 0.000000000000000000e+00 0.000000000000000000e+00
1.594000000000000000e+03 0.000000000000000000e+00 0.000000000000000000e+00
1.594200000000000045e+03 4.000000000000000000e+00 0.000000000000000000e+00
1.594400000000000091e+03 4.000000000000000000e+00 0.000000000000000000e+00
1.594600000000000136e+03 4.000000000000000000e+00 0.000000000000000000e+00
1.594800000000000182e+03 4.000000000000000000e+00 0.000000000000000000e+00
1.595000000000000000e+03 5.656854249492380582e+00 0.000000000000000000e+00
1.595200000000000045e+03 5.656854249492380582e+00 0.000000000000000000e+00
1.595400000000000091e+03 5.656854249492380582e+00 0.000000000000000000e+00
1.595600000000000136e+03 4.000000000000000000e+00 0.000000000000000000e+00
1.595800000000000182e+03 4.000000000000000000e+00 0.000000000000000000e+00
1.596000000000000000e+03 4.000000000000000000e+00 3.499999600000000000e+11
1.596200000000000045e+03 0.000000000000000000e+00 3.500000000000000000e+11
1.596400000000000091e+03 0.000000000000000000e+00 3.499999600000000000e+11
1.596600000000000136e+03 0.000000000000000000e+00 3.500000000000000000e+11
1.596800000000000182e+03 0.000000000000000000e+00 3.500000000000000000e+11
1.597000000000000000e+03 4.000000000000000000e+00 3.500000000000000000e+11
1.597200000000000045e+03 4.000000000000000000e+00 3.499999600000000000e+11
1.597400000000000091e+03 4.000000000000000000e+00 3.500000000000000000e+11
1.597600000000000136e+03 5.656854249492380582e+00 3.499999600000000000e+11
1.597800000000000182e+03 5.656854249492380582e+00 3.500000000000000000e+11
1.598000000000000000e+03 5.656854249492380582e+00 3.499999600000000000e+11
1.598200000000000045e+03 5.656854249492380582e+00 3.499999600000000000e+11
1.598400000000000091e+03 4.000000000000000000e+00 3.500000000000000000e+11
1.598600000000000136e+03 4.000000000000000000e+00 3.500000000000000000e+11
1.598800000000000182e+03 4.000000000000000000e+00 3.500000000000000000e+11
1.599000000000000000e+03 4.000000000000000000e+00 3.500000000000000000e+11
1.599200000000000045e+03 0.000000000000000000e+00 3.500000000000000000e+11
1.599400000000000091e+03 0.000000000000000000e+00 3.500000000000000000e+11
1.599600000000000136e+03 0.000000000000000000e+00 3.500000000000000000e+11
1.599800000000000182e+03 4.000000000000000000e+00 3.500000000000000000e+11
